campaign_id,experiment_block,planned_configuration_id,repetition,run_order,run_key,attempt,run_order_seed,campaign_plan_sha256,instance,instance_content_id,base_lineage_id,instance_family,configuration_label,factor_m,factor_f,factor_p,factor_g,factor_b,factor_o,factor_s,factor_i,status,sat_result,best_value,proven_optimum,objective_mode,objective_vector,proven_objective_vector,primary_objective_value,secondary_objective_value,tertiary_objective_value,lexicographic_scalar_cost,objective_tier_weights,runtime_seconds,runtime_censored,peak_memory_mb,formalism,model_family,formulation_name,model_family_display_name,model_configuration_display_name,implementation_provenance,optimization_procedure_display_name,n_vars,n_binary_variables,n_integer_variables,n_continuous_variables,n_linear_constraints,n_global_constraints,n_nonzeros,n_hard_clauses,n_soft_clauses,n_total_clauses,n_primary_variables,n_auxiliary_variables,n_total_literals,max_hard_clause_length,configuration_id,configuration_key,domain_mode,domain_filter_graph,precedence_encoding,precedence_graph,optimization_engine,solver_backend,solver_version,encoding_variant,idle_encoding,objective,objective_code,implied_constraints_code,n_hard_literals,n_soft_literals,max_soft_clause_length,n_unit_hard_clauses,n_binary_hard_clauses,n_ternary_hard_clauses,n_long_hard_clauses,soft_clause_weight,soft_weight_sum,n_objective_lits,n_optimizer_calls,best_bound,optimality_gap,branch_and_bound_nodes,cp_branches,cp_fails,n_bound_encodings,optimizer_added_variables_peak,optimizer_added_clauses_peak,optimizer_added_literals_peak,optimizer_added_clauses_cumulative,objective_phase_seconds,objective_phase_calls,formula_scope,full_schedule_candidates,unary_eligible_schedule_candidates,reduced_schedule_candidates,active_schedule_candidates,precedence_direct_edges,precedence_closure_edges,precedence_relation_edges,precedence_max_distance,precedence_pairwise_clauses,precedence_sparse_link_clauses,precedence_unique_suffix_cuts,domain_filter_iterations,domain_filter_seconds,input_parsing_seconds,model_construction_seconds,backend_model_construction_seconds,model_build_seconds,solve_and_validate_seconds,runtime_scope,idle_range_pstar,total_internal_idle_slots,all_participant_idle_range,total_break_groups,break_group_range,participant_break_groups,memory_metric,instance_sha256,instance_variant,instance_path,source_alias_count,source_alias_paths,repository_alias_count,repository_alias_paths,dataset_source_page,dataset_archive_url,dataset_archive_sha256,run_started_utc,timeout_seconds,memory_limit_mb,git_commit,git_dirty,python_version,pysat_version,hostname,platform,cpu_model,physical_cpu_cores,logical_cpu_cores,system_memory_mb,threads,random_seed,runner_command,solver_binary,solver_binary_sha256,solver_command,validation_errors,solver_message,error_type,error_message,solver,maxsat_backend_preference,sat_backend_preference,resolved_uwrmaxsat_bin,precedence_mode,precedence_configuration,objective_value,objective_participant_count,objective_participants,initial_schedule_candidates,unary_removed_schedule_candidates,preprocessing_removed_schedule_candidates,removed_schedule_candidates,participant_internal_idle_slots,busy_participants_per_slot,assignment,schedule_by_slot,enabled_constraints,incumbent_best_value,incumbent_objective_vector,message_type
,,,,,,,,,forum-13crafc.forb0007,b2b-012845c64333a713,b2b-lineage-forum-13crafc,forbidden,F-PW-DE-ST-BGD2-IS-CD-IC12P,Full,Filter-E*,Pairwise,Direct-E,SpanThreshold,BreakGroupsD2,IncrementalSAT,IC12+,OPTIMAL,SAT,1,1,bg_d2,1,1,1,,,,,12.375005,False,206.988,,,,Compact,Compact/Full,project_implementation,incremental multi-phase SAT with persistent solver state,152339,,,,,,,308749,0,308749,3234,149105,873968,59,cfg5__m-full__p-pairwise__g-direct__b-span_threshold__o-break_groups_d2__s-incrementalsat__i-imp12plus__backend-cadical,cfg5__m-full__p-pairwise__g-direct__b-span_threshold__o-break_groups_d2__s-incrementalsat__i-imp12plus__backend-cadical,full,distance_closure,pairwise,direct,IncrementalSAT,CaDiCaL,1.5.3,imp12+,span_threshold,total_break_groups_subject_to_range_at_most_2,BGD2,IC12P,873968,0,0,1128,118371,126238,63012,,0,580,7,,,,,,1,4048,42163,121931,42163,11.582763710000108,6,"formalism-specific model size: SAT/MaxSAT reports base CNF and soft clauses, MIP reports variables/linear constraints/nonzeros, and CP reports integer variables plus linear/global constraints; SAT bound/totalizer overhead remains separate in optimizer_added_*",3234,2435,2435,3234,0,0,0,0,0,0,0,1,0.072303,0.002446,0.417934,,0.42038,11.954625,"wall-clock from immediately before reading/parsing the .dzn instance through model construction, optimization, solution decoding, and independent validation; excludes worker-process startup and result-file export",7,7,7,1,1,"0,0,0,0,0,0,0,0,0,0,0,0,0,0,0,0,0,0,0,0,0,0,0,0,0,0,0,0,0,0,0,0,0,0,0,0,0,0,0,0,0,0,0,0,0,0,0,0,0,0,0,0,0,0,0,0,0,0,0,0,0,0,0,0,0,0,0,0,0,1",peak_process_tree_rss_mb,012845c64333a713ece8bd629db7798ceb7bc7390978e5070fa46292ea01deb8,forb0007,data_table06_forb/forum-13crafc.forb0007.dzn,2,../noves/forum-13crafc.forb0007.dzn | ../noves/ticf-13crafc.forb0007.dzn,2,data_table06_forb/forum-13crafc.forb0007.dzn | data_table06_forb/ticf-13crafc.forb0007.dzn,https://imae.udg.edu/Recerca/LAI/,https://ima.udg.edu/Recerca/lai/b2b/b2b.zip,ee1f440ab3f6db27ab712300ad3a54a31ffd5ec1e06f81a9ac37cb7202c56528,2026-08-10T10:42:19+00:00,7200.0,,ee80a6fbd8b513f7c010668495c39621a371266a,True,3.10.12,1.8.dev25,instance-20260810-085803,Linux-6.8.0-1064-gcp-x86_64-with-glibc2.35,x86_64,4,8,15988.059,1,0,/home/g24021555/Business-Meeting-Scheduling-Problem/.venv/bin/python3 /home/g24021555/Business-Meeting-Scheduling-Problem/src/Main.py --manifest instances_manifest.csv --family forbidden --solver sat_all --objective-mode bg_d2 --domain-mode both --domain-filter-graph both --precedence-encoding both --precedence-graph both --encoding-variant imp12+ --sat-backend cadical --maxsat-backend uwrmaxsat --uwrmaxsat-bin /home/g24021555/uwrmaxsat/build/release/bin/uwrmaxsat --timeout 7200 --csv output/full_matrix_bg_d2_forbidden.csv,,,,,,,,incremental,,cadical,,traditional,pairwise+direct,1,58,"1,2,3,4,5,6,7,8,9,10,11,12,13,14,15,16,18,19,23,24,25,26,27,28,29,30,31,32,33,34,35,36,37,38,39,40,41,42,44,45,46,47,48,49,50,52,53,54,56,57,59,60,62,63,64,65,66,70",2435,799,0,0,"0,0,0,0,0,0,0,0,0,0,0,0,0,0,0,0,0,0,0,0,0,0,0,0,0,0,0,0,0,0,0,0,0,0,0,0,0,0,0,0,0,0,0,0,0,0,0,0,0,0,0,0,0,0,0,0,0,0,0,0,0,0,0,0,0,0,0,0,0,7","10,12,24,24,24,24,24,24,24,24,24,24,24,10,6,4,2,0,0,0,0","4,6,10,8,11,5,7,3,9,14,11,12,13,10,17,16,15,14,2,5,3,1,4,6,3,7,8,7,6,9,3,5,4,10,7,12,8,9,13,11,12,13,14,16,15,12,7,11,4,6,7,5,8,3,10,11,9,10,13,11,12,13,2,5,3,6,4,8,4,6,10,1,2,7,3,9,5,10,6,12,11,13,3,4,9,5,8,7,5,7,8,12,4,9,11,10,13,6,12,8,10,13,11,9,9,10,11,13,6,8,12,5,7,8,9,1,2,4,6,5,3,11,5,13,14,10,3,4,6,9,12,8,7,3,9,11,5,6,8,15,12,2,10,4,1,14,7,13,13,2,4,12,3,1",1:M22 M72 M116 M145 M154 | 2:M19 M63 M73 M117 M142 M150 | 3:M8 M21 M25 M31 M54 M65 M75 M83 M121 M127 M134 M153 | 4:M1 M23 M33 M49 M67 M69 M84 M93 M118 M128 M144 M151 | 5:M6 M20 M32 M52 M64 M77 M86 M89 M112 M120 M123 M137 | 6:M2 M24 M29 M50 M66 M70 M79 M98 M109 M119 M129 M138 | 7:M7 M26 M28 M35 M47 M51 M74 M88 M90 M113 M133 M147 | 8:M4 M27 M37 M53 M68 M87 M91 M100 M110 M114 M132 M139 | 9:M9 M30 M38 M57 M76 M85 M94 M104 M105 M115 M130 M135 | 10:M3 M14 M34 M55 M58 M71 M78 M96 M101 M106 M126 M143 | 11:M5 M11 M40 M48 M56 M60 M81 M95 M103 M107 M122 M136 | 12:M12 M36 M41 M46 M61 M80 M92 M99 M111 M131 M141 M152 | 13:M13 M39 M42 M59 M62 M82 M97 M102 M108 M124 M148 M149 | 14:M10 M18 M43 M125 M146 | 15:M17 M45 M140 | 16:M16 M44 | 17:M15 | 18: | 19: | 20: | 21:,"journal objective family: bg_d2 | F-selected distance-labelled E* domain propagation and cycle detection | precedence configuration: F=distance_closure, P=pairwise, G=direct | Full Domain MxT schedule variables + explicit unary exclusions | (20),(22)-(27) exactly once over full domains | (22)-(27) session/fixed/forbidden exclusions as hard unit clauses | (19) participant atMost-one per slot | (46),(47) clustered table capacity with compact forward channeling | (28) Pairwise precedence over direct distance-labelled relations | exact break-group ends and unary break-group thresholds | exact schedule <-> usedSlot channeling | (43) exactly |Mp| full usedSlot variables | (44) atMost 2|L| busy participants per slot | (45) exact even number of busy participants | historical hard cap Delta_G <= 2",1,"(1,)",result
,,,,,,,,,forum-13crafc.forb0007,b2b-012845c64333a713,b2b-lineage-forum-13crafc,forbidden,F-PW-DE-ST-BGD2-NIS-CD-IC12P,Full,Filter-E*,Pairwise,Direct-E,SpanThreshold,BreakGroupsD2,NonIncrementalSAT,IC12+,OPTIMAL,SAT,1,1,bg_d2,1,1,1,,,,,58.191313,False,223.371,,,,Compact,Compact/Full,project_implementation,restart-based multi-phase SAT,152339,,,,,,,308749,0,308749,3234,149105,873968,59,cfg5__m-full__p-pairwise__g-direct__b-span_threshold__o-break_groups_d2__s-nonincrementalsat__i-imp12plus__backend-cadical,cfg5__m-full__p-pairwise__g-direct__b-span_threshold__o-break_groups_d2__s-nonincrementalsat__i-imp12plus__backend-cadical,full,distance_closure,pairwise,direct,NonIncrementalSAT,CaDiCaL,1.5.3,imp12+,span_threshold,total_break_groups_subject_to_range_at_most_2,BGD2,IC12P,873968,0,0,1128,118371,126238,63012,,0,580,7,,,,,,7,18564,37640,93298,72912,57.41157665799983,6,"formalism-specific model size: SAT/MaxSAT reports base CNF and soft clauses, MIP reports variables/linear constraints/nonzeros, and CP reports integer variables plus linear/global constraints; SAT bound/totalizer overhead remains separate in optimizer_added_*",3234,2435,2435,3234,0,0,0,0,0,0,0,1,0.075449,0.002112,0.407611,,0.409724,57.781589,"wall-clock from immediately before reading/parsing the .dzn instance through model construction, optimization, solution decoding, and independent validation; excludes worker-process startup and result-file export",7,7,7,1,1,"0,0,0,0,0,0,0,0,0,0,0,0,0,0,0,0,0,0,0,0,0,0,0,0,0,0,0,0,0,0,0,0,0,0,0,0,0,0,0,0,0,0,0,0,0,0,0,0,0,0,0,0,0,0,0,0,0,0,0,0,0,0,0,0,0,0,0,0,0,1",peak_process_tree_rss_mb,012845c64333a713ece8bd629db7798ceb7bc7390978e5070fa46292ea01deb8,forb0007,data_table06_forb/forum-13crafc.forb0007.dzn,2,../noves/forum-13crafc.forb0007.dzn | ../noves/ticf-13crafc.forb0007.dzn,2,data_table06_forb/forum-13crafc.forb0007.dzn | data_table06_forb/ticf-13crafc.forb0007.dzn,https://imae.udg.edu/Recerca/LAI/,https://ima.udg.edu/Recerca/lai/b2b/b2b.zip,ee1f440ab3f6db27ab712300ad3a54a31ffd5ec1e06f81a9ac37cb7202c56528,2026-08-10T10:42:19+00:00,7200.0,,ee80a6fbd8b513f7c010668495c39621a371266a,True,3.10.12,1.8.dev25,instance-20260810-085803,Linux-6.8.0-1064-gcp-x86_64-with-glibc2.35,x86_64,4,8,15988.059,1,0,/home/g24021555/Business-Meeting-Scheduling-Problem/.venv/bin/python3 /home/g24021555/Business-Meeting-Scheduling-Problem/src/Main.py --manifest instances_manifest.csv --family forbidden --solver sat_all --objective-mode bg_d2 --domain-mode both --domain-filter-graph both --precedence-encoding both --precedence-graph both --encoding-variant imp12+ --sat-backend cadical --maxsat-backend uwrmaxsat --uwrmaxsat-bin /home/g24021555/uwrmaxsat/build/release/bin/uwrmaxsat --timeout 7200 --csv output/full_matrix_bg_d2_forbidden.csv,,,,,,,,multiple,,cadical,,traditional,pairwise+direct,1,58,"1,2,3,4,5,6,7,8,9,10,11,12,13,14,15,16,18,19,23,24,25,26,27,28,29,30,31,32,33,34,35,36,37,38,39,40,41,42,44,45,46,47,48,49,50,52,53,54,56,57,59,60,62,63,64,65,66,70",2435,799,0,0,"0,0,0,0,0,0,0,0,0,0,0,0,0,0,0,0,0,0,0,0,0,0,0,0,0,0,0,0,0,0,0,0,0,0,0,0,0,0,0,0,0,0,0,0,0,0,0,0,0,0,0,0,0,0,0,0,0,0,0,0,0,0,0,0,0,0,0,0,0,7","12,14,20,24,24,24,24,24,24,24,24,24,24,10,6,4,2,0,0,0,0","1,8,4,7,9,3,5,2,6,14,11,12,14,10,17,15,16,13,2,5,4,1,3,6,4,8,9,5,8,11,6,7,10,11,9,12,8,7,13,10,12,13,14,16,15,12,7,11,4,6,7,5,9,3,10,11,8,10,13,11,12,13,2,3,4,6,5,6,3,8,10,2,5,7,1,9,4,10,5,12,11,13,3,4,9,6,7,8,4,10,9,13,5,6,11,8,12,7,12,8,9,13,10,11,7,10,11,12,5,9,13,8,6,9,7,6,3,2,5,4,1,12,7,13,14,10,4,9,3,5,11,6,8,3,12,8,4,6,9,15,11,1,10,5,2,14,7,13,13,2,4,12,3,1",1:M1 M22 M75 M121 M142 M154 | 2:M8 M19 M63 M72 M118 M145 M150 | 3:M6 M23 M54 M64 M69 M83 M117 M129 M134 M153 | 4:M3 M21 M25 M49 M65 M77 M84 M89 M120 M127 M137 M151 | 5:M7 M20 M28 M52 M67 M73 M79 M93 M109 M119 M130 M144 | 6:M9 M24 M31 M50 M66 M68 M86 M94 M113 M116 M132 M138 | 7:M4 M32 M38 M47 M51 M74 M87 M98 M105 M115 M123 M147 | 8:M2 M26 M29 M37 M57 M70 M88 M96 M100 M112 M133 M136 | 9:M5 M27 M35 M53 M76 M85 M91 M101 M110 M114 M128 M139 | 10:M14 M33 M40 M55 M58 M71 M78 M90 M103 M106 M126 M143 | 11:M11 M30 M34 M48 M56 M60 M81 M95 M104 M107 M131 M141 | 12:M12 M36 M41 M46 M61 M80 M97 M99 M108 M122 M135 M152 | 13:M18 M39 M42 M59 M62 M82 M92 M102 M111 M124 M148 M149 | 14:M10 M13 M43 M125 M146 | 15:M16 M45 M140 | 16:M17 M44 | 17:M15 | 18: | 19: | 20: | 21:,"journal objective family: bg_d2 | F-selected distance-labelled E* domain propagation and cycle detection | precedence configuration: F=distance_closure, P=pairwise, G=direct | Full Domain MxT schedule variables + explicit unary exclusions | (20),(22)-(27) exactly once over full domains | (22)-(27) session/fixed/forbidden exclusions as hard unit clauses | (19) participant atMost-one per slot | (46),(47) clustered table capacity with compact forward channeling | (28) Pairwise precedence over direct distance-labelled relations | exact break-group ends and unary break-group thresholds | exact schedule <-> usedSlot channeling | (43) exactly |Mp| full usedSlot variables | (44) atMost 2|L| busy participants per slot | (45) exact even number of busy participants | historical hard cap Delta_G <= 2",1,"(1,)",result
,,,,,,,,,forum-13crafc.forb0007,b2b-012845c64333a713,b2b-lineage-forum-13crafc,forbidden,F-PW-DE-ST-BGD2-UW-IC12P,Full,Filter-E*,Pairwise,Direct-E,SpanThreshold,BreakGroupsD2,UWrMaxSAT,IC12+,OPTIMAL,SAT,1,1,bg_d2,1,1,1,,,1,1,6.479854,False,252.523,,,,Compact,Compact/Full,project_implementation,one-shot weighted MaxSAT,152339,,,,,,,308749,580,309329,3234,149105,874548,59,cfg5__m-full__p-pairwise__g-direct__b-span_threshold__o-break_groups_d2__s-uwrmaxsat__i-imp12plus__backend-uwrmaxsat,cfg5__m-full__p-pairwise__g-direct__b-span_threshold__o-break_groups_d2__s-uwrmaxsat__i-imp12plus__backend-uwrmaxsat,full,distance_closure,pairwise,direct,UWrMaxSAT,UWrMaxSAT,binary-sha256:8c68c8a386d3d7847b50d315143c2bab60e3514e59510e84a649db83cb303876,imp12+,span_threshold,total_break_groups_subject_to_range_at_most_2,BGD2,IC12P,873968,580,1,1128,118371,126238,63012,1,580,580,1,,,,,,0,0,0,0,0,,,"formalism-specific model size: SAT/MaxSAT reports base CNF and soft clauses, MIP reports variables/linear constraints/nonzeros, and CP reports integer variables plus linear/global constraints; SAT bound/totalizer overhead remains separate in optimizer_added_*",3234,2435,2435,3234,0,0,0,0,0,0,0,1,0.072817,0.002485,0.413929,,0.416414,6.06344,"wall-clock from immediately before reading/parsing the .dzn instance through model construction, optimization, solution decoding, and independent validation; excludes worker-process startup and result-file export",7,7,7,1,1,"0,0,0,0,0,0,0,0,0,0,0,0,0,0,0,0,0,0,0,0,0,0,0,0,0,0,0,0,0,0,0,0,0,0,0,0,0,0,0,0,0,0,0,0,0,0,0,0,0,0,0,0,0,0,0,0,0,0,0,0,0,0,0,0,0,0,0,0,0,1",peak_process_tree_rss_mb,012845c64333a713ece8bd629db7798ceb7bc7390978e5070fa46292ea01deb8,forb0007,data_table06_forb/forum-13crafc.forb0007.dzn,2,../noves/forum-13crafc.forb0007.dzn | ../noves/ticf-13crafc.forb0007.dzn,2,data_table06_forb/forum-13crafc.forb0007.dzn | data_table06_forb/ticf-13crafc.forb0007.dzn,https://imae.udg.edu/Recerca/LAI/,https://ima.udg.edu/Recerca/lai/b2b/b2b.zip,ee1f440ab3f6db27ab712300ad3a54a31ffd5ec1e06f81a9ac37cb7202c56528,2026-08-10T10:42:19+00:00,7200.0,,ee80a6fbd8b513f7c010668495c39621a371266a,True,3.10.12,1.8.dev25,instance-20260810-085803,Linux-6.8.0-1064-gcp-x86_64-with-glibc2.35,x86_64,4,8,15988.059,1,0,/home/g24021555/Business-Meeting-Scheduling-Problem/.venv/bin/python3 /home/g24021555/Business-Meeting-Scheduling-Problem/src/Main.py --manifest instances_manifest.csv --family forbidden --solver sat_all --objective-mode bg_d2 --domain-mode both --domain-filter-graph both --precedence-encoding both --precedence-graph both --encoding-variant imp12+ --sat-backend cadical --maxsat-backend uwrmaxsat --uwrmaxsat-bin /home/g24021555/uwrmaxsat/build/release/bin/uwrmaxsat --timeout 7200 --csv output/full_matrix_bg_d2_forbidden.csv,/home/g24021555/uwrmaxsat/build/release/bin/uwrmaxsat,8c68c8a386d3d7847b50d315143c2bab60e3514e59510e84a649db83cb303876,/home/g24021555/uwrmaxsat/build/release/bin/uwrmaxsat -m /tmp/b2b_uwrmaxsat_feopi96a/forum-13crafc.forb0007.wcnf,,process exit code=30,,,maxsat,uwrmaxsat,,/home/g24021555/uwrmaxsat/build/release/bin/uwrmaxsat,traditional,pairwise+direct,1,58,"1,2,3,4,5,6,7,8,9,10,11,12,13,14,15,16,18,19,23,24,25,26,27,28,29,30,31,32,33,34,35,36,37,38,39,40,41,42,44,45,46,47,48,49,50,52,53,54,56,57,59,60,62,63,64,65,66,70",2435,799,0,0,"0,0,0,0,0,0,0,0,0,0,0,0,0,0,0,0,0,0,0,0,0,0,0,0,0,0,0,0,0,0,0,0,0,0,0,0,0,0,0,0,0,0,0,0,0,0,0,0,0,0,0,0,0,0,0,0,0,0,0,0,0,0,0,0,0,0,0,0,0,7","12,14,24,22,24,24,24,24,24,24,24,24,22,10,6,4,2,0,0,0,0","2,4,7,8,9,3,5,1,6,14,14,11,13,10,15,16,17,12,3,5,2,1,4,6,3,7,5,10,9,11,6,7,8,7,10,12,8,9,11,13,12,13,14,16,15,12,7,11,4,6,7,5,10,3,11,8,9,10,13,12,11,13,2,4,3,6,5,8,2,9,10,4,5,7,3,1,6,10,5,12,11,13,3,4,9,6,8,7,5,6,8,12,3,4,10,11,9,7,12,8,10,13,11,9,9,11,12,13,5,8,10,6,7,8,9,4,2,5,6,3,1,11,6,13,14,10,3,8,4,9,12,5,7,4,8,11,3,6,9,15,12,5,10,2,1,14,7,13,13,2,4,12,3,1",1:M8 M22 M76 M121 M145 M154 | 2:M1 M21 M63 M69 M117 M144 M150 | 3:M6 M19 M25 M54 M65 M75 M83 M93 M120 M127 M137 M153 | 4:M2 M23 M49 M64 M72 M84 M94 M116 M129 M134 M151 | 5:M7 M20 M27 M52 M67 M73 M79 M89 M109 M118 M132 M142 | 6:M9 M24 M31 M50 M66 M77 M86 M90 M112 M119 M123 M138 | 7:M3 M26 M32 M34 M47 M51 M74 M88 M98 M113 M133 M147 | 8:M4 M33 M37 M56 M68 M87 M91 M100 M110 M114 M128 M135 | 9:M5 M29 M38 M57 M70 M85 M97 M104 M105 M115 M130 M139 | 10:M14 M28 M35 M53 M58 M71 M78 M95 M101 M111 M126 M143 | 11:M12 M30 M39 M48 M55 M61 M81 M96 M103 M106 M122 M136 | 12:M18 M36 M41 M46 M60 M80 M92 M99 M107 M131 M141 M152 | 13:M13 M40 M42 M59 M62 M82 M102 M108 M124 M148 M149 | 14:M10 M11 M43 M125 M146 | 15:M15 M45 M140 | 16:M16 M44 | 17:M17 | 18: | 19: | 20: | 21:,"journal objective family: bg_d2 | F-selected distance-labelled E* domain propagation and cycle detection | precedence configuration: F=distance_closure, P=pairwise, G=direct | Full Domain MxT schedule variables + explicit unary exclusions | (20),(22)-(27) exactly once over full domains | (22)-(27) session/fixed/forbidden exclusions as hard unit clauses | (19) participant atMost-one per slot | (46),(47) clustered table capacity with compact forward channeling | (28) Pairwise precedence over direct distance-labelled relations | exact break-group ends and unary break-group thresholds | exact schedule <-> usedSlot channeling | (43) exactly |Mp| full usedSlot variables | (44) atMost 2|L| busy participants per slot | (45) exact even number of busy participants | historical hard cap Delta_G <= 2",,,result
,,,,,,,,,forum-13crafc.forb0007,b2b-012845c64333a713,b2b-lineage-forum-13crafc,forbidden,F-PW-DC-ST-BGD2-IS-CD-IC12P,Full,Filter-E*,Pairwise,DistanceClosure-E*,SpanThreshold,BreakGroupsD2,IncrementalSAT,IC12+,OPTIMAL,SAT,1,1,bg_d2,1,1,1,,,,,12.375034,False,210.27,,,,Compact,Compact/Full,project_implementation,incremental multi-phase SAT with persistent solver state,152339,,,,,,,308749,0,308749,3234,149105,873968,59,cfg5__m-full__p-pairwise__g-distance_closure__b-span_threshold__o-break_groups_d2__s-incrementalsat__i-imp12plus__backend-cadical,cfg5__m-full__p-pairwise__g-distance_closure__b-span_threshold__o-break_groups_d2__s-incrementalsat__i-imp12plus__backend-cadical,full,distance_closure,pairwise,distance_closure,IncrementalSAT,CaDiCaL,1.5.3,imp12+,span_threshold,total_break_groups_subject_to_range_at_most_2,BGD2,IC12P,873968,0,0,1128,118371,126238,63012,,0,580,7,,,,,,1,4048,42163,121931,42163,11.61010508199979,6,"formalism-specific model size: SAT/MaxSAT reports base CNF and soft clauses, MIP reports variables/linear constraints/nonzeros, and CP reports integer variables plus linear/global constraints; SAT bound/totalizer overhead remains separate in optimizer_added_*",3234,2435,2435,3234,0,0,0,0,0,0,0,1,0.074321,0.002126,0.403233,,0.405359,11.969674,"wall-clock from immediately before reading/parsing the .dzn instance through model construction, optimization, solution decoding, and independent validation; excludes worker-process startup and result-file export",7,7,7,1,1,"0,0,0,0,0,0,0,0,0,0,0,0,0,0,0,0,0,0,0,0,0,0,0,0,0,0,0,0,0,0,0,0,0,0,0,0,0,0,0,0,0,0,0,0,0,0,0,0,0,0,0,0,0,0,0,0,0,0,0,0,0,0,0,0,0,0,0,0,0,1",peak_process_tree_rss_mb,012845c64333a713ece8bd629db7798ceb7bc7390978e5070fa46292ea01deb8,forb0007,data_table06_forb/forum-13crafc.forb0007.dzn,2,../noves/forum-13crafc.forb0007.dzn | ../noves/ticf-13crafc.forb0007.dzn,2,data_table06_forb/forum-13crafc.forb0007.dzn | data_table06_forb/ticf-13crafc.forb0007.dzn,https://imae.udg.edu/Recerca/LAI/,https://ima.udg.edu/Recerca/lai/b2b/b2b.zip,ee1f440ab3f6db27ab712300ad3a54a31ffd5ec1e06f81a9ac37cb7202c56528,2026-08-10T10:42:19+00:00,7200.0,,ee80a6fbd8b513f7c010668495c39621a371266a,True,3.10.12,1.8.dev25,instance-20260810-085803,Linux-6.8.0-1064-gcp-x86_64-with-glibc2.35,x86_64,4,8,15988.059,1,0,/home/g24021555/Business-Meeting-Scheduling-Problem/.venv/bin/python3 /home/g24021555/Business-Meeting-Scheduling-Problem/src/Main.py --manifest instances_manifest.csv --family forbidden --solver sat_all --objective-mode bg_d2 --domain-mode both --domain-filter-graph both --precedence-encoding both --precedence-graph both --encoding-variant imp12+ --sat-backend cadical --maxsat-backend uwrmaxsat --uwrmaxsat-bin /home/g24021555/uwrmaxsat/build/release/bin/uwrmaxsat --timeout 7200 --csv output/full_matrix_bg_d2_forbidden.csv,,,,,,,,incremental,,cadical,,factorial,pairwise+distance_closure,1,58,"1,2,3,4,5,6,7,8,9,10,11,12,13,14,15,16,18,19,23,24,25,26,27,28,29,30,31,32,33,34,35,36,37,38,39,40,41,42,44,45,46,47,48,49,50,52,53,54,56,57,59,60,62,63,64,65,66,70",2435,799,0,0,"0,0,0,0,0,0,0,0,0,0,0,0,0,0,0,0,0,0,0,0,0,0,0,0,0,0,0,0,0,0,0,0,0,0,0,0,0,0,0,0,0,0,0,0,0,0,0,0,0,0,0,0,0,0,0,0,0,0,0,0,0,0,0,0,0,0,0,0,0,7","10,12,24,24,24,24,24,24,24,24,24,24,24,10,6,4,2,0,0,0,0","4,6,10,8,11,5,7,3,9,14,11,12,13,10,17,16,15,14,2,5,3,1,4,6,3,7,8,7,6,9,3,5,4,10,7,12,8,9,13,11,12,13,14,16,15,12,7,11,4,6,7,5,8,3,10,11,9,10,13,11,12,13,2,5,3,6,4,8,4,6,10,1,2,7,3,9,5,10,6,12,11,13,3,4,9,5,8,7,5,7,8,12,4,9,11,10,13,6,12,8,10,13,11,9,9,10,11,13,6,8,12,5,7,8,9,1,2,4,6,5,3,11,5,13,14,10,3,4,6,9,12,8,7,3,9,11,5,6,8,15,12,2,10,4,1,14,7,13,13,2,4,12,3,1",1:M22 M72 M116 M145 M154 | 2:M19 M63 M73 M117 M142 M150 | 3:M8 M21 M25 M31 M54 M65 M75 M83 M121 M127 M134 M153 | 4:M1 M23 M33 M49 M67 M69 M84 M93 M118 M128 M144 M151 | 5:M6 M20 M32 M52 M64 M77 M86 M89 M112 M120 M123 M137 | 6:M2 M24 M29 M50 M66 M70 M79 M98 M109 M119 M129 M138 | 7:M7 M26 M28 M35 M47 M51 M74 M88 M90 M113 M133 M147 | 8:M4 M27 M37 M53 M68 M87 M91 M100 M110 M114 M132 M139 | 9:M9 M30 M38 M57 M76 M85 M94 M104 M105 M115 M130 M135 | 10:M3 M14 M34 M55 M58 M71 M78 M96 M101 M106 M126 M143 | 11:M5 M11 M40 M48 M56 M60 M81 M95 M103 M107 M122 M136 | 12:M12 M36 M41 M46 M61 M80 M92 M99 M111 M131 M141 M152 | 13:M13 M39 M42 M59 M62 M82 M97 M102 M108 M124 M148 M149 | 14:M10 M18 M43 M125 M146 | 15:M17 M45 M140 | 16:M16 M44 | 17:M15 | 18: | 19: | 20: | 21:,"journal objective family: bg_d2 | F-selected distance-labelled E* domain propagation and cycle detection | precedence configuration: F=distance_closure, P=pairwise, G=distance_closure | Full Domain MxT schedule variables + explicit unary exclusions | (20),(22)-(27) exactly once over full domains | (22)-(27) session/fixed/forbidden exclusions as hard unit clauses | (19) participant atMost-one per slot | (46),(47) clustered table capacity with compact forward channeling | (28) Pairwise precedence over distance_closure distance-labelled relations | exact break-group ends and unary break-group thresholds | exact schedule <-> usedSlot channeling | (43) exactly |Mp| full usedSlot variables | (44) atMost 2|L| busy participants per slot | (45) exact even number of busy participants | historical hard cap Delta_G <= 2",1,"(1,)",result
,,,,,,,,,forum-13crafc.forb0007,b2b-012845c64333a713,b2b-lineage-forum-13crafc,forbidden,F-PW-DC-ST-BGD2-NIS-CD-IC12P,Full,Filter-E*,Pairwise,DistanceClosure-E*,SpanThreshold,BreakGroupsD2,NonIncrementalSAT,IC12+,OPTIMAL,SAT,1,1,bg_d2,1,1,1,,,,,58.131382,False,221.539,,,,Compact,Compact/Full,project_implementation,restart-based multi-phase SAT,152339,,,,,,,308749,0,308749,3234,149105,873968,59,cfg5__m-full__p-pairwise__g-distance_closure__b-span_threshold__o-break_groups_d2__s-nonincrementalsat__i-imp12plus__backend-cadical,cfg5__m-full__p-pairwise__g-distance_closure__b-span_threshold__o-break_groups_d2__s-nonincrementalsat__i-imp12plus__backend-cadical,full,distance_closure,pairwise,distance_closure,NonIncrementalSAT,CaDiCaL,1.5.3,imp12+,span_threshold,total_break_groups_subject_to_range_at_most_2,BGD2,IC12P,873968,0,0,1128,118371,126238,63012,,0,580,7,,,,,,7,18564,37640,93298,72912,57.332660415000646,6,"formalism-specific model size: SAT/MaxSAT reports base CNF and soft clauses, MIP reports variables/linear constraints/nonzeros, and CP reports integer variables plus linear/global constraints; SAT bound/totalizer overhead remains separate in optimizer_added_*",3234,2435,2435,3234,0,0,0,0,0,0,0,1,0.077015,0.002385,0.41999,,0.422374,57.709008,"wall-clock from immediately before reading/parsing the .dzn instance through model construction, optimization, solution decoding, and independent validation; excludes worker-process startup and result-file export",7,7,7,1,1,"0,0,0,0,0,0,0,0,0,0,0,0,0,0,0,0,0,0,0,0,0,0,0,0,0,0,0,0,0,0,0,0,0,0,0,0,0,0,0,0,0,0,0,0,0,0,0,0,0,0,0,0,0,0,0,0,0,0,0,0,0,0,0,0,0,0,0,0,0,1",peak_process_tree_rss_mb,012845c64333a713ece8bd629db7798ceb7bc7390978e5070fa46292ea01deb8,forb0007,data_table06_forb/forum-13crafc.forb0007.dzn,2,../noves/forum-13crafc.forb0007.dzn | ../noves/ticf-13crafc.forb0007.dzn,2,data_table06_forb/forum-13crafc.forb0007.dzn | data_table06_forb/ticf-13crafc.forb0007.dzn,https://imae.udg.edu/Recerca/LAI/,https://ima.udg.edu/Recerca/lai/b2b/b2b.zip,ee1f440ab3f6db27ab712300ad3a54a31ffd5ec1e06f81a9ac37cb7202c56528,2026-08-10T10:42:19+00:00,7200.0,,ee80a6fbd8b513f7c010668495c39621a371266a,True,3.10.12,1.8.dev25,instance-20260810-085803,Linux-6.8.0-1064-gcp-x86_64-with-glibc2.35,x86_64,4,8,15988.059,1,0,/home/g24021555/Business-Meeting-Scheduling-Problem/.venv/bin/python3 /home/g24021555/Business-Meeting-Scheduling-Problem/src/Main.py --manifest instances_manifest.csv --family forbidden --solver sat_all --objective-mode bg_d2 --domain-mode both --domain-filter-graph both --precedence-encoding both --precedence-graph both --encoding-variant imp12+ --sat-backend cadical --maxsat-backend uwrmaxsat --uwrmaxsat-bin /home/g24021555/uwrmaxsat/build/release/bin/uwrmaxsat --timeout 7200 --csv output/full_matrix_bg_d2_forbidden.csv,,,,,,,,multiple,,cadical,,factorial,pairwise+distance_closure,1,58,"1,2,3,4,5,6,7,8,9,10,11,12,13,14,15,16,18,19,23,24,25,26,27,28,29,30,31,32,33,34,35,36,37,38,39,40,41,42,44,45,46,47,48,49,50,52,53,54,56,57,59,60,62,63,64,65,66,70",2435,799,0,0,"0,0,0,0,0,0,0,0,0,0,0,0,0,0,0,0,0,0,0,0,0,0,0,0,0,0,0,0,0,0,0,0,0,0,0,0,0,0,0,0,0,0,0,0,0,0,0,0,0,0,0,0,0,0,0,0,0,0,0,0,0,0,0,0,0,0,0,0,0,7","12,14,20,24,24,24,24,24,24,24,24,24,24,10,6,4,2,0,0,0,0","1,8,4,7,9,3,5,2,6,14,11,12,14,10,17,15,16,13,2,5,4,1,3,6,4,8,9,5,8,11,6,7,10,11,9,12,8,7,13,10,12,13,14,16,15,12,7,11,4,6,7,5,9,3,10,11,8,10,13,11,12,13,2,3,4,6,5,6,3,8,10,2,5,7,1,9,4,10,5,12,11,13,3,4,9,6,7,8,4,10,9,13,5,6,11,8,12,7,12,8,9,13,10,11,7,10,11,12,5,9,13,8,6,9,7,6,3,2,5,4,1,12,7,13,14,10,4,9,3,5,11,6,8,3,12,8,4,6,9,15,11,1,10,5,2,14,7,13,13,2,4,12,3,1",1:M1 M22 M75 M121 M142 M154 | 2:M8 M19 M63 M72 M118 M145 M150 | 3:M6 M23 M54 M64 M69 M83 M117 M129 M134 M153 | 4:M3 M21 M25 M49 M65 M77 M84 M89 M120 M127 M137 M151 | 5:M7 M20 M28 M52 M67 M73 M79 M93 M109 M119 M130 M144 | 6:M9 M24 M31 M50 M66 M68 M86 M94 M113 M116 M132 M138 | 7:M4 M32 M38 M47 M51 M74 M87 M98 M105 M115 M123 M147 | 8:M2 M26 M29 M37 M57 M70 M88 M96 M100 M112 M133 M136 | 9:M5 M27 M35 M53 M76 M85 M91 M101 M110 M114 M128 M139 | 10:M14 M33 M40 M55 M58 M71 M78 M90 M103 M106 M126 M143 | 11:M11 M30 M34 M48 M56 M60 M81 M95 M104 M107 M131 M141 | 12:M12 M36 M41 M46 M61 M80 M97 M99 M108 M122 M135 M152 | 13:M18 M39 M42 M59 M62 M82 M92 M102 M111 M124 M148 M149 | 14:M10 M13 M43 M125 M146 | 15:M16 M45 M140 | 16:M17 M44 | 17:M15 | 18: | 19: | 20: | 21:,"journal objective family: bg_d2 | F-selected distance-labelled E* domain propagation and cycle detection | precedence configuration: F=distance_closure, P=pairwise, G=distance_closure | Full Domain MxT schedule variables + explicit unary exclusions | (20),(22)-(27) exactly once over full domains | (22)-(27) session/fixed/forbidden exclusions as hard unit clauses | (19) participant atMost-one per slot | (46),(47) clustered table capacity with compact forward channeling | (28) Pairwise precedence over distance_closure distance-labelled relations | exact break-group ends and unary break-group thresholds | exact schedule <-> usedSlot channeling | (43) exactly |Mp| full usedSlot variables | (44) atMost 2|L| busy participants per slot | (45) exact even number of busy participants | historical hard cap Delta_G <= 2",1,"(1,)",result
,,,,,,,,,forum-13crafc.forb0007,b2b-012845c64333a713,b2b-lineage-forum-13crafc,forbidden,F-PW-DC-ST-BGD2-UW-IC12P,Full,Filter-E*,Pairwise,DistanceClosure-E*,SpanThreshold,BreakGroupsD2,UWrMaxSAT,IC12+,OPTIMAL,SAT,1,1,bg_d2,1,1,1,,,1,1,6.437979,False,252.535,,,,Compact,Compact/Full,project_implementation,one-shot weighted MaxSAT,152339,,,,,,,308749,580,309329,3234,149105,874548,59,cfg5__m-full__p-pairwise__g-distance_closure__b-span_threshold__o-break_groups_d2__s-uwrmaxsat__i-imp12plus__backend-uwrmaxsat,cfg5__m-full__p-pairwise__g-distance_closure__b-span_threshold__o-break_groups_d2__s-uwrmaxsat__i-imp12plus__backend-uwrmaxsat,full,distance_closure,pairwise,distance_closure,UWrMaxSAT,UWrMaxSAT,binary-sha256:8c68c8a386d3d7847b50d315143c2bab60e3514e59510e84a649db83cb303876,imp12+,span_threshold,total_break_groups_subject_to_range_at_most_2,BGD2,IC12P,873968,580,1,1128,118371,126238,63012,1,580,580,1,,,,,,0,0,0,0,0,,,"formalism-specific model size: SAT/MaxSAT reports base CNF and soft clauses, MIP reports variables/linear constraints/nonzeros, and CP reports integer variables plus linear/global constraints; SAT bound/totalizer overhead remains separate in optimizer_added_*",3234,2435,2435,3234,0,0,0,0,0,0,0,1,0.078538,0.002441,0.415965,,0.418406,6.019573,"wall-clock from immediately before reading/parsing the .dzn instance through model construction, optimization, solution decoding, and independent validation; excludes worker-process startup and result-file export",7,7,7,1,1,"0,0,0,0,0,0,0,0,0,0,0,0,0,0,0,0,0,0,0,0,0,0,0,0,0,0,0,0,0,0,0,0,0,0,0,0,0,0,0,0,0,0,0,0,0,0,0,0,0,0,0,0,0,0,0,0,0,0,0,0,0,0,0,0,0,0,0,0,0,1",peak_process_tree_rss_mb,012845c64333a713ece8bd629db7798ceb7bc7390978e5070fa46292ea01deb8,forb0007,data_table06_forb/forum-13crafc.forb0007.dzn,2,../noves/forum-13crafc.forb0007.dzn | ../noves/ticf-13crafc.forb0007.dzn,2,data_table06_forb/forum-13crafc.forb0007.dzn | data_table06_forb/ticf-13crafc.forb0007.dzn,https://imae.udg.edu/Recerca/LAI/,https://ima.udg.edu/Recerca/lai/b2b/b2b.zip,ee1f440ab3f6db27ab712300ad3a54a31ffd5ec1e06f81a9ac37cb7202c56528,2026-08-10T10:42:19+00:00,7200.0,,ee80a6fbd8b513f7c010668495c39621a371266a,True,3.10.12,1.8.dev25,instance-20260810-085803,Linux-6.8.0-1064-gcp-x86_64-with-glibc2.35,x86_64,4,8,15988.059,1,0,/home/g24021555/Business-Meeting-Scheduling-Problem/.venv/bin/python3 /home/g24021555/Business-Meeting-Scheduling-Problem/src/Main.py --manifest instances_manifest.csv --family forbidden --solver sat_all --objective-mode bg_d2 --domain-mode both --domain-filter-graph both --precedence-encoding both --precedence-graph both --encoding-variant imp12+ --sat-backend cadical --maxsat-backend uwrmaxsat --uwrmaxsat-bin /home/g24021555/uwrmaxsat/build/release/bin/uwrmaxsat --timeout 7200 --csv output/full_matrix_bg_d2_forbidden.csv,/home/g24021555/uwrmaxsat/build/release/bin/uwrmaxsat,8c68c8a386d3d7847b50d315143c2bab60e3514e59510e84a649db83cb303876,/home/g24021555/uwrmaxsat/build/release/bin/uwrmaxsat -m /tmp/b2b_uwrmaxsat_9_3x0w92/forum-13crafc.forb0007.wcnf,,process exit code=30,,,maxsat,uwrmaxsat,,/home/g24021555/uwrmaxsat/build/release/bin/uwrmaxsat,factorial,pairwise+distance_closure,1,58,"1,2,3,4,5,6,7,8,9,10,11,12,13,14,15,16,18,19,23,24,25,26,27,28,29,30,31,32,33,34,35,36,37,38,39,40,41,42,44,45,46,47,48,49,50,52,53,54,56,57,59,60,62,63,64,65,66,70",2435,799,0,0,"0,0,0,0,0,0,0,0,0,0,0,0,0,0,0,0,0,0,0,0,0,0,0,0,0,0,0,0,0,0,0,0,0,0,0,0,0,0,0,0,0,0,0,0,0,0,0,0,0,0,0,0,0,0,0,0,0,0,0,0,0,0,0,0,0,0,0,0,0,7","12,14,24,22,24,24,24,24,24,24,24,24,22,10,6,4,2,0,0,0,0","2,4,7,8,9,3,5,1,6,14,14,11,13,10,15,16,17,12,3,5,2,1,4,6,3,7,5,10,9,11,6,7,8,7,10,12,8,9,11,13,12,13,14,16,15,12,7,11,4,6,7,5,10,3,11,8,9,10,13,12,11,13,2,4,3,6,5,8,2,9,10,4,5,7,3,1,6,10,5,12,11,13,3,4,9,6,8,7,5,6,8,12,3,4,10,11,9,7,12,8,10,13,11,9,9,11,12,13,5,8,10,6,7,8,9,4,2,5,6,3,1,11,6,13,14,10,3,8,4,9,12,5,7,4,8,11,3,6,9,15,12,5,10,2,1,14,7,13,13,2,4,12,3,1",1:M8 M22 M76 M121 M145 M154 | 2:M1 M21 M63 M69 M117 M144 M150 | 3:M6 M19 M25 M54 M65 M75 M83 M93 M120 M127 M137 M153 | 4:M2 M23 M49 M64 M72 M84 M94 M116 M129 M134 M151 | 5:M7 M20 M27 M52 M67 M73 M79 M89 M109 M118 M132 M142 | 6:M9 M24 M31 M50 M66 M77 M86 M90 M112 M119 M123 M138 | 7:M3 M26 M32 M34 M47 M51 M74 M88 M98 M113 M133 M147 | 8:M4 M33 M37 M56 M68 M87 M91 M100 M110 M114 M128 M135 | 9:M5 M29 M38 M57 M70 M85 M97 M104 M105 M115 M130 M139 | 10:M14 M28 M35 M53 M58 M71 M78 M95 M101 M111 M126 M143 | 11:M12 M30 M39 M48 M55 M61 M81 M96 M103 M106 M122 M136 | 12:M18 M36 M41 M46 M60 M80 M92 M99 M107 M131 M141 M152 | 13:M13 M40 M42 M59 M62 M82 M102 M108 M124 M148 M149 | 14:M10 M11 M43 M125 M146 | 15:M15 M45 M140 | 16:M16 M44 | 17:M17 | 18: | 19: | 20: | 21:,"journal objective family: bg_d2 | F-selected distance-labelled E* domain propagation and cycle detection | precedence configuration: F=distance_closure, P=pairwise, G=distance_closure | Full Domain MxT schedule variables + explicit unary exclusions | (20),(22)-(27) exactly once over full domains | (22)-(27) session/fixed/forbidden exclusions as hard unit clauses | (19) participant atMost-one per slot | (46),(47) clustered table capacity with compact forward channeling | (28) Pairwise precedence over distance_closure distance-labelled relations | exact break-group ends and unary break-group thresholds | exact schedule <-> usedSlot channeling | (43) exactly |Mp| full usedSlot variables | (44) atMost 2|L| busy participants per slot | (45) exact even number of busy participants | historical hard cap Delta_G <= 2",,,result
,,,,,,,,,forum-13crafc.forb0007,b2b-012845c64333a713,b2b-lineage-forum-13crafc,forbidden,F-SS-DE-ST-BGD2-IS-CD-IC12P,Full,Filter-E*,SparseSuffix,Direct-E,SpanThreshold,BreakGroupsD2,IncrementalSAT,IC12+,OPTIMAL,SAT,1,1,bg_d2,1,1,1,,,,,12.328317,False,210.367,,,,Compact,Compact/Full,project_implementation,incremental multi-phase SAT with persistent solver state,152339,,,,,,,308749,0,308749,3234,149105,873968,59,cfg5__m-full__p-sparse_suffix__g-direct__b-span_threshold__o-break_groups_d2__s-incrementalsat__i-imp12plus__backend-cadical,cfg5__m-full__p-sparse_suffix__g-direct__b-span_threshold__o-break_groups_d2__s-incrementalsat__i-imp12plus__backend-cadical,full,distance_closure,sparse_suffix,direct,IncrementalSAT,CaDiCaL,1.5.3,imp12+,span_threshold,total_break_groups_subject_to_range_at_most_2,BGD2,IC12P,873968,0,0,1128,118371,126238,63012,,0,580,7,,,,,,1,4048,42163,121931,42163,11.557754884999667,6,"formalism-specific model size: SAT/MaxSAT reports base CNF and soft clauses, MIP reports variables/linear constraints/nonzeros, and CP reports integer variables plus linear/global constraints; SAT bound/totalizer overhead remains separate in optimizer_added_*",3234,2435,2435,3234,0,0,0,0,0,0,0,1,0.07523,0.002388,0.403791,,0.406179,11.922137,"wall-clock from immediately before reading/parsing the .dzn instance through model construction, optimization, solution decoding, and independent validation; excludes worker-process startup and result-file export",7,7,7,1,1,"0,0,0,0,0,0,0,0,0,0,0,0,0,0,0,0,0,0,0,0,0,0,0,0,0,0,0,0,0,0,0,0,0,0,0,0,0,0,0,0,0,0,0,0,0,0,0,0,0,0,0,0,0,0,0,0,0,0,0,0,0,0,0,0,0,0,0,0,0,1",peak_process_tree_rss_mb,012845c64333a713ece8bd629db7798ceb7bc7390978e5070fa46292ea01deb8,forb0007,data_table06_forb/forum-13crafc.forb0007.dzn,2,../noves/forum-13crafc.forb0007.dzn | ../noves/ticf-13crafc.forb0007.dzn,2,data_table06_forb/forum-13crafc.forb0007.dzn | data_table06_forb/ticf-13crafc.forb0007.dzn,https://imae.udg.edu/Recerca/LAI/,https://ima.udg.edu/Recerca/lai/b2b/b2b.zip,ee1f440ab3f6db27ab712300ad3a54a31ffd5ec1e06f81a9ac37cb7202c56528,2026-08-10T10:42:19+00:00,7200.0,,ee80a6fbd8b513f7c010668495c39621a371266a,True,3.10.12,1.8.dev25,instance-20260810-085803,Linux-6.8.0-1064-gcp-x86_64-with-glibc2.35,x86_64,4,8,15988.059,1,0,/home/g24021555/Business-Meeting-Scheduling-Problem/.venv/bin/python3 /home/g24021555/Business-Meeting-Scheduling-Problem/src/Main.py --manifest instances_manifest.csv --family forbidden --solver sat_all --objective-mode bg_d2 --domain-mode both --domain-filter-graph both --precedence-encoding both --precedence-graph both --encoding-variant imp12+ --sat-backend cadical --maxsat-backend uwrmaxsat --uwrmaxsat-bin /home/g24021555/uwrmaxsat/build/release/bin/uwrmaxsat --timeout 7200 --csv output/full_matrix_bg_d2_forbidden.csv,,,,,,,,incremental,,cadical,,factorial,sparse_suffix+direct,1,58,"1,2,3,4,5,6,7,8,9,10,11,12,13,14,15,16,18,19,23,24,25,26,27,28,29,30,31,32,33,34,35,36,37,38,39,40,41,42,44,45,46,47,48,49,50,52,53,54,56,57,59,60,62,63,64,65,66,70",2435,799,0,0,"0,0,0,0,0,0,0,0,0,0,0,0,0,0,0,0,0,0,0,0,0,0,0,0,0,0,0,0,0,0,0,0,0,0,0,0,0,0,0,0,0,0,0,0,0,0,0,0,0,0,0,0,0,0,0,0,0,0,0,0,0,0,0,0,0,0,0,0,0,7","10,12,24,24,24,24,24,24,24,24,24,24,24,10,6,4,2,0,0,0,0","4,6,10,8,11,5,7,3,9,14,11,12,13,10,17,16,15,14,2,5,3,1,4,6,3,7,8,7,6,9,3,5,4,10,7,12,8,9,13,11,12,13,14,16,15,12,7,11,4,6,7,5,8,3,10,11,9,10,13,11,12,13,2,5,3,6,4,8,4,6,10,1,2,7,3,9,5,10,6,12,11,13,3,4,9,5,8,7,5,7,8,12,4,9,11,10,13,6,12,8,10,13,11,9,9,10,11,13,6,8,12,5,7,8,9,1,2,4,6,5,3,11,5,13,14,10,3,4,6,9,12,8,7,3,9,11,5,6,8,15,12,2,10,4,1,14,7,13,13,2,4,12,3,1",1:M22 M72 M116 M145 M154 | 2:M19 M63 M73 M117 M142 M150 | 3:M8 M21 M25 M31 M54 M65 M75 M83 M121 M127 M134 M153 | 4:M1 M23 M33 M49 M67 M69 M84 M93 M118 M128 M144 M151 | 5:M6 M20 M32 M52 M64 M77 M86 M89 M112 M120 M123 M137 | 6:M2 M24 M29 M50 M66 M70 M79 M98 M109 M119 M129 M138 | 7:M7 M26 M28 M35 M47 M51 M74 M88 M90 M113 M133 M147 | 8:M4 M27 M37 M53 M68 M87 M91 M100 M110 M114 M132 M139 | 9:M9 M30 M38 M57 M76 M85 M94 M104 M105 M115 M130 M135 | 10:M3 M14 M34 M55 M58 M71 M78 M96 M101 M106 M126 M143 | 11:M5 M11 M40 M48 M56 M60 M81 M95 M103 M107 M122 M136 | 12:M12 M36 M41 M46 M61 M80 M92 M99 M111 M131 M141 M152 | 13:M13 M39 M42 M59 M62 M82 M97 M102 M108 M124 M148 M149 | 14:M10 M18 M43 M125 M146 | 15:M17 M45 M140 | 16:M16 M44 | 17:M15 | 18: | 19: | 20: | 21:,"journal objective family: bg_d2 | F-selected distance-labelled E* domain propagation and cycle detection | precedence configuration: F=distance_closure, P=sparse_suffix, G=direct | Full Domain MxT schedule variables + explicit unary exclusions | (20),(22)-(27) exactly once over full domains | (22)-(27) session/fixed/forbidden exclusions as hard unit clauses | (19) participant atMost-one per slot | (46),(47) clustered table capacity with compact forward channeling | (28) SparseSuffix precedence over direct distance-labelled relations | exact break-group ends and unary break-group thresholds | exact schedule <-> usedSlot channeling | (43) exactly |Mp| full usedSlot variables | (44) atMost 2|L| busy participants per slot | (45) exact even number of busy participants | historical hard cap Delta_G <= 2",1,"(1,)",result
,,,,,,,,,forum-13crafc.forb0007,b2b-012845c64333a713,b2b-lineage-forum-13crafc,forbidden,F-SS-DE-ST-BGD2-NIS-CD-IC12P,Full,Filter-E*,SparseSuffix,Direct-E,SpanThreshold,BreakGroupsD2,NonIncrementalSAT,IC12+,OPTIMAL,SAT,1,1,bg_d2,1,1,1,,,,,58.005108,False,226.758,,,,Compact,Compact/Full,project_implementation,restart-based multi-phase SAT,152339,,,,,,,308749,0,308749,3234,149105,873968,59,cfg5__m-full__p-sparse_suffix__g-direct__b-span_threshold__o-break_groups_d2__s-nonincrementalsat__i-imp12plus__backend-cadical,cfg5__m-full__p-sparse_suffix__g-direct__b-span_threshold__o-break_groups_d2__s-nonincrementalsat__i-imp12plus__backend-cadical,full,distance_closure,sparse_suffix,direct,NonIncrementalSAT,CaDiCaL,1.5.3,imp12+,span_threshold,total_break_groups_subject_to_range_at_most_2,BGD2,IC12P,873968,0,0,1128,118371,126238,63012,,0,580,7,,,,,,7,18564,37640,93298,72912,57.20481341300001,6,"formalism-specific model size: SAT/MaxSAT reports base CNF and soft clauses, MIP reports variables/linear constraints/nonzeros, and CP reports integer variables plus linear/global constraints; SAT bound/totalizer overhead remains separate in optimizer_added_*",3234,2435,2435,3234,0,0,0,0,0,0,0,1,0.076234,0.002259,0.418789,,0.421048,57.58406,"wall-clock from immediately before reading/parsing the .dzn instance through model construction, optimization, solution decoding, and independent validation; excludes worker-process startup and result-file export",7,7,7,1,1,"0,0,0,0,0,0,0,0,0,0,0,0,0,0,0,0,0,0,0,0,0,0,0,0,0,0,0,0,0,0,0,0,0,0,0,0,0,0,0,0,0,0,0,0,0,0,0,0,0,0,0,0,0,0,0,0,0,0,0,0,0,0,0,0,0,0,0,0,0,1",peak_process_tree_rss_mb,012845c64333a713ece8bd629db7798ceb7bc7390978e5070fa46292ea01deb8,forb0007,data_table06_forb/forum-13crafc.forb0007.dzn,2,../noves/forum-13crafc.forb0007.dzn | ../noves/ticf-13crafc.forb0007.dzn,2,data_table06_forb/forum-13crafc.forb0007.dzn | data_table06_forb/ticf-13crafc.forb0007.dzn,https://imae.udg.edu/Recerca/LAI/,https://ima.udg.edu/Recerca/lai/b2b/b2b.zip,ee1f440ab3f6db27ab712300ad3a54a31ffd5ec1e06f81a9ac37cb7202c56528,2026-08-10T10:42:19+00:00,7200.0,,ee80a6fbd8b513f7c010668495c39621a371266a,True,3.10.12,1.8.dev25,instance-20260810-085803,Linux-6.8.0-1064-gcp-x86_64-with-glibc2.35,x86_64,4,8,15988.059,1,0,/home/g24021555/Business-Meeting-Scheduling-Problem/.venv/bin/python3 /home/g24021555/Business-Meeting-Scheduling-Problem/src/Main.py --manifest instances_manifest.csv --family forbidden --solver sat_all --objective-mode bg_d2 --domain-mode both --domain-filter-graph both --precedence-encoding both --precedence-graph both --encoding-variant imp12+ --sat-backend cadical --maxsat-backend uwrmaxsat --uwrmaxsat-bin /home/g24021555/uwrmaxsat/build/release/bin/uwrmaxsat --timeout 7200 --csv output/full_matrix_bg_d2_forbidden.csv,,,,,,,,multiple,,cadical,,factorial,sparse_suffix+direct,1,58,"1,2,3,4,5,6,7,8,9,10,11,12,13,14,15,16,18,19,23,24,25,26,27,28,29,30,31,32,33,34,35,36,37,38,39,40,41,42,44,45,46,47,48,49,50,52,53,54,56,57,59,60,62,63,64,65,66,70",2435,799,0,0,"0,0,0,0,0,0,0,0,0,0,0,0,0,0,0,0,0,0,0,0,0,0,0,0,0,0,0,0,0,0,0,0,0,0,0,0,0,0,0,0,0,0,0,0,0,0,0,0,0,0,0,0,0,0,0,0,0,0,0,0,0,0,0,0,0,0,0,0,0,7","12,14,20,24,24,24,24,24,24,24,24,24,24,10,6,4,2,0,0,0,0","1,8,4,7,9,3,5,2,6,14,11,12,14,10,17,15,16,13,2,5,4,1,3,6,4,8,9,5,8,11,6,7,10,11,9,12,8,7,13,10,12,13,14,16,15,12,7,11,4,6,7,5,9,3,10,11,8,10,13,11,12,13,2,3,4,6,5,6,3,8,10,2,5,7,1,9,4,10,5,12,11,13,3,4,9,6,7,8,4,10,9,13,5,6,11,8,12,7,12,8,9,13,10,11,7,10,11,12,5,9,13,8,6,9,7,6,3,2,5,4,1,12,7,13,14,10,4,9,3,5,11,6,8,3,12,8,4,6,9,15,11,1,10,5,2,14,7,13,13,2,4,12,3,1",1:M1 M22 M75 M121 M142 M154 | 2:M8 M19 M63 M72 M118 M145 M150 | 3:M6 M23 M54 M64 M69 M83 M117 M129 M134 M153 | 4:M3 M21 M25 M49 M65 M77 M84 M89 M120 M127 M137 M151 | 5:M7 M20 M28 M52 M67 M73 M79 M93 M109 M119 M130 M144 | 6:M9 M24 M31 M50 M66 M68 M86 M94 M113 M116 M132 M138 | 7:M4 M32 M38 M47 M51 M74 M87 M98 M105 M115 M123 M147 | 8:M2 M26 M29 M37 M57 M70 M88 M96 M100 M112 M133 M136 | 9:M5 M27 M35 M53 M76 M85 M91 M101 M110 M114 M128 M139 | 10:M14 M33 M40 M55 M58 M71 M78 M90 M103 M106 M126 M143 | 11:M11 M30 M34 M48 M56 M60 M81 M95 M104 M107 M131 M141 | 12:M12 M36 M41 M46 M61 M80 M97 M99 M108 M122 M135 M152 | 13:M18 M39 M42 M59 M62 M82 M92 M102 M111 M124 M148 M149 | 14:M10 M13 M43 M125 M146 | 15:M16 M45 M140 | 16:M17 M44 | 17:M15 | 18: | 19: | 20: | 21:,"journal objective family: bg_d2 | F-selected distance-labelled E* domain propagation and cycle detection | precedence configuration: F=distance_closure, P=sparse_suffix, G=direct | Full Domain MxT schedule variables + explicit unary exclusions | (20),(22)-(27) exactly once over full domains | (22)-(27) session/fixed/forbidden exclusions as hard unit clauses | (19) participant atMost-one per slot | (46),(47) clustered table capacity with compact forward channeling | (28) SparseSuffix precedence over direct distance-labelled relations | exact break-group ends and unary break-group thresholds | exact schedule <-> usedSlot channeling | (43) exactly |Mp| full usedSlot variables | (44) atMost 2|L| busy participants per slot | (45) exact even number of busy participants | historical hard cap Delta_G <= 2",1,"(1,)",result
,,,,,,,,,forum-13crafc.forb0007,b2b-012845c64333a713,b2b-lineage-forum-13crafc,forbidden,F-SS-DE-ST-BGD2-UW-IC12P,Full,Filter-E*,SparseSuffix,Direct-E,SpanThreshold,BreakGroupsD2,UWrMaxSAT,IC12+,OPTIMAL,SAT,1,1,bg_d2,1,1,1,,,1,1,6.473313,False,252.508,,,,Compact,Compact/Full,project_implementation,one-shot weighted MaxSAT,152339,,,,,,,308749,580,309329,3234,149105,874548,59,cfg5__m-full__p-sparse_suffix__g-direct__b-span_threshold__o-break_groups_d2__s-uwrmaxsat__i-imp12plus__backend-uwrmaxsat,cfg5__m-full__p-sparse_suffix__g-direct__b-span_threshold__o-break_groups_d2__s-uwrmaxsat__i-imp12plus__backend-uwrmaxsat,full,distance_closure,sparse_suffix,direct,UWrMaxSAT,UWrMaxSAT,binary-sha256:8c68c8a386d3d7847b50d315143c2bab60e3514e59510e84a649db83cb303876,imp12+,span_threshold,total_break_groups_subject_to_range_at_most_2,BGD2,IC12P,873968,580,1,1128,118371,126238,63012,1,580,580,1,,,,,,0,0,0,0,0,,,"formalism-specific model size: SAT/MaxSAT reports base CNF and soft clauses, MIP reports variables/linear constraints/nonzeros, and CP reports integer variables plus linear/global constraints; SAT bound/totalizer overhead remains separate in optimizer_added_*",3234,2435,2435,3234,0,0,0,0,0,0,0,1,0.079618,0.002122,0.40554,,0.407662,6.065651,"wall-clock from immediately before reading/parsing the .dzn instance through model construction, optimization, solution decoding, and independent validation; excludes worker-process startup and result-file export",7,7,7,1,1,"0,0,0,0,0,0,0,0,0,0,0,0,0,0,0,0,0,0,0,0,0,0,0,0,0,0,0,0,0,0,0,0,0,0,0,0,0,0,0,0,0,0,0,0,0,0,0,0,0,0,0,0,0,0,0,0,0,0,0,0,0,0,0,0,0,0,0,0,0,1",peak_process_tree_rss_mb,012845c64333a713ece8bd629db7798ceb7bc7390978e5070fa46292ea01deb8,forb0007,data_table06_forb/forum-13crafc.forb0007.dzn,2,../noves/forum-13crafc.forb0007.dzn | ../noves/ticf-13crafc.forb0007.dzn,2,data_table06_forb/forum-13crafc.forb0007.dzn | data_table06_forb/ticf-13crafc.forb0007.dzn,https://imae.udg.edu/Recerca/LAI/,https://ima.udg.edu/Recerca/lai/b2b/b2b.zip,ee1f440ab3f6db27ab712300ad3a54a31ffd5ec1e06f81a9ac37cb7202c56528,2026-08-10T10:42:19+00:00,7200.0,,ee80a6fbd8b513f7c010668495c39621a371266a,True,3.10.12,1.8.dev25,instance-20260810-085803,Linux-6.8.0-1064-gcp-x86_64-with-glibc2.35,x86_64,4,8,15988.059,1,0,/home/g24021555/Business-Meeting-Scheduling-Problem/.venv/bin/python3 /home/g24021555/Business-Meeting-Scheduling-Problem/src/Main.py --manifest instances_manifest.csv --family forbidden --solver sat_all --objective-mode bg_d2 --domain-mode both --domain-filter-graph both --precedence-encoding both --precedence-graph both --encoding-variant imp12+ --sat-backend cadical --maxsat-backend uwrmaxsat --uwrmaxsat-bin /home/g24021555/uwrmaxsat/build/release/bin/uwrmaxsat --timeout 7200 --csv output/full_matrix_bg_d2_forbidden.csv,/home/g24021555/uwrmaxsat/build/release/bin/uwrmaxsat,8c68c8a386d3d7847b50d315143c2bab60e3514e59510e84a649db83cb303876,/home/g24021555/uwrmaxsat/build/release/bin/uwrmaxsat -m /tmp/b2b_uwrmaxsat_51auby1z/forum-13crafc.forb0007.wcnf,,process exit code=30,,,maxsat,uwrmaxsat,,/home/g24021555/uwrmaxsat/build/release/bin/uwrmaxsat,factorial,sparse_suffix+direct,1,58,"1,2,3,4,5,6,7,8,9,10,11,12,13,14,15,16,18,19,23,24,25,26,27,28,29,30,31,32,33,34,35,36,37,38,39,40,41,42,44,45,46,47,48,49,50,52,53,54,56,57,59,60,62,63,64,65,66,70",2435,799,0,0,"0,0,0,0,0,0,0,0,0,0,0,0,0,0,0,0,0,0,0,0,0,0,0,0,0,0,0,0,0,0,0,0,0,0,0,0,0,0,0,0,0,0,0,0,0,0,0,0,0,0,0,0,0,0,0,0,0,0,0,0,0,0,0,0,0,0,0,0,0,7","12,14,24,22,24,24,24,24,24,24,24,24,22,10,6,4,2,0,0,0,0","2,4,7,8,9,3,5,1,6,14,14,11,13,10,15,16,17,12,3,5,2,1,4,6,3,7,5,10,9,11,6,7,8,7,10,12,8,9,11,13,12,13,14,16,15,12,7,11,4,6,7,5,10,3,11,8,9,10,13,12,11,13,2,4,3,6,5,8,2,9,10,4,5,7,3,1,6,10,5,12,11,13,3,4,9,6,8,7,5,6,8,12,3,4,10,11,9,7,12,8,10,13,11,9,9,11,12,13,5,8,10,6,7,8,9,4,2,5,6,3,1,11,6,13,14,10,3,8,4,9,12,5,7,4,8,11,3,6,9,15,12,5,10,2,1,14,7,13,13,2,4,12,3,1",1:M8 M22 M76 M121 M145 M154 | 2:M1 M21 M63 M69 M117 M144 M150 | 3:M6 M19 M25 M54 M65 M75 M83 M93 M120 M127 M137 M153 | 4:M2 M23 M49 M64 M72 M84 M94 M116 M129 M134 M151 | 5:M7 M20 M27 M52 M67 M73 M79 M89 M109 M118 M132 M142 | 6:M9 M24 M31 M50 M66 M77 M86 M90 M112 M119 M123 M138 | 7:M3 M26 M32 M34 M47 M51 M74 M88 M98 M113 M133 M147 | 8:M4 M33 M37 M56 M68 M87 M91 M100 M110 M114 M128 M135 | 9:M5 M29 M38 M57 M70 M85 M97 M104 M105 M115 M130 M139 | 10:M14 M28 M35 M53 M58 M71 M78 M95 M101 M111 M126 M143 | 11:M12 M30 M39 M48 M55 M61 M81 M96 M103 M106 M122 M136 | 12:M18 M36 M41 M46 M60 M80 M92 M99 M107 M131 M141 M152 | 13:M13 M40 M42 M59 M62 M82 M102 M108 M124 M148 M149 | 14:M10 M11 M43 M125 M146 | 15:M15 M45 M140 | 16:M16 M44 | 17:M17 | 18: | 19: | 20: | 21:,"journal objective family: bg_d2 | F-selected distance-labelled E* domain propagation and cycle detection | precedence configuration: F=distance_closure, P=sparse_suffix, G=direct | Full Domain MxT schedule variables + explicit unary exclusions | (20),(22)-(27) exactly once over full domains | (22)-(27) session/fixed/forbidden exclusions as hard unit clauses | (19) participant atMost-one per slot | (46),(47) clustered table capacity with compact forward channeling | (28) SparseSuffix precedence over direct distance-labelled relations | exact break-group ends and unary break-group thresholds | exact schedule <-> usedSlot channeling | (43) exactly |Mp| full usedSlot variables | (44) atMost 2|L| busy participants per slot | (45) exact even number of busy participants | historical hard cap Delta_G <= 2",,,result
,,,,,,,,,forum-13crafc.forb0007,b2b-012845c64333a713,b2b-lineage-forum-13crafc,forbidden,F-SS-DC-ST-BGD2-IS-CD-IC12P,Full,Filter-E*,SparseSuffix,DistanceClosure-E*,SpanThreshold,BreakGroupsD2,IncrementalSAT,IC12+,OPTIMAL,SAT,1,1,bg_d2,1,1,1,,,,,12.186561,False,210.492,,,,Compact,Compact/Full,project_implementation,incremental multi-phase SAT with persistent solver state,152339,,,,,,,308749,0,308749,3234,149105,873968,59,cfg5__m-full__p-sparse_suffix__g-distance_closure__b-span_threshold__o-break_groups_d2__s-incrementalsat__i-imp12plus__backend-cadical,cfg5__m-full__p-sparse_suffix__g-distance_closure__b-span_threshold__o-break_groups_d2__s-incrementalsat__i-imp12plus__backend-cadical,full,distance_closure,sparse_suffix,distance_closure,IncrementalSAT,CaDiCaL,1.5.3,imp12+,span_threshold,total_break_groups_subject_to_range_at_most_2,BGD2,IC12P,873968,0,0,1128,118371,126238,63012,,0,580,7,,,,,,1,4048,42163,121931,42163,11.419770378000067,6,"formalism-specific model size: SAT/MaxSAT reports base CNF and soft clauses, MIP reports variables/linear constraints/nonzeros, and CP reports integer variables plus linear/global constraints; SAT bound/totalizer overhead remains separate in optimizer_added_*",3234,2435,2435,3234,0,0,0,0,0,0,0,1,0.076878,0.002129,0.4067,,0.408829,11.777732,"wall-clock from immediately before reading/parsing the .dzn instance through model construction, optimization, solution decoding, and independent validation; excludes worker-process startup and result-file export",7,7,7,1,1,"0,0,0,0,0,0,0,0,0,0,0,0,0,0,0,0,0,0,0,0,0,0,0,0,0,0,0,0,0,0,0,0,0,0,0,0,0,0,0,0,0,0,0,0,0,0,0,0,0,0,0,0,0,0,0,0,0,0,0,0,0,0,0,0,0,0,0,0,0,1",peak_process_tree_rss_mb,012845c64333a713ece8bd629db7798ceb7bc7390978e5070fa46292ea01deb8,forb0007,data_table06_forb/forum-13crafc.forb0007.dzn,2,../noves/forum-13crafc.forb0007.dzn | ../noves/ticf-13crafc.forb0007.dzn,2,data_table06_forb/forum-13crafc.forb0007.dzn | data_table06_forb/ticf-13crafc.forb0007.dzn,https://imae.udg.edu/Recerca/LAI/,https://ima.udg.edu/Recerca/lai/b2b/b2b.zip,ee1f440ab3f6db27ab712300ad3a54a31ffd5ec1e06f81a9ac37cb7202c56528,2026-08-10T10:42:19+00:00,7200.0,,ee80a6fbd8b513f7c010668495c39621a371266a,True,3.10.12,1.8.dev25,instance-20260810-085803,Linux-6.8.0-1064-gcp-x86_64-with-glibc2.35,x86_64,4,8,15988.059,1,0,/home/g24021555/Business-Meeting-Scheduling-Problem/.venv/bin/python3 /home/g24021555/Business-Meeting-Scheduling-Problem/src/Main.py --manifest instances_manifest.csv --family forbidden --solver sat_all --objective-mode bg_d2 --domain-mode both --domain-filter-graph both --precedence-encoding both --precedence-graph both --encoding-variant imp12+ --sat-backend cadical --maxsat-backend uwrmaxsat --uwrmaxsat-bin /home/g24021555/uwrmaxsat/build/release/bin/uwrmaxsat --timeout 7200 --csv output/full_matrix_bg_d2_forbidden.csv,,,,,,,,incremental,,cadical,,staircase,sparse_suffix+distance_closure,1,58,"1,2,3,4,5,6,7,8,9,10,11,12,13,14,15,16,18,19,23,24,25,26,27,28,29,30,31,32,33,34,35,36,37,38,39,40,41,42,44,45,46,47,48,49,50,52,53,54,56,57,59,60,62,63,64,65,66,70",2435,799,0,0,"0,0,0,0,0,0,0,0,0,0,0,0,0,0,0,0,0,0,0,0,0,0,0,0,0,0,0,0,0,0,0,0,0,0,0,0,0,0,0,0,0,0,0,0,0,0,0,0,0,0,0,0,0,0,0,0,0,0,0,0,0,0,0,0,0,0,0,0,0,7","10,12,24,24,24,24,24,24,24,24,24,24,24,10,6,4,2,0,0,0,0","4,6,10,8,11,5,7,3,9,14,11,12,13,10,17,16,15,14,2,5,3,1,4,6,3,7,8,7,6,9,3,5,4,10,7,12,8,9,13,11,12,13,14,16,15,12,7,11,4,6,7,5,8,3,10,11,9,10,13,11,12,13,2,5,3,6,4,8,4,6,10,1,2,7,3,9,5,10,6,12,11,13,3,4,9,5,8,7,5,7,8,12,4,9,11,10,13,6,12,8,10,13,11,9,9,10,11,13,6,8,12,5,7,8,9,1,2,4,6,5,3,11,5,13,14,10,3,4,6,9,12,8,7,3,9,11,5,6,8,15,12,2,10,4,1,14,7,13,13,2,4,12,3,1",1:M22 M72 M116 M145 M154 | 2:M19 M63 M73 M117 M142 M150 | 3:M8 M21 M25 M31 M54 M65 M75 M83 M121 M127 M134 M153 | 4:M1 M23 M33 M49 M67 M69 M84 M93 M118 M128 M144 M151 | 5:M6 M20 M32 M52 M64 M77 M86 M89 M112 M120 M123 M137 | 6:M2 M24 M29 M50 M66 M70 M79 M98 M109 M119 M129 M138 | 7:M7 M26 M28 M35 M47 M51 M74 M88 M90 M113 M133 M147 | 8:M4 M27 M37 M53 M68 M87 M91 M100 M110 M114 M132 M139 | 9:M9 M30 M38 M57 M76 M85 M94 M104 M105 M115 M130 M135 | 10:M3 M14 M34 M55 M58 M71 M78 M96 M101 M106 M126 M143 | 11:M5 M11 M40 M48 M56 M60 M81 M95 M103 M107 M122 M136 | 12:M12 M36 M41 M46 M61 M80 M92 M99 M111 M131 M141 M152 | 13:M13 M39 M42 M59 M62 M82 M97 M102 M108 M124 M148 M149 | 14:M10 M18 M43 M125 M146 | 15:M17 M45 M140 | 16:M16 M44 | 17:M15 | 18: | 19: | 20: | 21:,"journal objective family: bg_d2 | F-selected distance-labelled E* domain propagation and cycle detection | precedence configuration: F=distance_closure, P=sparse_suffix, G=distance_closure | Full Domain MxT schedule variables + explicit unary exclusions | (20),(22)-(27) exactly once over full domains | (22)-(27) session/fixed/forbidden exclusions as hard unit clauses | (19) participant atMost-one per slot | (46),(47) clustered table capacity with compact forward channeling | (28) SparseSuffix precedence over distance_closure distance-labelled relations | exact break-group ends and unary break-group thresholds | exact schedule <-> usedSlot channeling | (43) exactly |Mp| full usedSlot variables | (44) atMost 2|L| busy participants per slot | (45) exact even number of busy participants | historical hard cap Delta_G <= 2",1,"(1,)",result
,,,,,,,,,forum-13crafc.forb0007,b2b-012845c64333a713,b2b-lineage-forum-13crafc,forbidden,F-SS-DC-ST-BGD2-NIS-CD-IC12P,Full,Filter-E*,SparseSuffix,DistanceClosure-E*,SpanThreshold,BreakGroupsD2,NonIncrementalSAT,IC12+,OPTIMAL,SAT,1,1,bg_d2,1,1,1,,,,,57.851774,False,231.027,,,,Compact,Compact/Full,project_implementation,restart-based multi-phase SAT,152339,,,,,,,308749,0,308749,3234,149105,873968,59,cfg5__m-full__p-sparse_suffix__g-distance_closure__b-span_threshold__o-break_groups_d2__s-nonincrementalsat__i-imp12plus__backend-cadical,cfg5__m-full__p-sparse_suffix__g-distance_closure__b-span_threshold__o-break_groups_d2__s-nonincrementalsat__i-imp12plus__backend-cadical,full,distance_closure,sparse_suffix,distance_closure,NonIncrementalSAT,CaDiCaL,1.5.3,imp12+,span_threshold,total_break_groups_subject_to_range_at_most_2,BGD2,IC12P,873968,0,0,1128,118371,126238,63012,,0,580,7,,,,,,7,18564,37640,93298,72912,57.09176532899983,6,"formalism-specific model size: SAT/MaxSAT reports base CNF and soft clauses, MIP reports variables/linear constraints/nonzeros, and CP reports integer variables plus linear/global constraints; SAT bound/totalizer overhead remains separate in optimizer_added_*",3234,2435,2435,3234,0,0,0,0,0,0,0,1,0.075392,0.002122,0.397155,,0.399277,57.452497,"wall-clock from immediately before reading/parsing the .dzn instance through model construction, optimization, solution decoding, and independent validation; excludes worker-process startup and result-file export",7,7,7,1,1,"0,0,0,0,0,0,0,0,0,0,0,0,0,0,0,0,0,0,0,0,0,0,0,0,0,0,0,0,0,0,0,0,0,0,0,0,0,0,0,0,0,0,0,0,0,0,0,0,0,0,0,0,0,0,0,0,0,0,0,0,0,0,0,0,0,0,0,0,0,1",peak_process_tree_rss_mb,012845c64333a713ece8bd629db7798ceb7bc7390978e5070fa46292ea01deb8,forb0007,data_table06_forb/forum-13crafc.forb0007.dzn,2,../noves/forum-13crafc.forb0007.dzn | ../noves/ticf-13crafc.forb0007.dzn,2,data_table06_forb/forum-13crafc.forb0007.dzn | data_table06_forb/ticf-13crafc.forb0007.dzn,https://imae.udg.edu/Recerca/LAI/,https://ima.udg.edu/Recerca/lai/b2b/b2b.zip,ee1f440ab3f6db27ab712300ad3a54a31ffd5ec1e06f81a9ac37cb7202c56528,2026-08-10T10:42:19+00:00,7200.0,,ee80a6fbd8b513f7c010668495c39621a371266a,True,3.10.12,1.8.dev25,instance-20260810-085803,Linux-6.8.0-1064-gcp-x86_64-with-glibc2.35,x86_64,4,8,15988.059,1,0,/home/g24021555/Business-Meeting-Scheduling-Problem/.venv/bin/python3 /home/g24021555/Business-Meeting-Scheduling-Problem/src/Main.py --manifest instances_manifest.csv --family forbidden --solver sat_all --objective-mode bg_d2 --domain-mode both --domain-filter-graph both --precedence-encoding both --precedence-graph both --encoding-variant imp12+ --sat-backend cadical --maxsat-backend uwrmaxsat --uwrmaxsat-bin /home/g24021555/uwrmaxsat/build/release/bin/uwrmaxsat --timeout 7200 --csv output/full_matrix_bg_d2_forbidden.csv,,,,,,,,multiple,,cadical,,staircase,sparse_suffix+distance_closure,1,58,"1,2,3,4,5,6,7,8,9,10,11,12,13,14,15,16,18,19,23,24,25,26,27,28,29,30,31,32,33,34,35,36,37,38,39,40,41,42,44,45,46,47,48,49,50,52,53,54,56,57,59,60,62,63,64,65,66,70",2435,799,0,0,"0,0,0,0,0,0,0,0,0,0,0,0,0,0,0,0,0,0,0,0,0,0,0,0,0,0,0,0,0,0,0,0,0,0,0,0,0,0,0,0,0,0,0,0,0,0,0,0,0,0,0,0,0,0,0,0,0,0,0,0,0,0,0,0,0,0,0,0,0,7","12,14,20,24,24,24,24,24,24,24,24,24,24,10,6,4,2,0,0,0,0","1,8,4,7,9,3,5,2,6,14,11,12,14,10,17,15,16,13,2,5,4,1,3,6,4,8,9,5,8,11,6,7,10,11,9,12,8,7,13,10,12,13,14,16,15,12,7,11,4,6,7,5,9,3,10,11,8,10,13,11,12,13,2,3,4,6,5,6,3,8,10,2,5,7,1,9,4,10,5,12,11,13,3,4,9,6,7,8,4,10,9,13,5,6,11,8,12,7,12,8,9,13,10,11,7,10,11,12,5,9,13,8,6,9,7,6,3,2,5,4,1,12,7,13,14,10,4,9,3,5,11,6,8,3,12,8,4,6,9,15,11,1,10,5,2,14,7,13,13,2,4,12,3,1",1:M1 M22 M75 M121 M142 M154 | 2:M8 M19 M63 M72 M118 M145 M150 | 3:M6 M23 M54 M64 M69 M83 M117 M129 M134 M153 | 4:M3 M21 M25 M49 M65 M77 M84 M89 M120 M127 M137 M151 | 5:M7 M20 M28 M52 M67 M73 M79 M93 M109 M119 M130 M144 | 6:M9 M24 M31 M50 M66 M68 M86 M94 M113 M116 M132 M138 | 7:M4 M32 M38 M47 M51 M74 M87 M98 M105 M115 M123 M147 | 8:M2 M26 M29 M37 M57 M70 M88 M96 M100 M112 M133 M136 | 9:M5 M27 M35 M53 M76 M85 M91 M101 M110 M114 M128 M139 | 10:M14 M33 M40 M55 M58 M71 M78 M90 M103 M106 M126 M143 | 11:M11 M30 M34 M48 M56 M60 M81 M95 M104 M107 M131 M141 | 12:M12 M36 M41 M46 M61 M80 M97 M99 M108 M122 M135 M152 | 13:M18 M39 M42 M59 M62 M82 M92 M102 M111 M124 M148 M149 | 14:M10 M13 M43 M125 M146 | 15:M16 M45 M140 | 16:M17 M44 | 17:M15 | 18: | 19: | 20: | 21:,"journal objective family: bg_d2 | F-selected distance-labelled E* domain propagation and cycle detection | precedence configuration: F=distance_closure, P=sparse_suffix, G=distance_closure | Full Domain MxT schedule variables + explicit unary exclusions | (20),(22)-(27) exactly once over full domains | (22)-(27) session/fixed/forbidden exclusions as hard unit clauses | (19) participant atMost-one per slot | (46),(47) clustered table capacity with compact forward channeling | (28) SparseSuffix precedence over distance_closure distance-labelled relations | exact break-group ends and unary break-group thresholds | exact schedule <-> usedSlot channeling | (43) exactly |Mp| full usedSlot variables | (44) atMost 2|L| busy participants per slot | (45) exact even number of busy participants | historical hard cap Delta_G <= 2",1,"(1,)",result
,,,,,,,,,forum-13crafc.forb0007,b2b-012845c64333a713,b2b-lineage-forum-13crafc,forbidden,F-SS-DC-ST-BGD2-UW-IC12P,Full,Filter-E*,SparseSuffix,DistanceClosure-E*,SpanThreshold,BreakGroupsD2,UWrMaxSAT,IC12+,OPTIMAL,SAT,1,1,bg_d2,1,1,1,,,1,1,6.514105,False,252.605,,,,Compact,Compact/Full,project_implementation,one-shot weighted MaxSAT,152339,,,,,,,308749,580,309329,3234,149105,874548,59,cfg5__m-full__p-sparse_suffix__g-distance_closure__b-span_threshold__o-break_groups_d2__s-uwrmaxsat__i-imp12plus__backend-uwrmaxsat,cfg5__m-full__p-sparse_suffix__g-distance_closure__b-span_threshold__o-break_groups_d2__s-uwrmaxsat__i-imp12plus__backend-uwrmaxsat,full,distance_closure,sparse_suffix,distance_closure,UWrMaxSAT,UWrMaxSAT,binary-sha256:8c68c8a386d3d7847b50d315143c2bab60e3514e59510e84a649db83cb303876,imp12+,span_threshold,total_break_groups_subject_to_range_at_most_2,BGD2,IC12P,873968,580,1,1128,118371,126238,63012,1,580,580,1,,,,,,0,0,0,0,0,,,"formalism-specific model size: SAT/MaxSAT reports base CNF and soft clauses, MIP reports variables/linear constraints/nonzeros, and CP reports integer variables plus linear/global constraints; SAT bound/totalizer overhead remains separate in optimizer_added_*",3234,2435,2435,3234,0,0,0,0,0,0,0,1,0.074497,0.002447,0.406309,,0.408756,6.105349,"wall-clock from immediately before reading/parsing the .dzn instance through model construction, optimization, solution decoding, and independent validation; excludes worker-process startup and result-file export",7,7,7,1,1,"0,0,0,0,0,0,0,0,0,0,0,0,0,0,0,0,0,0,0,0,0,0,0,0,0,0,0,0,0,0,0,0,0,0,0,0,0,0,0,0,0,0,0,0,0,0,0,0,0,0,0,0,0,0,0,0,0,0,0,0,0,0,0,0,0,0,0,0,0,1",peak_process_tree_rss_mb,012845c64333a713ece8bd629db7798ceb7bc7390978e5070fa46292ea01deb8,forb0007,data_table06_forb/forum-13crafc.forb0007.dzn,2,../noves/forum-13crafc.forb0007.dzn | ../noves/ticf-13crafc.forb0007.dzn,2,data_table06_forb/forum-13crafc.forb0007.dzn | data_table06_forb/ticf-13crafc.forb0007.dzn,https://imae.udg.edu/Recerca/LAI/,https://ima.udg.edu/Recerca/lai/b2b/b2b.zip,ee1f440ab3f6db27ab712300ad3a54a31ffd5ec1e06f81a9ac37cb7202c56528,2026-08-10T10:42:19+00:00,7200.0,,ee80a6fbd8b513f7c010668495c39621a371266a,True,3.10.12,1.8.dev25,instance-20260810-085803,Linux-6.8.0-1064-gcp-x86_64-with-glibc2.35,x86_64,4,8,15988.059,1,0,/home/g24021555/Business-Meeting-Scheduling-Problem/.venv/bin/python3 /home/g24021555/Business-Meeting-Scheduling-Problem/src/Main.py --manifest instances_manifest.csv --family forbidden --solver sat_all --objective-mode bg_d2 --domain-mode both --domain-filter-graph both --precedence-encoding both --precedence-graph both --encoding-variant imp12+ --sat-backend cadical --maxsat-backend uwrmaxsat --uwrmaxsat-bin /home/g24021555/uwrmaxsat/build/release/bin/uwrmaxsat --timeout 7200 --csv output/full_matrix_bg_d2_forbidden.csv,/home/g24021555/uwrmaxsat/build/release/bin/uwrmaxsat,8c68c8a386d3d7847b50d315143c2bab60e3514e59510e84a649db83cb303876,/home/g24021555/uwrmaxsat/build/release/bin/uwrmaxsat -m /tmp/b2b_uwrmaxsat_yobjxgd3/forum-13crafc.forb0007.wcnf,,process exit code=30,,,maxsat,uwrmaxsat,,/home/g24021555/uwrmaxsat/build/release/bin/uwrmaxsat,staircase,sparse_suffix+distance_closure,1,58,"1,2,3,4,5,6,7,8,9,10,11,12,13,14,15,16,18,19,23,24,25,26,27,28,29,30,31,32,33,34,35,36,37,38,39,40,41,42,44,45,46,47,48,49,50,52,53,54,56,57,59,60,62,63,64,65,66,70",2435,799,0,0,"0,0,0,0,0,0,0,0,0,0,0,0,0,0,0,0,0,0,0,0,0,0,0,0,0,0,0,0,0,0,0,0,0,0,0,0,0,0,0,0,0,0,0,0,0,0,0,0,0,0,0,0,0,0,0,0,0,0,0,0,0,0,0,0,0,0,0,0,0,7","12,14,24,22,24,24,24,24,24,24,24,24,22,10,6,4,2,0,0,0,0","2,4,7,8,9,3,5,1,6,14,14,11,13,10,15,16,17,12,3,5,2,1,4,6,3,7,5,10,9,11,6,7,8,7,10,12,8,9,11,13,12,13,14,16,15,12,7,11,4,6,7,5,10,3,11,8,9,10,13,12,11,13,2,4,3,6,5,8,2,9,10,4,5,7,3,1,6,10,5,12,11,13,3,4,9,6,8,7,5,6,8,12,3,4,10,11,9,7,12,8,10,13,11,9,9,11,12,13,5,8,10,6,7,8,9,4,2,5,6,3,1,11,6,13,14,10,3,8,4,9,12,5,7,4,8,11,3,6,9,15,12,5,10,2,1,14,7,13,13,2,4,12,3,1",1:M8 M22 M76 M121 M145 M154 | 2:M1 M21 M63 M69 M117 M144 M150 | 3:M6 M19 M25 M54 M65 M75 M83 M93 M120 M127 M137 M153 | 4:M2 M23 M49 M64 M72 M84 M94 M116 M129 M134 M151 | 5:M7 M20 M27 M52 M67 M73 M79 M89 M109 M118 M132 M142 | 6:M9 M24 M31 M50 M66 M77 M86 M90 M112 M119 M123 M138 | 7:M3 M26 M32 M34 M47 M51 M74 M88 M98 M113 M133 M147 | 8:M4 M33 M37 M56 M68 M87 M91 M100 M110 M114 M128 M135 | 9:M5 M29 M38 M57 M70 M85 M97 M104 M105 M115 M130 M139 | 10:M14 M28 M35 M53 M58 M71 M78 M95 M101 M111 M126 M143 | 11:M12 M30 M39 M48 M55 M61 M81 M96 M103 M106 M122 M136 | 12:M18 M36 M41 M46 M60 M80 M92 M99 M107 M131 M141 M152 | 13:M13 M40 M42 M59 M62 M82 M102 M108 M124 M148 M149 | 14:M10 M11 M43 M125 M146 | 15:M15 M45 M140 | 16:M16 M44 | 17:M17 | 18: | 19: | 20: | 21:,"journal objective family: bg_d2 | F-selected distance-labelled E* domain propagation and cycle detection | precedence configuration: F=distance_closure, P=sparse_suffix, G=distance_closure | Full Domain MxT schedule variables + explicit unary exclusions | (20),(22)-(27) exactly once over full domains | (22)-(27) session/fixed/forbidden exclusions as hard unit clauses | (19) participant atMost-one per slot | (46),(47) clustered table capacity with compact forward channeling | (28) SparseSuffix precedence over distance_closure distance-labelled relations | exact break-group ends and unary break-group thresholds | exact schedule <-> usedSlot channeling | (43) exactly |Mp| full usedSlot variables | (44) atMost 2|L| busy participants per slot | (45) exact even number of busy participants | historical hard cap Delta_G <= 2",,,result
,,,,,,,,,forum-13crafc.forb0007,b2b-012845c64333a713,b2b-lineage-forum-13crafc,forbidden,R-PW-DE-ST-BGD2-IS-CD-IC12P,Reduced,Filter-E*,Pairwise,Direct-E,SpanThreshold,BreakGroupsD2,IncrementalSAT,IC12+,OPTIMAL,SAT,1,1,bg_d2,1,1,1,,,,,28.731463,False,191.949,,,,Compact,Compact/Reduced,project_implementation,incremental multi-phase SAT with persistent solver state,130023,,,,,,,259869,0,259869,2435,127588,738939,59,cfg5__m-reduced__p-pairwise__g-direct__b-span_threshold__o-break_groups_d2__s-incrementalsat__i-imp12plus__backend-cadical,cfg5__m-reduced__p-pairwise__g-direct__b-span_threshold__o-break_groups_d2__s-incrementalsat__i-imp12plus__backend-cadical,reduced,distance_closure,pairwise,direct,IncrementalSAT,CaDiCaL,1.5.3,imp12+,span_threshold,total_break_groups_subject_to_range_at_most_2,BGD2,IC12P,738939,0,0,339,97434,108726,53370,,0,580,7,,,,,,1,4144,48301,140261,48301,28.126071089000106,6,"formalism-specific model size: SAT/MaxSAT reports base CNF and soft clauses, MIP reports variables/linear constraints/nonzeros, and CP reports integer variables plus linear/global constraints; SAT bound/totalizer overhead remains separate in optimizer_added_*",3234,2435,2435,2435,0,0,0,0,0,0,0,1,0.073511,0.002222,0.345399,,0.347621,28.383843,"wall-clock from immediately before reading/parsing the .dzn instance through model construction, optimization, solution decoding, and independent validation; excludes worker-process startup and result-file export",7,7,7,1,1,"0,0,0,0,0,0,0,0,0,0,0,0,0,0,0,0,0,0,0,0,0,0,0,0,0,0,0,0,0,0,0,0,0,0,0,0,0,0,0,0,0,0,0,0,0,0,0,0,0,0,0,0,0,0,0,0,1,0,0,0,0,0,0,0,0,0,0,0,0,0",peak_process_tree_rss_mb,012845c64333a713ece8bd629db7798ceb7bc7390978e5070fa46292ea01deb8,forb0007,data_table06_forb/forum-13crafc.forb0007.dzn,2,../noves/forum-13crafc.forb0007.dzn | ../noves/ticf-13crafc.forb0007.dzn,2,data_table06_forb/forum-13crafc.forb0007.dzn | data_table06_forb/ticf-13crafc.forb0007.dzn,https://imae.udg.edu/Recerca/LAI/,https://ima.udg.edu/Recerca/lai/b2b/b2b.zip,ee1f440ab3f6db27ab712300ad3a54a31ffd5ec1e06f81a9ac37cb7202c56528,2026-08-10T10:42:19+00:00,7200.0,,ee80a6fbd8b513f7c010668495c39621a371266a,True,3.10.12,1.8.dev25,instance-20260810-085803,Linux-6.8.0-1064-gcp-x86_64-with-glibc2.35,x86_64,4,8,15988.059,1,0,/home/g24021555/Business-Meeting-Scheduling-Problem/.venv/bin/python3 /home/g24021555/Business-Meeting-Scheduling-Problem/src/Main.py --manifest instances_manifest.csv --family forbidden --solver sat_all --objective-mode bg_d2 --domain-mode both --domain-filter-graph both --precedence-encoding both --precedence-graph both --encoding-variant imp12+ --sat-backend cadical --maxsat-backend uwrmaxsat --uwrmaxsat-bin /home/g24021555/uwrmaxsat/build/release/bin/uwrmaxsat --timeout 7200 --csv output/full_matrix_bg_d2_forbidden.csv,,,,,,,,incremental,,cadical,,traditional,pairwise+direct,1,58,"1,2,3,4,5,6,7,8,9,10,11,12,13,14,15,16,18,19,23,24,25,26,27,28,29,30,31,32,33,34,35,36,37,38,39,40,41,42,44,45,46,47,48,49,50,52,53,54,56,57,59,60,62,63,64,65,66,70",2435,799,0,0,"0,0,0,0,0,0,0,0,0,0,0,0,0,0,0,0,0,0,0,0,0,0,0,0,0,0,0,0,0,0,0,0,0,0,0,0,0,0,0,0,0,0,0,0,0,0,0,0,0,0,0,0,0,0,0,0,7,0,0,0,0,0,0,0,0,0,0,0,0,0","10,12,24,24,24,24,24,24,24,24,24,24,24,10,6,4,2,0,0,0,0","3,9,4,6,11,10,8,5,7,14,11,12,14,10,17,15,16,13,2,5,3,1,4,6,3,8,8,3,5,9,7,6,4,11,7,12,10,9,13,8,12,13,14,16,15,12,7,11,9,7,6,5,4,3,11,8,10,10,13,12,11,13,6,4,5,3,2,2,4,8,10,9,6,1,7,5,3,10,8,12,11,13,7,4,9,3,5,6,5,10,9,13,4,7,11,6,12,8,12,2,3,13,4,1,5,10,11,12,9,8,13,7,6,7,5,4,6,2,9,1,3,12,6,13,14,10,3,9,4,7,5,11,8,4,12,1,3,6,5,15,7,11,9,2,8,14,10,13,13,11,9,12,10,8",1:M22 M74 M104 M120 M136 | 2:M19 M67 M68 M100 M118 M144 | 3:M1 M21 M25 M28 M54 M66 M77 M86 M101 M121 M127 M137 | 4:M3 M23 M33 M53 M64 M69 M84 M93 M103 M116 M129 M134 | 5:M8 M20 M29 M52 M65 M76 M87 M89 M105 M115 M131 M139 | 6:M4 M24 M32 M51 M63 M73 M88 M96 M113 M117 M123 M138 | 7:M9 M31 M35 M47 M50 M75 M83 M94 M112 M114 M130 M141 | 8:M7 M26 M27 M40 M56 M70 M79 M98 M110 M133 M145 M154 | 9:M2 M30 M38 M49 M72 M85 M91 M109 M119 M128 M143 M151 | 10:M6 M14 M37 M57 M58 M71 M78 M90 M106 M126 M147 M153 | 11:M5 M11 M34 M48 M55 M61 M81 M95 M107 M132 M142 M150 | 12:M12 M36 M41 M46 M60 M80 M97 M99 M108 M122 M135 M152 | 13:M18 M39 M42 M59 M62 M82 M92 M102 M111 M124 M148 M149 | 14:M10 M13 M43 M125 M146 | 15:M16 M45 M140 | 16:M17 M44 | 17:M15 | 18: | 19: | 20: | 21:,"journal objective family: bg_d2 | F-selected distance-labelled E* domain propagation and cycle detection | precedence configuration: F=distance_closure, P=pairwise, G=direct | Reduced Domain variables after unary filtering + matching GAC + slot saturation | (20),(22)-(27) exactly once over reduced domains | (19) participant atMost-one per slot | (46),(47) clustered table capacity with compact forward channeling | (28) Pairwise precedence over direct distance-labelled relations | exact break-group ends and unary break-group thresholds | exact schedule <-> usedSlot channeling | (43) exactly |Mp| reduced usedSlot variables | (44) atMost 2|L| busy participants per slot | (45) exact even number of busy participants | historical hard cap Delta_G <= 2",1,"(1,)",result
,,,,,,,,,forum-13crafc.forb0007,b2b-012845c64333a713,b2b-lineage-forum-13crafc,forbidden,R-PW-DE-ST-BGD2-NIS-CD-IC12P,Reduced,Filter-E*,Pairwise,Direct-E,SpanThreshold,BreakGroupsD2,NonIncrementalSAT,IC12+,OPTIMAL,SAT,1,1,bg_d2,1,1,1,,,,,31.246012,False,213.465,,,,Compact,Compact/Reduced,project_implementation,restart-based multi-phase SAT,130023,,,,,,,259869,0,259869,2435,127588,738939,59,cfg5__m-reduced__p-pairwise__g-direct__b-span_threshold__o-break_groups_d2__s-nonincrementalsat__i-imp12plus__backend-cadical,cfg5__m-reduced__p-pairwise__g-direct__b-span_threshold__o-break_groups_d2__s-nonincrementalsat__i-imp12plus__backend-cadical,reduced,distance_closure,pairwise,direct,NonIncrementalSAT,CaDiCaL,1.5.3,imp12+,span_threshold,total_break_groups_subject_to_range_at_most_2,BGD2,IC12P,738939,0,0,339,97434,108726,53370,,0,580,7,,,,,,7,21600,43700,108460,85632,30.634831442000177,6,"formalism-specific model size: SAT/MaxSAT reports base CNF and soft clauses, MIP reports variables/linear constraints/nonzeros, and CP reports integer variables plus linear/global constraints; SAT bound/totalizer overhead remains separate in optimizer_added_*",3234,2435,2435,2435,0,0,0,0,0,0,0,1,0.075185,0.002288,0.348183,,0.350471,30.895541,"wall-clock from immediately before reading/parsing the .dzn instance through model construction, optimization, solution decoding, and independent validation; excludes worker-process startup and result-file export",7,7,7,1,1,"0,0,0,0,0,0,0,0,0,0,0,0,0,0,0,0,0,0,0,0,0,0,0,0,0,0,0,0,0,0,0,0,0,0,0,0,0,0,0,0,0,0,0,0,0,0,0,0,0,0,0,0,0,0,0,0,0,0,0,0,0,0,0,0,0,0,0,0,0,1",peak_process_tree_rss_mb,012845c64333a713ece8bd629db7798ceb7bc7390978e5070fa46292ea01deb8,forb0007,data_table06_forb/forum-13crafc.forb0007.dzn,2,../noves/forum-13crafc.forb0007.dzn | ../noves/ticf-13crafc.forb0007.dzn,2,data_table06_forb/forum-13crafc.forb0007.dzn | data_table06_forb/ticf-13crafc.forb0007.dzn,https://imae.udg.edu/Recerca/LAI/,https://ima.udg.edu/Recerca/lai/b2b/b2b.zip,ee1f440ab3f6db27ab712300ad3a54a31ffd5ec1e06f81a9ac37cb7202c56528,2026-08-10T10:42:19+00:00,7200.0,,ee80a6fbd8b513f7c010668495c39621a371266a,True,3.10.12,1.8.dev25,instance-20260810-085803,Linux-6.8.0-1064-gcp-x86_64-with-glibc2.35,x86_64,4,8,15988.059,1,0,/home/g24021555/Business-Meeting-Scheduling-Problem/.venv/bin/python3 /home/g24021555/Business-Meeting-Scheduling-Problem/src/Main.py --manifest instances_manifest.csv --family forbidden --solver sat_all --objective-mode bg_d2 --domain-mode both --domain-filter-graph both --precedence-encoding both --precedence-graph both --encoding-variant imp12+ --sat-backend cadical --maxsat-backend uwrmaxsat --uwrmaxsat-bin /home/g24021555/uwrmaxsat/build/release/bin/uwrmaxsat --timeout 7200 --csv output/full_matrix_bg_d2_forbidden.csv,,,,,,,,multiple,,cadical,,traditional,pairwise+direct,1,58,"1,2,3,4,5,6,7,8,9,10,11,12,13,14,15,16,18,19,23,24,25,26,27,28,29,30,31,32,33,34,35,36,37,38,39,40,41,42,44,45,46,47,48,49,50,52,53,54,56,57,59,60,62,63,64,65,66,70",2435,799,0,0,"0,0,0,0,0,0,0,0,0,0,0,0,0,0,0,0,0,0,0,0,0,0,0,0,0,0,0,0,0,0,0,0,0,0,0,0,0,0,0,0,0,0,0,0,0,0,0,0,0,0,0,0,0,0,0,0,0,0,0,0,0,0,0,0,0,0,0,0,0,7","10,12,24,24,24,24,24,24,24,24,24,24,24,10,6,4,2,0,0,0,0","4,9,7,8,11,3,5,10,6,14,12,11,13,10,17,16,15,14,2,5,3,1,4,6,3,8,8,3,7,9,5,6,4,11,9,12,8,7,13,10,12,13,14,16,15,11,7,12,4,7,9,5,6,3,10,11,8,10,13,11,12,13,2,5,3,6,4,5,9,8,10,4,6,7,2,1,3,10,6,12,11,13,3,4,9,5,7,8,5,10,7,12,4,6,11,9,13,8,12,8,9,13,11,10,6,10,12,13,5,9,11,7,8,9,7,4,3,2,1,6,5,11,7,13,14,10,6,5,4,9,12,3,8,3,12,4,11,6,9,15,8,5,10,7,1,14,2,13,13,2,4,12,3,1",1:M22 M76 M119 M145 M154 | 2:M19 M63 M75 M118 M147 M150 | 3:M6 M21 M25 M28 M54 M65 M77 M83 M117 M132 M134 M153 | 4:M1 M23 M33 M49 M67 M72 M84 M93 M116 M129 M136 M151 | 5:M7 M20 M31 M52 M64 M68 M86 M89 M109 M121 M128 M142 | 6:M9 M24 M32 M53 M66 M73 M79 M94 M105 M120 M127 M138 | 7:M3 M29 M38 M47 M50 M74 M87 M91 M112 M115 M123 M144 | 8:M4 M26 M27 M37 M57 M70 M88 M98 M100 M113 M133 M141 | 9:M2 M30 M35 M51 M69 M85 M96 M101 M110 M114 M130 M139 | 10:M8 M14 M40 M55 M58 M71 M78 M90 M104 M106 M126 M143 | 11:M5 M12 M34 M46 M56 M60 M81 M95 M103 M111 M122 M137 | 12:M11 M36 M41 M48 M61 M80 M92 M99 M107 M131 M135 M152 | 13:M13 M39 M42 M59 M62 M82 M97 M102 M108 M124 M148 M149 | 14:M10 M18 M43 M125 M146 | 15:M17 M45 M140 | 16:M16 M44 | 17:M15 | 18: | 19: | 20: | 21:,"journal objective family: bg_d2 | F-selected distance-labelled E* domain propagation and cycle detection | precedence configuration: F=distance_closure, P=pairwise, G=direct | Reduced Domain variables after unary filtering + matching GAC + slot saturation | (20),(22)-(27) exactly once over reduced domains | (19) participant atMost-one per slot | (46),(47) clustered table capacity with compact forward channeling | (28) Pairwise precedence over direct distance-labelled relations | exact break-group ends and unary break-group thresholds | exact schedule <-> usedSlot channeling | (43) exactly |Mp| reduced usedSlot variables | (44) atMost 2|L| busy participants per slot | (45) exact even number of busy participants | historical hard cap Delta_G <= 2",1,"(1,)",result
,,,,,,,,,forum-13crafc.forb0007,b2b-012845c64333a713,b2b-lineage-forum-13crafc,forbidden,R-PW-DE-ST-BGD2-UW-IC12P,Reduced,Filter-E*,Pairwise,Direct-E,SpanThreshold,BreakGroupsD2,UWrMaxSAT,IC12+,OPTIMAL,SAT,1,1,bg_d2,1,1,1,,,1,1,11.045811,False,208.027,,,,Compact,Compact/Reduced,project_implementation,one-shot weighted MaxSAT,130023,,,,,,,259869,580,260449,2435,127588,739519,59,cfg5__m-reduced__p-pairwise__g-direct__b-span_threshold__o-break_groups_d2__s-uwrmaxsat__i-imp12plus__backend-uwrmaxsat,cfg5__m-reduced__p-pairwise__g-direct__b-span_threshold__o-break_groups_d2__s-uwrmaxsat__i-imp12plus__backend-uwrmaxsat,reduced,distance_closure,pairwise,direct,UWrMaxSAT,UWrMaxSAT,binary-sha256:8c68c8a386d3d7847b50d315143c2bab60e3514e59510e84a649db83cb303876,imp12+,span_threshold,total_break_groups_subject_to_range_at_most_2,BGD2,IC12P,738939,580,1,339,97434,108726,53370,1,580,580,1,,,,,,0,0,0,0,0,,,"formalism-specific model size: SAT/MaxSAT reports base CNF and soft clauses, MIP reports variables/linear constraints/nonzeros, and CP reports integer variables plus linear/global constraints; SAT bound/totalizer overhead remains separate in optimizer_added_*",3234,2435,2435,2435,0,0,0,0,0,0,0,1,0.07536,0.002121,0.350986,,0.353107,10.692704,"wall-clock from immediately before reading/parsing the .dzn instance through model construction, optimization, solution decoding, and independent validation; excludes worker-process startup and result-file export",7,7,7,1,1,"0,0,0,0,0,0,0,0,0,0,0,0,0,0,0,0,0,0,0,0,0,0,0,0,0,0,0,0,0,0,0,0,0,0,0,0,0,0,0,0,0,0,0,0,0,0,0,0,0,0,0,0,0,0,0,0,1,0,0,0,0,0,0,0,0,0,0,0,0,0",peak_process_tree_rss_mb,012845c64333a713ece8bd629db7798ceb7bc7390978e5070fa46292ea01deb8,forb0007,data_table06_forb/forum-13crafc.forb0007.dzn,2,../noves/forum-13crafc.forb0007.dzn | ../noves/ticf-13crafc.forb0007.dzn,2,data_table06_forb/forum-13crafc.forb0007.dzn | data_table06_forb/ticf-13crafc.forb0007.dzn,https://imae.udg.edu/Recerca/LAI/,https://ima.udg.edu/Recerca/lai/b2b/b2b.zip,ee1f440ab3f6db27ab712300ad3a54a31ffd5ec1e06f81a9ac37cb7202c56528,2026-08-10T10:42:19+00:00,7200.0,,ee80a6fbd8b513f7c010668495c39621a371266a,True,3.10.12,1.8.dev25,instance-20260810-085803,Linux-6.8.0-1064-gcp-x86_64-with-glibc2.35,x86_64,4,8,15988.059,1,0,/home/g24021555/Business-Meeting-Scheduling-Problem/.venv/bin/python3 /home/g24021555/Business-Meeting-Scheduling-Problem/src/Main.py --manifest instances_manifest.csv --family forbidden --solver sat_all --objective-mode bg_d2 --domain-mode both --domain-filter-graph both --precedence-encoding both --precedence-graph both --encoding-variant imp12+ --sat-backend cadical --maxsat-backend uwrmaxsat --uwrmaxsat-bin /home/g24021555/uwrmaxsat/build/release/bin/uwrmaxsat --timeout 7200 --csv output/full_matrix_bg_d2_forbidden.csv,/home/g24021555/uwrmaxsat/build/release/bin/uwrmaxsat,8c68c8a386d3d7847b50d315143c2bab60e3514e59510e84a649db83cb303876,/home/g24021555/uwrmaxsat/build/release/bin/uwrmaxsat -m /tmp/b2b_uwrmaxsat_iw8a8hzj/forum-13crafc.forb0007.wcnf,,process exit code=30,,,maxsat,uwrmaxsat,,/home/g24021555/uwrmaxsat/build/release/bin/uwrmaxsat,traditional,pairwise+direct,1,58,"1,2,3,4,5,6,7,8,9,10,11,12,13,14,15,16,18,19,23,24,25,26,27,28,29,30,31,32,33,34,35,36,37,38,39,40,41,42,44,45,46,47,48,49,50,52,53,54,56,57,59,60,62,63,64,65,66,70",2435,799,0,0,"0,0,0,0,0,0,0,0,0,0,0,0,0,0,0,0,0,0,0,0,0,0,0,0,0,0,0,0,0,0,0,0,0,0,0,0,0,0,0,0,0,0,0,0,0,0,0,0,0,0,0,0,0,0,0,0,7,0,0,0,0,0,0,0,0,0,0,0,0,0","12,14,22,24,24,24,24,24,24,24,24,24,22,10,6,4,2,0,0,0,0","1,4,3,8,9,5,7,2,6,14,14,11,13,10,16,15,17,12,2,5,4,1,3,6,4,8,6,5,9,11,7,8,10,7,10,12,11,9,13,8,12,13,14,16,15,11,7,12,6,9,7,5,4,3,11,10,8,10,13,12,11,13,6,3,5,4,2,4,3,8,9,10,6,5,2,1,7,10,8,12,11,13,7,4,9,3,6,5,4,5,9,12,3,7,11,6,10,8,12,3,2,13,4,1,6,12,10,13,5,9,11,7,8,7,5,4,3,6,9,1,2,11,6,13,14,12,4,9,5,7,3,10,8,3,8,2,1,6,9,15,7,12,10,5,4,14,11,13,13,9,10,12,11,8",1:M1 M22 M76 M104 M120 M137 | 2:M8 M19 M67 M75 M101 M121 M136 | 3:M3 M23 M54 M64 M69 M86 M93 M100 M117 M131 M134 | 4:M2 M21 M25 M53 M66 M68 M84 M89 M103 M116 M127 M145 | 5:M6 M20 M28 M52 M65 M74 M88 M90 M109 M115 M129 M144 | 6:M9 M24 M27 M49 M63 M73 M87 M96 M105 M118 M123 M138 | 7:M7 M31 M34 M47 M51 M77 M83 M94 M112 M114 M130 M141 | 8:M4 M26 M32 M40 M57 M70 M79 M98 M113 M133 M135 M154 | 9:M5 M29 M38 M50 M71 M85 M91 M110 M119 M128 M139 M150 | 10:M14 M33 M35 M56 M58 M72 M78 M97 M107 M132 M143 M151 | 11:M12 M30 M37 M46 M55 M61 M81 M95 M111 M122 M147 M153 | 12:M18 M36 M41 M48 M60 M80 M92 M99 M106 M126 M142 M152 | 13:M13 M39 M42 M59 M62 M82 M102 M108 M124 M148 M149 | 14:M10 M11 M43 M125 M146 | 15:M16 M45 M140 | 16:M15 M44 | 17:M17 | 18: | 19: | 20: | 21:,"journal objective family: bg_d2 | F-selected distance-labelled E* domain propagation and cycle detection | precedence configuration: F=distance_closure, P=pairwise, G=direct | Reduced Domain variables after unary filtering + matching GAC + slot saturation | (20),(22)-(27) exactly once over reduced domains | (19) participant atMost-one per slot | (46),(47) clustered table capacity with compact forward channeling | (28) Pairwise precedence over direct distance-labelled relations | exact break-group ends and unary break-group thresholds | exact schedule <-> usedSlot channeling | (43) exactly |Mp| reduced usedSlot variables | (44) atMost 2|L| busy participants per slot | (45) exact even number of busy participants | historical hard cap Delta_G <= 2",,,result
,,,,,,,,,forum-13crafc.forb0007,b2b-012845c64333a713,b2b-lineage-forum-13crafc,forbidden,R-PW-DC-ST-BGD2-IS-CD-IC12P,Reduced,Filter-E*,Pairwise,DistanceClosure-E*,SpanThreshold,BreakGroupsD2,IncrementalSAT,IC12+,OPTIMAL,SAT,1,1,bg_d2,1,1,1,,,,,28.779213,False,202.879,,,,Compact,Compact/Reduced,project_implementation,incremental multi-phase SAT with persistent solver state,130023,,,,,,,259869,0,259869,2435,127588,738939,59,cfg5__m-reduced__p-pairwise__g-distance_closure__b-span_threshold__o-break_groups_d2__s-incrementalsat__i-imp12plus__backend-cadical,cfg5__m-reduced__p-pairwise__g-distance_closure__b-span_threshold__o-break_groups_d2__s-incrementalsat__i-imp12plus__backend-cadical,reduced,distance_closure,pairwise,distance_closure,IncrementalSAT,CaDiCaL,1.5.3,imp12+,span_threshold,total_break_groups_subject_to_range_at_most_2,BGD2,IC12P,738939,0,0,339,97434,108726,53370,,0,580,7,,,,,,1,4144,48301,140261,48301,28.17718091899951,6,"formalism-specific model size: SAT/MaxSAT reports base CNF and soft clauses, MIP reports variables/linear constraints/nonzeros, and CP reports integer variables plus linear/global constraints; SAT bound/totalizer overhead remains separate in optimizer_added_*",3234,2435,2435,2435,0,0,0,0,0,0,0,1,0.076275,0.002481,0.346904,,0.349385,28.429827,"wall-clock from immediately before reading/parsing the .dzn instance through model construction, optimization, solution decoding, and independent validation; excludes worker-process startup and result-file export",7,7,7,1,1,"0,0,0,0,0,0,0,0,0,0,0,0,0,0,0,0,0,0,0,0,0,0,0,0,0,0,0,0,0,0,0,0,0,0,0,0,0,0,0,0,0,0,0,0,0,0,0,0,0,0,0,0,0,0,0,0,1,0,0,0,0,0,0,0,0,0,0,0,0,0",peak_process_tree_rss_mb,012845c64333a713ece8bd629db7798ceb7bc7390978e5070fa46292ea01deb8,forb0007,data_table06_forb/forum-13crafc.forb0007.dzn,2,../noves/forum-13crafc.forb0007.dzn | ../noves/ticf-13crafc.forb0007.dzn,2,data_table06_forb/forum-13crafc.forb0007.dzn | data_table06_forb/ticf-13crafc.forb0007.dzn,https://imae.udg.edu/Recerca/LAI/,https://ima.udg.edu/Recerca/lai/b2b/b2b.zip,ee1f440ab3f6db27ab712300ad3a54a31ffd5ec1e06f81a9ac37cb7202c56528,2026-08-10T10:42:19+00:00,7200.0,,ee80a6fbd8b513f7c010668495c39621a371266a,True,3.10.12,1.8.dev25,instance-20260810-085803,Linux-6.8.0-1064-gcp-x86_64-with-glibc2.35,x86_64,4,8,15988.059,1,0,/home/g24021555/Business-Meeting-Scheduling-Problem/.venv/bin/python3 /home/g24021555/Business-Meeting-Scheduling-Problem/src/Main.py --manifest instances_manifest.csv --family forbidden --solver sat_all --objective-mode bg_d2 --domain-mode both --domain-filter-graph both --precedence-encoding both --precedence-graph both --encoding-variant imp12+ --sat-backend cadical --maxsat-backend uwrmaxsat --uwrmaxsat-bin /home/g24021555/uwrmaxsat/build/release/bin/uwrmaxsat --timeout 7200 --csv output/full_matrix_bg_d2_forbidden.csv,,,,,,,,incremental,,cadical,,factorial,pairwise+distance_closure,1,58,"1,2,3,4,5,6,7,8,9,10,11,12,13,14,15,16,18,19,23,24,25,26,27,28,29,30,31,32,33,34,35,36,37,38,39,40,41,42,44,45,46,47,48,49,50,52,53,54,56,57,59,60,62,63,64,65,66,70",2435,799,0,0,"0,0,0,0,0,0,0,0,0,0,0,0,0,0,0,0,0,0,0,0,0,0,0,0,0,0,0,0,0,0,0,0,0,0,0,0,0,0,0,0,0,0,0,0,0,0,0,0,0,0,0,0,0,0,0,0,7,0,0,0,0,0,0,0,0,0,0,0,0,0","10,12,24,24,24,24,24,24,24,24,24,24,24,10,6,4,2,0,0,0,0","3,9,4,6,11,10,8,5,7,14,11,12,14,10,17,15,16,13,2,5,3,1,4,6,3,8,8,3,5,9,7,6,4,11,7,12,10,9,13,8,12,13,14,16,15,12,7,11,9,7,6,5,4,3,11,8,10,10,13,12,11,13,6,4,5,3,2,2,4,8,10,9,6,1,7,5,3,10,8,12,11,13,7,4,9,3,5,6,5,10,9,13,4,7,11,6,12,8,12,2,3,13,4,1,5,10,11,12,9,8,13,7,6,7,5,4,6,2,9,1,3,12,6,13,14,10,3,9,4,7,5,11,8,4,12,1,3,6,5,15,7,11,9,2,8,14,10,13,13,11,9,12,10,8",1:M22 M74 M104 M120 M136 | 2:M19 M67 M68 M100 M118 M144 | 3:M1 M21 M25 M28 M54 M66 M77 M86 M101 M121 M127 M137 | 4:M3 M23 M33 M53 M64 M69 M84 M93 M103 M116 M129 M134 | 5:M8 M20 M29 M52 M65 M76 M87 M89 M105 M115 M131 M139 | 6:M4 M24 M32 M51 M63 M73 M88 M96 M113 M117 M123 M138 | 7:M9 M31 M35 M47 M50 M75 M83 M94 M112 M114 M130 M141 | 8:M7 M26 M27 M40 M56 M70 M79 M98 M110 M133 M145 M154 | 9:M2 M30 M38 M49 M72 M85 M91 M109 M119 M128 M143 M151 | 10:M6 M14 M37 M57 M58 M71 M78 M90 M106 M126 M147 M153 | 11:M5 M11 M34 M48 M55 M61 M81 M95 M107 M132 M142 M150 | 12:M12 M36 M41 M46 M60 M80 M97 M99 M108 M122 M135 M152 | 13:M18 M39 M42 M59 M62 M82 M92 M102 M111 M124 M148 M149 | 14:M10 M13 M43 M125 M146 | 15:M16 M45 M140 | 16:M17 M44 | 17:M15 | 18: | 19: | 20: | 21:,"journal objective family: bg_d2 | F-selected distance-labelled E* domain propagation and cycle detection | precedence configuration: F=distance_closure, P=pairwise, G=distance_closure | Reduced Domain variables after unary filtering + matching GAC + slot saturation | (20),(22)-(27) exactly once over reduced domains | (19) participant atMost-one per slot | (46),(47) clustered table capacity with compact forward channeling | (28) Pairwise precedence over distance_closure distance-labelled relations | exact break-group ends and unary break-group thresholds | exact schedule <-> usedSlot channeling | (43) exactly |Mp| reduced usedSlot variables | (44) atMost 2|L| busy participants per slot | (45) exact even number of busy participants | historical hard cap Delta_G <= 2",1,"(1,)",result
,,,,,,,,,forum-13crafc.forb0007,b2b-012845c64333a713,b2b-lineage-forum-13crafc,forbidden,R-PW-DC-ST-BGD2-NIS-CD-IC12P,Reduced,Filter-E*,Pairwise,DistanceClosure-E*,SpanThreshold,BreakGroupsD2,NonIncrementalSAT,IC12+,OPTIMAL,SAT,1,1,bg_d2,1,1,1,,,,,31.341157,False,212.469,,,,Compact,Compact/Reduced,project_implementation,restart-based multi-phase SAT,130023,,,,,,,259869,0,259869,2435,127588,738939,59,cfg5__m-reduced__p-pairwise__g-distance_closure__b-span_threshold__o-break_groups_d2__s-nonincrementalsat__i-imp12plus__backend-cadical,cfg5__m-reduced__p-pairwise__g-distance_closure__b-span_threshold__o-break_groups_d2__s-nonincrementalsat__i-imp12plus__backend-cadical,reduced,distance_closure,pairwise,distance_closure,NonIncrementalSAT,CaDiCaL,1.5.3,imp12+,span_threshold,total_break_groups_subject_to_range_at_most_2,BGD2,IC12P,738939,0,0,339,97434,108726,53370,,0,580,7,,,,,,7,21600,43700,108460,85632,30.72571231300026,6,"formalism-specific model size: SAT/MaxSAT reports base CNF and soft clauses, MIP reports variables/linear constraints/nonzeros, and CP reports integer variables plus linear/global constraints; SAT bound/totalizer overhead remains separate in optimizer_added_*",3234,2435,2435,2435,0,0,0,0,0,0,0,1,0.074181,0.002437,0.348898,,0.351335,30.989822,"wall-clock from immediately before reading/parsing the .dzn instance through model construction, optimization, solution decoding, and independent validation; excludes worker-process startup and result-file export",7,7,7,1,1,"0,0,0,0,0,0,0,0,0,0,0,0,0,0,0,0,0,0,0,0,0,0,0,0,0,0,0,0,0,0,0,0,0,0,0,0,0,0,0,0,0,0,0,0,0,0,0,0,0,0,0,0,0,0,0,0,0,0,0,0,0,0,0,0,0,0,0,0,0,1",peak_process_tree_rss_mb,012845c64333a713ece8bd629db7798ceb7bc7390978e5070fa46292ea01deb8,forb0007,data_table06_forb/forum-13crafc.forb0007.dzn,2,../noves/forum-13crafc.forb0007.dzn | ../noves/ticf-13crafc.forb0007.dzn,2,data_table06_forb/forum-13crafc.forb0007.dzn | data_table06_forb/ticf-13crafc.forb0007.dzn,https://imae.udg.edu/Recerca/LAI/,https://ima.udg.edu/Recerca/lai/b2b/b2b.zip,ee1f440ab3f6db27ab712300ad3a54a31ffd5ec1e06f81a9ac37cb7202c56528,2026-08-10T10:42:19+00:00,7200.0,,ee80a6fbd8b513f7c010668495c39621a371266a,True,3.10.12,1.8.dev25,instance-20260810-085803,Linux-6.8.0-1064-gcp-x86_64-with-glibc2.35,x86_64,4,8,15988.059,1,0,/home/g24021555/Business-Meeting-Scheduling-Problem/.venv/bin/python3 /home/g24021555/Business-Meeting-Scheduling-Problem/src/Main.py --manifest instances_manifest.csv --family forbidden --solver sat_all --objective-mode bg_d2 --domain-mode both --domain-filter-graph both --precedence-encoding both --precedence-graph both --encoding-variant imp12+ --sat-backend cadical --maxsat-backend uwrmaxsat --uwrmaxsat-bin /home/g24021555/uwrmaxsat/build/release/bin/uwrmaxsat --timeout 7200 --csv output/full_matrix_bg_d2_forbidden.csv,,,,,,,,multiple,,cadical,,factorial,pairwise+distance_closure,1,58,"1,2,3,4,5,6,7,8,9,10,11,12,13,14,15,16,18,19,23,24,25,26,27,28,29,30,31,32,33,34,35,36,37,38,39,40,41,42,44,45,46,47,48,49,50,52,53,54,56,57,59,60,62,63,64,65,66,70",2435,799,0,0,"0,0,0,0,0,0,0,0,0,0,0,0,0,0,0,0,0,0,0,0,0,0,0,0,0,0,0,0,0,0,0,0,0,0,0,0,0,0,0,0,0,0,0,0,0,0,0,0,0,0,0,0,0,0,0,0,0,0,0,0,0,0,0,0,0,0,0,0,0,7","10,12,24,24,24,24,24,24,24,24,24,24,24,10,6,4,2,0,0,0,0","4,9,7,8,11,3,5,10,6,14,12,11,13,10,17,16,15,14,2,5,3,1,4,6,3,8,8,3,7,9,5,6,4,11,9,12,8,7,13,10,12,13,14,16,15,11,7,12,4,7,9,5,6,3,10,11,8,10,13,11,12,13,2,5,3,6,4,5,9,8,10,4,6,7,2,1,3,10,6,12,11,13,3,4,9,5,7,8,5,10,7,12,4,6,11,9,13,8,12,8,9,13,11,10,6,10,12,13,5,9,11,7,8,9,7,4,3,2,1,6,5,11,7,13,14,10,6,5,4,9,12,3,8,3,12,4,11,6,9,15,8,5,10,7,1,14,2,13,13,2,4,12,3,1",1:M22 M76 M119 M145 M154 | 2:M19 M63 M75 M118 M147 M150 | 3:M6 M21 M25 M28 M54 M65 M77 M83 M117 M132 M134 M153 | 4:M1 M23 M33 M49 M67 M72 M84 M93 M116 M129 M136 M151 | 5:M7 M20 M31 M52 M64 M68 M86 M89 M109 M121 M128 M142 | 6:M9 M24 M32 M53 M66 M73 M79 M94 M105 M120 M127 M138 | 7:M3 M29 M38 M47 M50 M74 M87 M91 M112 M115 M123 M144 | 8:M4 M26 M27 M37 M57 M70 M88 M98 M100 M113 M133 M141 | 9:M2 M30 M35 M51 M69 M85 M96 M101 M110 M114 M130 M139 | 10:M8 M14 M40 M55 M58 M71 M78 M90 M104 M106 M126 M143 | 11:M5 M12 M34 M46 M56 M60 M81 M95 M103 M111 M122 M137 | 12:M11 M36 M41 M48 M61 M80 M92 M99 M107 M131 M135 M152 | 13:M13 M39 M42 M59 M62 M82 M97 M102 M108 M124 M148 M149 | 14:M10 M18 M43 M125 M146 | 15:M17 M45 M140 | 16:M16 M44 | 17:M15 | 18: | 19: | 20: | 21:,"journal objective family: bg_d2 | F-selected distance-labelled E* domain propagation and cycle detection | precedence configuration: F=distance_closure, P=pairwise, G=distance_closure | Reduced Domain variables after unary filtering + matching GAC + slot saturation | (20),(22)-(27) exactly once over reduced domains | (19) participant atMost-one per slot | (46),(47) clustered table capacity with compact forward channeling | (28) Pairwise precedence over distance_closure distance-labelled relations | exact break-group ends and unary break-group thresholds | exact schedule <-> usedSlot channeling | (43) exactly |Mp| reduced usedSlot variables | (44) atMost 2|L| busy participants per slot | (45) exact even number of busy participants | historical hard cap Delta_G <= 2",1,"(1,)",result
,,,,,,,,,forum-13crafc.forb0007,b2b-012845c64333a713,b2b-lineage-forum-13crafc,forbidden,R-PW-DC-ST-BGD2-UW-IC12P,Reduced,Filter-E*,Pairwise,DistanceClosure-E*,SpanThreshold,BreakGroupsD2,UWrMaxSAT,IC12+,OPTIMAL,SAT,1,1,bg_d2,1,1,1,,,1,1,11.280482,False,208.059,,,,Compact,Compact/Reduced,project_implementation,one-shot weighted MaxSAT,130023,,,,,,,259869,580,260449,2435,127588,739519,59,cfg5__m-reduced__p-pairwise__g-distance_closure__b-span_threshold__o-break_groups_d2__s-uwrmaxsat__i-imp12plus__backend-uwrmaxsat,cfg5__m-reduced__p-pairwise__g-distance_closure__b-span_threshold__o-break_groups_d2__s-uwrmaxsat__i-imp12plus__backend-uwrmaxsat,reduced,distance_closure,pairwise,distance_closure,UWrMaxSAT,UWrMaxSAT,binary-sha256:8c68c8a386d3d7847b50d315143c2bab60e3514e59510e84a649db83cb303876,imp12+,span_threshold,total_break_groups_subject_to_range_at_most_2,BGD2,IC12P,738939,580,1,339,97434,108726,53370,1,580,580,1,,,,,,0,0,0,0,0,,,"formalism-specific model size: SAT/MaxSAT reports base CNF and soft clauses, MIP reports variables/linear constraints/nonzeros, and CP reports integer variables plus linear/global constraints; SAT bound/totalizer overhead remains separate in optimizer_added_*",3234,2435,2435,2435,0,0,0,0,0,0,0,1,0.076434,0.002107,0.352999,,0.355107,10.925375,"wall-clock from immediately before reading/parsing the .dzn instance through model construction, optimization, solution decoding, and independent validation; excludes worker-process startup and result-file export",7,7,7,1,1,"0,0,0,0,0,0,0,0,0,0,0,0,0,0,0,0,0,0,0,0,0,0,0,0,0,0,0,0,0,0,0,0,0,0,0,0,0,0,0,0,0,0,0,0,0,0,0,0,0,0,0,0,0,0,0,0,1,0,0,0,0,0,0,0,0,0,0,0,0,0",peak_process_tree_rss_mb,012845c64333a713ece8bd629db7798ceb7bc7390978e5070fa46292ea01deb8,forb0007,data_table06_forb/forum-13crafc.forb0007.dzn,2,../noves/forum-13crafc.forb0007.dzn | ../noves/ticf-13crafc.forb0007.dzn,2,data_table06_forb/forum-13crafc.forb0007.dzn | data_table06_forb/ticf-13crafc.forb0007.dzn,https://imae.udg.edu/Recerca/LAI/,https://ima.udg.edu/Recerca/lai/b2b/b2b.zip,ee1f440ab3f6db27ab712300ad3a54a31ffd5ec1e06f81a9ac37cb7202c56528,2026-08-10T10:42:19+00:00,7200.0,,ee80a6fbd8b513f7c010668495c39621a371266a,True,3.10.12,1.8.dev25,instance-20260810-085803,Linux-6.8.0-1064-gcp-x86_64-with-glibc2.35,x86_64,4,8,15988.059,1,0,/home/g24021555/Business-Meeting-Scheduling-Problem/.venv/bin/python3 /home/g24021555/Business-Meeting-Scheduling-Problem/src/Main.py --manifest instances_manifest.csv --family forbidden --solver sat_all --objective-mode bg_d2 --domain-mode both --domain-filter-graph both --precedence-encoding both --precedence-graph both --encoding-variant imp12+ --sat-backend cadical --maxsat-backend uwrmaxsat --uwrmaxsat-bin /home/g24021555/uwrmaxsat/build/release/bin/uwrmaxsat --timeout 7200 --csv output/full_matrix_bg_d2_forbidden.csv,/home/g24021555/uwrmaxsat/build/release/bin/uwrmaxsat,8c68c8a386d3d7847b50d315143c2bab60e3514e59510e84a649db83cb303876,/home/g24021555/uwrmaxsat/build/release/bin/uwrmaxsat -m /tmp/b2b_uwrmaxsat_4lnq1x40/forum-13crafc.forb0007.wcnf,,process exit code=30,,,maxsat,uwrmaxsat,,/home/g24021555/uwrmaxsat/build/release/bin/uwrmaxsat,factorial,pairwise+distance_closure,1,58,"1,2,3,4,5,6,7,8,9,10,11,12,13,14,15,16,18,19,23,24,25,26,27,28,29,30,31,32,33,34,35,36,37,38,39,40,41,42,44,45,46,47,48,49,50,52,53,54,56,57,59,60,62,63,64,65,66,70",2435,799,0,0,"0,0,0,0,0,0,0,0,0,0,0,0,0,0,0,0,0,0,0,0,0,0,0,0,0,0,0,0,0,0,0,0,0,0,0,0,0,0,0,0,0,0,0,0,0,0,0,0,0,0,0,0,0,0,0,0,7,0,0,0,0,0,0,0,0,0,0,0,0,0","12,14,22,24,24,24,24,24,24,24,24,24,22,10,6,4,2,0,0,0,0","1,4,3,8,9,5,7,2,6,14,14,11,13,10,16,15,17,12,2,5,4,1,3,6,4,8,6,5,9,11,7,8,10,7,10,12,11,9,13,8,12,13,14,16,15,11,7,12,6,9,7,5,4,3,11,10,8,10,13,12,11,13,6,3,5,4,2,4,3,8,9,10,6,5,2,1,7,10,8,12,11,13,7,4,9,3,6,5,4,5,9,12,3,7,11,6,10,8,12,3,2,13,4,1,6,12,10,13,5,9,11,7,8,7,5,4,3,6,9,1,2,11,6,13,14,12,4,9,5,7,3,10,8,3,8,2,1,6,9,15,7,12,10,5,4,14,11,13,13,9,10,12,11,8",1:M1 M22 M76 M104 M120 M137 | 2:M8 M19 M67 M75 M101 M121 M136 | 3:M3 M23 M54 M64 M69 M86 M93 M100 M117 M131 M134 | 4:M2 M21 M25 M53 M66 M68 M84 M89 M103 M116 M127 M145 | 5:M6 M20 M28 M52 M65 M74 M88 M90 M109 M115 M129 M144 | 6:M9 M24 M27 M49 M63 M73 M87 M96 M105 M118 M123 M138 | 7:M7 M31 M34 M47 M51 M77 M83 M94 M112 M114 M130 M141 | 8:M4 M26 M32 M40 M57 M70 M79 M98 M113 M133 M135 M154 | 9:M5 M29 M38 M50 M71 M85 M91 M110 M119 M128 M139 M150 | 10:M14 M33 M35 M56 M58 M72 M78 M97 M107 M132 M143 M151 | 11:M12 M30 M37 M46 M55 M61 M81 M95 M111 M122 M147 M153 | 12:M18 M36 M41 M48 M60 M80 M92 M99 M106 M126 M142 M152 | 13:M13 M39 M42 M59 M62 M82 M102 M108 M124 M148 M149 | 14:M10 M11 M43 M125 M146 | 15:M16 M45 M140 | 16:M15 M44 | 17:M17 | 18: | 19: | 20: | 21:,"journal objective family: bg_d2 | F-selected distance-labelled E* domain propagation and cycle detection | precedence configuration: F=distance_closure, P=pairwise, G=distance_closure | Reduced Domain variables after unary filtering + matching GAC + slot saturation | (20),(22)-(27) exactly once over reduced domains | (19) participant atMost-one per slot | (46),(47) clustered table capacity with compact forward channeling | (28) Pairwise precedence over distance_closure distance-labelled relations | exact break-group ends and unary break-group thresholds | exact schedule <-> usedSlot channeling | (43) exactly |Mp| reduced usedSlot variables | (44) atMost 2|L| busy participants per slot | (45) exact even number of busy participants | historical hard cap Delta_G <= 2",,,result
,,,,,,,,,forum-13crafc.forb0007,b2b-012845c64333a713,b2b-lineage-forum-13crafc,forbidden,R-SS-DE-ST-BGD2-IS-CD-IC12P,Reduced,Filter-E*,SparseSuffix,Direct-E,SpanThreshold,BreakGroupsD2,IncrementalSAT,IC12+,OPTIMAL,SAT,1,1,bg_d2,1,1,1,,,,,29.066399,False,196.219,,,,Compact,Compact/Reduced,project_implementation,incremental multi-phase SAT with persistent solver state,130023,,,,,,,259869,0,259869,2435,127588,738939,59,cfg5__m-reduced__p-sparse_suffix__g-direct__b-span_threshold__o-break_groups_d2__s-incrementalsat__i-imp12plus__backend-cadical,cfg5__m-reduced__p-sparse_suffix__g-direct__b-span_threshold__o-break_groups_d2__s-incrementalsat__i-imp12plus__backend-cadical,reduced,distance_closure,sparse_suffix,direct,IncrementalSAT,CaDiCaL,1.5.3,imp12+,span_threshold,total_break_groups_subject_to_range_at_most_2,BGD2,IC12P,738939,0,0,339,97434,108726,53370,,0,580,7,,,,,,1,4144,48301,140261,48301,28.449458658000367,6,"formalism-specific model size: SAT/MaxSAT reports base CNF and soft clauses, MIP reports variables/linear constraints/nonzeros, and CP reports integer variables plus linear/global constraints; SAT bound/totalizer overhead remains separate in optimizer_added_*",3234,2435,2435,2435,0,0,0,0,0,0,0,1,0.077496,0.002451,0.354256,,0.356706,28.709692,"wall-clock from immediately before reading/parsing the .dzn instance through model construction, optimization, solution decoding, and independent validation; excludes worker-process startup and result-file export",7,7,7,1,1,"0,0,0,0,0,0,0,0,0,0,0,0,0,0,0,0,0,0,0,0,0,0,0,0,0,0,0,0,0,0,0,0,0,0,0,0,0,0,0,0,0,0,0,0,0,0,0,0,0,0,0,0,0,0,0,0,1,0,0,0,0,0,0,0,0,0,0,0,0,0",peak_process_tree_rss_mb,012845c64333a713ece8bd629db7798ceb7bc7390978e5070fa46292ea01deb8,forb0007,data_table06_forb/forum-13crafc.forb0007.dzn,2,../noves/forum-13crafc.forb0007.dzn | ../noves/ticf-13crafc.forb0007.dzn,2,data_table06_forb/forum-13crafc.forb0007.dzn | data_table06_forb/ticf-13crafc.forb0007.dzn,https://imae.udg.edu/Recerca/LAI/,https://ima.udg.edu/Recerca/lai/b2b/b2b.zip,ee1f440ab3f6db27ab712300ad3a54a31ffd5ec1e06f81a9ac37cb7202c56528,2026-08-10T10:42:19+00:00,7200.0,,ee80a6fbd8b513f7c010668495c39621a371266a,True,3.10.12,1.8.dev25,instance-20260810-085803,Linux-6.8.0-1064-gcp-x86_64-with-glibc2.35,x86_64,4,8,15988.059,1,0,/home/g24021555/Business-Meeting-Scheduling-Problem/.venv/bin/python3 /home/g24021555/Business-Meeting-Scheduling-Problem/src/Main.py --manifest instances_manifest.csv --family forbidden --solver sat_all --objective-mode bg_d2 --domain-mode both --domain-filter-graph both --precedence-encoding both --precedence-graph both --encoding-variant imp12+ --sat-backend cadical --maxsat-backend uwrmaxsat --uwrmaxsat-bin /home/g24021555/uwrmaxsat/build/release/bin/uwrmaxsat --timeout 7200 --csv output/full_matrix_bg_d2_forbidden.csv,,,,,,,,incremental,,cadical,,factorial,sparse_suffix+direct,1,58,"1,2,3,4,5,6,7,8,9,10,11,12,13,14,15,16,18,19,23,24,25,26,27,28,29,30,31,32,33,34,35,36,37,38,39,40,41,42,44,45,46,47,48,49,50,52,53,54,56,57,59,60,62,63,64,65,66,70",2435,799,0,0,"0,0,0,0,0,0,0,0,0,0,0,0,0,0,0,0,0,0,0,0,0,0,0,0,0,0,0,0,0,0,0,0,0,0,0,0,0,0,0,0,0,0,0,0,0,0,0,0,0,0,0,0,0,0,0,0,7,0,0,0,0,0,0,0,0,0,0,0,0,0","10,12,24,24,24,24,24,24,24,24,24,24,24,10,6,4,2,0,0,0,0","3,9,4,6,11,10,8,5,7,14,11,12,14,10,17,15,16,13,2,5,3,1,4,6,3,8,8,3,5,9,7,6,4,11,7,12,10,9,13,8,12,13,14,16,15,12,7,11,9,7,6,5,4,3,11,8,10,10,13,12,11,13,6,4,5,3,2,2,4,8,10,9,6,1,7,5,3,10,8,12,11,13,7,4,9,3,5,6,5,10,9,13,4,7,11,6,12,8,12,2,3,13,4,1,5,10,11,12,9,8,13,7,6,7,5,4,6,2,9,1,3,12,6,13,14,10,3,9,4,7,5,11,8,4,12,1,3,6,5,15,7,11,9,2,8,14,10,13,13,11,9,12,10,8",1:M22 M74 M104 M120 M136 | 2:M19 M67 M68 M100 M118 M144 | 3:M1 M21 M25 M28 M54 M66 M77 M86 M101 M121 M127 M137 | 4:M3 M23 M33 M53 M64 M69 M84 M93 M103 M116 M129 M134 | 5:M8 M20 M29 M52 M65 M76 M87 M89 M105 M115 M131 M139 | 6:M4 M24 M32 M51 M63 M73 M88 M96 M113 M117 M123 M138 | 7:M9 M31 M35 M47 M50 M75 M83 M94 M112 M114 M130 M141 | 8:M7 M26 M27 M40 M56 M70 M79 M98 M110 M133 M145 M154 | 9:M2 M30 M38 M49 M72 M85 M91 M109 M119 M128 M143 M151 | 10:M6 M14 M37 M57 M58 M71 M78 M90 M106 M126 M147 M153 | 11:M5 M11 M34 M48 M55 M61 M81 M95 M107 M132 M142 M150 | 12:M12 M36 M41 M46 M60 M80 M97 M99 M108 M122 M135 M152 | 13:M18 M39 M42 M59 M62 M82 M92 M102 M111 M124 M148 M149 | 14:M10 M13 M43 M125 M146 | 15:M16 M45 M140 | 16:M17 M44 | 17:M15 | 18: | 19: | 20: | 21:,"journal objective family: bg_d2 | F-selected distance-labelled E* domain propagation and cycle detection | precedence configuration: F=distance_closure, P=sparse_suffix, G=direct | Reduced Domain variables after unary filtering + matching GAC + slot saturation | (20),(22)-(27) exactly once over reduced domains | (19) participant atMost-one per slot | (46),(47) clustered table capacity with compact forward channeling | (28) SparseSuffix precedence over direct distance-labelled relations | exact break-group ends and unary break-group thresholds | exact schedule <-> usedSlot channeling | (43) exactly |Mp| reduced usedSlot variables | (44) atMost 2|L| busy participants per slot | (45) exact even number of busy participants | historical hard cap Delta_G <= 2",1,"(1,)",result
,,,,,,,,,forum-13crafc.forb0007,b2b-012845c64333a713,b2b-lineage-forum-13crafc,forbidden,R-SS-DE-ST-BGD2-NIS-CD-IC12P,Reduced,Filter-E*,SparseSuffix,Direct-E,SpanThreshold,BreakGroupsD2,NonIncrementalSAT,IC12+,OPTIMAL,SAT,1,1,bg_d2,1,1,1,,,,,31.756133,False,206.762,,,,Compact,Compact/Reduced,project_implementation,restart-based multi-phase SAT,130023,,,,,,,259869,0,259869,2435,127588,738939,59,cfg5__m-reduced__p-sparse_suffix__g-direct__b-span_threshold__o-break_groups_d2__s-nonincrementalsat__i-imp12plus__backend-cadical,cfg5__m-reduced__p-sparse_suffix__g-direct__b-span_threshold__o-break_groups_d2__s-nonincrementalsat__i-imp12plus__backend-cadical,reduced,distance_closure,sparse_suffix,direct,NonIncrementalSAT,CaDiCaL,1.5.3,imp12+,span_threshold,total_break_groups_subject_to_range_at_most_2,BGD2,IC12P,738939,0,0,339,97434,108726,53370,,0,580,7,,,,,,7,21600,43700,108460,85632,31.12842603899935,6,"formalism-specific model size: SAT/MaxSAT reports base CNF and soft clauses, MIP reports variables/linear constraints/nonzeros, and CP reports integer variables plus linear/global constraints; SAT bound/totalizer overhead remains separate in optimizer_added_*",3234,2435,2435,2435,0,0,0,0,0,0,0,1,0.077705,0.002117,0.358196,,0.360313,31.39582,"wall-clock from immediately before reading/parsing the .dzn instance through model construction, optimization, solution decoding, and independent validation; excludes worker-process startup and result-file export",7,7,7,1,1,"0,0,0,0,0,0,0,0,0,0,0,0,0,0,0,0,0,0,0,0,0,0,0,0,0,0,0,0,0,0,0,0,0,0,0,0,0,0,0,0,0,0,0,0,0,0,0,0,0,0,0,0,0,0,0,0,0,0,0,0,0,0,0,0,0,0,0,0,0,1",peak_process_tree_rss_mb,012845c64333a713ece8bd629db7798ceb7bc7390978e5070fa46292ea01deb8,forb0007,data_table06_forb/forum-13crafc.forb0007.dzn,2,../noves/forum-13crafc.forb0007.dzn | ../noves/ticf-13crafc.forb0007.dzn,2,data_table06_forb/forum-13crafc.forb0007.dzn | data_table06_forb/ticf-13crafc.forb0007.dzn,https://imae.udg.edu/Recerca/LAI/,https://ima.udg.edu/Recerca/lai/b2b/b2b.zip,ee1f440ab3f6db27ab712300ad3a54a31ffd5ec1e06f81a9ac37cb7202c56528,2026-08-10T10:42:19+00:00,7200.0,,ee80a6fbd8b513f7c010668495c39621a371266a,True,3.10.12,1.8.dev25,instance-20260810-085803,Linux-6.8.0-1064-gcp-x86_64-with-glibc2.35,x86_64,4,8,15988.059,1,0,/home/g24021555/Business-Meeting-Scheduling-Problem/.venv/bin/python3 /home/g24021555/Business-Meeting-Scheduling-Problem/src/Main.py --manifest instances_manifest.csv --family forbidden --solver sat_all --objective-mode bg_d2 --domain-mode both --domain-filter-graph both --precedence-encoding both --precedence-graph both --encoding-variant imp12+ --sat-backend cadical --maxsat-backend uwrmaxsat --uwrmaxsat-bin /home/g24021555/uwrmaxsat/build/release/bin/uwrmaxsat --timeout 7200 --csv output/full_matrix_bg_d2_forbidden.csv,,,,,,,,multiple,,cadical,,factorial,sparse_suffix+direct,1,58,"1,2,3,4,5,6,7,8,9,10,11,12,13,14,15,16,18,19,23,24,25,26,27,28,29,30,31,32,33,34,35,36,37,38,39,40,41,42,44,45,46,47,48,49,50,52,53,54,56,57,59,60,62,63,64,65,66,70",2435,799,0,0,"0,0,0,0,0,0,0,0,0,0,0,0,0,0,0,0,0,0,0,0,0,0,0,0,0,0,0,0,0,0,0,0,0,0,0,0,0,0,0,0,0,0,0,0,0,0,0,0,0,0,0,0,0,0,0,0,0,0,0,0,0,0,0,0,0,0,0,0,0,7","10,12,24,24,24,24,24,24,24,24,24,24,24,10,6,4,2,0,0,0,0","4,9,7,8,11,3,5,10,6,14,12,11,13,10,17,16,15,14,2,5,3,1,4,6,3,8,8,3,7,9,5,6,4,11,9,12,8,7,13,10,12,13,14,16,15,11,7,12,4,7,9,5,6,3,10,11,8,10,13,11,12,13,2,5,3,6,4,5,9,8,10,4,6,7,2,1,3,10,6,12,11,13,3,4,9,5,7,8,5,10,7,12,4,6,11,9,13,8,12,8,9,13,11,10,6,10,12,13,5,9,11,7,8,9,7,4,3,2,1,6,5,11,7,13,14,10,6,5,4,9,12,3,8,3,12,4,11,6,9,15,8,5,10,7,1,14,2,13,13,2,4,12,3,1",1:M22 M76 M119 M145 M154 | 2:M19 M63 M75 M118 M147 M150 | 3:M6 M21 M25 M28 M54 M65 M77 M83 M117 M132 M134 M153 | 4:M1 M23 M33 M49 M67 M72 M84 M93 M116 M129 M136 M151 | 5:M7 M20 M31 M52 M64 M68 M86 M89 M109 M121 M128 M142 | 6:M9 M24 M32 M53 M66 M73 M79 M94 M105 M120 M127 M138 | 7:M3 M29 M38 M47 M50 M74 M87 M91 M112 M115 M123 M144 | 8:M4 M26 M27 M37 M57 M70 M88 M98 M100 M113 M133 M141 | 9:M2 M30 M35 M51 M69 M85 M96 M101 M110 M114 M130 M139 | 10:M8 M14 M40 M55 M58 M71 M78 M90 M104 M106 M126 M143 | 11:M5 M12 M34 M46 M56 M60 M81 M95 M103 M111 M122 M137 | 12:M11 M36 M41 M48 M61 M80 M92 M99 M107 M131 M135 M152 | 13:M13 M39 M42 M59 M62 M82 M97 M102 M108 M124 M148 M149 | 14:M10 M18 M43 M125 M146 | 15:M17 M45 M140 | 16:M16 M44 | 17:M15 | 18: | 19: | 20: | 21:,"journal objective family: bg_d2 | F-selected distance-labelled E* domain propagation and cycle detection | precedence configuration: F=distance_closure, P=sparse_suffix, G=direct | Reduced Domain variables after unary filtering + matching GAC + slot saturation | (20),(22)-(27) exactly once over reduced domains | (19) participant atMost-one per slot | (46),(47) clustered table capacity with compact forward channeling | (28) SparseSuffix precedence over direct distance-labelled relations | exact break-group ends and unary break-group thresholds | exact schedule <-> usedSlot channeling | (43) exactly |Mp| reduced usedSlot variables | (44) atMost 2|L| busy participants per slot | (45) exact even number of busy participants | historical hard cap Delta_G <= 2",1,"(1,)",result
,,,,,,,,,forum-13crafc.forb0007,b2b-012845c64333a713,b2b-lineage-forum-13crafc,forbidden,R-SS-DE-ST-BGD2-UW-IC12P,Reduced,Filter-E*,SparseSuffix,Direct-E,SpanThreshold,BreakGroupsD2,UWrMaxSAT,IC12+,OPTIMAL,SAT,1,1,bg_d2,1,1,1,,,1,1,11.04137,False,208.074,,,,Compact,Compact/Reduced,project_implementation,one-shot weighted MaxSAT,130023,,,,,,,259869,580,260449,2435,127588,739519,59,cfg5__m-reduced__p-sparse_suffix__g-direct__b-span_threshold__o-break_groups_d2__s-uwrmaxsat__i-imp12plus__backend-uwrmaxsat,cfg5__m-reduced__p-sparse_suffix__g-direct__b-span_threshold__o-break_groups_d2__s-uwrmaxsat__i-imp12plus__backend-uwrmaxsat,reduced,distance_closure,sparse_suffix,direct,UWrMaxSAT,UWrMaxSAT,binary-sha256:8c68c8a386d3d7847b50d315143c2bab60e3514e59510e84a649db83cb303876,imp12+,span_threshold,total_break_groups_subject_to_range_at_most_2,BGD2,IC12P,738939,580,1,339,97434,108726,53370,1,580,580,1,,,,,,0,0,0,0,0,,,"formalism-specific model size: SAT/MaxSAT reports base CNF and soft clauses, MIP reports variables/linear constraints/nonzeros, and CP reports integer variables plus linear/global constraints; SAT bound/totalizer overhead remains separate in optimizer_added_*",3234,2435,2435,2435,0,0,0,0,0,0,0,1,0.074336,0.002147,0.353747,,0.355893,10.685477,"wall-clock from immediately before reading/parsing the .dzn instance through model construction, optimization, solution decoding, and independent validation; excludes worker-process startup and result-file export",7,7,7,1,1,"0,0,0,0,0,0,0,0,0,0,0,0,0,0,0,0,0,0,0,0,0,0,0,0,0,0,0,0,0,0,0,0,0,0,0,0,0,0,0,0,0,0,0,0,0,0,0,0,0,0,0,0,0,0,0,0,1,0,0,0,0,0,0,0,0,0,0,0,0,0",peak_process_tree_rss_mb,012845c64333a713ece8bd629db7798ceb7bc7390978e5070fa46292ea01deb8,forb0007,data_table06_forb/forum-13crafc.forb0007.dzn,2,../noves/forum-13crafc.forb0007.dzn | ../noves/ticf-13crafc.forb0007.dzn,2,data_table06_forb/forum-13crafc.forb0007.dzn | data_table06_forb/ticf-13crafc.forb0007.dzn,https://imae.udg.edu/Recerca/LAI/,https://ima.udg.edu/Recerca/lai/b2b/b2b.zip,ee1f440ab3f6db27ab712300ad3a54a31ffd5ec1e06f81a9ac37cb7202c56528,2026-08-10T10:42:19+00:00,7200.0,,ee80a6fbd8b513f7c010668495c39621a371266a,True,3.10.12,1.8.dev25,instance-20260810-085803,Linux-6.8.0-1064-gcp-x86_64-with-glibc2.35,x86_64,4,8,15988.059,1,0,/home/g24021555/Business-Meeting-Scheduling-Problem/.venv/bin/python3 /home/g24021555/Business-Meeting-Scheduling-Problem/src/Main.py --manifest instances_manifest.csv --family forbidden --solver sat_all --objective-mode bg_d2 --domain-mode both --domain-filter-graph both --precedence-encoding both --precedence-graph both --encoding-variant imp12+ --sat-backend cadical --maxsat-backend uwrmaxsat --uwrmaxsat-bin /home/g24021555/uwrmaxsat/build/release/bin/uwrmaxsat --timeout 7200 --csv output/full_matrix_bg_d2_forbidden.csv,/home/g24021555/uwrmaxsat/build/release/bin/uwrmaxsat,8c68c8a386d3d7847b50d315143c2bab60e3514e59510e84a649db83cb303876,/home/g24021555/uwrmaxsat/build/release/bin/uwrmaxsat -m /tmp/b2b_uwrmaxsat_uy34m1tw/forum-13crafc.forb0007.wcnf,,process exit code=30,,,maxsat,uwrmaxsat,,/home/g24021555/uwrmaxsat/build/release/bin/uwrmaxsat,factorial,sparse_suffix+direct,1,58,"1,2,3,4,5,6,7,8,9,10,11,12,13,14,15,16,18,19,23,24,25,26,27,28,29,30,31,32,33,34,35,36,37,38,39,40,41,42,44,45,46,47,48,49,50,52,53,54,56,57,59,60,62,63,64,65,66,70",2435,799,0,0,"0,0,0,0,0,0,0,0,0,0,0,0,0,0,0,0,0,0,0,0,0,0,0,0,0,0,0,0,0,0,0,0,0,0,0,0,0,0,0,0,0,0,0,0,0,0,0,0,0,0,0,0,0,0,0,0,7,0,0,0,0,0,0,0,0,0,0,0,0,0","12,14,22,24,24,24,24,24,24,24,24,24,22,10,6,4,2,0,0,0,0","1,4,3,8,9,5,7,2,6,14,14,11,13,10,16,15,17,12,2,5,4,1,3,6,4,8,6,5,9,11,7,8,10,7,10,12,11,9,13,8,12,13,14,16,15,11,7,12,6,9,7,5,4,3,11,10,8,10,13,12,11,13,6,3,5,4,2,4,3,8,9,10,6,5,2,1,7,10,8,12,11,13,7,4,9,3,6,5,4,5,9,12,3,7,11,6,10,8,12,3,2,13,4,1,6,12,10,13,5,9,11,7,8,7,5,4,3,6,9,1,2,11,6,13,14,12,4,9,5,7,3,10,8,3,8,2,1,6,9,15,7,12,10,5,4,14,11,13,13,9,10,12,11,8",1:M1 M22 M76 M104 M120 M137 | 2:M8 M19 M67 M75 M101 M121 M136 | 3:M3 M23 M54 M64 M69 M86 M93 M100 M117 M131 M134 | 4:M2 M21 M25 M53 M66 M68 M84 M89 M103 M116 M127 M145 | 5:M6 M20 M28 M52 M65 M74 M88 M90 M109 M115 M129 M144 | 6:M9 M24 M27 M49 M63 M73 M87 M96 M105 M118 M123 M138 | 7:M7 M31 M34 M47 M51 M77 M83 M94 M112 M114 M130 M141 | 8:M4 M26 M32 M40 M57 M70 M79 M98 M113 M133 M135 M154 | 9:M5 M29 M38 M50 M71 M85 M91 M110 M119 M128 M139 M150 | 10:M14 M33 M35 M56 M58 M72 M78 M97 M107 M132 M143 M151 | 11:M12 M30 M37 M46 M55 M61 M81 M95 M111 M122 M147 M153 | 12:M18 M36 M41 M48 M60 M80 M92 M99 M106 M126 M142 M152 | 13:M13 M39 M42 M59 M62 M82 M102 M108 M124 M148 M149 | 14:M10 M11 M43 M125 M146 | 15:M16 M45 M140 | 16:M15 M44 | 17:M17 | 18: | 19: | 20: | 21:,"journal objective family: bg_d2 | F-selected distance-labelled E* domain propagation and cycle detection | precedence configuration: F=distance_closure, P=sparse_suffix, G=direct | Reduced Domain variables after unary filtering + matching GAC + slot saturation | (20),(22)-(27) exactly once over reduced domains | (19) participant atMost-one per slot | (46),(47) clustered table capacity with compact forward channeling | (28) SparseSuffix precedence over direct distance-labelled relations | exact break-group ends and unary break-group thresholds | exact schedule <-> usedSlot channeling | (43) exactly |Mp| reduced usedSlot variables | (44) atMost 2|L| busy participants per slot | (45) exact even number of busy participants | historical hard cap Delta_G <= 2",,,result
,,,,,,,,,forum-13crafc.forb0007,b2b-012845c64333a713,b2b-lineage-forum-13crafc,forbidden,R-SS-DC-ST-BGD2-IS-CD-IC12P,Reduced,Filter-E*,SparseSuffix,DistanceClosure-E*,SpanThreshold,BreakGroupsD2,IncrementalSAT,IC12+,OPTIMAL,SAT,1,1,bg_d2,1,1,1,,,,,28.850531,False,191.887,,,,Compact,Compact/Reduced,project_implementation,incremental multi-phase SAT with persistent solver state,130023,,,,,,,259869,0,259869,2435,127588,738939,59,cfg5__m-reduced__p-sparse_suffix__g-distance_closure__b-span_threshold__o-break_groups_d2__s-incrementalsat__i-imp12plus__backend-cadical,cfg5__m-reduced__p-sparse_suffix__g-distance_closure__b-span_threshold__o-break_groups_d2__s-incrementalsat__i-imp12plus__backend-cadical,reduced,distance_closure,sparse_suffix,distance_closure,IncrementalSAT,CaDiCaL,1.5.3,imp12+,span_threshold,total_break_groups_subject_to_range_at_most_2,BGD2,IC12P,738939,0,0,339,97434,108726,53370,,0,580,7,,,,,,1,4144,48301,140261,48301,28.235655590000533,6,"formalism-specific model size: SAT/MaxSAT reports base CNF and soft clauses, MIP reports variables/linear constraints/nonzeros, and CP reports integer variables plus linear/global constraints; SAT bound/totalizer overhead remains separate in optimizer_added_*",3234,2435,2435,2435,0,0,0,0,0,0,0,1,0.075061,0.002168,0.353277,,0.355445,28.495086,"wall-clock from immediately before reading/parsing the .dzn instance through model construction, optimization, solution decoding, and independent validation; excludes worker-process startup and result-file export",7,7,7,1,1,"0,0,0,0,0,0,0,0,0,0,0,0,0,0,0,0,0,0,0,0,0,0,0,0,0,0,0,0,0,0,0,0,0,0,0,0,0,0,0,0,0,0,0,0,0,0,0,0,0,0,0,0,0,0,0,0,1,0,0,0,0,0,0,0,0,0,0,0,0,0",peak_process_tree_rss_mb,012845c64333a713ece8bd629db7798ceb7bc7390978e5070fa46292ea01deb8,forb0007,data_table06_forb/forum-13crafc.forb0007.dzn,2,../noves/forum-13crafc.forb0007.dzn | ../noves/ticf-13crafc.forb0007.dzn,2,data_table06_forb/forum-13crafc.forb0007.dzn | data_table06_forb/ticf-13crafc.forb0007.dzn,https://imae.udg.edu/Recerca/LAI/,https://ima.udg.edu/Recerca/lai/b2b/b2b.zip,ee1f440ab3f6db27ab712300ad3a54a31ffd5ec1e06f81a9ac37cb7202c56528,2026-08-10T10:42:19+00:00,7200.0,,ee80a6fbd8b513f7c010668495c39621a371266a,True,3.10.12,1.8.dev25,instance-20260810-085803,Linux-6.8.0-1064-gcp-x86_64-with-glibc2.35,x86_64,4,8,15988.059,1,0,/home/g24021555/Business-Meeting-Scheduling-Problem/.venv/bin/python3 /home/g24021555/Business-Meeting-Scheduling-Problem/src/Main.py --manifest instances_manifest.csv --family forbidden --solver sat_all --objective-mode bg_d2 --domain-mode both --domain-filter-graph both --precedence-encoding both --precedence-graph both --encoding-variant imp12+ --sat-backend cadical --maxsat-backend uwrmaxsat --uwrmaxsat-bin /home/g24021555/uwrmaxsat/build/release/bin/uwrmaxsat --timeout 7200 --csv output/full_matrix_bg_d2_forbidden.csv,,,,,,,,incremental,,cadical,,staircase,sparse_suffix+distance_closure,1,58,"1,2,3,4,5,6,7,8,9,10,11,12,13,14,15,16,18,19,23,24,25,26,27,28,29,30,31,32,33,34,35,36,37,38,39,40,41,42,44,45,46,47,48,49,50,52,53,54,56,57,59,60,62,63,64,65,66,70",2435,799,0,0,"0,0,0,0,0,0,0,0,0,0,0,0,0,0,0,0,0,0,0,0,0,0,0,0,0,0,0,0,0,0,0,0,0,0,0,0,0,0,0,0,0,0,0,0,0,0,0,0,0,0,0,0,0,0,0,0,7,0,0,0,0,0,0,0,0,0,0,0,0,0","10,12,24,24,24,24,24,24,24,24,24,24,24,10,6,4,2,0,0,0,0","3,9,4,6,11,10,8,5,7,14,11,12,14,10,17,15,16,13,2,5,3,1,4,6,3,8,8,3,5,9,7,6,4,11,7,12,10,9,13,8,12,13,14,16,15,12,7,11,9,7,6,5,4,3,11,8,10,10,13,12,11,13,6,4,5,3,2,2,4,8,10,9,6,1,7,5,3,10,8,12,11,13,7,4,9,3,5,6,5,10,9,13,4,7,11,6,12,8,12,2,3,13,4,1,5,10,11,12,9,8,13,7,6,7,5,4,6,2,9,1,3,12,6,13,14,10,3,9,4,7,5,11,8,4,12,1,3,6,5,15,7,11,9,2,8,14,10,13,13,11,9,12,10,8",1:M22 M74 M104 M120 M136 | 2:M19 M67 M68 M100 M118 M144 | 3:M1 M21 M25 M28 M54 M66 M77 M86 M101 M121 M127 M137 | 4:M3 M23 M33 M53 M64 M69 M84 M93 M103 M116 M129 M134 | 5:M8 M20 M29 M52 M65 M76 M87 M89 M105 M115 M131 M139 | 6:M4 M24 M32 M51 M63 M73 M88 M96 M113 M117 M123 M138 | 7:M9 M31 M35 M47 M50 M75 M83 M94 M112 M114 M130 M141 | 8:M7 M26 M27 M40 M56 M70 M79 M98 M110 M133 M145 M154 | 9:M2 M30 M38 M49 M72 M85 M91 M109 M119 M128 M143 M151 | 10:M6 M14 M37 M57 M58 M71 M78 M90 M106 M126 M147 M153 | 11:M5 M11 M34 M48 M55 M61 M81 M95 M107 M132 M142 M150 | 12:M12 M36 M41 M46 M60 M80 M97 M99 M108 M122 M135 M152 | 13:M18 M39 M42 M59 M62 M82 M92 M102 M111 M124 M148 M149 | 14:M10 M13 M43 M125 M146 | 15:M16 M45 M140 | 16:M17 M44 | 17:M15 | 18: | 19: | 20: | 21:,"journal objective family: bg_d2 | F-selected distance-labelled E* domain propagation and cycle detection | precedence configuration: F=distance_closure, P=sparse_suffix, G=distance_closure | Reduced Domain variables after unary filtering + matching GAC + slot saturation | (20),(22)-(27) exactly once over reduced domains | (19) participant atMost-one per slot | (46),(47) clustered table capacity with compact forward channeling | (28) SparseSuffix precedence over distance_closure distance-labelled relations | exact break-group ends and unary break-group thresholds | exact schedule <-> usedSlot channeling | (43) exactly |Mp| reduced usedSlot variables | (44) atMost 2|L| busy participants per slot | (45) exact even number of busy participants | historical hard cap Delta_G <= 2",1,"(1,)",result
,,,,,,,,,forum-13crafc.forb0007,b2b-012845c64333a713,b2b-lineage-forum-13crafc,forbidden,R-SS-DC-ST-BGD2-NIS-CD-IC12P,Reduced,Filter-E*,SparseSuffix,DistanceClosure-E*,SpanThreshold,BreakGroupsD2,NonIncrementalSAT,IC12+,OPTIMAL,SAT,1,1,bg_d2,1,1,1,,,,,31.365108,False,213.387,,,,Compact,Compact/Reduced,project_implementation,restart-based multi-phase SAT,130023,,,,,,,259869,0,259869,2435,127588,738939,59,cfg5__m-reduced__p-sparse_suffix__g-distance_closure__b-span_threshold__o-break_groups_d2__s-nonincrementalsat__i-imp12plus__backend-cadical,cfg5__m-reduced__p-sparse_suffix__g-distance_closure__b-span_threshold__o-break_groups_d2__s-nonincrementalsat__i-imp12plus__backend-cadical,reduced,distance_closure,sparse_suffix,distance_closure,NonIncrementalSAT,CaDiCaL,1.5.3,imp12+,span_threshold,total_break_groups_subject_to_range_at_most_2,BGD2,IC12P,738939,0,0,339,97434,108726,53370,,0,580,7,,,,,,7,21600,43700,108460,85632,30.740454123000745,6,"formalism-specific model size: SAT/MaxSAT reports base CNF and soft clauses, MIP reports variables/linear constraints/nonzeros, and CP reports integer variables plus linear/global constraints; SAT bound/totalizer overhead remains separate in optimizer_added_*",3234,2435,2435,2435,0,0,0,0,0,0,0,1,0.077075,0.002523,0.355179,,0.357702,31.007405,"wall-clock from immediately before reading/parsing the .dzn instance through model construction, optimization, solution decoding, and independent validation; excludes worker-process startup and result-file export",7,7,7,1,1,"0,0,0,0,0,0,0,0,0,0,0,0,0,0,0,0,0,0,0,0,0,0,0,0,0,0,0,0,0,0,0,0,0,0,0,0,0,0,0,0,0,0,0,0,0,0,0,0,0,0,0,0,0,0,0,0,0,0,0,0,0,0,0,0,0,0,0,0,0,1",peak_process_tree_rss_mb,012845c64333a713ece8bd629db7798ceb7bc7390978e5070fa46292ea01deb8,forb0007,data_table06_forb/forum-13crafc.forb0007.dzn,2,../noves/forum-13crafc.forb0007.dzn | ../noves/ticf-13crafc.forb0007.dzn,2,data_table06_forb/forum-13crafc.forb0007.dzn | data_table06_forb/ticf-13crafc.forb0007.dzn,https://imae.udg.edu/Recerca/LAI/,https://ima.udg.edu/Recerca/lai/b2b/b2b.zip,ee1f440ab3f6db27ab712300ad3a54a31ffd5ec1e06f81a9ac37cb7202c56528,2026-08-10T10:42:19+00:00,7200.0,,ee80a6fbd8b513f7c010668495c39621a371266a,True,3.10.12,1.8.dev25,instance-20260810-085803,Linux-6.8.0-1064-gcp-x86_64-with-glibc2.35,x86_64,4,8,15988.059,1,0,/home/g24021555/Business-Meeting-Scheduling-Problem/.venv/bin/python3 /home/g24021555/Business-Meeting-Scheduling-Problem/src/Main.py --manifest instances_manifest.csv --family forbidden --solver sat_all --objective-mode bg_d2 --domain-mode both --domain-filter-graph both --precedence-encoding both --precedence-graph both --encoding-variant imp12+ --sat-backend cadical --maxsat-backend uwrmaxsat --uwrmaxsat-bin /home/g24021555/uwrmaxsat/build/release/bin/uwrmaxsat --timeout 7200 --csv output/full_matrix_bg_d2_forbidden.csv,,,,,,,,multiple,,cadical,,staircase,sparse_suffix+distance_closure,1,58,"1,2,3,4,5,6,7,8,9,10,11,12,13,14,15,16,18,19,23,24,25,26,27,28,29,30,31,32,33,34,35,36,37,38,39,40,41,42,44,45,46,47,48,49,50,52,53,54,56,57,59,60,62,63,64,65,66,70",2435,799,0,0,"0,0,0,0,0,0,0,0,0,0,0,0,0,0,0,0,0,0,0,0,0,0,0,0,0,0,0,0,0,0,0,0,0,0,0,0,0,0,0,0,0,0,0,0,0,0,0,0,0,0,0,0,0,0,0,0,0,0,0,0,0,0,0,0,0,0,0,0,0,7","10,12,24,24,24,24,24,24,24,24,24,24,24,10,6,4,2,0,0,0,0","4,9,7,8,11,3,5,10,6,14,12,11,13,10,17,16,15,14,2,5,3,1,4,6,3,8,8,3,7,9,5,6,4,11,9,12,8,7,13,10,12,13,14,16,15,11,7,12,4,7,9,5,6,3,10,11,8,10,13,11,12,13,2,5,3,6,4,5,9,8,10,4,6,7,2,1,3,10,6,12,11,13,3,4,9,5,7,8,5,10,7,12,4,6,11,9,13,8,12,8,9,13,11,10,6,10,12,13,5,9,11,7,8,9,7,4,3,2,1,6,5,11,7,13,14,10,6,5,4,9,12,3,8,3,12,4,11,6,9,15,8,5,10,7,1,14,2,13,13,2,4,12,3,1",1:M22 M76 M119 M145 M154 | 2:M19 M63 M75 M118 M147 M150 | 3:M6 M21 M25 M28 M54 M65 M77 M83 M117 M132 M134 M153 | 4:M1 M23 M33 M49 M67 M72 M84 M93 M116 M129 M136 M151 | 5:M7 M20 M31 M52 M64 M68 M86 M89 M109 M121 M128 M142 | 6:M9 M24 M32 M53 M66 M73 M79 M94 M105 M120 M127 M138 | 7:M3 M29 M38 M47 M50 M74 M87 M91 M112 M115 M123 M144 | 8:M4 M26 M27 M37 M57 M70 M88 M98 M100 M113 M133 M141 | 9:M2 M30 M35 M51 M69 M85 M96 M101 M110 M114 M130 M139 | 10:M8 M14 M40 M55 M58 M71 M78 M90 M104 M106 M126 M143 | 11:M5 M12 M34 M46 M56 M60 M81 M95 M103 M111 M122 M137 | 12:M11 M36 M41 M48 M61 M80 M92 M99 M107 M131 M135 M152 | 13:M13 M39 M42 M59 M62 M82 M97 M102 M108 M124 M148 M149 | 14:M10 M18 M43 M125 M146 | 15:M17 M45 M140 | 16:M16 M44 | 17:M15 | 18: | 19: | 20: | 21:,"journal objective family: bg_d2 | F-selected distance-labelled E* domain propagation and cycle detection | precedence configuration: F=distance_closure, P=sparse_suffix, G=distance_closure | Reduced Domain variables after unary filtering + matching GAC + slot saturation | (20),(22)-(27) exactly once over reduced domains | (19) participant atMost-one per slot | (46),(47) clustered table capacity with compact forward channeling | (28) SparseSuffix precedence over distance_closure distance-labelled relations | exact break-group ends and unary break-group thresholds | exact schedule <-> usedSlot channeling | (43) exactly |Mp| reduced usedSlot variables | (44) atMost 2|L| busy participants per slot | (45) exact even number of busy participants | historical hard cap Delta_G <= 2",1,"(1,)",result
,,,,,,,,,forum-13crafc.forb0007,b2b-012845c64333a713,b2b-lineage-forum-13crafc,forbidden,R-SS-DC-ST-BGD2-UW-IC12P,Reduced,Filter-E*,SparseSuffix,DistanceClosure-E*,SpanThreshold,BreakGroupsD2,UWrMaxSAT,IC12+,OPTIMAL,SAT,1,1,bg_d2,1,1,1,,,1,1,11.103769,False,207.984,,,,Compact,Compact/Reduced,project_implementation,one-shot weighted MaxSAT,130023,,,,,,,259869,580,260449,2435,127588,739519,59,cfg5__m-reduced__p-sparse_suffix__g-distance_closure__b-span_threshold__o-break_groups_d2__s-uwrmaxsat__i-imp12plus__backend-uwrmaxsat,cfg5__m-reduced__p-sparse_suffix__g-distance_closure__b-span_threshold__o-break_groups_d2__s-uwrmaxsat__i-imp12plus__backend-uwrmaxsat,reduced,distance_closure,sparse_suffix,distance_closure,UWrMaxSAT,UWrMaxSAT,binary-sha256:8c68c8a386d3d7847b50d315143c2bab60e3514e59510e84a649db83cb303876,imp12+,span_threshold,total_break_groups_subject_to_range_at_most_2,BGD2,IC12P,738939,580,1,339,97434,108726,53370,1,580,580,1,,,,,,0,0,0,0,0,,,"formalism-specific model size: SAT/MaxSAT reports base CNF and soft clauses, MIP reports variables/linear constraints/nonzeros, and CP reports integer variables plus linear/global constraints; SAT bound/totalizer overhead remains separate in optimizer_added_*",3234,2435,2435,2435,0,0,0,0,0,0,0,1,0.076092,0.002119,0.355461,,0.35758,10.746189,"wall-clock from immediately before reading/parsing the .dzn instance through model construction, optimization, solution decoding, and independent validation; excludes worker-process startup and result-file export",7,7,7,1,1,"0,0,0,0,0,0,0,0,0,0,0,0,0,0,0,0,0,0,0,0,0,0,0,0,0,0,0,0,0,0,0,0,0,0,0,0,0,0,0,0,0,0,0,0,0,0,0,0,0,0,0,0,0,0,0,0,1,0,0,0,0,0,0,0,0,0,0,0,0,0",peak_process_tree_rss_mb,012845c64333a713ece8bd629db7798ceb7bc7390978e5070fa46292ea01deb8,forb0007,data_table06_forb/forum-13crafc.forb0007.dzn,2,../noves/forum-13crafc.forb0007.dzn | ../noves/ticf-13crafc.forb0007.dzn,2,data_table06_forb/forum-13crafc.forb0007.dzn | data_table06_forb/ticf-13crafc.forb0007.dzn,https://imae.udg.edu/Recerca/LAI/,https://ima.udg.edu/Recerca/lai/b2b/b2b.zip,ee1f440ab3f6db27ab712300ad3a54a31ffd5ec1e06f81a9ac37cb7202c56528,2026-08-10T10:42:19+00:00,7200.0,,ee80a6fbd8b513f7c010668495c39621a371266a,True,3.10.12,1.8.dev25,instance-20260810-085803,Linux-6.8.0-1064-gcp-x86_64-with-glibc2.35,x86_64,4,8,15988.059,1,0,/home/g24021555/Business-Meeting-Scheduling-Problem/.venv/bin/python3 /home/g24021555/Business-Meeting-Scheduling-Problem/src/Main.py --manifest instances_manifest.csv --family forbidden --solver sat_all --objective-mode bg_d2 --domain-mode both --domain-filter-graph both --precedence-encoding both --precedence-graph both --encoding-variant imp12+ --sat-backend cadical --maxsat-backend uwrmaxsat --uwrmaxsat-bin /home/g24021555/uwrmaxsat/build/release/bin/uwrmaxsat --timeout 7200 --csv output/full_matrix_bg_d2_forbidden.csv,/home/g24021555/uwrmaxsat/build/release/bin/uwrmaxsat,8c68c8a386d3d7847b50d315143c2bab60e3514e59510e84a649db83cb303876,/home/g24021555/uwrmaxsat/build/release/bin/uwrmaxsat -m /tmp/b2b_uwrmaxsat_j35gghn4/forum-13crafc.forb0007.wcnf,,process exit code=30,,,maxsat,uwrmaxsat,,/home/g24021555/uwrmaxsat/build/release/bin/uwrmaxsat,staircase,sparse_suffix+distance_closure,1,58,"1,2,3,4,5,6,7,8,9,10,11,12,13,14,15,16,18,19,23,24,25,26,27,28,29,30,31,32,33,34,35,36,37,38,39,40,41,42,44,45,46,47,48,49,50,52,53,54,56,57,59,60,62,63,64,65,66,70",2435,799,0,0,"0,0,0,0,0,0,0,0,0,0,0,0,0,0,0,0,0,0,0,0,0,0,0,0,0,0,0,0,0,0,0,0,0,0,0,0,0,0,0,0,0,0,0,0,0,0,0,0,0,0,0,0,0,0,0,0,7,0,0,0,0,0,0,0,0,0,0,0,0,0","12,14,22,24,24,24,24,24,24,24,24,24,22,10,6,4,2,0,0,0,0","1,4,3,8,9,5,7,2,6,14,14,11,13,10,16,15,17,12,2,5,4,1,3,6,4,8,6,5,9,11,7,8,10,7,10,12,11,9,13,8,12,13,14,16,15,11,7,12,6,9,7,5,4,3,11,10,8,10,13,12,11,13,6,3,5,4,2,4,3,8,9,10,6,5,2,1,7,10,8,12,11,13,7,4,9,3,6,5,4,5,9,12,3,7,11,6,10,8,12,3,2,13,4,1,6,12,10,13,5,9,11,7,8,7,5,4,3,6,9,1,2,11,6,13,14,12,4,9,5,7,3,10,8,3,8,2,1,6,9,15,7,12,10,5,4,14,11,13,13,9,10,12,11,8",1:M1 M22 M76 M104 M120 M137 | 2:M8 M19 M67 M75 M101 M121 M136 | 3:M3 M23 M54 M64 M69 M86 M93 M100 M117 M131 M134 | 4:M2 M21 M25 M53 M66 M68 M84 M89 M103 M116 M127 M145 | 5:M6 M20 M28 M52 M65 M74 M88 M90 M109 M115 M129 M144 | 6:M9 M24 M27 M49 M63 M73 M87 M96 M105 M118 M123 M138 | 7:M7 M31 M34 M47 M51 M77 M83 M94 M112 M114 M130 M141 | 8:M4 M26 M32 M40 M57 M70 M79 M98 M113 M133 M135 M154 | 9:M5 M29 M38 M50 M71 M85 M91 M110 M119 M128 M139 M150 | 10:M14 M33 M35 M56 M58 M72 M78 M97 M107 M132 M143 M151 | 11:M12 M30 M37 M46 M55 M61 M81 M95 M111 M122 M147 M153 | 12:M18 M36 M41 M48 M60 M80 M92 M99 M106 M126 M142 M152 | 13:M13 M39 M42 M59 M62 M82 M102 M108 M124 M148 M149 | 14:M10 M11 M43 M125 M146 | 15:M16 M45 M140 | 16:M15 M44 | 17:M17 | 18: | 19: | 20: | 21:,"journal objective family: bg_d2 | F-selected distance-labelled E* domain propagation and cycle detection | precedence configuration: F=distance_closure, P=sparse_suffix, G=distance_closure | Reduced Domain variables after unary filtering + matching GAC + slot saturation | (20),(22)-(27) exactly once over reduced domains | (19) participant atMost-one per slot | (46),(47) clustered table capacity with compact forward channeling | (28) SparseSuffix precedence over distance_closure distance-labelled relations | exact break-group ends and unary break-group thresholds | exact schedule <-> usedSlot channeling | (43) exactly |Mp| reduced usedSlot variables | (44) atMost 2|L| busy participants per slot | (45) exact even number of busy participants | historical hard cap Delta_G <= 2",,,result
,,,,,,,,,forumt-14crafd.forb0003,b2b-01e07c6fc89d234b,b2b-lineage-forumt-14crafd,forbidden,F-PW-DE-ST-BGD2-IS-CD-IC12P,Full,Filter-E*,Pairwise,Direct-E,SpanThreshold,BreakGroupsD2,IncrementalSAT,IC12+,UNSAT,UNSAT,,,bg_d2,,,,,,,,0.164845,False,43.875,,,,Compact,Compact/Full,project_implementation,incremental multi-phase SAT with persistent solver state,31563,,,,,,,84182,0,84182,2360,29203,203400,60,cfg5__m-full__p-pairwise__g-direct__b-span_threshold__o-break_groups_d2__s-incrementalsat__i-imp12plus__backend-cadical,cfg5__m-full__p-pairwise__g-direct__b-span_threshold__o-break_groups_d2__s-incrementalsat__i-imp12plus__backend-cadical,full,distance_closure,pairwise,direct,IncrementalSAT,CaDiCaL,1.5.3,imp12+,span_threshold,total_break_groups_subject_to_range_at_most_2,BGD2,IC12P,203400,0,0,461,56723,22458,4540,,0,236,1,,,,,,0,0,0,0,0,,,"formalism-specific model size: SAT/MaxSAT reports base CNF and soft clauses, MIP reports variables/linear constraints/nonzeros, and CP reports integer variables plus linear/global constraints; SAT bound/totalizer overhead remains separate in optimizer_added_*",2360,2350,2341,2360,0,0,0,0,0,0,0,1,0.04645,0.002605,0.13086,,0.133465,0.03138,"wall-clock from immediately before reading/parsing the .dzn instance through model construction, optimization, solution decoding, and independent validation; excludes worker-process startup and result-file export",,,,,,,peak_process_tree_rss_mb,01e07c6fc89d234b5e99cbb04dfeb3e7a46a05e82f4e8c5bfd3ae5def6aa3b13,forb0003,data_table06_forb/forumt-14crafd.forb0003.dzn,2,../noves/forumt-14crafd.forb0003.dzn | ../noves/tic-14crafd.forb0003.dzn,2,data_table06_forb/forumt-14crafd.forb0003.dzn | data_table06_forb/tic-14crafd.forb0003.dzn,https://imae.udg.edu/Recerca/LAI/,https://ima.udg.edu/Recerca/lai/b2b/b2b.zip,ee1f440ab3f6db27ab712300ad3a54a31ffd5ec1e06f81a9ac37cb7202c56528,2026-08-10T10:42:19+00:00,7200.0,,ee80a6fbd8b513f7c010668495c39621a371266a,True,3.10.12,1.8.dev25,instance-20260810-085803,Linux-6.8.0-1064-gcp-x86_64-with-glibc2.35,x86_64,4,8,15988.059,1,0,/home/g24021555/Business-Meeting-Scheduling-Problem/.venv/bin/python3 /home/g24021555/Business-Meeting-Scheduling-Problem/src/Main.py --manifest instances_manifest.csv --family forbidden --solver sat_all --objective-mode bg_d2 --domain-mode both --domain-filter-graph both --precedence-encoding both --precedence-graph both --encoding-variant imp12+ --sat-backend cadical --maxsat-backend uwrmaxsat --uwrmaxsat-bin /home/g24021555/uwrmaxsat/build/release/bin/uwrmaxsat --timeout 7200 --csv output/full_matrix_bg_d2_forbidden.csv,,,,,,,,incremental,,cadical,,traditional,pairwise+direct,,59,"1,2,3,4,5,6,7,8,9,10,11,12,13,14,15,16,17,18,20,21,22,23,24,25,26,27,28,29,30,31,32,33,34,35,36,37,38,39,40,41,42,43,44,45,46,47,48,49,50,51,52,53,54,55,56,57,58,59,60",2350,10,9,9,,,,,"journal objective family: bg_d2 | F-selected distance-labelled E* domain propagation and cycle detection | precedence configuration: F=distance_closure, P=pairwise, G=direct | Full Domain MxT schedule variables + explicit unary exclusions | (20),(22)-(27) exactly once over full domains | (22)-(27) session/fixed/forbidden exclusions as hard unit clauses | (19) participant atMost-one per slot | (46),(47) clustered table capacity with compact forward channeling | (28) Pairwise precedence over direct distance-labelled relations | exact break-group ends and unary break-group thresholds | exact schedule <-> usedSlot channeling | (43) exactly |Mp| full usedSlot variables | (44) atMost 2|L| busy participants per slot | (45) exact even number of busy participants | historical hard cap Delta_G <= 2",,,result
,,,,,,,,,forumt-14crafd.forb0003,b2b-01e07c6fc89d234b,b2b-lineage-forumt-14crafd,forbidden,F-PW-DE-ST-BGD2-NIS-CD-IC12P,Full,Filter-E*,Pairwise,Direct-E,SpanThreshold,BreakGroupsD2,NonIncrementalSAT,IC12+,UNSAT,UNSAT,,,bg_d2,,,,,,,,0.161255,False,43.961,,,,Compact,Compact/Full,project_implementation,restart-based multi-phase SAT,31563,,,,,,,84182,0,84182,2360,29203,203400,60,cfg5__m-full__p-pairwise__g-direct__b-span_threshold__o-break_groups_d2__s-nonincrementalsat__i-imp12plus__backend-cadical,cfg5__m-full__p-pairwise__g-direct__b-span_threshold__o-break_groups_d2__s-nonincrementalsat__i-imp12plus__backend-cadical,full,distance_closure,pairwise,direct,NonIncrementalSAT,CaDiCaL,1.5.3,imp12+,span_threshold,total_break_groups_subject_to_range_at_most_2,BGD2,IC12P,203400,0,0,461,56723,22458,4540,,0,236,1,,,,,,0,0,0,0,0,,,"formalism-specific model size: SAT/MaxSAT reports base CNF and soft clauses, MIP reports variables/linear constraints/nonzeros, and CP reports integer variables plus linear/global constraints; SAT bound/totalizer overhead remains separate in optimizer_added_*",2360,2350,2341,2360,0,0,0,0,0,0,0,1,0.045166,0.003055,0.127847,,0.130902,0.030353,"wall-clock from immediately before reading/parsing the .dzn instance through model construction, optimization, solution decoding, and independent validation; excludes worker-process startup and result-file export",,,,,,,peak_process_tree_rss_mb,01e07c6fc89d234b5e99cbb04dfeb3e7a46a05e82f4e8c5bfd3ae5def6aa3b13,forb0003,data_table06_forb/forumt-14crafd.forb0003.dzn,2,../noves/forumt-14crafd.forb0003.dzn | ../noves/tic-14crafd.forb0003.dzn,2,data_table06_forb/forumt-14crafd.forb0003.dzn | data_table06_forb/tic-14crafd.forb0003.dzn,https://imae.udg.edu/Recerca/LAI/,https://ima.udg.edu/Recerca/lai/b2b/b2b.zip,ee1f440ab3f6db27ab712300ad3a54a31ffd5ec1e06f81a9ac37cb7202c56528,2026-08-10T10:42:19+00:00,7200.0,,ee80a6fbd8b513f7c010668495c39621a371266a,True,3.10.12,1.8.dev25,instance-20260810-085803,Linux-6.8.0-1064-gcp-x86_64-with-glibc2.35,x86_64,4,8,15988.059,1,0,/home/g24021555/Business-Meeting-Scheduling-Problem/.venv/bin/python3 /home/g24021555/Business-Meeting-Scheduling-Problem/src/Main.py --manifest instances_manifest.csv --family forbidden --solver sat_all --objective-mode bg_d2 --domain-mode both --domain-filter-graph both --precedence-encoding both --precedence-graph both --encoding-variant imp12+ --sat-backend cadical --maxsat-backend uwrmaxsat --uwrmaxsat-bin /home/g24021555/uwrmaxsat/build/release/bin/uwrmaxsat --timeout 7200 --csv output/full_matrix_bg_d2_forbidden.csv,,,,,,,,multiple,,cadical,,traditional,pairwise+direct,,59,"1,2,3,4,5,6,7,8,9,10,11,12,13,14,15,16,17,18,20,21,22,23,24,25,26,27,28,29,30,31,32,33,34,35,36,37,38,39,40,41,42,43,44,45,46,47,48,49,50,51,52,53,54,55,56,57,58,59,60",2350,10,9,9,,,,,"journal objective family: bg_d2 | F-selected distance-labelled E* domain propagation and cycle detection | precedence configuration: F=distance_closure, P=pairwise, G=direct | Full Domain MxT schedule variables + explicit unary exclusions | (20),(22)-(27) exactly once over full domains | (22)-(27) session/fixed/forbidden exclusions as hard unit clauses | (19) participant atMost-one per slot | (46),(47) clustered table capacity with compact forward channeling | (28) Pairwise precedence over direct distance-labelled relations | exact break-group ends and unary break-group thresholds | exact schedule <-> usedSlot channeling | (43) exactly |Mp| full usedSlot variables | (44) atMost 2|L| busy participants per slot | (45) exact even number of busy participants | historical hard cap Delta_G <= 2",,,result
,,,,,,,,,forumt-14crafd.forb0003,b2b-01e07c6fc89d234b,b2b-lineage-forumt-14crafd,forbidden,F-PW-DE-ST-BGD2-UW-IC12P,Full,Filter-E*,Pairwise,Direct-E,SpanThreshold,BreakGroupsD2,UWrMaxSAT,IC12+,UNSAT,UNSAT,,,bg_d2,,,,,,,1,0.293068,False,66.215,,,,Compact,Compact/Full,project_implementation,one-shot weighted MaxSAT,31563,,,,,,,84182,236,84418,2360,29203,203636,60,cfg5__m-full__p-pairwise__g-direct__b-span_threshold__o-break_groups_d2__s-uwrmaxsat__i-imp12plus__backend-uwrmaxsat,cfg5__m-full__p-pairwise__g-direct__b-span_threshold__o-break_groups_d2__s-uwrmaxsat__i-imp12plus__backend-uwrmaxsat,full,distance_closure,pairwise,direct,UWrMaxSAT,UWrMaxSAT,binary-sha256:8c68c8a386d3d7847b50d315143c2bab60e3514e59510e84a649db83cb303876,imp12+,span_threshold,total_break_groups_subject_to_range_at_most_2,BGD2,IC12P,203400,236,1,461,56723,22458,4540,1,236,236,1,,,,,,0,0,0,0,0,,,"formalism-specific model size: SAT/MaxSAT reports base CNF and soft clauses, MIP reports variables/linear constraints/nonzeros, and CP reports integer variables plus linear/global constraints; SAT bound/totalizer overhead remains separate in optimizer_added_*",2360,2350,2341,2360,0,0,0,0,0,0,0,1,0.045616,0.002629,0.127731,,0.13036,0.162708,"wall-clock from immediately before reading/parsing the .dzn instance through model construction, optimization, solution decoding, and independent validation; excludes worker-process startup and result-file export",,,,,,,peak_process_tree_rss_mb,01e07c6fc89d234b5e99cbb04dfeb3e7a46a05e82f4e8c5bfd3ae5def6aa3b13,forb0003,data_table06_forb/forumt-14crafd.forb0003.dzn,2,../noves/forumt-14crafd.forb0003.dzn | ../noves/tic-14crafd.forb0003.dzn,2,data_table06_forb/forumt-14crafd.forb0003.dzn | data_table06_forb/tic-14crafd.forb0003.dzn,https://imae.udg.edu/Recerca/LAI/,https://ima.udg.edu/Recerca/lai/b2b/b2b.zip,ee1f440ab3f6db27ab712300ad3a54a31ffd5ec1e06f81a9ac37cb7202c56528,2026-08-10T10:42:19+00:00,7200.0,,ee80a6fbd8b513f7c010668495c39621a371266a,True,3.10.12,1.8.dev25,instance-20260810-085803,Linux-6.8.0-1064-gcp-x86_64-with-glibc2.35,x86_64,4,8,15988.059,1,0,/home/g24021555/Business-Meeting-Scheduling-Problem/.venv/bin/python3 /home/g24021555/Business-Meeting-Scheduling-Problem/src/Main.py --manifest instances_manifest.csv --family forbidden --solver sat_all --objective-mode bg_d2 --domain-mode both --domain-filter-graph both --precedence-encoding both --precedence-graph both --encoding-variant imp12+ --sat-backend cadical --maxsat-backend uwrmaxsat --uwrmaxsat-bin /home/g24021555/uwrmaxsat/build/release/bin/uwrmaxsat --timeout 7200 --csv output/full_matrix_bg_d2_forbidden.csv,/home/g24021555/uwrmaxsat/build/release/bin/uwrmaxsat,8c68c8a386d3d7847b50d315143c2bab60e3514e59510e84a649db83cb303876,/home/g24021555/uwrmaxsat/build/release/bin/uwrmaxsat -m /tmp/b2b_uwrmaxsat_dkz7g7xy/forumt-14crafd.forb0003.wcnf,,process exit code=20,,,maxsat,uwrmaxsat,,/home/g24021555/uwrmaxsat/build/release/bin/uwrmaxsat,traditional,pairwise+direct,,59,"1,2,3,4,5,6,7,8,9,10,11,12,13,14,15,16,17,18,20,21,22,23,24,25,26,27,28,29,30,31,32,33,34,35,36,37,38,39,40,41,42,43,44,45,46,47,48,49,50,51,52,53,54,55,56,57,58,59,60",2350,10,9,9,,,,,"journal objective family: bg_d2 | F-selected distance-labelled E* domain propagation and cycle detection | precedence configuration: F=distance_closure, P=pairwise, G=direct | Full Domain MxT schedule variables + explicit unary exclusions | (20),(22)-(27) exactly once over full domains | (22)-(27) session/fixed/forbidden exclusions as hard unit clauses | (19) participant atMost-one per slot | (46),(47) clustered table capacity with compact forward channeling | (28) Pairwise precedence over direct distance-labelled relations | exact break-group ends and unary break-group thresholds | exact schedule <-> usedSlot channeling | (43) exactly |Mp| full usedSlot variables | (44) atMost 2|L| busy participants per slot | (45) exact even number of busy participants | historical hard cap Delta_G <= 2",,,result
,,,,,,,,,forumt-14crafd.forb0003,b2b-01e07c6fc89d234b,b2b-lineage-forumt-14crafd,forbidden,F-PW-DC-ST-BGD2-IS-CD-IC12P,Full,Filter-E*,Pairwise,DistanceClosure-E*,SpanThreshold,BreakGroupsD2,IncrementalSAT,IC12+,UNSAT,UNSAT,,,bg_d2,,,,,,,,0.169529,False,47.68,,,,Compact,Compact/Full,project_implementation,incremental multi-phase SAT with persistent solver state,31563,,,,,,,84182,0,84182,2360,29203,203400,60,cfg5__m-full__p-pairwise__g-distance_closure__b-span_threshold__o-break_groups_d2__s-incrementalsat__i-imp12plus__backend-cadical,cfg5__m-full__p-pairwise__g-distance_closure__b-span_threshold__o-break_groups_d2__s-incrementalsat__i-imp12plus__backend-cadical,full,distance_closure,pairwise,distance_closure,IncrementalSAT,CaDiCaL,1.5.3,imp12+,span_threshold,total_break_groups_subject_to_range_at_most_2,BGD2,IC12P,203400,0,0,461,56723,22458,4540,,0,236,1,,,,,,0,0,0,0,0,,,"formalism-specific model size: SAT/MaxSAT reports base CNF and soft clauses, MIP reports variables/linear constraints/nonzeros, and CP reports integer variables plus linear/global constraints; SAT bound/totalizer overhead remains separate in optimizer_added_*",2360,2350,2341,2360,0,0,0,0,0,0,0,1,0.046105,0.002898,0.132785,,0.135683,0.033846,"wall-clock from immediately before reading/parsing the .dzn instance through model construction, optimization, solution decoding, and independent validation; excludes worker-process startup and result-file export",,,,,,,peak_process_tree_rss_mb,01e07c6fc89d234b5e99cbb04dfeb3e7a46a05e82f4e8c5bfd3ae5def6aa3b13,forb0003,data_table06_forb/forumt-14crafd.forb0003.dzn,2,../noves/forumt-14crafd.forb0003.dzn | ../noves/tic-14crafd.forb0003.dzn,2,data_table06_forb/forumt-14crafd.forb0003.dzn | data_table06_forb/tic-14crafd.forb0003.dzn,https://imae.udg.edu/Recerca/LAI/,https://ima.udg.edu/Recerca/lai/b2b/b2b.zip,ee1f440ab3f6db27ab712300ad3a54a31ffd5ec1e06f81a9ac37cb7202c56528,2026-08-10T10:42:19+00:00,7200.0,,ee80a6fbd8b513f7c010668495c39621a371266a,True,3.10.12,1.8.dev25,instance-20260810-085803,Linux-6.8.0-1064-gcp-x86_64-with-glibc2.35,x86_64,4,8,15988.059,1,0,/home/g24021555/Business-Meeting-Scheduling-Problem/.venv/bin/python3 /home/g24021555/Business-Meeting-Scheduling-Problem/src/Main.py --manifest instances_manifest.csv --family forbidden --solver sat_all --objective-mode bg_d2 --domain-mode both --domain-filter-graph both --precedence-encoding both --precedence-graph both --encoding-variant imp12+ --sat-backend cadical --maxsat-backend uwrmaxsat --uwrmaxsat-bin /home/g24021555/uwrmaxsat/build/release/bin/uwrmaxsat --timeout 7200 --csv output/full_matrix_bg_d2_forbidden.csv,,,,,,,,incremental,,cadical,,factorial,pairwise+distance_closure,,59,"1,2,3,4,5,6,7,8,9,10,11,12,13,14,15,16,17,18,20,21,22,23,24,25,26,27,28,29,30,31,32,33,34,35,36,37,38,39,40,41,42,43,44,45,46,47,48,49,50,51,52,53,54,55,56,57,58,59,60",2350,10,9,9,,,,,"journal objective family: bg_d2 | F-selected distance-labelled E* domain propagation and cycle detection | precedence configuration: F=distance_closure, P=pairwise, G=distance_closure | Full Domain MxT schedule variables + explicit unary exclusions | (20),(22)-(27) exactly once over full domains | (22)-(27) session/fixed/forbidden exclusions as hard unit clauses | (19) participant atMost-one per slot | (46),(47) clustered table capacity with compact forward channeling | (28) Pairwise precedence over distance_closure distance-labelled relations | exact break-group ends and unary break-group thresholds | exact schedule <-> usedSlot channeling | (43) exactly |Mp| full usedSlot variables | (44) atMost 2|L| busy participants per slot | (45) exact even number of busy participants | historical hard cap Delta_G <= 2",,,result
,,,,,,,,,forumt-14crafd.forb0003,b2b-01e07c6fc89d234b,b2b-lineage-forumt-14crafd,forbidden,F-PW-DC-ST-BGD2-NIS-CD-IC12P,Full,Filter-E*,Pairwise,DistanceClosure-E*,SpanThreshold,BreakGroupsD2,NonIncrementalSAT,IC12+,UNSAT,UNSAT,,,bg_d2,,,,,,,,0.159403,False,44.211,,,,Compact,Compact/Full,project_implementation,restart-based multi-phase SAT,31563,,,,,,,84182,0,84182,2360,29203,203400,60,cfg5__m-full__p-pairwise__g-distance_closure__b-span_threshold__o-break_groups_d2__s-nonincrementalsat__i-imp12plus__backend-cadical,cfg5__m-full__p-pairwise__g-distance_closure__b-span_threshold__o-break_groups_d2__s-nonincrementalsat__i-imp12plus__backend-cadical,full,distance_closure,pairwise,distance_closure,NonIncrementalSAT,CaDiCaL,1.5.3,imp12+,span_threshold,total_break_groups_subject_to_range_at_most_2,BGD2,IC12P,203400,0,0,461,56723,22458,4540,,0,236,1,,,,,,0,0,0,0,0,,,"formalism-specific model size: SAT/MaxSAT reports base CNF and soft clauses, MIP reports variables/linear constraints/nonzeros, and CP reports integer variables plus linear/global constraints; SAT bound/totalizer overhead remains separate in optimizer_added_*",2360,2350,2341,2360,0,0,0,0,0,0,0,1,0.044574,0.002677,0.125877,,0.128553,0.03085,"wall-clock from immediately before reading/parsing the .dzn instance through model construction, optimization, solution decoding, and independent validation; excludes worker-process startup and result-file export",,,,,,,peak_process_tree_rss_mb,01e07c6fc89d234b5e99cbb04dfeb3e7a46a05e82f4e8c5bfd3ae5def6aa3b13,forb0003,data_table06_forb/forumt-14crafd.forb0003.dzn,2,../noves/forumt-14crafd.forb0003.dzn | ../noves/tic-14crafd.forb0003.dzn,2,data_table06_forb/forumt-14crafd.forb0003.dzn | data_table06_forb/tic-14crafd.forb0003.dzn,https://imae.udg.edu/Recerca/LAI/,https://ima.udg.edu/Recerca/lai/b2b/b2b.zip,ee1f440ab3f6db27ab712300ad3a54a31ffd5ec1e06f81a9ac37cb7202c56528,2026-08-10T10:42:19+00:00,7200.0,,ee80a6fbd8b513f7c010668495c39621a371266a,True,3.10.12,1.8.dev25,instance-20260810-085803,Linux-6.8.0-1064-gcp-x86_64-with-glibc2.35,x86_64,4,8,15988.059,1,0,/home/g24021555/Business-Meeting-Scheduling-Problem/.venv/bin/python3 /home/g24021555/Business-Meeting-Scheduling-Problem/src/Main.py --manifest instances_manifest.csv --family forbidden --solver sat_all --objective-mode bg_d2 --domain-mode both --domain-filter-graph both --precedence-encoding both --precedence-graph both --encoding-variant imp12+ --sat-backend cadical --maxsat-backend uwrmaxsat --uwrmaxsat-bin /home/g24021555/uwrmaxsat/build/release/bin/uwrmaxsat --timeout 7200 --csv output/full_matrix_bg_d2_forbidden.csv,,,,,,,,multiple,,cadical,,factorial,pairwise+distance_closure,,59,"1,2,3,4,5,6,7,8,9,10,11,12,13,14,15,16,17,18,20,21,22,23,24,25,26,27,28,29,30,31,32,33,34,35,36,37,38,39,40,41,42,43,44,45,46,47,48,49,50,51,52,53,54,55,56,57,58,59,60",2350,10,9,9,,,,,"journal objective family: bg_d2 | F-selected distance-labelled E* domain propagation and cycle detection | precedence configuration: F=distance_closure, P=pairwise, G=distance_closure | Full Domain MxT schedule variables + explicit unary exclusions | (20),(22)-(27) exactly once over full domains | (22)-(27) session/fixed/forbidden exclusions as hard unit clauses | (19) participant atMost-one per slot | (46),(47) clustered table capacity with compact forward channeling | (28) Pairwise precedence over distance_closure distance-labelled relations | exact break-group ends and unary break-group thresholds | exact schedule <-> usedSlot channeling | (43) exactly |Mp| full usedSlot variables | (44) atMost 2|L| busy participants per slot | (45) exact even number of busy participants | historical hard cap Delta_G <= 2",,,result
,,,,,,,,,forumt-14crafd.forb0003,b2b-01e07c6fc89d234b,b2b-lineage-forumt-14crafd,forbidden,F-PW-DC-ST-BGD2-UW-IC12P,Full,Filter-E*,Pairwise,DistanceClosure-E*,SpanThreshold,BreakGroupsD2,UWrMaxSAT,IC12+,UNSAT,UNSAT,,,bg_d2,,,,,,,1,0.301781,False,66.0,,,,Compact,Compact/Full,project_implementation,one-shot weighted MaxSAT,31563,,,,,,,84182,236,84418,2360,29203,203636,60,cfg5__m-full__p-pairwise__g-distance_closure__b-span_threshold__o-break_groups_d2__s-uwrmaxsat__i-imp12plus__backend-uwrmaxsat,cfg5__m-full__p-pairwise__g-distance_closure__b-span_threshold__o-break_groups_d2__s-uwrmaxsat__i-imp12plus__backend-uwrmaxsat,full,distance_closure,pairwise,distance_closure,UWrMaxSAT,UWrMaxSAT,binary-sha256:8c68c8a386d3d7847b50d315143c2bab60e3514e59510e84a649db83cb303876,imp12+,span_threshold,total_break_groups_subject_to_range_at_most_2,BGD2,IC12P,203400,236,1,461,56723,22458,4540,1,236,236,1,,,,,,0,0,0,0,0,,,"formalism-specific model size: SAT/MaxSAT reports base CNF and soft clauses, MIP reports variables/linear constraints/nonzeros, and CP reports integer variables plus linear/global constraints; SAT bound/totalizer overhead remains separate in optimizer_added_*",2360,2350,2341,2360,0,0,0,0,0,0,0,1,0.04555,0.002627,0.134813,,0.13744,0.164341,"wall-clock from immediately before reading/parsing the .dzn instance through model construction, optimization, solution decoding, and independent validation; excludes worker-process startup and result-file export",,,,,,,peak_process_tree_rss_mb,01e07c6fc89d234b5e99cbb04dfeb3e7a46a05e82f4e8c5bfd3ae5def6aa3b13,forb0003,data_table06_forb/forumt-14crafd.forb0003.dzn,2,../noves/forumt-14crafd.forb0003.dzn | ../noves/tic-14crafd.forb0003.dzn,2,data_table06_forb/forumt-14crafd.forb0003.dzn | data_table06_forb/tic-14crafd.forb0003.dzn,https://imae.udg.edu/Recerca/LAI/,https://ima.udg.edu/Recerca/lai/b2b/b2b.zip,ee1f440ab3f6db27ab712300ad3a54a31ffd5ec1e06f81a9ac37cb7202c56528,2026-08-10T10:42:19+00:00,7200.0,,ee80a6fbd8b513f7c010668495c39621a371266a,True,3.10.12,1.8.dev25,instance-20260810-085803,Linux-6.8.0-1064-gcp-x86_64-with-glibc2.35,x86_64,4,8,15988.059,1,0,/home/g24021555/Business-Meeting-Scheduling-Problem/.venv/bin/python3 /home/g24021555/Business-Meeting-Scheduling-Problem/src/Main.py --manifest instances_manifest.csv --family forbidden --solver sat_all --objective-mode bg_d2 --domain-mode both --domain-filter-graph both --precedence-encoding both --precedence-graph both --encoding-variant imp12+ --sat-backend cadical --maxsat-backend uwrmaxsat --uwrmaxsat-bin /home/g24021555/uwrmaxsat/build/release/bin/uwrmaxsat --timeout 7200 --csv output/full_matrix_bg_d2_forbidden.csv,/home/g24021555/uwrmaxsat/build/release/bin/uwrmaxsat,8c68c8a386d3d7847b50d315143c2bab60e3514e59510e84a649db83cb303876,/home/g24021555/uwrmaxsat/build/release/bin/uwrmaxsat -m /tmp/b2b_uwrmaxsat_g72xhfsi/forumt-14crafd.forb0003.wcnf,,process exit code=20,,,maxsat,uwrmaxsat,,/home/g24021555/uwrmaxsat/build/release/bin/uwrmaxsat,factorial,pairwise+distance_closure,,59,"1,2,3,4,5,6,7,8,9,10,11,12,13,14,15,16,17,18,20,21,22,23,24,25,26,27,28,29,30,31,32,33,34,35,36,37,38,39,40,41,42,43,44,45,46,47,48,49,50,51,52,53,54,55,56,57,58,59,60",2350,10,9,9,,,,,"journal objective family: bg_d2 | F-selected distance-labelled E* domain propagation and cycle detection | precedence configuration: F=distance_closure, P=pairwise, G=distance_closure | Full Domain MxT schedule variables + explicit unary exclusions | (20),(22)-(27) exactly once over full domains | (22)-(27) session/fixed/forbidden exclusions as hard unit clauses | (19) participant atMost-one per slot | (46),(47) clustered table capacity with compact forward channeling | (28) Pairwise precedence over distance_closure distance-labelled relations | exact break-group ends and unary break-group thresholds | exact schedule <-> usedSlot channeling | (43) exactly |Mp| full usedSlot variables | (44) atMost 2|L| busy participants per slot | (45) exact even number of busy participants | historical hard cap Delta_G <= 2",,,result
,,,,,,,,,forumt-14crafd.forb0003,b2b-01e07c6fc89d234b,b2b-lineage-forumt-14crafd,forbidden,F-SS-DE-ST-BGD2-IS-CD-IC12P,Full,Filter-E*,SparseSuffix,Direct-E,SpanThreshold,BreakGroupsD2,IncrementalSAT,IC12+,UNSAT,UNSAT,,,bg_d2,,,,,,,,0.163719,False,43.836,,,,Compact,Compact/Full,project_implementation,incremental multi-phase SAT with persistent solver state,31563,,,,,,,84182,0,84182,2360,29203,203400,60,cfg5__m-full__p-sparse_suffix__g-direct__b-span_threshold__o-break_groups_d2__s-incrementalsat__i-imp12plus__backend-cadical,cfg5__m-full__p-sparse_suffix__g-direct__b-span_threshold__o-break_groups_d2__s-incrementalsat__i-imp12plus__backend-cadical,full,distance_closure,sparse_suffix,direct,IncrementalSAT,CaDiCaL,1.5.3,imp12+,span_threshold,total_break_groups_subject_to_range_at_most_2,BGD2,IC12P,203400,0,0,461,56723,22458,4540,,0,236,1,,,,,,0,0,0,0,0,,,"formalism-specific model size: SAT/MaxSAT reports base CNF and soft clauses, MIP reports variables/linear constraints/nonzeros, and CP reports integer variables plus linear/global constraints; SAT bound/totalizer overhead remains separate in optimizer_added_*",2360,2350,2341,2360,0,0,0,0,0,0,0,1,0.04509,0.002634,0.13047,,0.133104,0.030615,"wall-clock from immediately before reading/parsing the .dzn instance through model construction, optimization, solution decoding, and independent validation; excludes worker-process startup and result-file export",,,,,,,peak_process_tree_rss_mb,01e07c6fc89d234b5e99cbb04dfeb3e7a46a05e82f4e8c5bfd3ae5def6aa3b13,forb0003,data_table06_forb/forumt-14crafd.forb0003.dzn,2,../noves/forumt-14crafd.forb0003.dzn | ../noves/tic-14crafd.forb0003.dzn,2,data_table06_forb/forumt-14crafd.forb0003.dzn | data_table06_forb/tic-14crafd.forb0003.dzn,https://imae.udg.edu/Recerca/LAI/,https://ima.udg.edu/Recerca/lai/b2b/b2b.zip,ee1f440ab3f6db27ab712300ad3a54a31ffd5ec1e06f81a9ac37cb7202c56528,2026-08-10T10:42:19+00:00,7200.0,,ee80a6fbd8b513f7c010668495c39621a371266a,True,3.10.12,1.8.dev25,instance-20260810-085803,Linux-6.8.0-1064-gcp-x86_64-with-glibc2.35,x86_64,4,8,15988.059,1,0,/home/g24021555/Business-Meeting-Scheduling-Problem/.venv/bin/python3 /home/g24021555/Business-Meeting-Scheduling-Problem/src/Main.py --manifest instances_manifest.csv --family forbidden --solver sat_all --objective-mode bg_d2 --domain-mode both --domain-filter-graph both --precedence-encoding both --precedence-graph both --encoding-variant imp12+ --sat-backend cadical --maxsat-backend uwrmaxsat --uwrmaxsat-bin /home/g24021555/uwrmaxsat/build/release/bin/uwrmaxsat --timeout 7200 --csv output/full_matrix_bg_d2_forbidden.csv,,,,,,,,incremental,,cadical,,factorial,sparse_suffix+direct,,59,"1,2,3,4,5,6,7,8,9,10,11,12,13,14,15,16,17,18,20,21,22,23,24,25,26,27,28,29,30,31,32,33,34,35,36,37,38,39,40,41,42,43,44,45,46,47,48,49,50,51,52,53,54,55,56,57,58,59,60",2350,10,9,9,,,,,"journal objective family: bg_d2 | F-selected distance-labelled E* domain propagation and cycle detection | precedence configuration: F=distance_closure, P=sparse_suffix, G=direct | Full Domain MxT schedule variables + explicit unary exclusions | (20),(22)-(27) exactly once over full domains | (22)-(27) session/fixed/forbidden exclusions as hard unit clauses | (19) participant atMost-one per slot | (46),(47) clustered table capacity with compact forward channeling | (28) SparseSuffix precedence over direct distance-labelled relations | exact break-group ends and unary break-group thresholds | exact schedule <-> usedSlot channeling | (43) exactly |Mp| full usedSlot variables | (44) atMost 2|L| busy participants per slot | (45) exact even number of busy participants | historical hard cap Delta_G <= 2",,,result
,,,,,,,,,forumt-14crafd.forb0003,b2b-01e07c6fc89d234b,b2b-lineage-forumt-14crafd,forbidden,F-SS-DE-ST-BGD2-NIS-CD-IC12P,Full,Filter-E*,SparseSuffix,Direct-E,SpanThreshold,BreakGroupsD2,NonIncrementalSAT,IC12+,UNSAT,UNSAT,,,bg_d2,,,,,,,,0.162295,False,43.84,,,,Compact,Compact/Full,project_implementation,restart-based multi-phase SAT,31563,,,,,,,84182,0,84182,2360,29203,203400,60,cfg5__m-full__p-sparse_suffix__g-direct__b-span_threshold__o-break_groups_d2__s-nonincrementalsat__i-imp12plus__backend-cadical,cfg5__m-full__p-sparse_suffix__g-direct__b-span_threshold__o-break_groups_d2__s-nonincrementalsat__i-imp12plus__backend-cadical,full,distance_closure,sparse_suffix,direct,NonIncrementalSAT,CaDiCaL,1.5.3,imp12+,span_threshold,total_break_groups_subject_to_range_at_most_2,BGD2,IC12P,203400,0,0,461,56723,22458,4540,,0,236,1,,,,,,0,0,0,0,0,,,"formalism-specific model size: SAT/MaxSAT reports base CNF and soft clauses, MIP reports variables/linear constraints/nonzeros, and CP reports integer variables plus linear/global constraints; SAT bound/totalizer overhead remains separate in optimizer_added_*",2360,2350,2341,2360,0,0,0,0,0,0,0,1,0.045576,0.00263,0.128858,,0.131488,0.030808,"wall-clock from immediately before reading/parsing the .dzn instance through model construction, optimization, solution decoding, and independent validation; excludes worker-process startup and result-file export",,,,,,,peak_process_tree_rss_mb,01e07c6fc89d234b5e99cbb04dfeb3e7a46a05e82f4e8c5bfd3ae5def6aa3b13,forb0003,data_table06_forb/forumt-14crafd.forb0003.dzn,2,../noves/forumt-14crafd.forb0003.dzn | ../noves/tic-14crafd.forb0003.dzn,2,data_table06_forb/forumt-14crafd.forb0003.dzn | data_table06_forb/tic-14crafd.forb0003.dzn,https://imae.udg.edu/Recerca/LAI/,https://ima.udg.edu/Recerca/lai/b2b/b2b.zip,ee1f440ab3f6db27ab712300ad3a54a31ffd5ec1e06f81a9ac37cb7202c56528,2026-08-10T10:42:19+00:00,7200.0,,ee80a6fbd8b513f7c010668495c39621a371266a,True,3.10.12,1.8.dev25,instance-20260810-085803,Linux-6.8.0-1064-gcp-x86_64-with-glibc2.35,x86_64,4,8,15988.059,1,0,/home/g24021555/Business-Meeting-Scheduling-Problem/.venv/bin/python3 /home/g24021555/Business-Meeting-Scheduling-Problem/src/Main.py --manifest instances_manifest.csv --family forbidden --solver sat_all --objective-mode bg_d2 --domain-mode both --domain-filter-graph both --precedence-encoding both --precedence-graph both --encoding-variant imp12+ --sat-backend cadical --maxsat-backend uwrmaxsat --uwrmaxsat-bin /home/g24021555/uwrmaxsat/build/release/bin/uwrmaxsat --timeout 7200 --csv output/full_matrix_bg_d2_forbidden.csv,,,,,,,,multiple,,cadical,,factorial,sparse_suffix+direct,,59,"1,2,3,4,5,6,7,8,9,10,11,12,13,14,15,16,17,18,20,21,22,23,24,25,26,27,28,29,30,31,32,33,34,35,36,37,38,39,40,41,42,43,44,45,46,47,48,49,50,51,52,53,54,55,56,57,58,59,60",2350,10,9,9,,,,,"journal objective family: bg_d2 | F-selected distance-labelled E* domain propagation and cycle detection | precedence configuration: F=distance_closure, P=sparse_suffix, G=direct | Full Domain MxT schedule variables + explicit unary exclusions | (20),(22)-(27) exactly once over full domains | (22)-(27) session/fixed/forbidden exclusions as hard unit clauses | (19) participant atMost-one per slot | (46),(47) clustered table capacity with compact forward channeling | (28) SparseSuffix precedence over direct distance-labelled relations | exact break-group ends and unary break-group thresholds | exact schedule <-> usedSlot channeling | (43) exactly |Mp| full usedSlot variables | (44) atMost 2|L| busy participants per slot | (45) exact even number of busy participants | historical hard cap Delta_G <= 2",,,result
,,,,,,,,,forumt-14crafd.forb0003,b2b-01e07c6fc89d234b,b2b-lineage-forumt-14crafd,forbidden,F-SS-DE-ST-BGD2-UW-IC12P,Full,Filter-E*,SparseSuffix,Direct-E,SpanThreshold,BreakGroupsD2,UWrMaxSAT,IC12+,UNSAT,UNSAT,,,bg_d2,,,,,,,1,0.304476,False,66.203,,,,Compact,Compact/Full,project_implementation,one-shot weighted MaxSAT,31563,,,,,,,84182,236,84418,2360,29203,203636,60,cfg5__m-full__p-sparse_suffix__g-direct__b-span_threshold__o-break_groups_d2__s-uwrmaxsat__i-imp12plus__backend-uwrmaxsat,cfg5__m-full__p-sparse_suffix__g-direct__b-span_threshold__o-break_groups_d2__s-uwrmaxsat__i-imp12plus__backend-uwrmaxsat,full,distance_closure,sparse_suffix,direct,UWrMaxSAT,UWrMaxSAT,binary-sha256:8c68c8a386d3d7847b50d315143c2bab60e3514e59510e84a649db83cb303876,imp12+,span_threshold,total_break_groups_subject_to_range_at_most_2,BGD2,IC12P,203400,236,1,461,56723,22458,4540,1,236,236,1,,,,,,0,0,0,0,0,,,"formalism-specific model size: SAT/MaxSAT reports base CNF and soft clauses, MIP reports variables/linear constraints/nonzeros, and CP reports integer variables plus linear/global constraints; SAT bound/totalizer overhead remains separate in optimizer_added_*",2360,2350,2341,2360,0,0,0,0,0,0,0,1,0.046123,0.002667,0.134792,,0.137459,0.167016,"wall-clock from immediately before reading/parsing the .dzn instance through model construction, optimization, solution decoding, and independent validation; excludes worker-process startup and result-file export",,,,,,,peak_process_tree_rss_mb,01e07c6fc89d234b5e99cbb04dfeb3e7a46a05e82f4e8c5bfd3ae5def6aa3b13,forb0003,data_table06_forb/forumt-14crafd.forb0003.dzn,2,../noves/forumt-14crafd.forb0003.dzn | ../noves/tic-14crafd.forb0003.dzn,2,data_table06_forb/forumt-14crafd.forb0003.dzn | data_table06_forb/tic-14crafd.forb0003.dzn,https://imae.udg.edu/Recerca/LAI/,https://ima.udg.edu/Recerca/lai/b2b/b2b.zip,ee1f440ab3f6db27ab712300ad3a54a31ffd5ec1e06f81a9ac37cb7202c56528,2026-08-10T10:42:19+00:00,7200.0,,ee80a6fbd8b513f7c010668495c39621a371266a,True,3.10.12,1.8.dev25,instance-20260810-085803,Linux-6.8.0-1064-gcp-x86_64-with-glibc2.35,x86_64,4,8,15988.059,1,0,/home/g24021555/Business-Meeting-Scheduling-Problem/.venv/bin/python3 /home/g24021555/Business-Meeting-Scheduling-Problem/src/Main.py --manifest instances_manifest.csv --family forbidden --solver sat_all --objective-mode bg_d2 --domain-mode both --domain-filter-graph both --precedence-encoding both --precedence-graph both --encoding-variant imp12+ --sat-backend cadical --maxsat-backend uwrmaxsat --uwrmaxsat-bin /home/g24021555/uwrmaxsat/build/release/bin/uwrmaxsat --timeout 7200 --csv output/full_matrix_bg_d2_forbidden.csv,/home/g24021555/uwrmaxsat/build/release/bin/uwrmaxsat,8c68c8a386d3d7847b50d315143c2bab60e3514e59510e84a649db83cb303876,/home/g24021555/uwrmaxsat/build/release/bin/uwrmaxsat -m /tmp/b2b_uwrmaxsat_mt19avzb/forumt-14crafd.forb0003.wcnf,,process exit code=20,,,maxsat,uwrmaxsat,,/home/g24021555/uwrmaxsat/build/release/bin/uwrmaxsat,factorial,sparse_suffix+direct,,59,"1,2,3,4,5,6,7,8,9,10,11,12,13,14,15,16,17,18,20,21,22,23,24,25,26,27,28,29,30,31,32,33,34,35,36,37,38,39,40,41,42,43,44,45,46,47,48,49,50,51,52,53,54,55,56,57,58,59,60",2350,10,9,9,,,,,"journal objective family: bg_d2 | F-selected distance-labelled E* domain propagation and cycle detection | precedence configuration: F=distance_closure, P=sparse_suffix, G=direct | Full Domain MxT schedule variables + explicit unary exclusions | (20),(22)-(27) exactly once over full domains | (22)-(27) session/fixed/forbidden exclusions as hard unit clauses | (19) participant atMost-one per slot | (46),(47) clustered table capacity with compact forward channeling | (28) SparseSuffix precedence over direct distance-labelled relations | exact break-group ends and unary break-group thresholds | exact schedule <-> usedSlot channeling | (43) exactly |Mp| full usedSlot variables | (44) atMost 2|L| busy participants per slot | (45) exact even number of busy participants | historical hard cap Delta_G <= 2",,,result
,,,,,,,,,forumt-14crafd.forb0003,b2b-01e07c6fc89d234b,b2b-lineage-forumt-14crafd,forbidden,F-SS-DC-ST-BGD2-IS-CD-IC12P,Full,Filter-E*,SparseSuffix,DistanceClosure-E*,SpanThreshold,BreakGroupsD2,IncrementalSAT,IC12+,UNSAT,UNSAT,,,bg_d2,,,,,,,,0.162011,False,44.043,,,,Compact,Compact/Full,project_implementation,incremental multi-phase SAT with persistent solver state,31563,,,,,,,84182,0,84182,2360,29203,203400,60,cfg5__m-full__p-sparse_suffix__g-distance_closure__b-span_threshold__o-break_groups_d2__s-incrementalsat__i-imp12plus__backend-cadical,cfg5__m-full__p-sparse_suffix__g-distance_closure__b-span_threshold__o-break_groups_d2__s-incrementalsat__i-imp12plus__backend-cadical,full,distance_closure,sparse_suffix,distance_closure,IncrementalSAT,CaDiCaL,1.5.3,imp12+,span_threshold,total_break_groups_subject_to_range_at_most_2,BGD2,IC12P,203400,0,0,461,56723,22458,4540,,0,236,1,,,,,,0,0,0,0,0,,,"formalism-specific model size: SAT/MaxSAT reports base CNF and soft clauses, MIP reports variables/linear constraints/nonzeros, and CP reports integer variables plus linear/global constraints; SAT bound/totalizer overhead remains separate in optimizer_added_*",2360,2350,2341,2360,0,0,0,0,0,0,0,1,0.044326,0.002631,0.129781,,0.132412,0.029599,"wall-clock from immediately before reading/parsing the .dzn instance through model construction, optimization, solution decoding, and independent validation; excludes worker-process startup and result-file export",,,,,,,peak_process_tree_rss_mb,01e07c6fc89d234b5e99cbb04dfeb3e7a46a05e82f4e8c5bfd3ae5def6aa3b13,forb0003,data_table06_forb/forumt-14crafd.forb0003.dzn,2,../noves/forumt-14crafd.forb0003.dzn | ../noves/tic-14crafd.forb0003.dzn,2,data_table06_forb/forumt-14crafd.forb0003.dzn | data_table06_forb/tic-14crafd.forb0003.dzn,https://imae.udg.edu/Recerca/LAI/,https://ima.udg.edu/Recerca/lai/b2b/b2b.zip,ee1f440ab3f6db27ab712300ad3a54a31ffd5ec1e06f81a9ac37cb7202c56528,2026-08-10T10:42:19+00:00,7200.0,,ee80a6fbd8b513f7c010668495c39621a371266a,True,3.10.12,1.8.dev25,instance-20260810-085803,Linux-6.8.0-1064-gcp-x86_64-with-glibc2.35,x86_64,4,8,15988.059,1,0,/home/g24021555/Business-Meeting-Scheduling-Problem/.venv/bin/python3 /home/g24021555/Business-Meeting-Scheduling-Problem/src/Main.py --manifest instances_manifest.csv --family forbidden --solver sat_all --objective-mode bg_d2 --domain-mode both --domain-filter-graph both --precedence-encoding both --precedence-graph both --encoding-variant imp12+ --sat-backend cadical --maxsat-backend uwrmaxsat --uwrmaxsat-bin /home/g24021555/uwrmaxsat/build/release/bin/uwrmaxsat --timeout 7200 --csv output/full_matrix_bg_d2_forbidden.csv,,,,,,,,incremental,,cadical,,staircase,sparse_suffix+distance_closure,,59,"1,2,3,4,5,6,7,8,9,10,11,12,13,14,15,16,17,18,20,21,22,23,24,25,26,27,28,29,30,31,32,33,34,35,36,37,38,39,40,41,42,43,44,45,46,47,48,49,50,51,52,53,54,55,56,57,58,59,60",2350,10,9,9,,,,,"journal objective family: bg_d2 | F-selected distance-labelled E* domain propagation and cycle detection | precedence configuration: F=distance_closure, P=sparse_suffix, G=distance_closure | Full Domain MxT schedule variables + explicit unary exclusions | (20),(22)-(27) exactly once over full domains | (22)-(27) session/fixed/forbidden exclusions as hard unit clauses | (19) participant atMost-one per slot | (46),(47) clustered table capacity with compact forward channeling | (28) SparseSuffix precedence over distance_closure distance-labelled relations | exact break-group ends and unary break-group thresholds | exact schedule <-> usedSlot channeling | (43) exactly |Mp| full usedSlot variables | (44) atMost 2|L| busy participants per slot | (45) exact even number of busy participants | historical hard cap Delta_G <= 2",,,result
,,,,,,,,,forumt-14crafd.forb0003,b2b-01e07c6fc89d234b,b2b-lineage-forumt-14crafd,forbidden,F-SS-DC-ST-BGD2-NIS-CD-IC12P,Full,Filter-E*,SparseSuffix,DistanceClosure-E*,SpanThreshold,BreakGroupsD2,NonIncrementalSAT,IC12+,UNSAT,UNSAT,,,bg_d2,,,,,,,,0.163943,False,43.895,,,,Compact,Compact/Full,project_implementation,restart-based multi-phase SAT,31563,,,,,,,84182,0,84182,2360,29203,203400,60,cfg5__m-full__p-sparse_suffix__g-distance_closure__b-span_threshold__o-break_groups_d2__s-nonincrementalsat__i-imp12plus__backend-cadical,cfg5__m-full__p-sparse_suffix__g-distance_closure__b-span_threshold__o-break_groups_d2__s-nonincrementalsat__i-imp12plus__backend-cadical,full,distance_closure,sparse_suffix,distance_closure,NonIncrementalSAT,CaDiCaL,1.5.3,imp12+,span_threshold,total_break_groups_subject_to_range_at_most_2,BGD2,IC12P,203400,0,0,461,56723,22458,4540,,0,236,1,,,,,,0,0,0,0,0,,,"formalism-specific model size: SAT/MaxSAT reports base CNF and soft clauses, MIP reports variables/linear constraints/nonzeros, and CP reports integer variables plus linear/global constraints; SAT bound/totalizer overhead remains separate in optimizer_added_*",2360,2350,2341,2360,0,0,0,0,0,0,0,1,0.044851,0.003018,0.131703,,0.134721,0.029222,"wall-clock from immediately before reading/parsing the .dzn instance through model construction, optimization, solution decoding, and independent validation; excludes worker-process startup and result-file export",,,,,,,peak_process_tree_rss_mb,01e07c6fc89d234b5e99cbb04dfeb3e7a46a05e82f4e8c5bfd3ae5def6aa3b13,forb0003,data_table06_forb/forumt-14crafd.forb0003.dzn,2,../noves/forumt-14crafd.forb0003.dzn | ../noves/tic-14crafd.forb0003.dzn,2,data_table06_forb/forumt-14crafd.forb0003.dzn | data_table06_forb/tic-14crafd.forb0003.dzn,https://imae.udg.edu/Recerca/LAI/,https://ima.udg.edu/Recerca/lai/b2b/b2b.zip,ee1f440ab3f6db27ab712300ad3a54a31ffd5ec1e06f81a9ac37cb7202c56528,2026-08-10T10:42:19+00:00,7200.0,,ee80a6fbd8b513f7c010668495c39621a371266a,True,3.10.12,1.8.dev25,instance-20260810-085803,Linux-6.8.0-1064-gcp-x86_64-with-glibc2.35,x86_64,4,8,15988.059,1,0,/home/g24021555/Business-Meeting-Scheduling-Problem/.venv/bin/python3 /home/g24021555/Business-Meeting-Scheduling-Problem/src/Main.py --manifest instances_manifest.csv --family forbidden --solver sat_all --objective-mode bg_d2 --domain-mode both --domain-filter-graph both --precedence-encoding both --precedence-graph both --encoding-variant imp12+ --sat-backend cadical --maxsat-backend uwrmaxsat --uwrmaxsat-bin /home/g24021555/uwrmaxsat/build/release/bin/uwrmaxsat --timeout 7200 --csv output/full_matrix_bg_d2_forbidden.csv,,,,,,,,multiple,,cadical,,staircase,sparse_suffix+distance_closure,,59,"1,2,3,4,5,6,7,8,9,10,11,12,13,14,15,16,17,18,20,21,22,23,24,25,26,27,28,29,30,31,32,33,34,35,36,37,38,39,40,41,42,43,44,45,46,47,48,49,50,51,52,53,54,55,56,57,58,59,60",2350,10,9,9,,,,,"journal objective family: bg_d2 | F-selected distance-labelled E* domain propagation and cycle detection | precedence configuration: F=distance_closure, P=sparse_suffix, G=distance_closure | Full Domain MxT schedule variables + explicit unary exclusions | (20),(22)-(27) exactly once over full domains | (22)-(27) session/fixed/forbidden exclusions as hard unit clauses | (19) participant atMost-one per slot | (46),(47) clustered table capacity with compact forward channeling | (28) SparseSuffix precedence over distance_closure distance-labelled relations | exact break-group ends and unary break-group thresholds | exact schedule <-> usedSlot channeling | (43) exactly |Mp| full usedSlot variables | (44) atMost 2|L| busy participants per slot | (45) exact even number of busy participants | historical hard cap Delta_G <= 2",,,result
,,,,,,,,,forumt-14crafd.forb0003,b2b-01e07c6fc89d234b,b2b-lineage-forumt-14crafd,forbidden,F-SS-DC-ST-BGD2-UW-IC12P,Full,Filter-E*,SparseSuffix,DistanceClosure-E*,SpanThreshold,BreakGroupsD2,UWrMaxSAT,IC12+,UNSAT,UNSAT,,,bg_d2,,,,,,,1,0.303744,False,66.105,,,,Compact,Compact/Full,project_implementation,one-shot weighted MaxSAT,31563,,,,,,,84182,236,84418,2360,29203,203636,60,cfg5__m-full__p-sparse_suffix__g-distance_closure__b-span_threshold__o-break_groups_d2__s-uwrmaxsat__i-imp12plus__backend-uwrmaxsat,cfg5__m-full__p-sparse_suffix__g-distance_closure__b-span_threshold__o-break_groups_d2__s-uwrmaxsat__i-imp12plus__backend-uwrmaxsat,full,distance_closure,sparse_suffix,distance_closure,UWrMaxSAT,UWrMaxSAT,binary-sha256:8c68c8a386d3d7847b50d315143c2bab60e3514e59510e84a649db83cb303876,imp12+,span_threshold,total_break_groups_subject_to_range_at_most_2,BGD2,IC12P,203400,236,1,461,56723,22458,4540,1,236,236,1,,,,,,0,0,0,0,0,,,"formalism-specific model size: SAT/MaxSAT reports base CNF and soft clauses, MIP reports variables/linear constraints/nonzeros, and CP reports integer variables plus linear/global constraints; SAT bound/totalizer overhead remains separate in optimizer_added_*",2360,2350,2341,2360,0,0,0,0,0,0,0,1,0.045592,0.00303,0.133701,,0.136731,0.167013,"wall-clock from immediately before reading/parsing the .dzn instance through model construction, optimization, solution decoding, and independent validation; excludes worker-process startup and result-file export",,,,,,,peak_process_tree_rss_mb,01e07c6fc89d234b5e99cbb04dfeb3e7a46a05e82f4e8c5bfd3ae5def6aa3b13,forb0003,data_table06_forb/forumt-14crafd.forb0003.dzn,2,../noves/forumt-14crafd.forb0003.dzn | ../noves/tic-14crafd.forb0003.dzn,2,data_table06_forb/forumt-14crafd.forb0003.dzn | data_table06_forb/tic-14crafd.forb0003.dzn,https://imae.udg.edu/Recerca/LAI/,https://ima.udg.edu/Recerca/lai/b2b/b2b.zip,ee1f440ab3f6db27ab712300ad3a54a31ffd5ec1e06f81a9ac37cb7202c56528,2026-08-10T10:42:19+00:00,7200.0,,ee80a6fbd8b513f7c010668495c39621a371266a,True,3.10.12,1.8.dev25,instance-20260810-085803,Linux-6.8.0-1064-gcp-x86_64-with-glibc2.35,x86_64,4,8,15988.059,1,0,/home/g24021555/Business-Meeting-Scheduling-Problem/.venv/bin/python3 /home/g24021555/Business-Meeting-Scheduling-Problem/src/Main.py --manifest instances_manifest.csv --family forbidden --solver sat_all --objective-mode bg_d2 --domain-mode both --domain-filter-graph both --precedence-encoding both --precedence-graph both --encoding-variant imp12+ --sat-backend cadical --maxsat-backend uwrmaxsat --uwrmaxsat-bin /home/g24021555/uwrmaxsat/build/release/bin/uwrmaxsat --timeout 7200 --csv output/full_matrix_bg_d2_forbidden.csv,/home/g24021555/uwrmaxsat/build/release/bin/uwrmaxsat,8c68c8a386d3d7847b50d315143c2bab60e3514e59510e84a649db83cb303876,/home/g24021555/uwrmaxsat/build/release/bin/uwrmaxsat -m /tmp/b2b_uwrmaxsat_gi_ptni8/forumt-14crafd.forb0003.wcnf,,process exit code=20,,,maxsat,uwrmaxsat,,/home/g24021555/uwrmaxsat/build/release/bin/uwrmaxsat,staircase,sparse_suffix+distance_closure,,59,"1,2,3,4,5,6,7,8,9,10,11,12,13,14,15,16,17,18,20,21,22,23,24,25,26,27,28,29,30,31,32,33,34,35,36,37,38,39,40,41,42,43,44,45,46,47,48,49,50,51,52,53,54,55,56,57,58,59,60",2350,10,9,9,,,,,"journal objective family: bg_d2 | F-selected distance-labelled E* domain propagation and cycle detection | precedence configuration: F=distance_closure, P=sparse_suffix, G=distance_closure | Full Domain MxT schedule variables + explicit unary exclusions | (20),(22)-(27) exactly once over full domains | (22)-(27) session/fixed/forbidden exclusions as hard unit clauses | (19) participant atMost-one per slot | (46),(47) clustered table capacity with compact forward channeling | (28) SparseSuffix precedence over distance_closure distance-labelled relations | exact break-group ends and unary break-group thresholds | exact schedule <-> usedSlot channeling | (43) exactly |Mp| full usedSlot variables | (44) atMost 2|L| busy participants per slot | (45) exact even number of busy participants | historical hard cap Delta_G <= 2",,,result
,,,,,,,,,forumt-14crafd.forb0003,b2b-01e07c6fc89d234b,b2b-lineage-forumt-14crafd,forbidden,R-PW-DE-ST-BGD2-IS-CD-IC12P,Reduced,Filter-E*,Pairwise,Direct-E,SpanThreshold,BreakGroupsD2,IncrementalSAT,IC12+,UNSAT,UNSAT,,,bg_d2,,,,,,,,0.152068,False,43.961,,,,Compact,Compact/Reduced,project_implementation,incremental multi-phase SAT with persistent solver state,31513,,,,,,,83713,0,83713,2341,29172,202393,60,cfg5__m-reduced__p-pairwise__g-direct__b-span_threshold__o-break_groups_d2__s-incrementalsat__i-imp12plus__backend-cadical,cfg5__m-reduced__p-pairwise__g-direct__b-span_threshold__o-break_groups_d2__s-incrementalsat__i-imp12plus__backend-cadical,reduced,distance_closure,pairwise,direct,IncrementalSAT,CaDiCaL,1.5.3,imp12+,span_threshold,total_break_groups_subject_to_range_at_most_2,BGD2,IC12P,202393,0,0,441,56316,22418,4536,,0,236,1,,,,,,0,0,0,0,0,,,"formalism-specific model size: SAT/MaxSAT reports base CNF and soft clauses, MIP reports variables/linear constraints/nonzeros, and CP reports integer variables plus linear/global constraints; SAT bound/totalizer overhead remains separate in optimizer_added_*",2360,2350,2341,2341,0,0,0,0,0,0,0,1,0.045608,0.002649,0.126385,,0.129034,0.023034,"wall-clock from immediately before reading/parsing the .dzn instance through model construction, optimization, solution decoding, and independent validation; excludes worker-process startup and result-file export",,,,,,,peak_process_tree_rss_mb,01e07c6fc89d234b5e99cbb04dfeb3e7a46a05e82f4e8c5bfd3ae5def6aa3b13,forb0003,data_table06_forb/forumt-14crafd.forb0003.dzn,2,../noves/forumt-14crafd.forb0003.dzn | ../noves/tic-14crafd.forb0003.dzn,2,data_table06_forb/forumt-14crafd.forb0003.dzn | data_table06_forb/tic-14crafd.forb0003.dzn,https://imae.udg.edu/Recerca/LAI/,https://ima.udg.edu/Recerca/lai/b2b/b2b.zip,ee1f440ab3f6db27ab712300ad3a54a31ffd5ec1e06f81a9ac37cb7202c56528,2026-08-10T10:42:19+00:00,7200.0,,ee80a6fbd8b513f7c010668495c39621a371266a,True,3.10.12,1.8.dev25,instance-20260810-085803,Linux-6.8.0-1064-gcp-x86_64-with-glibc2.35,x86_64,4,8,15988.059,1,0,/home/g24021555/Business-Meeting-Scheduling-Problem/.venv/bin/python3 /home/g24021555/Business-Meeting-Scheduling-Problem/src/Main.py --manifest instances_manifest.csv --family forbidden --solver sat_all --objective-mode bg_d2 --domain-mode both --domain-filter-graph both --precedence-encoding both --precedence-graph both --encoding-variant imp12+ --sat-backend cadical --maxsat-backend uwrmaxsat --uwrmaxsat-bin /home/g24021555/uwrmaxsat/build/release/bin/uwrmaxsat --timeout 7200 --csv output/full_matrix_bg_d2_forbidden.csv,,,,,,,,incremental,,cadical,,traditional,pairwise+direct,,59,"1,2,3,4,5,6,7,8,9,10,11,12,13,14,15,16,17,18,20,21,22,23,24,25,26,27,28,29,30,31,32,33,34,35,36,37,38,39,40,41,42,43,44,45,46,47,48,49,50,51,52,53,54,55,56,57,58,59,60",2350,10,9,9,,,,,"journal objective family: bg_d2 | F-selected distance-labelled E* domain propagation and cycle detection | precedence configuration: F=distance_closure, P=pairwise, G=direct | Reduced Domain variables after unary filtering + matching GAC + slot saturation | (20),(22)-(27) exactly once over reduced domains | (19) participant atMost-one per slot | (46),(47) clustered table capacity with compact forward channeling | (28) Pairwise precedence over direct distance-labelled relations | exact break-group ends and unary break-group thresholds | exact schedule <-> usedSlot channeling | (43) exactly |Mp| reduced usedSlot variables | (44) atMost 2|L| busy participants per slot | (45) exact even number of busy participants | historical hard cap Delta_G <= 2",,,result
,,,,,,,,,forumt-14crafd.forb0003,b2b-01e07c6fc89d234b,b2b-lineage-forumt-14crafd,forbidden,R-PW-DE-ST-BGD2-NIS-CD-IC12P,Reduced,Filter-E*,Pairwise,Direct-E,SpanThreshold,BreakGroupsD2,NonIncrementalSAT,IC12+,UNSAT,UNSAT,,,bg_d2,,,,,,,,0.157398,False,43.664,,,,Compact,Compact/Reduced,project_implementation,restart-based multi-phase SAT,31513,,,,,,,83713,0,83713,2341,29172,202393,60,cfg5__m-reduced__p-pairwise__g-direct__b-span_threshold__o-break_groups_d2__s-nonincrementalsat__i-imp12plus__backend-cadical,cfg5__m-reduced__p-pairwise__g-direct__b-span_threshold__o-break_groups_d2__s-nonincrementalsat__i-imp12plus__backend-cadical,reduced,distance_closure,pairwise,direct,NonIncrementalSAT,CaDiCaL,1.5.3,imp12+,span_threshold,total_break_groups_subject_to_range_at_most_2,BGD2,IC12P,202393,0,0,441,56316,22418,4536,,0,236,1,,,,,,0,0,0,0,0,,,"formalism-specific model size: SAT/MaxSAT reports base CNF and soft clauses, MIP reports variables/linear constraints/nonzeros, and CP reports integer variables plus linear/global constraints; SAT bound/totalizer overhead remains separate in optimizer_added_*",2360,2350,2341,2341,0,0,0,0,0,0,0,1,0.046504,0.002993,0.130385,,0.133378,0.024021,"wall-clock from immediately before reading/parsing the .dzn instance through model construction, optimization, solution decoding, and independent validation; excludes worker-process startup and result-file export",,,,,,,peak_process_tree_rss_mb,01e07c6fc89d234b5e99cbb04dfeb3e7a46a05e82f4e8c5bfd3ae5def6aa3b13,forb0003,data_table06_forb/forumt-14crafd.forb0003.dzn,2,../noves/forumt-14crafd.forb0003.dzn | ../noves/tic-14crafd.forb0003.dzn,2,data_table06_forb/forumt-14crafd.forb0003.dzn | data_table06_forb/tic-14crafd.forb0003.dzn,https://imae.udg.edu/Recerca/LAI/,https://ima.udg.edu/Recerca/lai/b2b/b2b.zip,ee1f440ab3f6db27ab712300ad3a54a31ffd5ec1e06f81a9ac37cb7202c56528,2026-08-10T10:42:19+00:00,7200.0,,ee80a6fbd8b513f7c010668495c39621a371266a,True,3.10.12,1.8.dev25,instance-20260810-085803,Linux-6.8.0-1064-gcp-x86_64-with-glibc2.35,x86_64,4,8,15988.059,1,0,/home/g24021555/Business-Meeting-Scheduling-Problem/.venv/bin/python3 /home/g24021555/Business-Meeting-Scheduling-Problem/src/Main.py --manifest instances_manifest.csv --family forbidden --solver sat_all --objective-mode bg_d2 --domain-mode both --domain-filter-graph both --precedence-encoding both --precedence-graph both --encoding-variant imp12+ --sat-backend cadical --maxsat-backend uwrmaxsat --uwrmaxsat-bin /home/g24021555/uwrmaxsat/build/release/bin/uwrmaxsat --timeout 7200 --csv output/full_matrix_bg_d2_forbidden.csv,,,,,,,,multiple,,cadical,,traditional,pairwise+direct,,59,"1,2,3,4,5,6,7,8,9,10,11,12,13,14,15,16,17,18,20,21,22,23,24,25,26,27,28,29,30,31,32,33,34,35,36,37,38,39,40,41,42,43,44,45,46,47,48,49,50,51,52,53,54,55,56,57,58,59,60",2350,10,9,9,,,,,"journal objective family: bg_d2 | F-selected distance-labelled E* domain propagation and cycle detection | precedence configuration: F=distance_closure, P=pairwise, G=direct | Reduced Domain variables after unary filtering + matching GAC + slot saturation | (20),(22)-(27) exactly once over reduced domains | (19) participant atMost-one per slot | (46),(47) clustered table capacity with compact forward channeling | (28) Pairwise precedence over direct distance-labelled relations | exact break-group ends and unary break-group thresholds | exact schedule <-> usedSlot channeling | (43) exactly |Mp| reduced usedSlot variables | (44) atMost 2|L| busy participants per slot | (45) exact even number of busy participants | historical hard cap Delta_G <= 2",,,result
,,,,,,,,,forumt-14crafd.forb0003,b2b-01e07c6fc89d234b,b2b-lineage-forumt-14crafd,forbidden,R-PW-DE-ST-BGD2-UW-IC12P,Reduced,Filter-E*,Pairwise,Direct-E,SpanThreshold,BreakGroupsD2,UWrMaxSAT,IC12+,UNSAT,UNSAT,,,bg_d2,,,,,,,1,0.294388,False,62.16,,,,Compact,Compact/Reduced,project_implementation,one-shot weighted MaxSAT,31513,,,,,,,83713,236,83949,2341,29172,202629,60,cfg5__m-reduced__p-pairwise__g-direct__b-span_threshold__o-break_groups_d2__s-uwrmaxsat__i-imp12plus__backend-uwrmaxsat,cfg5__m-reduced__p-pairwise__g-direct__b-span_threshold__o-break_groups_d2__s-uwrmaxsat__i-imp12plus__backend-uwrmaxsat,reduced,distance_closure,pairwise,direct,UWrMaxSAT,UWrMaxSAT,binary-sha256:8c68c8a386d3d7847b50d315143c2bab60e3514e59510e84a649db83cb303876,imp12+,span_threshold,total_break_groups_subject_to_range_at_most_2,BGD2,IC12P,202393,236,1,441,56316,22418,4536,1,236,236,1,,,,,,0,0,0,0,0,,,"formalism-specific model size: SAT/MaxSAT reports base CNF and soft clauses, MIP reports variables/linear constraints/nonzeros, and CP reports integer variables plus linear/global constraints; SAT bound/totalizer overhead remains separate in optimizer_added_*",2360,2350,2341,2341,0,0,0,0,0,0,0,1,0.046542,0.002653,0.132001,,0.134654,0.159733,"wall-clock from immediately before reading/parsing the .dzn instance through model construction, optimization, solution decoding, and independent validation; excludes worker-process startup and result-file export",,,,,,,peak_process_tree_rss_mb,01e07c6fc89d234b5e99cbb04dfeb3e7a46a05e82f4e8c5bfd3ae5def6aa3b13,forb0003,data_table06_forb/forumt-14crafd.forb0003.dzn,2,../noves/forumt-14crafd.forb0003.dzn | ../noves/tic-14crafd.forb0003.dzn,2,data_table06_forb/forumt-14crafd.forb0003.dzn | data_table06_forb/tic-14crafd.forb0003.dzn,https://imae.udg.edu/Recerca/LAI/,https://ima.udg.edu/Recerca/lai/b2b/b2b.zip,ee1f440ab3f6db27ab712300ad3a54a31ffd5ec1e06f81a9ac37cb7202c56528,2026-08-10T10:42:19+00:00,7200.0,,ee80a6fbd8b513f7c010668495c39621a371266a,True,3.10.12,1.8.dev25,instance-20260810-085803,Linux-6.8.0-1064-gcp-x86_64-with-glibc2.35,x86_64,4,8,15988.059,1,0,/home/g24021555/Business-Meeting-Scheduling-Problem/.venv/bin/python3 /home/g24021555/Business-Meeting-Scheduling-Problem/src/Main.py --manifest instances_manifest.csv --family forbidden --solver sat_all --objective-mode bg_d2 --domain-mode both --domain-filter-graph both --precedence-encoding both --precedence-graph both --encoding-variant imp12+ --sat-backend cadical --maxsat-backend uwrmaxsat --uwrmaxsat-bin /home/g24021555/uwrmaxsat/build/release/bin/uwrmaxsat --timeout 7200 --csv output/full_matrix_bg_d2_forbidden.csv,/home/g24021555/uwrmaxsat/build/release/bin/uwrmaxsat,8c68c8a386d3d7847b50d315143c2bab60e3514e59510e84a649db83cb303876,/home/g24021555/uwrmaxsat/build/release/bin/uwrmaxsat -m /tmp/b2b_uwrmaxsat_8taftf99/forumt-14crafd.forb0003.wcnf,,process exit code=20,,,maxsat,uwrmaxsat,,/home/g24021555/uwrmaxsat/build/release/bin/uwrmaxsat,traditional,pairwise+direct,,59,"1,2,3,4,5,6,7,8,9,10,11,12,13,14,15,16,17,18,20,21,22,23,24,25,26,27,28,29,30,31,32,33,34,35,36,37,38,39,40,41,42,43,44,45,46,47,48,49,50,51,52,53,54,55,56,57,58,59,60",2350,10,9,9,,,,,"journal objective family: bg_d2 | F-selected distance-labelled E* domain propagation and cycle detection | precedence configuration: F=distance_closure, P=pairwise, G=direct | Reduced Domain variables after unary filtering + matching GAC + slot saturation | (20),(22)-(27) exactly once over reduced domains | (19) participant atMost-one per slot | (46),(47) clustered table capacity with compact forward channeling | (28) Pairwise precedence over direct distance-labelled relations | exact break-group ends and unary break-group thresholds | exact schedule <-> usedSlot channeling | (43) exactly |Mp| reduced usedSlot variables | (44) atMost 2|L| busy participants per slot | (45) exact even number of busy participants | historical hard cap Delta_G <= 2",,,result
,,,,,,,,,forumt-14crafd.forb0003,b2b-01e07c6fc89d234b,b2b-lineage-forumt-14crafd,forbidden,R-PW-DC-ST-BGD2-IS-CD-IC12P,Reduced,Filter-E*,Pairwise,DistanceClosure-E*,SpanThreshold,BreakGroupsD2,IncrementalSAT,IC12+,UNSAT,UNSAT,,,bg_d2,,,,,,,,0.15577,False,43.059,,,,Compact,Compact/Reduced,project_implementation,incremental multi-phase SAT with persistent solver state,31513,,,,,,,83713,0,83713,2341,29172,202393,60,cfg5__m-reduced__p-pairwise__g-distance_closure__b-span_threshold__o-break_groups_d2__s-incrementalsat__i-imp12plus__backend-cadical,cfg5__m-reduced__p-pairwise__g-distance_closure__b-span_threshold__o-break_groups_d2__s-incrementalsat__i-imp12plus__backend-cadical,reduced,distance_closure,pairwise,distance_closure,IncrementalSAT,CaDiCaL,1.5.3,imp12+,span_threshold,total_break_groups_subject_to_range_at_most_2,BGD2,IC12P,202393,0,0,441,56316,22418,4536,,0,236,1,,,,,,0,0,0,0,0,,,"formalism-specific model size: SAT/MaxSAT reports base CNF and soft clauses, MIP reports variables/linear constraints/nonzeros, and CP reports integer variables plus linear/global constraints; SAT bound/totalizer overhead remains separate in optimizer_added_*",2360,2350,2341,2341,0,0,0,0,0,0,0,1,0.045454,0.002986,0.12709,,0.130076,0.025694,"wall-clock from immediately before reading/parsing the .dzn instance through model construction, optimization, solution decoding, and independent validation; excludes worker-process startup and result-file export",,,,,,,peak_process_tree_rss_mb,01e07c6fc89d234b5e99cbb04dfeb3e7a46a05e82f4e8c5bfd3ae5def6aa3b13,forb0003,data_table06_forb/forumt-14crafd.forb0003.dzn,2,../noves/forumt-14crafd.forb0003.dzn | ../noves/tic-14crafd.forb0003.dzn,2,data_table06_forb/forumt-14crafd.forb0003.dzn | data_table06_forb/tic-14crafd.forb0003.dzn,https://imae.udg.edu/Recerca/LAI/,https://ima.udg.edu/Recerca/lai/b2b/b2b.zip,ee1f440ab3f6db27ab712300ad3a54a31ffd5ec1e06f81a9ac37cb7202c56528,2026-08-10T10:42:19+00:00,7200.0,,ee80a6fbd8b513f7c010668495c39621a371266a,True,3.10.12,1.8.dev25,instance-20260810-085803,Linux-6.8.0-1064-gcp-x86_64-with-glibc2.35,x86_64,4,8,15988.059,1,0,/home/g24021555/Business-Meeting-Scheduling-Problem/.venv/bin/python3 /home/g24021555/Business-Meeting-Scheduling-Problem/src/Main.py --manifest instances_manifest.csv --family forbidden --solver sat_all --objective-mode bg_d2 --domain-mode both --domain-filter-graph both --precedence-encoding both --precedence-graph both --encoding-variant imp12+ --sat-backend cadical --maxsat-backend uwrmaxsat --uwrmaxsat-bin /home/g24021555/uwrmaxsat/build/release/bin/uwrmaxsat --timeout 7200 --csv output/full_matrix_bg_d2_forbidden.csv,,,,,,,,incremental,,cadical,,factorial,pairwise+distance_closure,,59,"1,2,3,4,5,6,7,8,9,10,11,12,13,14,15,16,17,18,20,21,22,23,24,25,26,27,28,29,30,31,32,33,34,35,36,37,38,39,40,41,42,43,44,45,46,47,48,49,50,51,52,53,54,55,56,57,58,59,60",2350,10,9,9,,,,,"journal objective family: bg_d2 | F-selected distance-labelled E* domain propagation and cycle detection | precedence configuration: F=distance_closure, P=pairwise, G=distance_closure | Reduced Domain variables after unary filtering + matching GAC + slot saturation | (20),(22)-(27) exactly once over reduced domains | (19) participant atMost-one per slot | (46),(47) clustered table capacity with compact forward channeling | (28) Pairwise precedence over distance_closure distance-labelled relations | exact break-group ends and unary break-group thresholds | exact schedule <-> usedSlot channeling | (43) exactly |Mp| reduced usedSlot variables | (44) atMost 2|L| busy participants per slot | (45) exact even number of busy participants | historical hard cap Delta_G <= 2",,,result
,,,,,,,,,forumt-14crafd.forb0003,b2b-01e07c6fc89d234b,b2b-lineage-forumt-14crafd,forbidden,R-PW-DC-ST-BGD2-NIS-CD-IC12P,Reduced,Filter-E*,Pairwise,DistanceClosure-E*,SpanThreshold,BreakGroupsD2,NonIncrementalSAT,IC12+,UNSAT,UNSAT,,,bg_d2,,,,,,,,0.155924,False,43.781,,,,Compact,Compact/Reduced,project_implementation,restart-based multi-phase SAT,31513,,,,,,,83713,0,83713,2341,29172,202393,60,cfg5__m-reduced__p-pairwise__g-distance_closure__b-span_threshold__o-break_groups_d2__s-nonincrementalsat__i-imp12plus__backend-cadical,cfg5__m-reduced__p-pairwise__g-distance_closure__b-span_threshold__o-break_groups_d2__s-nonincrementalsat__i-imp12plus__backend-cadical,reduced,distance_closure,pairwise,distance_closure,NonIncrementalSAT,CaDiCaL,1.5.3,imp12+,span_threshold,total_break_groups_subject_to_range_at_most_2,BGD2,IC12P,202393,0,0,441,56316,22418,4536,,0,236,1,,,,,,0,0,0,0,0,,,"formalism-specific model size: SAT/MaxSAT reports base CNF and soft clauses, MIP reports variables/linear constraints/nonzeros, and CP reports integer variables plus linear/global constraints; SAT bound/totalizer overhead remains separate in optimizer_added_*",2360,2350,2341,2341,0,0,0,0,0,0,0,1,0.043944,0.002636,0.12949,,0.132126,0.023798,"wall-clock from immediately before reading/parsing the .dzn instance through model construction, optimization, solution decoding, and independent validation; excludes worker-process startup and result-file export",,,,,,,peak_process_tree_rss_mb,01e07c6fc89d234b5e99cbb04dfeb3e7a46a05e82f4e8c5bfd3ae5def6aa3b13,forb0003,data_table06_forb/forumt-14crafd.forb0003.dzn,2,../noves/forumt-14crafd.forb0003.dzn | ../noves/tic-14crafd.forb0003.dzn,2,data_table06_forb/forumt-14crafd.forb0003.dzn | data_table06_forb/tic-14crafd.forb0003.dzn,https://imae.udg.edu/Recerca/LAI/,https://ima.udg.edu/Recerca/lai/b2b/b2b.zip,ee1f440ab3f6db27ab712300ad3a54a31ffd5ec1e06f81a9ac37cb7202c56528,2026-08-10T10:42:19+00:00,7200.0,,ee80a6fbd8b513f7c010668495c39621a371266a,True,3.10.12,1.8.dev25,instance-20260810-085803,Linux-6.8.0-1064-gcp-x86_64-with-glibc2.35,x86_64,4,8,15988.059,1,0,/home/g24021555/Business-Meeting-Scheduling-Problem/.venv/bin/python3 /home/g24021555/Business-Meeting-Scheduling-Problem/src/Main.py --manifest instances_manifest.csv --family forbidden --solver sat_all --objective-mode bg_d2 --domain-mode both --domain-filter-graph both --precedence-encoding both --precedence-graph both --encoding-variant imp12+ --sat-backend cadical --maxsat-backend uwrmaxsat --uwrmaxsat-bin /home/g24021555/uwrmaxsat/build/release/bin/uwrmaxsat --timeout 7200 --csv output/full_matrix_bg_d2_forbidden.csv,,,,,,,,multiple,,cadical,,factorial,pairwise+distance_closure,,59,"1,2,3,4,5,6,7,8,9,10,11,12,13,14,15,16,17,18,20,21,22,23,24,25,26,27,28,29,30,31,32,33,34,35,36,37,38,39,40,41,42,43,44,45,46,47,48,49,50,51,52,53,54,55,56,57,58,59,60",2350,10,9,9,,,,,"journal objective family: bg_d2 | F-selected distance-labelled E* domain propagation and cycle detection | precedence configuration: F=distance_closure, P=pairwise, G=distance_closure | Reduced Domain variables after unary filtering + matching GAC + slot saturation | (20),(22)-(27) exactly once over reduced domains | (19) participant atMost-one per slot | (46),(47) clustered table capacity with compact forward channeling | (28) Pairwise precedence over distance_closure distance-labelled relations | exact break-group ends and unary break-group thresholds | exact schedule <-> usedSlot channeling | (43) exactly |Mp| reduced usedSlot variables | (44) atMost 2|L| busy participants per slot | (45) exact even number of busy participants | historical hard cap Delta_G <= 2",,,result
,,,,,,,,,forumt-14crafd.forb0003,b2b-01e07c6fc89d234b,b2b-lineage-forumt-14crafd,forbidden,R-PW-DC-ST-BGD2-UW-IC12P,Reduced,Filter-E*,Pairwise,DistanceClosure-E*,SpanThreshold,BreakGroupsD2,UWrMaxSAT,IC12+,UNSAT,UNSAT,,,bg_d2,,,,,,,1,0.293738,False,62.145,,,,Compact,Compact/Reduced,project_implementation,one-shot weighted MaxSAT,31513,,,,,,,83713,236,83949,2341,29172,202629,60,cfg5__m-reduced__p-pairwise__g-distance_closure__b-span_threshold__o-break_groups_d2__s-uwrmaxsat__i-imp12plus__backend-uwrmaxsat,cfg5__m-reduced__p-pairwise__g-distance_closure__b-span_threshold__o-break_groups_d2__s-uwrmaxsat__i-imp12plus__backend-uwrmaxsat,reduced,distance_closure,pairwise,distance_closure,UWrMaxSAT,UWrMaxSAT,binary-sha256:8c68c8a386d3d7847b50d315143c2bab60e3514e59510e84a649db83cb303876,imp12+,span_threshold,total_break_groups_subject_to_range_at_most_2,BGD2,IC12P,202393,236,1,441,56316,22418,4536,1,236,236,1,,,,,,0,0,0,0,0,,,"formalism-specific model size: SAT/MaxSAT reports base CNF and soft clauses, MIP reports variables/linear constraints/nonzeros, and CP reports integer variables plus linear/global constraints; SAT bound/totalizer overhead remains separate in optimizer_added_*",2360,2350,2341,2341,0,0,0,0,0,0,0,1,0.046722,0.003072,0.134694,,0.137767,0.155971,"wall-clock from immediately before reading/parsing the .dzn instance through model construction, optimization, solution decoding, and independent validation; excludes worker-process startup and result-file export",,,,,,,peak_process_tree_rss_mb,01e07c6fc89d234b5e99cbb04dfeb3e7a46a05e82f4e8c5bfd3ae5def6aa3b13,forb0003,data_table06_forb/forumt-14crafd.forb0003.dzn,2,../noves/forumt-14crafd.forb0003.dzn | ../noves/tic-14crafd.forb0003.dzn,2,data_table06_forb/forumt-14crafd.forb0003.dzn | data_table06_forb/tic-14crafd.forb0003.dzn,https://imae.udg.edu/Recerca/LAI/,https://ima.udg.edu/Recerca/lai/b2b/b2b.zip,ee1f440ab3f6db27ab712300ad3a54a31ffd5ec1e06f81a9ac37cb7202c56528,2026-08-10T10:42:19+00:00,7200.0,,ee80a6fbd8b513f7c010668495c39621a371266a,True,3.10.12,1.8.dev25,instance-20260810-085803,Linux-6.8.0-1064-gcp-x86_64-with-glibc2.35,x86_64,4,8,15988.059,1,0,/home/g24021555/Business-Meeting-Scheduling-Problem/.venv/bin/python3 /home/g24021555/Business-Meeting-Scheduling-Problem/src/Main.py --manifest instances_manifest.csv --family forbidden --solver sat_all --objective-mode bg_d2 --domain-mode both --domain-filter-graph both --precedence-encoding both --precedence-graph both --encoding-variant imp12+ --sat-backend cadical --maxsat-backend uwrmaxsat --uwrmaxsat-bin /home/g24021555/uwrmaxsat/build/release/bin/uwrmaxsat --timeout 7200 --csv output/full_matrix_bg_d2_forbidden.csv,/home/g24021555/uwrmaxsat/build/release/bin/uwrmaxsat,8c68c8a386d3d7847b50d315143c2bab60e3514e59510e84a649db83cb303876,/home/g24021555/uwrmaxsat/build/release/bin/uwrmaxsat -m /tmp/b2b_uwrmaxsat_obwz12ag/forumt-14crafd.forb0003.wcnf,,process exit code=20,,,maxsat,uwrmaxsat,,/home/g24021555/uwrmaxsat/build/release/bin/uwrmaxsat,factorial,pairwise+distance_closure,,59,"1,2,3,4,5,6,7,8,9,10,11,12,13,14,15,16,17,18,20,21,22,23,24,25,26,27,28,29,30,31,32,33,34,35,36,37,38,39,40,41,42,43,44,45,46,47,48,49,50,51,52,53,54,55,56,57,58,59,60",2350,10,9,9,,,,,"journal objective family: bg_d2 | F-selected distance-labelled E* domain propagation and cycle detection | precedence configuration: F=distance_closure, P=pairwise, G=distance_closure | Reduced Domain variables after unary filtering + matching GAC + slot saturation | (20),(22)-(27) exactly once over reduced domains | (19) participant atMost-one per slot | (46),(47) clustered table capacity with compact forward channeling | (28) Pairwise precedence over distance_closure distance-labelled relations | exact break-group ends and unary break-group thresholds | exact schedule <-> usedSlot channeling | (43) exactly |Mp| reduced usedSlot variables | (44) atMost 2|L| busy participants per slot | (45) exact even number of busy participants | historical hard cap Delta_G <= 2",,,result
,,,,,,,,,forumt-14crafd.forb0003,b2b-01e07c6fc89d234b,b2b-lineage-forumt-14crafd,forbidden,R-SS-DE-ST-BGD2-IS-CD-IC12P,Reduced,Filter-E*,SparseSuffix,Direct-E,SpanThreshold,BreakGroupsD2,IncrementalSAT,IC12+,UNSAT,UNSAT,,,bg_d2,,,,,,,,0.153441,False,43.793,,,,Compact,Compact/Reduced,project_implementation,incremental multi-phase SAT with persistent solver state,31513,,,,,,,83713,0,83713,2341,29172,202393,60,cfg5__m-reduced__p-sparse_suffix__g-direct__b-span_threshold__o-break_groups_d2__s-incrementalsat__i-imp12plus__backend-cadical,cfg5__m-reduced__p-sparse_suffix__g-direct__b-span_threshold__o-break_groups_d2__s-incrementalsat__i-imp12plus__backend-cadical,reduced,distance_closure,sparse_suffix,direct,IncrementalSAT,CaDiCaL,1.5.3,imp12+,span_threshold,total_break_groups_subject_to_range_at_most_2,BGD2,IC12P,202393,0,0,441,56316,22418,4536,,0,236,1,,,,,,0,0,0,0,0,,,"formalism-specific model size: SAT/MaxSAT reports base CNF and soft clauses, MIP reports variables/linear constraints/nonzeros, and CP reports integer variables plus linear/global constraints; SAT bound/totalizer overhead remains separate in optimizer_added_*",2360,2350,2341,2341,0,0,0,0,0,0,0,1,0.046064,0.00262,0.127218,,0.129838,0.023604,"wall-clock from immediately before reading/parsing the .dzn instance through model construction, optimization, solution decoding, and independent validation; excludes worker-process startup and result-file export",,,,,,,peak_process_tree_rss_mb,01e07c6fc89d234b5e99cbb04dfeb3e7a46a05e82f4e8c5bfd3ae5def6aa3b13,forb0003,data_table06_forb/forumt-14crafd.forb0003.dzn,2,../noves/forumt-14crafd.forb0003.dzn | ../noves/tic-14crafd.forb0003.dzn,2,data_table06_forb/forumt-14crafd.forb0003.dzn | data_table06_forb/tic-14crafd.forb0003.dzn,https://imae.udg.edu/Recerca/LAI/,https://ima.udg.edu/Recerca/lai/b2b/b2b.zip,ee1f440ab3f6db27ab712300ad3a54a31ffd5ec1e06f81a9ac37cb7202c56528,2026-08-10T10:42:19+00:00,7200.0,,ee80a6fbd8b513f7c010668495c39621a371266a,True,3.10.12,1.8.dev25,instance-20260810-085803,Linux-6.8.0-1064-gcp-x86_64-with-glibc2.35,x86_64,4,8,15988.059,1,0,/home/g24021555/Business-Meeting-Scheduling-Problem/.venv/bin/python3 /home/g24021555/Business-Meeting-Scheduling-Problem/src/Main.py --manifest instances_manifest.csv --family forbidden --solver sat_all --objective-mode bg_d2 --domain-mode both --domain-filter-graph both --precedence-encoding both --precedence-graph both --encoding-variant imp12+ --sat-backend cadical --maxsat-backend uwrmaxsat --uwrmaxsat-bin /home/g24021555/uwrmaxsat/build/release/bin/uwrmaxsat --timeout 7200 --csv output/full_matrix_bg_d2_forbidden.csv,,,,,,,,incremental,,cadical,,factorial,sparse_suffix+direct,,59,"1,2,3,4,5,6,7,8,9,10,11,12,13,14,15,16,17,18,20,21,22,23,24,25,26,27,28,29,30,31,32,33,34,35,36,37,38,39,40,41,42,43,44,45,46,47,48,49,50,51,52,53,54,55,56,57,58,59,60",2350,10,9,9,,,,,"journal objective family: bg_d2 | F-selected distance-labelled E* domain propagation and cycle detection | precedence configuration: F=distance_closure, P=sparse_suffix, G=direct | Reduced Domain variables after unary filtering + matching GAC + slot saturation | (20),(22)-(27) exactly once over reduced domains | (19) participant atMost-one per slot | (46),(47) clustered table capacity with compact forward channeling | (28) SparseSuffix precedence over direct distance-labelled relations | exact break-group ends and unary break-group thresholds | exact schedule <-> usedSlot channeling | (43) exactly |Mp| reduced usedSlot variables | (44) atMost 2|L| busy participants per slot | (45) exact even number of busy participants | historical hard cap Delta_G <= 2",,,result
,,,,,,,,,forumt-14crafd.forb0003,b2b-01e07c6fc89d234b,b2b-lineage-forumt-14crafd,forbidden,R-SS-DE-ST-BGD2-NIS-CD-IC12P,Reduced,Filter-E*,SparseSuffix,Direct-E,SpanThreshold,BreakGroupsD2,NonIncrementalSAT,IC12+,UNSAT,UNSAT,,,bg_d2,,,,,,,,0.157083,False,43.719,,,,Compact,Compact/Reduced,project_implementation,restart-based multi-phase SAT,31513,,,,,,,83713,0,83713,2341,29172,202393,60,cfg5__m-reduced__p-sparse_suffix__g-direct__b-span_threshold__o-break_groups_d2__s-nonincrementalsat__i-imp12plus__backend-cadical,cfg5__m-reduced__p-sparse_suffix__g-direct__b-span_threshold__o-break_groups_d2__s-nonincrementalsat__i-imp12plus__backend-cadical,reduced,distance_closure,sparse_suffix,direct,NonIncrementalSAT,CaDiCaL,1.5.3,imp12+,span_threshold,total_break_groups_subject_to_range_at_most_2,BGD2,IC12P,202393,0,0,441,56316,22418,4536,,0,236,1,,,,,,0,0,0,0,0,,,"formalism-specific model size: SAT/MaxSAT reports base CNF and soft clauses, MIP reports variables/linear constraints/nonzeros, and CP reports integer variables plus linear/global constraints; SAT bound/totalizer overhead remains separate in optimizer_added_*",2360,2350,2341,2341,0,0,0,0,0,0,0,1,0.044872,0.003032,0.129791,,0.132823,0.02426,"wall-clock from immediately before reading/parsing the .dzn instance through model construction, optimization, solution decoding, and independent validation; excludes worker-process startup and result-file export",,,,,,,peak_process_tree_rss_mb,01e07c6fc89d234b5e99cbb04dfeb3e7a46a05e82f4e8c5bfd3ae5def6aa3b13,forb0003,data_table06_forb/forumt-14crafd.forb0003.dzn,2,../noves/forumt-14crafd.forb0003.dzn | ../noves/tic-14crafd.forb0003.dzn,2,data_table06_forb/forumt-14crafd.forb0003.dzn | data_table06_forb/tic-14crafd.forb0003.dzn,https://imae.udg.edu/Recerca/LAI/,https://ima.udg.edu/Recerca/lai/b2b/b2b.zip,ee1f440ab3f6db27ab712300ad3a54a31ffd5ec1e06f81a9ac37cb7202c56528,2026-08-10T10:42:19+00:00,7200.0,,ee80a6fbd8b513f7c010668495c39621a371266a,True,3.10.12,1.8.dev25,instance-20260810-085803,Linux-6.8.0-1064-gcp-x86_64-with-glibc2.35,x86_64,4,8,15988.059,1,0,/home/g24021555/Business-Meeting-Scheduling-Problem/.venv/bin/python3 /home/g24021555/Business-Meeting-Scheduling-Problem/src/Main.py --manifest instances_manifest.csv --family forbidden --solver sat_all --objective-mode bg_d2 --domain-mode both --domain-filter-graph both --precedence-encoding both --precedence-graph both --encoding-variant imp12+ --sat-backend cadical --maxsat-backend uwrmaxsat --uwrmaxsat-bin /home/g24021555/uwrmaxsat/build/release/bin/uwrmaxsat --timeout 7200 --csv output/full_matrix_bg_d2_forbidden.csv,,,,,,,,multiple,,cadical,,factorial,sparse_suffix+direct,,59,"1,2,3,4,5,6,7,8,9,10,11,12,13,14,15,16,17,18,20,21,22,23,24,25,26,27,28,29,30,31,32,33,34,35,36,37,38,39,40,41,42,43,44,45,46,47,48,49,50,51,52,53,54,55,56,57,58,59,60",2350,10,9,9,,,,,"journal objective family: bg_d2 | F-selected distance-labelled E* domain propagation and cycle detection | precedence configuration: F=distance_closure, P=sparse_suffix, G=direct | Reduced Domain variables after unary filtering + matching GAC + slot saturation | (20),(22)-(27) exactly once over reduced domains | (19) participant atMost-one per slot | (46),(47) clustered table capacity with compact forward channeling | (28) SparseSuffix precedence over direct distance-labelled relations | exact break-group ends and unary break-group thresholds | exact schedule <-> usedSlot channeling | (43) exactly |Mp| reduced usedSlot variables | (44) atMost 2|L| busy participants per slot | (45) exact even number of busy participants | historical hard cap Delta_G <= 2",,,result
,,,,,,,,,forumt-14crafd.forb0003,b2b-01e07c6fc89d234b,b2b-lineage-forumt-14crafd,forbidden,R-SS-DE-ST-BGD2-UW-IC12P,Reduced,Filter-E*,SparseSuffix,Direct-E,SpanThreshold,BreakGroupsD2,UWrMaxSAT,IC12+,UNSAT,UNSAT,,,bg_d2,,,,,,,1,0.290212,False,62.18,,,,Compact,Compact/Reduced,project_implementation,one-shot weighted MaxSAT,31513,,,,,,,83713,236,83949,2341,29172,202629,60,cfg5__m-reduced__p-sparse_suffix__g-direct__b-span_threshold__o-break_groups_d2__s-uwrmaxsat__i-imp12plus__backend-uwrmaxsat,cfg5__m-reduced__p-sparse_suffix__g-direct__b-span_threshold__o-break_groups_d2__s-uwrmaxsat__i-imp12plus__backend-uwrmaxsat,reduced,distance_closure,sparse_suffix,direct,UWrMaxSAT,UWrMaxSAT,binary-sha256:8c68c8a386d3d7847b50d315143c2bab60e3514e59510e84a649db83cb303876,imp12+,span_threshold,total_break_groups_subject_to_range_at_most_2,BGD2,IC12P,202393,236,1,441,56316,22418,4536,1,236,236,1,,,,,,0,0,0,0,0,,,"formalism-specific model size: SAT/MaxSAT reports base CNF and soft clauses, MIP reports variables/linear constraints/nonzeros, and CP reports integer variables plus linear/global constraints; SAT bound/totalizer overhead remains separate in optimizer_added_*",2360,2350,2341,2341,0,0,0,0,0,0,0,1,0.04445,0.003041,0.133186,,0.136226,0.153985,"wall-clock from immediately before reading/parsing the .dzn instance through model construction, optimization, solution decoding, and independent validation; excludes worker-process startup and result-file export",,,,,,,peak_process_tree_rss_mb,01e07c6fc89d234b5e99cbb04dfeb3e7a46a05e82f4e8c5bfd3ae5def6aa3b13,forb0003,data_table06_forb/forumt-14crafd.forb0003.dzn,2,../noves/forumt-14crafd.forb0003.dzn | ../noves/tic-14crafd.forb0003.dzn,2,data_table06_forb/forumt-14crafd.forb0003.dzn | data_table06_forb/tic-14crafd.forb0003.dzn,https://imae.udg.edu/Recerca/LAI/,https://ima.udg.edu/Recerca/lai/b2b/b2b.zip,ee1f440ab3f6db27ab712300ad3a54a31ffd5ec1e06f81a9ac37cb7202c56528,2026-08-10T10:42:19+00:00,7200.0,,ee80a6fbd8b513f7c010668495c39621a371266a,True,3.10.12,1.8.dev25,instance-20260810-085803,Linux-6.8.0-1064-gcp-x86_64-with-glibc2.35,x86_64,4,8,15988.059,1,0,/home/g24021555/Business-Meeting-Scheduling-Problem/.venv/bin/python3 /home/g24021555/Business-Meeting-Scheduling-Problem/src/Main.py --manifest instances_manifest.csv --family forbidden --solver sat_all --objective-mode bg_d2 --domain-mode both --domain-filter-graph both --precedence-encoding both --precedence-graph both --encoding-variant imp12+ --sat-backend cadical --maxsat-backend uwrmaxsat --uwrmaxsat-bin /home/g24021555/uwrmaxsat/build/release/bin/uwrmaxsat --timeout 7200 --csv output/full_matrix_bg_d2_forbidden.csv,/home/g24021555/uwrmaxsat/build/release/bin/uwrmaxsat,8c68c8a386d3d7847b50d315143c2bab60e3514e59510e84a649db83cb303876,/home/g24021555/uwrmaxsat/build/release/bin/uwrmaxsat -m /tmp/b2b_uwrmaxsat_7n_iro5l/forumt-14crafd.forb0003.wcnf,,process exit code=20,,,maxsat,uwrmaxsat,,/home/g24021555/uwrmaxsat/build/release/bin/uwrmaxsat,factorial,sparse_suffix+direct,,59,"1,2,3,4,5,6,7,8,9,10,11,12,13,14,15,16,17,18,20,21,22,23,24,25,26,27,28,29,30,31,32,33,34,35,36,37,38,39,40,41,42,43,44,45,46,47,48,49,50,51,52,53,54,55,56,57,58,59,60",2350,10,9,9,,,,,"journal objective family: bg_d2 | F-selected distance-labelled E* domain propagation and cycle detection | precedence configuration: F=distance_closure, P=sparse_suffix, G=direct | Reduced Domain variables after unary filtering + matching GAC + slot saturation | (20),(22)-(27) exactly once over reduced domains | (19) participant atMost-one per slot | (46),(47) clustered table capacity with compact forward channeling | (28) SparseSuffix precedence over direct distance-labelled relations | exact break-group ends and unary break-group thresholds | exact schedule <-> usedSlot channeling | (43) exactly |Mp| reduced usedSlot variables | (44) atMost 2|L| busy participants per slot | (45) exact even number of busy participants | historical hard cap Delta_G <= 2",,,result
,,,,,,,,,forumt-14crafd.forb0003,b2b-01e07c6fc89d234b,b2b-lineage-forumt-14crafd,forbidden,R-SS-DC-ST-BGD2-IS-CD-IC12P,Reduced,Filter-E*,SparseSuffix,DistanceClosure-E*,SpanThreshold,BreakGroupsD2,IncrementalSAT,IC12+,UNSAT,UNSAT,,,bg_d2,,,,,,,,0.158998,False,43.801,,,,Compact,Compact/Reduced,project_implementation,incremental multi-phase SAT with persistent solver state,31513,,,,,,,83713,0,83713,2341,29172,202393,60,cfg5__m-reduced__p-sparse_suffix__g-distance_closure__b-span_threshold__o-break_groups_d2__s-incrementalsat__i-imp12plus__backend-cadical,cfg5__m-reduced__p-sparse_suffix__g-distance_closure__b-span_threshold__o-break_groups_d2__s-incrementalsat__i-imp12plus__backend-cadical,reduced,distance_closure,sparse_suffix,distance_closure,IncrementalSAT,CaDiCaL,1.5.3,imp12+,span_threshold,total_break_groups_subject_to_range_at_most_2,BGD2,IC12P,202393,0,0,441,56316,22418,4536,,0,236,1,,,,,,0,0,0,0,0,,,"formalism-specific model size: SAT/MaxSAT reports base CNF and soft clauses, MIP reports variables/linear constraints/nonzeros, and CP reports integer variables plus linear/global constraints; SAT bound/totalizer overhead remains separate in optimizer_added_*",2360,2350,2341,2341,0,0,0,0,0,0,0,1,0.045976,0.00302,0.131941,,0.13496,0.024038,"wall-clock from immediately before reading/parsing the .dzn instance through model construction, optimization, solution decoding, and independent validation; excludes worker-process startup and result-file export",,,,,,,peak_process_tree_rss_mb,01e07c6fc89d234b5e99cbb04dfeb3e7a46a05e82f4e8c5bfd3ae5def6aa3b13,forb0003,data_table06_forb/forumt-14crafd.forb0003.dzn,2,../noves/forumt-14crafd.forb0003.dzn | ../noves/tic-14crafd.forb0003.dzn,2,data_table06_forb/forumt-14crafd.forb0003.dzn | data_table06_forb/tic-14crafd.forb0003.dzn,https://imae.udg.edu/Recerca/LAI/,https://ima.udg.edu/Recerca/lai/b2b/b2b.zip,ee1f440ab3f6db27ab712300ad3a54a31ffd5ec1e06f81a9ac37cb7202c56528,2026-08-10T10:42:19+00:00,7200.0,,ee80a6fbd8b513f7c010668495c39621a371266a,True,3.10.12,1.8.dev25,instance-20260810-085803,Linux-6.8.0-1064-gcp-x86_64-with-glibc2.35,x86_64,4,8,15988.059,1,0,/home/g24021555/Business-Meeting-Scheduling-Problem/.venv/bin/python3 /home/g24021555/Business-Meeting-Scheduling-Problem/src/Main.py --manifest instances_manifest.csv --family forbidden --solver sat_all --objective-mode bg_d2 --domain-mode both --domain-filter-graph both --precedence-encoding both --precedence-graph both --encoding-variant imp12+ --sat-backend cadical --maxsat-backend uwrmaxsat --uwrmaxsat-bin /home/g24021555/uwrmaxsat/build/release/bin/uwrmaxsat --timeout 7200 --csv output/full_matrix_bg_d2_forbidden.csv,,,,,,,,incremental,,cadical,,staircase,sparse_suffix+distance_closure,,59,"1,2,3,4,5,6,7,8,9,10,11,12,13,14,15,16,17,18,20,21,22,23,24,25,26,27,28,29,30,31,32,33,34,35,36,37,38,39,40,41,42,43,44,45,46,47,48,49,50,51,52,53,54,55,56,57,58,59,60",2350,10,9,9,,,,,"journal objective family: bg_d2 | F-selected distance-labelled E* domain propagation and cycle detection | precedence configuration: F=distance_closure, P=sparse_suffix, G=distance_closure | Reduced Domain variables after unary filtering + matching GAC + slot saturation | (20),(22)-(27) exactly once over reduced domains | (19) participant atMost-one per slot | (46),(47) clustered table capacity with compact forward channeling | (28) SparseSuffix precedence over distance_closure distance-labelled relations | exact break-group ends and unary break-group thresholds | exact schedule <-> usedSlot channeling | (43) exactly |Mp| reduced usedSlot variables | (44) atMost 2|L| busy participants per slot | (45) exact even number of busy participants | historical hard cap Delta_G <= 2",,,result
,,,,,,,,,forumt-14crafd.forb0003,b2b-01e07c6fc89d234b,b2b-lineage-forumt-14crafd,forbidden,R-SS-DC-ST-BGD2-NIS-CD-IC12P,Reduced,Filter-E*,SparseSuffix,DistanceClosure-E*,SpanThreshold,BreakGroupsD2,NonIncrementalSAT,IC12+,UNSAT,UNSAT,,,bg_d2,,,,,,,,0.156315,False,43.762,,,,Compact,Compact/Reduced,project_implementation,restart-based multi-phase SAT,31513,,,,,,,83713,0,83713,2341,29172,202393,60,cfg5__m-reduced__p-sparse_suffix__g-distance_closure__b-span_threshold__o-break_groups_d2__s-nonincrementalsat__i-imp12plus__backend-cadical,cfg5__m-reduced__p-sparse_suffix__g-distance_closure__b-span_threshold__o-break_groups_d2__s-nonincrementalsat__i-imp12plus__backend-cadical,reduced,distance_closure,sparse_suffix,distance_closure,NonIncrementalSAT,CaDiCaL,1.5.3,imp12+,span_threshold,total_break_groups_subject_to_range_at_most_2,BGD2,IC12P,202393,0,0,441,56316,22418,4536,,0,236,1,,,,,,0,0,0,0,0,,,"formalism-specific model size: SAT/MaxSAT reports base CNF and soft clauses, MIP reports variables/linear constraints/nonzeros, and CP reports integer variables plus linear/global constraints; SAT bound/totalizer overhead remains separate in optimizer_added_*",2360,2350,2341,2341,0,0,0,0,0,0,0,1,0.04631,0.002627,0.1282,,0.130828,0.025488,"wall-clock from immediately before reading/parsing the .dzn instance through model construction, optimization, solution decoding, and independent validation; excludes worker-process startup and result-file export",,,,,,,peak_process_tree_rss_mb,01e07c6fc89d234b5e99cbb04dfeb3e7a46a05e82f4e8c5bfd3ae5def6aa3b13,forb0003,data_table06_forb/forumt-14crafd.forb0003.dzn,2,../noves/forumt-14crafd.forb0003.dzn | ../noves/tic-14crafd.forb0003.dzn,2,data_table06_forb/forumt-14crafd.forb0003.dzn | data_table06_forb/tic-14crafd.forb0003.dzn,https://imae.udg.edu/Recerca/LAI/,https://ima.udg.edu/Recerca/lai/b2b/b2b.zip,ee1f440ab3f6db27ab712300ad3a54a31ffd5ec1e06f81a9ac37cb7202c56528,2026-08-10T10:42:19+00:00,7200.0,,ee80a6fbd8b513f7c010668495c39621a371266a,True,3.10.12,1.8.dev25,instance-20260810-085803,Linux-6.8.0-1064-gcp-x86_64-with-glibc2.35,x86_64,4,8,15988.059,1,0,/home/g24021555/Business-Meeting-Scheduling-Problem/.venv/bin/python3 /home/g24021555/Business-Meeting-Scheduling-Problem/src/Main.py --manifest instances_manifest.csv --family forbidden --solver sat_all --objective-mode bg_d2 --domain-mode both --domain-filter-graph both --precedence-encoding both --precedence-graph both --encoding-variant imp12+ --sat-backend cadical --maxsat-backend uwrmaxsat --uwrmaxsat-bin /home/g24021555/uwrmaxsat/build/release/bin/uwrmaxsat --timeout 7200 --csv output/full_matrix_bg_d2_forbidden.csv,,,,,,,,multiple,,cadical,,staircase,sparse_suffix+distance_closure,,59,"1,2,3,4,5,6,7,8,9,10,11,12,13,14,15,16,17,18,20,21,22,23,24,25,26,27,28,29,30,31,32,33,34,35,36,37,38,39,40,41,42,43,44,45,46,47,48,49,50,51,52,53,54,55,56,57,58,59,60",2350,10,9,9,,,,,"journal objective family: bg_d2 | F-selected distance-labelled E* domain propagation and cycle detection | precedence configuration: F=distance_closure, P=sparse_suffix, G=distance_closure | Reduced Domain variables after unary filtering + matching GAC + slot saturation | (20),(22)-(27) exactly once over reduced domains | (19) participant atMost-one per slot | (46),(47) clustered table capacity with compact forward channeling | (28) SparseSuffix precedence over distance_closure distance-labelled relations | exact break-group ends and unary break-group thresholds | exact schedule <-> usedSlot channeling | (43) exactly |Mp| reduced usedSlot variables | (44) atMost 2|L| busy participants per slot | (45) exact even number of busy participants | historical hard cap Delta_G <= 2",,,result
,,,,,,,,,forumt-14crafd.forb0003,b2b-01e07c6fc89d234b,b2b-lineage-forumt-14crafd,forbidden,R-SS-DC-ST-BGD2-UW-IC12P,Reduced,Filter-E*,SparseSuffix,DistanceClosure-E*,SpanThreshold,BreakGroupsD2,UWrMaxSAT,IC12+,UNSAT,UNSAT,,,bg_d2,,,,,,,1,0.29561,False,62.188,,,,Compact,Compact/Reduced,project_implementation,one-shot weighted MaxSAT,31513,,,,,,,83713,236,83949,2341,29172,202629,60,cfg5__m-reduced__p-sparse_suffix__g-distance_closure__b-span_threshold__o-break_groups_d2__s-uwrmaxsat__i-imp12plus__backend-uwrmaxsat,cfg5__m-reduced__p-sparse_suffix__g-distance_closure__b-span_threshold__o-break_groups_d2__s-uwrmaxsat__i-imp12plus__backend-uwrmaxsat,reduced,distance_closure,sparse_suffix,distance_closure,UWrMaxSAT,UWrMaxSAT,binary-sha256:8c68c8a386d3d7847b50d315143c2bab60e3514e59510e84a649db83cb303876,imp12+,span_threshold,total_break_groups_subject_to_range_at_most_2,BGD2,IC12P,202393,236,1,441,56316,22418,4536,1,236,236,1,,,,,,0,0,0,0,0,,,"formalism-specific model size: SAT/MaxSAT reports base CNF and soft clauses, MIP reports variables/linear constraints/nonzeros, and CP reports integer variables plus linear/global constraints; SAT bound/totalizer overhead remains separate in optimizer_added_*",2360,2350,2341,2341,0,0,0,0,0,0,0,1,0.044625,0.002782,0.132754,,0.135536,0.160075,"wall-clock from immediately before reading/parsing the .dzn instance through model construction, optimization, solution decoding, and independent validation; excludes worker-process startup and result-file export",,,,,,,peak_process_tree_rss_mb,01e07c6fc89d234b5e99cbb04dfeb3e7a46a05e82f4e8c5bfd3ae5def6aa3b13,forb0003,data_table06_forb/forumt-14crafd.forb0003.dzn,2,../noves/forumt-14crafd.forb0003.dzn | ../noves/tic-14crafd.forb0003.dzn,2,data_table06_forb/forumt-14crafd.forb0003.dzn | data_table06_forb/tic-14crafd.forb0003.dzn,https://imae.udg.edu/Recerca/LAI/,https://ima.udg.edu/Recerca/lai/b2b/b2b.zip,ee1f440ab3f6db27ab712300ad3a54a31ffd5ec1e06f81a9ac37cb7202c56528,2026-08-10T10:42:19+00:00,7200.0,,ee80a6fbd8b513f7c010668495c39621a371266a,True,3.10.12,1.8.dev25,instance-20260810-085803,Linux-6.8.0-1064-gcp-x86_64-with-glibc2.35,x86_64,4,8,15988.059,1,0,/home/g24021555/Business-Meeting-Scheduling-Problem/.venv/bin/python3 /home/g24021555/Business-Meeting-Scheduling-Problem/src/Main.py --manifest instances_manifest.csv --family forbidden --solver sat_all --objective-mode bg_d2 --domain-mode both --domain-filter-graph both --precedence-encoding both --precedence-graph both --encoding-variant imp12+ --sat-backend cadical --maxsat-backend uwrmaxsat --uwrmaxsat-bin /home/g24021555/uwrmaxsat/build/release/bin/uwrmaxsat --timeout 7200 --csv output/full_matrix_bg_d2_forbidden.csv,/home/g24021555/uwrmaxsat/build/release/bin/uwrmaxsat,8c68c8a386d3d7847b50d315143c2bab60e3514e59510e84a649db83cb303876,/home/g24021555/uwrmaxsat/build/release/bin/uwrmaxsat -m /tmp/b2b_uwrmaxsat_zkjwhqsa/forumt-14crafd.forb0003.wcnf,,process exit code=20,,,maxsat,uwrmaxsat,,/home/g24021555/uwrmaxsat/build/release/bin/uwrmaxsat,staircase,sparse_suffix+distance_closure,,59,"1,2,3,4,5,6,7,8,9,10,11,12,13,14,15,16,17,18,20,21,22,23,24,25,26,27,28,29,30,31,32,33,34,35,36,37,38,39,40,41,42,43,44,45,46,47,48,49,50,51,52,53,54,55,56,57,58,59,60",2350,10,9,9,,,,,"journal objective family: bg_d2 | F-selected distance-labelled E* domain propagation and cycle detection | precedence configuration: F=distance_closure, P=sparse_suffix, G=distance_closure | Reduced Domain variables after unary filtering + matching GAC + slot saturation | (20),(22)-(27) exactly once over reduced domains | (19) participant atMost-one per slot | (46),(47) clustered table capacity with compact forward channeling | (28) SparseSuffix precedence over distance_closure distance-labelled relations | exact break-group ends and unary break-group thresholds | exact schedule <-> usedSlot channeling | (43) exactly |Mp| reduced usedSlot variables | (44) atMost 2|L| busy participants per slot | (45) exact even number of busy participants | historical hard cap Delta_G <= 2",,,result
,,,,,,,,,tic-13crafb.forb0003,b2b-11bed35297f1ebb4,b2b-lineage-tic-13crafb,forbidden,F-PW-DE-ST-BGD2-IS-CD-IC12P,Full,Filter-E*,Pairwise,Direct-E,SpanThreshold,BreakGroupsD2,IncrementalSAT,IC12+,OPTIMAL,SAT,0,0,bg_d2,0,0,0,,,,,0.333686,False,56.086,,,,Compact,Compact/Full,project_implementation,incremental multi-phase SAT with persistent solver state,25544,,,,,,,66444,0,66444,1840,23704,159904,45,cfg5__m-full__p-pairwise__g-direct__b-span_threshold__o-break_groups_d2__s-incrementalsat__i-imp12plus__backend-cadical,cfg5__m-full__p-pairwise__g-direct__b-span_threshold__o-break_groups_d2__s-incrementalsat__i-imp12plus__backend-cadical,full,distance_closure,pairwise,direct,IncrementalSAT,CaDiCaL,1.5.3,imp12+,span_threshold,total_break_groups_subject_to_range_at_most_2,BGD2,IC12P,159904,0,0,328,45324,17388,3404,,0,176,5,,,,,,1,984,5506,15386,5506,0.14262461899943446,4,"formalism-specific model size: SAT/MaxSAT reports base CNF and soft clauses, MIP reports variables/linear constraints/nonzeros, and CP reports integer variables plus linear/global constraints; SAT bound/totalizer overhead remains separate in optimizer_added_*",1840,1834,1834,1840,0,0,0,0,0,0,0,1,0.067222,0.002532,0.133206,,0.135739,0.197947,"wall-clock from immediately before reading/parsing the .dzn instance through model construction, optimization, solution decoding, and independent validation; excludes worker-process startup and result-file export",0,0,0,0,0,"0,0,0,0,0,0,0,0,0,0,0,0,0,0,0,0,0,0,0,0,0,0,0,0,0,0,0,0,0,0,0,0,0,0,0,0,0,0,0,0,0,0,0,0,0,0",peak_process_tree_rss_mb,11bed35297f1ebb4aec8ff1a36ad294f0ab222e6a8066701c884372e4c63abc5,forb0003,data_table06_forb/tic-13crafb.forb0003.dzn,1,../noves/tic-13crafb.forb0003.dzn,1,data_table06_forb/tic-13crafb.forb0003.dzn,https://imae.udg.edu/Recerca/LAI/,https://ima.udg.edu/Recerca/lai/b2b/b2b.zip,ee1f440ab3f6db27ab712300ad3a54a31ffd5ec1e06f81a9ac37cb7202c56528,2026-08-10T10:42:19+00:00,7200.0,,ee80a6fbd8b513f7c010668495c39621a371266a,True,3.10.12,1.8.dev25,instance-20260810-085803,Linux-6.8.0-1064-gcp-x86_64-with-glibc2.35,x86_64,4,8,15988.059,1,0,/home/g24021555/Business-Meeting-Scheduling-Problem/.venv/bin/python3 /home/g24021555/Business-Meeting-Scheduling-Problem/src/Main.py --manifest instances_manifest.csv --family forbidden --solver sat_all --objective-mode bg_d2 --domain-mode both --domain-filter-graph both --precedence-encoding both --precedence-graph both --encoding-variant imp12+ --sat-backend cadical --maxsat-backend uwrmaxsat --uwrmaxsat-bin /home/g24021555/uwrmaxsat/build/release/bin/uwrmaxsat --timeout 7200 --csv output/full_matrix_bg_d2_forbidden.csv,,,,,,,,incremental,,cadical,,traditional,pairwise+direct,0,44,"1,2,3,4,5,6,7,8,9,10,11,12,13,14,15,16,17,18,19,20,21,22,24,25,26,27,28,29,30,31,32,33,34,35,36,37,38,40,41,42,43,44,45,46",1834,6,0,0,"0,0,0,0,0,0,0,0,0,0,0,0,0,0,0,0,0,0,0,0,0,0,0,0,0,0,0,0,0,0,0,0,0,0,0,0,0,0,0,0,0,0,0,0,0,0","24,32,40,42,42,42,42,38,36,30","4,7,3,6,10,9,4,8,7,10,10,8,4,9,2,5,6,5,1,4,7,2,10,6,3,10,7,8,9,4,9,7,5,1,8,10,3,4,2,4,7,3,8,6,9,4,1,10,9,8,3,7,4,2,10,6,1,3,5,7,9,4,10,6,2,1,9,3,5,3,6,2,5,3,6,10,7,4,8,9,1,3,2,5,7,2,3,8,7,9,6,10,3,2,8,9,5,10,3,2,7,7,2,8,5,6,10,4,1,2,7,9,6,5,8,3,5,9,10,2,4,3,9,8,6,7,5,1,6,5,8,7,9,4,5,6,2,1,4,9,3,8,3,8,7,1,8,6,5,2,5,4,6,1,4,5,6,4,7,5,9,6,8,8,6,5,2,4,1,9,3,7,10,6,3,8,7,5,4,5,6,7,4,3",1:M19 M34 M47 M57 M66 M81 M109 M128 M138 M146 M154 M169 | 2:M15 M22 M39 M54 M65 M72 M83 M86 M94 M100 M103 M110 M120 M137 M150 M167 | 3:M3 M25 M37 M42 M51 M58 M68 M70 M74 M82 M87 M93 M99 M116 M122 M141 M143 M171 M175 M184 | 4:M1 M7 M13 M20 M30 M38 M40 M46 M53 M62 M78 M108 M121 M134 M139 M152 M155 M158 M168 M179 M183 | 5:M16 M18 M33 M59 M69 M73 M84 M97 M105 M114 M117 M127 M130 M135 M149 M151 M156 M160 M166 M178 M180 | 6:M4 M17 M24 M44 M56 M64 M71 M75 M91 M106 M113 M125 M129 M136 M148 M153 M157 M162 M165 M174 M181 | 7:M2 M9 M21 M27 M32 M41 M52 M60 M77 M85 M89 M101 M102 M111 M126 M132 M145 M159 M172 M177 M182 | 8:M8 M12 M28 M35 M43 M50 M79 M88 M95 M104 M115 M124 M131 M142 M144 M147 M163 M164 M176 | 9:M6 M14 M29 M31 M45 M49 M61 M67 M80 M90 M96 M112 M118 M123 M133 M140 M161 M170 | 10:M5 M10 M11 M23 M26 M36 M48 M55 M63 M76 M92 M98 M107 M119 M173,"journal objective family: bg_d2 | F-selected distance-labelled E* domain propagation and cycle detection | precedence configuration: F=distance_closure, P=pairwise, G=direct | Full Domain MxT schedule variables + explicit unary exclusions | (20),(22)-(27) exactly once over full domains | (22)-(27) session/fixed/forbidden exclusions as hard unit clauses | (19) participant atMost-one per slot | (46),(47) clustered table capacity with compact forward channeling | (28) Pairwise precedence over direct distance-labelled relations | exact break-group ends and unary break-group thresholds | exact schedule <-> usedSlot channeling | (43) exactly |Mp| full usedSlot variables | (44) atMost 2|L| busy participants per slot | (45) exact even number of busy participants | historical hard cap Delta_G <= 2",0,"(0,)",result
,,,,,,,,,tic-13crafb.forb0003,b2b-11bed35297f1ebb4,b2b-lineage-tic-13crafb,forbidden,F-PW-DE-ST-BGD2-NIS-CD-IC12P,Full,Filter-E*,Pairwise,Direct-E,SpanThreshold,BreakGroupsD2,NonIncrementalSAT,IC12+,OPTIMAL,SAT,0,0,bg_d2,0,0,0,,,,,0.430689,False,56.289,,,,Compact,Compact/Full,project_implementation,restart-based multi-phase SAT,25544,,,,,,,66444,0,66444,1840,23704,159904,45,cfg5__m-full__p-pairwise__g-direct__b-span_threshold__o-break_groups_d2__s-nonincrementalsat__i-imp12plus__backend-cadical,cfg5__m-full__p-pairwise__g-direct__b-span_threshold__o-break_groups_d2__s-nonincrementalsat__i-imp12plus__backend-cadical,full,distance_closure,pairwise,direct,NonIncrementalSAT,CaDiCaL,1.5.3,imp12+,span_threshold,total_break_groups_subject_to_range_at_most_2,BGD2,IC12P,159904,0,0,328,45324,17388,3404,,0,176,5,,,,,,5,2119,4388,10732,7812,0.24106618800033175,4,"formalism-specific model size: SAT/MaxSAT reports base CNF and soft clauses, MIP reports variables/linear constraints/nonzeros, and CP reports integer variables plus linear/global constraints; SAT bound/totalizer overhead remains separate in optimizer_added_*",1840,1834,1834,1840,0,0,0,0,0,0,0,1,0.066735,0.002247,0.131809,,0.134057,0.296632,"wall-clock from immediately before reading/parsing the .dzn instance through model construction, optimization, solution decoding, and independent validation; excludes worker-process startup and result-file export",0,0,0,0,0,"0,0,0,0,0,0,0,0,0,0,0,0,0,0,0,0,0,0,0,0,0,0,0,0,0,0,0,0,0,0,0,0,0,0,0,0,0,0,0,0,0,0,0,0,0,0",peak_process_tree_rss_mb,11bed35297f1ebb4aec8ff1a36ad294f0ab222e6a8066701c884372e4c63abc5,forb0003,data_table06_forb/tic-13crafb.forb0003.dzn,1,../noves/tic-13crafb.forb0003.dzn,1,data_table06_forb/tic-13crafb.forb0003.dzn,https://imae.udg.edu/Recerca/LAI/,https://ima.udg.edu/Recerca/lai/b2b/b2b.zip,ee1f440ab3f6db27ab712300ad3a54a31ffd5ec1e06f81a9ac37cb7202c56528,2026-08-10T10:42:19+00:00,7200.0,,ee80a6fbd8b513f7c010668495c39621a371266a,True,3.10.12,1.8.dev25,instance-20260810-085803,Linux-6.8.0-1064-gcp-x86_64-with-glibc2.35,x86_64,4,8,15988.059,1,0,/home/g24021555/Business-Meeting-Scheduling-Problem/.venv/bin/python3 /home/g24021555/Business-Meeting-Scheduling-Problem/src/Main.py --manifest instances_manifest.csv --family forbidden --solver sat_all --objective-mode bg_d2 --domain-mode both --domain-filter-graph both --precedence-encoding both --precedence-graph both --encoding-variant imp12+ --sat-backend cadical --maxsat-backend uwrmaxsat --uwrmaxsat-bin /home/g24021555/uwrmaxsat/build/release/bin/uwrmaxsat --timeout 7200 --csv output/full_matrix_bg_d2_forbidden.csv,,,,,,,,multiple,,cadical,,traditional,pairwise+direct,0,44,"1,2,3,4,5,6,7,8,9,10,11,12,13,14,15,16,17,18,19,20,21,22,24,25,26,27,28,29,30,31,32,33,34,35,36,37,38,40,41,42,43,44,45,46",1834,6,0,0,"0,0,0,0,0,0,0,0,0,0,0,0,0,0,0,0,0,0,0,0,0,0,0,0,0,0,0,0,0,0,0,0,0,0,0,0,0,0,0,0,0,0,0,0,0,0","26,34,38,40,42,42,42,38,36,30","3,2,4,8,7,10,8,3,5,6,6,5,3,8,4,2,7,8,10,5,7,4,6,5,7,1,2,6,3,4,7,9,8,5,3,10,1,6,4,6,9,10,1,7,6,2,8,3,9,5,4,1,6,10,7,8,5,2,3,4,10,1,9,6,9,8,10,7,8,6,4,3,6,5,7,8,2,9,10,4,1,6,9,3,4,1,10,7,4,8,2,6,3,4,2,9,4,7,5,10,6,8,2,7,9,5,1,10,8,6,2,3,9,5,7,9,7,3,1,6,4,2,7,5,3,9,8,9,3,5,8,1,7,3,5,7,4,2,3,6,9,10,8,5,3,10,6,4,2,5,4,7,2,1,2,9,5,7,10,9,8,5,6,6,2,4,10,5,1,9,8,7,3,7,4,5,6,8,9,4,2,5,1,3",1:M26 M37 M43 M52 M62 M81 M86 M107 M119 M132 M154 M169 M183 | 2:M2 M16 M27 M46 M58 M77 M91 M95 M103 M111 M122 M138 M149 M153 M155 M165 M181 | 3:M1 M8 M13 M29 M35 M48 M59 M72 M84 M93 M112 M118 M125 M129 M134 M139 M145 M173 M184 | 4:M3 M15 M22 M30 M39 M51 M60 M71 M80 M85 M89 M94 M97 M121 M137 M148 M151 M166 M175 M180 | 5:M9 M12 M20 M24 M34 M50 M57 M74 M99 M106 M114 M124 M130 M135 M144 M150 M157 M162 M168 M176 M182 | 6:M10 M11 M23 M28 M38 M40 M45 M53 M64 M70 M73 M82 M92 M101 M110 M120 M140 M147 M163 M164 M177 | 7:M5 M17 M21 M25 M31 M44 M55 M68 M75 M88 M98 M104 M115 M117 M123 M133 M136 M152 M158 M172 M174 | 8:M4 M7 M14 M18 M33 M47 M56 M66 M69 M76 M90 M102 M109 M127 M131 M143 M161 M171 M178 | 9:M32 M41 M49 M63 M65 M78 M83 M96 M105 M113 M116 M126 M128 M141 M156 M160 M170 M179 | 10:M6 M19 M36 M42 M54 M61 M67 M79 M87 M100 M108 M142 M146 M159 M167,"journal objective family: bg_d2 | F-selected distance-labelled E* domain propagation and cycle detection | precedence configuration: F=distance_closure, P=pairwise, G=direct | Full Domain MxT schedule variables + explicit unary exclusions | (20),(22)-(27) exactly once over full domains | (22)-(27) session/fixed/forbidden exclusions as hard unit clauses | (19) participant atMost-one per slot | (46),(47) clustered table capacity with compact forward channeling | (28) Pairwise precedence over direct distance-labelled relations | exact break-group ends and unary break-group thresholds | exact schedule <-> usedSlot channeling | (43) exactly |Mp| full usedSlot variables | (44) atMost 2|L| busy participants per slot | (45) exact even number of busy participants | historical hard cap Delta_G <= 2",0,"(0,)",result
,,,,,,,,,tic-13crafb.forb0003,b2b-11bed35297f1ebb4,b2b-lineage-tic-13crafb,forbidden,F-PW-DE-ST-BGD2-UW-IC12P,Full,Filter-E*,Pairwise,Direct-E,SpanThreshold,BreakGroupsD2,UWrMaxSAT,IC12+,OPTIMAL,SAT,0,0,bg_d2,0,0,0,,,0,1,0.326151,False,63.594,,,,Compact,Compact/Full,project_implementation,one-shot weighted MaxSAT,25544,,,,,,,66444,176,66620,1840,23704,160080,45,cfg5__m-full__p-pairwise__g-direct__b-span_threshold__o-break_groups_d2__s-uwrmaxsat__i-imp12plus__backend-uwrmaxsat,cfg5__m-full__p-pairwise__g-direct__b-span_threshold__o-break_groups_d2__s-uwrmaxsat__i-imp12plus__backend-uwrmaxsat,full,distance_closure,pairwise,direct,UWrMaxSAT,UWrMaxSAT,binary-sha256:8c68c8a386d3d7847b50d315143c2bab60e3514e59510e84a649db83cb303876,imp12+,span_threshold,total_break_groups_subject_to_range_at_most_2,BGD2,IC12P,159904,176,1,328,45324,17388,3404,1,176,176,1,,,,,,0,0,0,0,0,,,"formalism-specific model size: SAT/MaxSAT reports base CNF and soft clauses, MIP reports variables/linear constraints/nonzeros, and CP reports integer variables plus linear/global constraints; SAT bound/totalizer overhead remains separate in optimizer_added_*",1840,1834,1834,1840,0,0,0,0,0,0,0,1,0.065604,0.002523,0.134868,,0.137391,0.18876,"wall-clock from immediately before reading/parsing the .dzn instance through model construction, optimization, solution decoding, and independent validation; excludes worker-process startup and result-file export",0,0,0,0,0,"0,0,0,0,0,0,0,0,0,0,0,0,0,0,0,0,0,0,0,0,0,0,0,0,0,0,0,0,0,0,0,0,0,0,0,0,0,0,0,0,0,0,0,0,0,0",peak_process_tree_rss_mb,11bed35297f1ebb4aec8ff1a36ad294f0ab222e6a8066701c884372e4c63abc5,forb0003,data_table06_forb/tic-13crafb.forb0003.dzn,1,../noves/tic-13crafb.forb0003.dzn,1,data_table06_forb/tic-13crafb.forb0003.dzn,https://imae.udg.edu/Recerca/LAI/,https://ima.udg.edu/Recerca/lai/b2b/b2b.zip,ee1f440ab3f6db27ab712300ad3a54a31ffd5ec1e06f81a9ac37cb7202c56528,2026-08-10T10:42:19+00:00,7200.0,,ee80a6fbd8b513f7c010668495c39621a371266a,True,3.10.12,1.8.dev25,instance-20260810-085803,Linux-6.8.0-1064-gcp-x86_64-with-glibc2.35,x86_64,4,8,15988.059,1,0,/home/g24021555/Business-Meeting-Scheduling-Problem/.venv/bin/python3 /home/g24021555/Business-Meeting-Scheduling-Problem/src/Main.py --manifest instances_manifest.csv --family forbidden --solver sat_all --objective-mode bg_d2 --domain-mode both --domain-filter-graph both --precedence-encoding both --precedence-graph both --encoding-variant imp12+ --sat-backend cadical --maxsat-backend uwrmaxsat --uwrmaxsat-bin /home/g24021555/uwrmaxsat/build/release/bin/uwrmaxsat --timeout 7200 --csv output/full_matrix_bg_d2_forbidden.csv,/home/g24021555/uwrmaxsat/build/release/bin/uwrmaxsat,8c68c8a386d3d7847b50d315143c2bab60e3514e59510e84a649db83cb303876,/home/g24021555/uwrmaxsat/build/release/bin/uwrmaxsat -m /tmp/b2b_uwrmaxsat_ax1zrgkq/tic-13crafb.forb0003.wcnf,,process exit code=30,,,maxsat,uwrmaxsat,,/home/g24021555/uwrmaxsat/build/release/bin/uwrmaxsat,traditional,pairwise+direct,0,44,"1,2,3,4,5,6,7,8,9,10,11,12,13,14,15,16,17,18,19,20,21,22,24,25,26,27,28,29,30,31,32,33,34,35,36,37,38,40,41,42,43,44,45,46",1834,6,0,0,"0,0,0,0,0,0,0,0,0,0,0,0,0,0,0,0,0,0,0,0,0,0,0,0,0,0,0,0,0,0,0,0,0,0,0,0,0,0,0,0,0,0,0,0,0,0","32,38,40,42,42,40,38,36,32,28","9,4,3,10,2,7,6,4,2,1,3,6,2,10,8,5,6,8,3,1,6,9,4,7,3,5,9,6,4,2,7,1,5,3,10,6,8,9,2,7,6,8,10,2,1,9,3,7,5,7,8,4,10,9,6,3,9,7,1,8,5,3,4,4,10,6,2,5,5,1,7,5,2,3,7,1,6,8,9,4,10,6,4,8,7,6,4,8,7,5,2,1,4,1,5,1,8,7,5,9,3,2,9,4,10,5,1,3,6,6,3,8,7,9,10,8,5,4,6,7,2,9,5,3,4,10,8,5,2,4,10,6,7,3,8,3,5,2,9,7,10,4,1,2,2,4,3,6,1,9,5,8,3,7,10,8,2,9,7,6,4,5,8,1,3,8,2,9,4,10,5,6,7,4,1,2,6,5,3,5,4,2,3,1",1:M10 M20 M32 M45 M59 M70 M76 M92 M94 M96 M107 M143 M149 M164 M175 M184 | 2:M5 M9 M13 M30 M39 M44 M67 M73 M91 M102 M121 M129 M138 M144 M145 M157 M167 M176 M182 | 3:M3 M11 M19 M25 M34 M47 M56 M62 M74 M101 M108 M111 M124 M134 M136 M147 M153 M165 M179 M183 | 4:M2 M8 M23 M29 M52 M63 M64 M80 M83 M87 M93 M104 M118 M125 M130 M142 M146 M161 M169 M174 M181 | 5:M16 M26 M33 M49 M61 M68 M69 M72 M90 M95 M99 M106 M117 M123 M128 M137 M151 M162 M171 M178 M180 | 6:M7 M12 M17 M21 M28 M36 M41 M55 M66 M77 M82 M86 M109 M110 M119 M132 M148 M160 M172 M177 | 7:M6 M24 M31 M40 M48 M50 M58 M71 M75 M85 M89 M98 M113 M120 M133 M140 M154 M159 M173 | 8:M15 M18 M37 M42 M51 M60 M78 M84 M88 M97 M112 M116 M127 M135 M152 M156 M163 M166 | 9:M1 M22 M27 M38 M46 M54 M57 M79 M100 M103 M114 M122 M139 M150 M158 M168 | 10:M4 M14 M35 M43 M53 M65 M81 M105 M115 M126 M131 M141 M155 M170,"journal objective family: bg_d2 | F-selected distance-labelled E* domain propagation and cycle detection | precedence configuration: F=distance_closure, P=pairwise, G=direct | Full Domain MxT schedule variables + explicit unary exclusions | (20),(22)-(27) exactly once over full domains | (22)-(27) session/fixed/forbidden exclusions as hard unit clauses | (19) participant atMost-one per slot | (46),(47) clustered table capacity with compact forward channeling | (28) Pairwise precedence over direct distance-labelled relations | exact break-group ends and unary break-group thresholds | exact schedule <-> usedSlot channeling | (43) exactly |Mp| full usedSlot variables | (44) atMost 2|L| busy participants per slot | (45) exact even number of busy participants | historical hard cap Delta_G <= 2",,,result
,,,,,,,,,tic-13crafb.forb0003,b2b-11bed35297f1ebb4,b2b-lineage-tic-13crafb,forbidden,F-PW-DC-ST-BGD2-IS-CD-IC12P,Full,Filter-E*,Pairwise,DistanceClosure-E*,SpanThreshold,BreakGroupsD2,IncrementalSAT,IC12+,OPTIMAL,SAT,0,0,bg_d2,0,0,0,,,,,0.332083,False,56.047,,,,Compact,Compact/Full,project_implementation,incremental multi-phase SAT with persistent solver state,25544,,,,,,,66444,0,66444,1840,23704,159904,45,cfg5__m-full__p-pairwise__g-distance_closure__b-span_threshold__o-break_groups_d2__s-incrementalsat__i-imp12plus__backend-cadical,cfg5__m-full__p-pairwise__g-distance_closure__b-span_threshold__o-break_groups_d2__s-incrementalsat__i-imp12plus__backend-cadical,full,distance_closure,pairwise,distance_closure,IncrementalSAT,CaDiCaL,1.5.3,imp12+,span_threshold,total_break_groups_subject_to_range_at_most_2,BGD2,IC12P,159904,0,0,328,45324,17388,3404,,0,176,5,,,,,,1,984,5506,15386,5506,0.14160294600060297,4,"formalism-specific model size: SAT/MaxSAT reports base CNF and soft clauses, MIP reports variables/linear constraints/nonzeros, and CP reports integer variables plus linear/global constraints; SAT bound/totalizer overhead remains separate in optimizer_added_*",1840,1834,1834,1840,0,0,0,0,0,0,0,1,0.065839,0.00251,0.1344,,0.13691,0.195174,"wall-clock from immediately before reading/parsing the .dzn instance through model construction, optimization, solution decoding, and independent validation; excludes worker-process startup and result-file export",0,0,0,0,0,"0,0,0,0,0,0,0,0,0,0,0,0,0,0,0,0,0,0,0,0,0,0,0,0,0,0,0,0,0,0,0,0,0,0,0,0,0,0,0,0,0,0,0,0,0,0",peak_process_tree_rss_mb,11bed35297f1ebb4aec8ff1a36ad294f0ab222e6a8066701c884372e4c63abc5,forb0003,data_table06_forb/tic-13crafb.forb0003.dzn,1,../noves/tic-13crafb.forb0003.dzn,1,data_table06_forb/tic-13crafb.forb0003.dzn,https://imae.udg.edu/Recerca/LAI/,https://ima.udg.edu/Recerca/lai/b2b/b2b.zip,ee1f440ab3f6db27ab712300ad3a54a31ffd5ec1e06f81a9ac37cb7202c56528,2026-08-10T10:42:19+00:00,7200.0,,ee80a6fbd8b513f7c010668495c39621a371266a,True,3.10.12,1.8.dev25,instance-20260810-085803,Linux-6.8.0-1064-gcp-x86_64-with-glibc2.35,x86_64,4,8,15988.059,1,0,/home/g24021555/Business-Meeting-Scheduling-Problem/.venv/bin/python3 /home/g24021555/Business-Meeting-Scheduling-Problem/src/Main.py --manifest instances_manifest.csv --family forbidden --solver sat_all --objective-mode bg_d2 --domain-mode both --domain-filter-graph both --precedence-encoding both --precedence-graph both --encoding-variant imp12+ --sat-backend cadical --maxsat-backend uwrmaxsat --uwrmaxsat-bin /home/g24021555/uwrmaxsat/build/release/bin/uwrmaxsat --timeout 7200 --csv output/full_matrix_bg_d2_forbidden.csv,,,,,,,,incremental,,cadical,,factorial,pairwise+distance_closure,0,44,"1,2,3,4,5,6,7,8,9,10,11,12,13,14,15,16,17,18,19,20,21,22,24,25,26,27,28,29,30,31,32,33,34,35,36,37,38,40,41,42,43,44,45,46",1834,6,0,0,"0,0,0,0,0,0,0,0,0,0,0,0,0,0,0,0,0,0,0,0,0,0,0,0,0,0,0,0,0,0,0,0,0,0,0,0,0,0,0,0,0,0,0,0,0,0","24,32,40,42,42,42,42,38,36,30","4,7,3,6,10,9,4,8,7,10,10,8,4,9,2,5,6,5,1,4,7,2,10,6,3,10,7,8,9,4,9,7,5,1,8,10,3,4,2,4,7,3,8,6,9,4,1,10,9,8,3,7,4,2,10,6,1,3,5,7,9,4,10,6,2,1,9,3,5,3,6,2,5,3,6,10,7,4,8,9,1,3,2,5,7,2,3,8,7,9,6,10,3,2,8,9,5,10,3,2,7,7,2,8,5,6,10,4,1,2,7,9,6,5,8,3,5,9,10,2,4,3,9,8,6,7,5,1,6,5,8,7,9,4,5,6,2,1,4,9,3,8,3,8,7,1,8,6,5,2,5,4,6,1,4,5,6,4,7,5,9,6,8,8,6,5,2,4,1,9,3,7,10,6,3,8,7,5,4,5,6,7,4,3",1:M19 M34 M47 M57 M66 M81 M109 M128 M138 M146 M154 M169 | 2:M15 M22 M39 M54 M65 M72 M83 M86 M94 M100 M103 M110 M120 M137 M150 M167 | 3:M3 M25 M37 M42 M51 M58 M68 M70 M74 M82 M87 M93 M99 M116 M122 M141 M143 M171 M175 M184 | 4:M1 M7 M13 M20 M30 M38 M40 M46 M53 M62 M78 M108 M121 M134 M139 M152 M155 M158 M168 M179 M183 | 5:M16 M18 M33 M59 M69 M73 M84 M97 M105 M114 M117 M127 M130 M135 M149 M151 M156 M160 M166 M178 M180 | 6:M4 M17 M24 M44 M56 M64 M71 M75 M91 M106 M113 M125 M129 M136 M148 M153 M157 M162 M165 M174 M181 | 7:M2 M9 M21 M27 M32 M41 M52 M60 M77 M85 M89 M101 M102 M111 M126 M132 M145 M159 M172 M177 M182 | 8:M8 M12 M28 M35 M43 M50 M79 M88 M95 M104 M115 M124 M131 M142 M144 M147 M163 M164 M176 | 9:M6 M14 M29 M31 M45 M49 M61 M67 M80 M90 M96 M112 M118 M123 M133 M140 M161 M170 | 10:M5 M10 M11 M23 M26 M36 M48 M55 M63 M76 M92 M98 M107 M119 M173,"journal objective family: bg_d2 | F-selected distance-labelled E* domain propagation and cycle detection | precedence configuration: F=distance_closure, P=pairwise, G=distance_closure | Full Domain MxT schedule variables + explicit unary exclusions | (20),(22)-(27) exactly once over full domains | (22)-(27) session/fixed/forbidden exclusions as hard unit clauses | (19) participant atMost-one per slot | (46),(47) clustered table capacity with compact forward channeling | (28) Pairwise precedence over distance_closure distance-labelled relations | exact break-group ends and unary break-group thresholds | exact schedule <-> usedSlot channeling | (43) exactly |Mp| full usedSlot variables | (44) atMost 2|L| busy participants per slot | (45) exact even number of busy participants | historical hard cap Delta_G <= 2",0,"(0,)",result
,,,,,,,,,tic-13crafb.forb0003,b2b-11bed35297f1ebb4,b2b-lineage-tic-13crafb,forbidden,F-PW-DC-ST-BGD2-NIS-CD-IC12P,Full,Filter-E*,Pairwise,DistanceClosure-E*,SpanThreshold,BreakGroupsD2,NonIncrementalSAT,IC12+,OPTIMAL,SAT,0,0,bg_d2,0,0,0,,,,,0.43339,False,55.859,,,,Compact,Compact/Full,project_implementation,restart-based multi-phase SAT,25544,,,,,,,66444,0,66444,1840,23704,159904,45,cfg5__m-full__p-pairwise__g-distance_closure__b-span_threshold__o-break_groups_d2__s-nonincrementalsat__i-imp12plus__backend-cadical,cfg5__m-full__p-pairwise__g-distance_closure__b-span_threshold__o-break_groups_d2__s-nonincrementalsat__i-imp12plus__backend-cadical,full,distance_closure,pairwise,distance_closure,NonIncrementalSAT,CaDiCaL,1.5.3,imp12+,span_threshold,total_break_groups_subject_to_range_at_most_2,BGD2,IC12P,159904,0,0,328,45324,17388,3404,,0,176,5,,,,,,5,2119,4388,10732,7812,0.24132660000032047,4,"formalism-specific model size: SAT/MaxSAT reports base CNF and soft clauses, MIP reports variables/linear constraints/nonzeros, and CP reports integer variables plus linear/global constraints; SAT bound/totalizer overhead remains separate in optimizer_added_*",1840,1834,1834,1840,0,0,0,0,0,0,0,1,0.068577,0.002709,0.135726,,0.138436,0.294954,"wall-clock from immediately before reading/parsing the .dzn instance through model construction, optimization, solution decoding, and independent validation; excludes worker-process startup and result-file export",0,0,0,0,0,"0,0,0,0,0,0,0,0,0,0,0,0,0,0,0,0,0,0,0,0,0,0,0,0,0,0,0,0,0,0,0,0,0,0,0,0,0,0,0,0,0,0,0,0,0,0",peak_process_tree_rss_mb,11bed35297f1ebb4aec8ff1a36ad294f0ab222e6a8066701c884372e4c63abc5,forb0003,data_table06_forb/tic-13crafb.forb0003.dzn,1,../noves/tic-13crafb.forb0003.dzn,1,data_table06_forb/tic-13crafb.forb0003.dzn,https://imae.udg.edu/Recerca/LAI/,https://ima.udg.edu/Recerca/lai/b2b/b2b.zip,ee1f440ab3f6db27ab712300ad3a54a31ffd5ec1e06f81a9ac37cb7202c56528,2026-08-10T10:42:19+00:00,7200.0,,ee80a6fbd8b513f7c010668495c39621a371266a,True,3.10.12,1.8.dev25,instance-20260810-085803,Linux-6.8.0-1064-gcp-x86_64-with-glibc2.35,x86_64,4,8,15988.059,1,0,/home/g24021555/Business-Meeting-Scheduling-Problem/.venv/bin/python3 /home/g24021555/Business-Meeting-Scheduling-Problem/src/Main.py --manifest instances_manifest.csv --family forbidden --solver sat_all --objective-mode bg_d2 --domain-mode both --domain-filter-graph both --precedence-encoding both --precedence-graph both --encoding-variant imp12+ --sat-backend cadical --maxsat-backend uwrmaxsat --uwrmaxsat-bin /home/g24021555/uwrmaxsat/build/release/bin/uwrmaxsat --timeout 7200 --csv output/full_matrix_bg_d2_forbidden.csv,,,,,,,,multiple,,cadical,,factorial,pairwise+distance_closure,0,44,"1,2,3,4,5,6,7,8,9,10,11,12,13,14,15,16,17,18,19,20,21,22,24,25,26,27,28,29,30,31,32,33,34,35,36,37,38,40,41,42,43,44,45,46",1834,6,0,0,"0,0,0,0,0,0,0,0,0,0,0,0,0,0,0,0,0,0,0,0,0,0,0,0,0,0,0,0,0,0,0,0,0,0,0,0,0,0,0,0,0,0,0,0,0,0","26,34,38,40,42,42,42,38,36,30","3,2,4,8,7,10,8,3,5,6,6,5,3,8,4,2,7,8,10,5,7,4,6,5,7,1,2,6,3,4,7,9,8,5,3,10,1,6,4,6,9,10,1,7,6,2,8,3,9,5,4,1,6,10,7,8,5,2,3,4,10,1,9,6,9,8,10,7,8,6,4,3,6,5,7,8,2,9,10,4,1,6,9,3,4,1,10,7,4,8,2,6,3,4,2,9,4,7,5,10,6,8,2,7,9,5,1,10,8,6,2,3,9,5,7,9,7,3,1,6,4,2,7,5,3,9,8,9,3,5,8,1,7,3,5,7,4,2,3,6,9,10,8,5,3,10,6,4,2,5,4,7,2,1,2,9,5,7,10,9,8,5,6,6,2,4,10,5,1,9,8,7,3,7,4,5,6,8,9,4,2,5,1,3",1:M26 M37 M43 M52 M62 M81 M86 M107 M119 M132 M154 M169 M183 | 2:M2 M16 M27 M46 M58 M77 M91 M95 M103 M111 M122 M138 M149 M153 M155 M165 M181 | 3:M1 M8 M13 M29 M35 M48 M59 M72 M84 M93 M112 M118 M125 M129 M134 M139 M145 M173 M184 | 4:M3 M15 M22 M30 M39 M51 M60 M71 M80 M85 M89 M94 M97 M121 M137 M148 M151 M166 M175 M180 | 5:M9 M12 M20 M24 M34 M50 M57 M74 M99 M106 M114 M124 M130 M135 M144 M150 M157 M162 M168 M176 M182 | 6:M10 M11 M23 M28 M38 M40 M45 M53 M64 M70 M73 M82 M92 M101 M110 M120 M140 M147 M163 M164 M177 | 7:M5 M17 M21 M25 M31 M44 M55 M68 M75 M88 M98 M104 M115 M117 M123 M133 M136 M152 M158 M172 M174 | 8:M4 M7 M14 M18 M33 M47 M56 M66 M69 M76 M90 M102 M109 M127 M131 M143 M161 M171 M178 | 9:M32 M41 M49 M63 M65 M78 M83 M96 M105 M113 M116 M126 M128 M141 M156 M160 M170 M179 | 10:M6 M19 M36 M42 M54 M61 M67 M79 M87 M100 M108 M142 M146 M159 M167,"journal objective family: bg_d2 | F-selected distance-labelled E* domain propagation and cycle detection | precedence configuration: F=distance_closure, P=pairwise, G=distance_closure | Full Domain MxT schedule variables + explicit unary exclusions | (20),(22)-(27) exactly once over full domains | (22)-(27) session/fixed/forbidden exclusions as hard unit clauses | (19) participant atMost-one per slot | (46),(47) clustered table capacity with compact forward channeling | (28) Pairwise precedence over distance_closure distance-labelled relations | exact break-group ends and unary break-group thresholds | exact schedule <-> usedSlot channeling | (43) exactly |Mp| full usedSlot variables | (44) atMost 2|L| busy participants per slot | (45) exact even number of busy participants | historical hard cap Delta_G <= 2",0,"(0,)",result
,,,,,,,,,tic-13crafb.forb0003,b2b-11bed35297f1ebb4,b2b-lineage-tic-13crafb,forbidden,F-PW-DC-ST-BGD2-UW-IC12P,Full,Filter-E*,Pairwise,DistanceClosure-E*,SpanThreshold,BreakGroupsD2,UWrMaxSAT,IC12+,OPTIMAL,SAT,0,0,bg_d2,0,0,0,,,0,1,0.335183,False,63.145,,,,Compact,Compact/Full,project_implementation,one-shot weighted MaxSAT,25544,,,,,,,66444,176,66620,1840,23704,160080,45,cfg5__m-full__p-pairwise__g-distance_closure__b-span_threshold__o-break_groups_d2__s-uwrmaxsat__i-imp12plus__backend-uwrmaxsat,cfg5__m-full__p-pairwise__g-distance_closure__b-span_threshold__o-break_groups_d2__s-uwrmaxsat__i-imp12plus__backend-uwrmaxsat,full,distance_closure,pairwise,distance_closure,UWrMaxSAT,UWrMaxSAT,binary-sha256:8c68c8a386d3d7847b50d315143c2bab60e3514e59510e84a649db83cb303876,imp12+,span_threshold,total_break_groups_subject_to_range_at_most_2,BGD2,IC12P,159904,176,1,328,45324,17388,3404,1,176,176,1,,,,,,0,0,0,0,0,,,"formalism-specific model size: SAT/MaxSAT reports base CNF and soft clauses, MIP reports variables/linear constraints/nonzeros, and CP reports integer variables plus linear/global constraints; SAT bound/totalizer overhead remains separate in optimizer_added_*",1840,1834,1834,1840,0,0,0,0,0,0,0,1,0.067931,0.002558,0.138474,,0.141032,0.194151,"wall-clock from immediately before reading/parsing the .dzn instance through model construction, optimization, solution decoding, and independent validation; excludes worker-process startup and result-file export",0,0,0,0,0,"0,0,0,0,0,0,0,0,0,0,0,0,0,0,0,0,0,0,0,0,0,0,0,0,0,0,0,0,0,0,0,0,0,0,0,0,0,0,0,0,0,0,0,0,0,0",peak_process_tree_rss_mb,11bed35297f1ebb4aec8ff1a36ad294f0ab222e6a8066701c884372e4c63abc5,forb0003,data_table06_forb/tic-13crafb.forb0003.dzn,1,../noves/tic-13crafb.forb0003.dzn,1,data_table06_forb/tic-13crafb.forb0003.dzn,https://imae.udg.edu/Recerca/LAI/,https://ima.udg.edu/Recerca/lai/b2b/b2b.zip,ee1f440ab3f6db27ab712300ad3a54a31ffd5ec1e06f81a9ac37cb7202c56528,2026-08-10T10:42:19+00:00,7200.0,,ee80a6fbd8b513f7c010668495c39621a371266a,True,3.10.12,1.8.dev25,instance-20260810-085803,Linux-6.8.0-1064-gcp-x86_64-with-glibc2.35,x86_64,4,8,15988.059,1,0,/home/g24021555/Business-Meeting-Scheduling-Problem/.venv/bin/python3 /home/g24021555/Business-Meeting-Scheduling-Problem/src/Main.py --manifest instances_manifest.csv --family forbidden --solver sat_all --objective-mode bg_d2 --domain-mode both --domain-filter-graph both --precedence-encoding both --precedence-graph both --encoding-variant imp12+ --sat-backend cadical --maxsat-backend uwrmaxsat --uwrmaxsat-bin /home/g24021555/uwrmaxsat/build/release/bin/uwrmaxsat --timeout 7200 --csv output/full_matrix_bg_d2_forbidden.csv,/home/g24021555/uwrmaxsat/build/release/bin/uwrmaxsat,8c68c8a386d3d7847b50d315143c2bab60e3514e59510e84a649db83cb303876,/home/g24021555/uwrmaxsat/build/release/bin/uwrmaxsat -m /tmp/b2b_uwrmaxsat_tat48buv/tic-13crafb.forb0003.wcnf,,process exit code=30,,,maxsat,uwrmaxsat,,/home/g24021555/uwrmaxsat/build/release/bin/uwrmaxsat,factorial,pairwise+distance_closure,0,44,"1,2,3,4,5,6,7,8,9,10,11,12,13,14,15,16,17,18,19,20,21,22,24,25,26,27,28,29,30,31,32,33,34,35,36,37,38,40,41,42,43,44,45,46",1834,6,0,0,"0,0,0,0,0,0,0,0,0,0,0,0,0,0,0,0,0,0,0,0,0,0,0,0,0,0,0,0,0,0,0,0,0,0,0,0,0,0,0,0,0,0,0,0,0,0","32,38,40,42,42,40,38,36,32,28","9,4,3,10,2,7,6,4,2,1,3,6,2,10,8,5,6,8,3,1,6,9,4,7,3,5,9,6,4,2,7,1,5,3,10,6,8,9,2,7,6,8,10,2,1,9,3,7,5,7,8,4,10,9,6,3,9,7,1,8,5,3,4,4,10,6,2,5,5,1,7,5,2,3,7,1,6,8,9,4,10,6,4,8,7,6,4,8,7,5,2,1,4,1,5,1,8,7,5,9,3,2,9,4,10,5,1,3,6,6,3,8,7,9,10,8,5,4,6,7,2,9,5,3,4,10,8,5,2,4,10,6,7,3,8,3,5,2,9,7,10,4,1,2,2,4,3,6,1,9,5,8,3,7,10,8,2,9,7,6,4,5,8,1,3,8,2,9,4,10,5,6,7,4,1,2,6,5,3,5,4,2,3,1",1:M10 M20 M32 M45 M59 M70 M76 M92 M94 M96 M107 M143 M149 M164 M175 M184 | 2:M5 M9 M13 M30 M39 M44 M67 M73 M91 M102 M121 M129 M138 M144 M145 M157 M167 M176 M182 | 3:M3 M11 M19 M25 M34 M47 M56 M62 M74 M101 M108 M111 M124 M134 M136 M147 M153 M165 M179 M183 | 4:M2 M8 M23 M29 M52 M63 M64 M80 M83 M87 M93 M104 M118 M125 M130 M142 M146 M161 M169 M174 M181 | 5:M16 M26 M33 M49 M61 M68 M69 M72 M90 M95 M99 M106 M117 M123 M128 M137 M151 M162 M171 M178 M180 | 6:M7 M12 M17 M21 M28 M36 M41 M55 M66 M77 M82 M86 M109 M110 M119 M132 M148 M160 M172 M177 | 7:M6 M24 M31 M40 M48 M50 M58 M71 M75 M85 M89 M98 M113 M120 M133 M140 M154 M159 M173 | 8:M15 M18 M37 M42 M51 M60 M78 M84 M88 M97 M112 M116 M127 M135 M152 M156 M163 M166 | 9:M1 M22 M27 M38 M46 M54 M57 M79 M100 M103 M114 M122 M139 M150 M158 M168 | 10:M4 M14 M35 M43 M53 M65 M81 M105 M115 M126 M131 M141 M155 M170,"journal objective family: bg_d2 | F-selected distance-labelled E* domain propagation and cycle detection | precedence configuration: F=distance_closure, P=pairwise, G=distance_closure | Full Domain MxT schedule variables + explicit unary exclusions | (20),(22)-(27) exactly once over full domains | (22)-(27) session/fixed/forbidden exclusions as hard unit clauses | (19) participant atMost-one per slot | (46),(47) clustered table capacity with compact forward channeling | (28) Pairwise precedence over distance_closure distance-labelled relations | exact break-group ends and unary break-group thresholds | exact schedule <-> usedSlot channeling | (43) exactly |Mp| full usedSlot variables | (44) atMost 2|L| busy participants per slot | (45) exact even number of busy participants | historical hard cap Delta_G <= 2",,,result
,,,,,,,,,tic-13crafb.forb0003,b2b-11bed35297f1ebb4,b2b-lineage-tic-13crafb,forbidden,F-SS-DE-ST-BGD2-IS-CD-IC12P,Full,Filter-E*,SparseSuffix,Direct-E,SpanThreshold,BreakGroupsD2,IncrementalSAT,IC12+,OPTIMAL,SAT,0,0,bg_d2,0,0,0,,,,,0.330208,False,55.938,,,,Compact,Compact/Full,project_implementation,incremental multi-phase SAT with persistent solver state,25544,,,,,,,66444,0,66444,1840,23704,159904,45,cfg5__m-full__p-sparse_suffix__g-direct__b-span_threshold__o-break_groups_d2__s-incrementalsat__i-imp12plus__backend-cadical,cfg5__m-full__p-sparse_suffix__g-direct__b-span_threshold__o-break_groups_d2__s-incrementalsat__i-imp12plus__backend-cadical,full,distance_closure,sparse_suffix,direct,IncrementalSAT,CaDiCaL,1.5.3,imp12+,span_threshold,total_break_groups_subject_to_range_at_most_2,BGD2,IC12P,159904,0,0,328,45324,17388,3404,,0,176,5,,,,,,1,984,5506,15386,5506,0.13998838499992416,4,"formalism-specific model size: SAT/MaxSAT reports base CNF and soft clauses, MIP reports variables/linear constraints/nonzeros, and CP reports integer variables plus linear/global constraints; SAT bound/totalizer overhead remains separate in optimizer_added_*",1840,1834,1834,1840,0,0,0,0,0,0,0,1,0.066933,0.002506,0.132918,,0.135424,0.194784,"wall-clock from immediately before reading/parsing the .dzn instance through model construction, optimization, solution decoding, and independent validation; excludes worker-process startup and result-file export",0,0,0,0,0,"0,0,0,0,0,0,0,0,0,0,0,0,0,0,0,0,0,0,0,0,0,0,0,0,0,0,0,0,0,0,0,0,0,0,0,0,0,0,0,0,0,0,0,0,0,0",peak_process_tree_rss_mb,11bed35297f1ebb4aec8ff1a36ad294f0ab222e6a8066701c884372e4c63abc5,forb0003,data_table06_forb/tic-13crafb.forb0003.dzn,1,../noves/tic-13crafb.forb0003.dzn,1,data_table06_forb/tic-13crafb.forb0003.dzn,https://imae.udg.edu/Recerca/LAI/,https://ima.udg.edu/Recerca/lai/b2b/b2b.zip,ee1f440ab3f6db27ab712300ad3a54a31ffd5ec1e06f81a9ac37cb7202c56528,2026-08-10T10:42:19+00:00,7200.0,,ee80a6fbd8b513f7c010668495c39621a371266a,True,3.10.12,1.8.dev25,instance-20260810-085803,Linux-6.8.0-1064-gcp-x86_64-with-glibc2.35,x86_64,4,8,15988.059,1,0,/home/g24021555/Business-Meeting-Scheduling-Problem/.venv/bin/python3 /home/g24021555/Business-Meeting-Scheduling-Problem/src/Main.py --manifest instances_manifest.csv --family forbidden --solver sat_all --objective-mode bg_d2 --domain-mode both --domain-filter-graph both --precedence-encoding both --precedence-graph both --encoding-variant imp12+ --sat-backend cadical --maxsat-backend uwrmaxsat --uwrmaxsat-bin /home/g24021555/uwrmaxsat/build/release/bin/uwrmaxsat --timeout 7200 --csv output/full_matrix_bg_d2_forbidden.csv,,,,,,,,incremental,,cadical,,factorial,sparse_suffix+direct,0,44,"1,2,3,4,5,6,7,8,9,10,11,12,13,14,15,16,17,18,19,20,21,22,24,25,26,27,28,29,30,31,32,33,34,35,36,37,38,40,41,42,43,44,45,46",1834,6,0,0,"0,0,0,0,0,0,0,0,0,0,0,0,0,0,0,0,0,0,0,0,0,0,0,0,0,0,0,0,0,0,0,0,0,0,0,0,0,0,0,0,0,0,0,0,0,0","24,32,40,42,42,42,42,38,36,30","4,7,3,6,10,9,4,8,7,10,10,8,4,9,2,5,6,5,1,4,7,2,10,6,3,10,7,8,9,4,9,7,5,1,8,10,3,4,2,4,7,3,8,6,9,4,1,10,9,8,3,7,4,2,10,6,1,3,5,7,9,4,10,6,2,1,9,3,5,3,6,2,5,3,6,10,7,4,8,9,1,3,2,5,7,2,3,8,7,9,6,10,3,2,8,9,5,10,3,2,7,7,2,8,5,6,10,4,1,2,7,9,6,5,8,3,5,9,10,2,4,3,9,8,6,7,5,1,6,5,8,7,9,4,5,6,2,1,4,9,3,8,3,8,7,1,8,6,5,2,5,4,6,1,4,5,6,4,7,5,9,6,8,8,6,5,2,4,1,9,3,7,10,6,3,8,7,5,4,5,6,7,4,3",1:M19 M34 M47 M57 M66 M81 M109 M128 M138 M146 M154 M169 | 2:M15 M22 M39 M54 M65 M72 M83 M86 M94 M100 M103 M110 M120 M137 M150 M167 | 3:M3 M25 M37 M42 M51 M58 M68 M70 M74 M82 M87 M93 M99 M116 M122 M141 M143 M171 M175 M184 | 4:M1 M7 M13 M20 M30 M38 M40 M46 M53 M62 M78 M108 M121 M134 M139 M152 M155 M158 M168 M179 M183 | 5:M16 M18 M33 M59 M69 M73 M84 M97 M105 M114 M117 M127 M130 M135 M149 M151 M156 M160 M166 M178 M180 | 6:M4 M17 M24 M44 M56 M64 M71 M75 M91 M106 M113 M125 M129 M136 M148 M153 M157 M162 M165 M174 M181 | 7:M2 M9 M21 M27 M32 M41 M52 M60 M77 M85 M89 M101 M102 M111 M126 M132 M145 M159 M172 M177 M182 | 8:M8 M12 M28 M35 M43 M50 M79 M88 M95 M104 M115 M124 M131 M142 M144 M147 M163 M164 M176 | 9:M6 M14 M29 M31 M45 M49 M61 M67 M80 M90 M96 M112 M118 M123 M133 M140 M161 M170 | 10:M5 M10 M11 M23 M26 M36 M48 M55 M63 M76 M92 M98 M107 M119 M173,"journal objective family: bg_d2 | F-selected distance-labelled E* domain propagation and cycle detection | precedence configuration: F=distance_closure, P=sparse_suffix, G=direct | Full Domain MxT schedule variables + explicit unary exclusions | (20),(22)-(27) exactly once over full domains | (22)-(27) session/fixed/forbidden exclusions as hard unit clauses | (19) participant atMost-one per slot | (46),(47) clustered table capacity with compact forward channeling | (28) SparseSuffix precedence over direct distance-labelled relations | exact break-group ends and unary break-group thresholds | exact schedule <-> usedSlot channeling | (43) exactly |Mp| full usedSlot variables | (44) atMost 2|L| busy participants per slot | (45) exact even number of busy participants | historical hard cap Delta_G <= 2",0,"(0,)",result
,,,,,,,,,tic-13crafb.forb0003,b2b-11bed35297f1ebb4,b2b-lineage-tic-13crafb,forbidden,F-SS-DE-ST-BGD2-NIS-CD-IC12P,Full,Filter-E*,SparseSuffix,Direct-E,SpanThreshold,BreakGroupsD2,NonIncrementalSAT,IC12+,OPTIMAL,SAT,0,0,bg_d2,0,0,0,,,,,0.433846,False,56.211,,,,Compact,Compact/Full,project_implementation,restart-based multi-phase SAT,25544,,,,,,,66444,0,66444,1840,23704,159904,45,cfg5__m-full__p-sparse_suffix__g-direct__b-span_threshold__o-break_groups_d2__s-nonincrementalsat__i-imp12plus__backend-cadical,cfg5__m-full__p-sparse_suffix__g-direct__b-span_threshold__o-break_groups_d2__s-nonincrementalsat__i-imp12plus__backend-cadical,full,distance_closure,sparse_suffix,direct,NonIncrementalSAT,CaDiCaL,1.5.3,imp12+,span_threshold,total_break_groups_subject_to_range_at_most_2,BGD2,IC12P,159904,0,0,328,45324,17388,3404,,0,176,5,,,,,,5,2119,4388,10732,7812,0.24505270100053167,4,"formalism-specific model size: SAT/MaxSAT reports base CNF and soft clauses, MIP reports variables/linear constraints/nonzeros, and CP reports integer variables plus linear/global constraints; SAT bound/totalizer overhead remains separate in optimizer_added_*",1840,1834,1834,1840,0,0,0,0,0,0,0,1,0.067054,0.002454,0.131252,,0.133706,0.30014,"wall-clock from immediately before reading/parsing the .dzn instance through model construction, optimization, solution decoding, and independent validation; excludes worker-process startup and result-file export",0,0,0,0,0,"0,0,0,0,0,0,0,0,0,0,0,0,0,0,0,0,0,0,0,0,0,0,0,0,0,0,0,0,0,0,0,0,0,0,0,0,0,0,0,0,0,0,0,0,0,0",peak_process_tree_rss_mb,11bed35297f1ebb4aec8ff1a36ad294f0ab222e6a8066701c884372e4c63abc5,forb0003,data_table06_forb/tic-13crafb.forb0003.dzn,1,../noves/tic-13crafb.forb0003.dzn,1,data_table06_forb/tic-13crafb.forb0003.dzn,https://imae.udg.edu/Recerca/LAI/,https://ima.udg.edu/Recerca/lai/b2b/b2b.zip,ee1f440ab3f6db27ab712300ad3a54a31ffd5ec1e06f81a9ac37cb7202c56528,2026-08-10T10:42:19+00:00,7200.0,,ee80a6fbd8b513f7c010668495c39621a371266a,True,3.10.12,1.8.dev25,instance-20260810-085803,Linux-6.8.0-1064-gcp-x86_64-with-glibc2.35,x86_64,4,8,15988.059,1,0,/home/g24021555/Business-Meeting-Scheduling-Problem/.venv/bin/python3 /home/g24021555/Business-Meeting-Scheduling-Problem/src/Main.py --manifest instances_manifest.csv --family forbidden --solver sat_all --objective-mode bg_d2 --domain-mode both --domain-filter-graph both --precedence-encoding both --precedence-graph both --encoding-variant imp12+ --sat-backend cadical --maxsat-backend uwrmaxsat --uwrmaxsat-bin /home/g24021555/uwrmaxsat/build/release/bin/uwrmaxsat --timeout 7200 --csv output/full_matrix_bg_d2_forbidden.csv,,,,,,,,multiple,,cadical,,factorial,sparse_suffix+direct,0,44,"1,2,3,4,5,6,7,8,9,10,11,12,13,14,15,16,17,18,19,20,21,22,24,25,26,27,28,29,30,31,32,33,34,35,36,37,38,40,41,42,43,44,45,46",1834,6,0,0,"0,0,0,0,0,0,0,0,0,0,0,0,0,0,0,0,0,0,0,0,0,0,0,0,0,0,0,0,0,0,0,0,0,0,0,0,0,0,0,0,0,0,0,0,0,0","26,34,38,40,42,42,42,38,36,30","3,2,4,8,7,10,8,3,5,6,6,5,3,8,4,2,7,8,10,5,7,4,6,5,7,1,2,6,3,4,7,9,8,5,3,10,1,6,4,6,9,10,1,7,6,2,8,3,9,5,4,1,6,10,7,8,5,2,3,4,10,1,9,6,9,8,10,7,8,6,4,3,6,5,7,8,2,9,10,4,1,6,9,3,4,1,10,7,4,8,2,6,3,4,2,9,4,7,5,10,6,8,2,7,9,5,1,10,8,6,2,3,9,5,7,9,7,3,1,6,4,2,7,5,3,9,8,9,3,5,8,1,7,3,5,7,4,2,3,6,9,10,8,5,3,10,6,4,2,5,4,7,2,1,2,9,5,7,10,9,8,5,6,6,2,4,10,5,1,9,8,7,3,7,4,5,6,8,9,4,2,5,1,3",1:M26 M37 M43 M52 M62 M81 M86 M107 M119 M132 M154 M169 M183 | 2:M2 M16 M27 M46 M58 M77 M91 M95 M103 M111 M122 M138 M149 M153 M155 M165 M181 | 3:M1 M8 M13 M29 M35 M48 M59 M72 M84 M93 M112 M118 M125 M129 M134 M139 M145 M173 M184 | 4:M3 M15 M22 M30 M39 M51 M60 M71 M80 M85 M89 M94 M97 M121 M137 M148 M151 M166 M175 M180 | 5:M9 M12 M20 M24 M34 M50 M57 M74 M99 M106 M114 M124 M130 M135 M144 M150 M157 M162 M168 M176 M182 | 6:M10 M11 M23 M28 M38 M40 M45 M53 M64 M70 M73 M82 M92 M101 M110 M120 M140 M147 M163 M164 M177 | 7:M5 M17 M21 M25 M31 M44 M55 M68 M75 M88 M98 M104 M115 M117 M123 M133 M136 M152 M158 M172 M174 | 8:M4 M7 M14 M18 M33 M47 M56 M66 M69 M76 M90 M102 M109 M127 M131 M143 M161 M171 M178 | 9:M32 M41 M49 M63 M65 M78 M83 M96 M105 M113 M116 M126 M128 M141 M156 M160 M170 M179 | 10:M6 M19 M36 M42 M54 M61 M67 M79 M87 M100 M108 M142 M146 M159 M167,"journal objective family: bg_d2 | F-selected distance-labelled E* domain propagation and cycle detection | precedence configuration: F=distance_closure, P=sparse_suffix, G=direct | Full Domain MxT schedule variables + explicit unary exclusions | (20),(22)-(27) exactly once over full domains | (22)-(27) session/fixed/forbidden exclusions as hard unit clauses | (19) participant atMost-one per slot | (46),(47) clustered table capacity with compact forward channeling | (28) SparseSuffix precedence over direct distance-labelled relations | exact break-group ends and unary break-group thresholds | exact schedule <-> usedSlot channeling | (43) exactly |Mp| full usedSlot variables | (44) atMost 2|L| busy participants per slot | (45) exact even number of busy participants | historical hard cap Delta_G <= 2",0,"(0,)",result
,,,,,,,,,tic-13crafb.forb0003,b2b-11bed35297f1ebb4,b2b-lineage-tic-13crafb,forbidden,F-SS-DE-ST-BGD2-UW-IC12P,Full,Filter-E*,SparseSuffix,Direct-E,SpanThreshold,BreakGroupsD2,UWrMaxSAT,IC12+,OPTIMAL,SAT,0,0,bg_d2,0,0,0,,,0,1,0.34021,False,63.016,,,,Compact,Compact/Full,project_implementation,one-shot weighted MaxSAT,25544,,,,,,,66444,176,66620,1840,23704,160080,45,cfg5__m-full__p-sparse_suffix__g-direct__b-span_threshold__o-break_groups_d2__s-uwrmaxsat__i-imp12plus__backend-uwrmaxsat,cfg5__m-full__p-sparse_suffix__g-direct__b-span_threshold__o-break_groups_d2__s-uwrmaxsat__i-imp12plus__backend-uwrmaxsat,full,distance_closure,sparse_suffix,direct,UWrMaxSAT,UWrMaxSAT,binary-sha256:8c68c8a386d3d7847b50d315143c2bab60e3514e59510e84a649db83cb303876,imp12+,span_threshold,total_break_groups_subject_to_range_at_most_2,BGD2,IC12P,159904,176,1,328,45324,17388,3404,1,176,176,1,,,,,,0,0,0,0,0,,,"formalism-specific model size: SAT/MaxSAT reports base CNF and soft clauses, MIP reports variables/linear constraints/nonzeros, and CP reports integer variables plus linear/global constraints; SAT bound/totalizer overhead remains separate in optimizer_added_*",1840,1834,1834,1840,0,0,0,0,0,0,0,1,0.067434,0.002515,0.137177,,0.139692,0.200518,"wall-clock from immediately before reading/parsing the .dzn instance through model construction, optimization, solution decoding, and independent validation; excludes worker-process startup and result-file export",0,0,0,0,0,"0,0,0,0,0,0,0,0,0,0,0,0,0,0,0,0,0,0,0,0,0,0,0,0,0,0,0,0,0,0,0,0,0,0,0,0,0,0,0,0,0,0,0,0,0,0",peak_process_tree_rss_mb,11bed35297f1ebb4aec8ff1a36ad294f0ab222e6a8066701c884372e4c63abc5,forb0003,data_table06_forb/tic-13crafb.forb0003.dzn,1,../noves/tic-13crafb.forb0003.dzn,1,data_table06_forb/tic-13crafb.forb0003.dzn,https://imae.udg.edu/Recerca/LAI/,https://ima.udg.edu/Recerca/lai/b2b/b2b.zip,ee1f440ab3f6db27ab712300ad3a54a31ffd5ec1e06f81a9ac37cb7202c56528,2026-08-10T10:42:19+00:00,7200.0,,ee80a6fbd8b513f7c010668495c39621a371266a,True,3.10.12,1.8.dev25,instance-20260810-085803,Linux-6.8.0-1064-gcp-x86_64-with-glibc2.35,x86_64,4,8,15988.059,1,0,/home/g24021555/Business-Meeting-Scheduling-Problem/.venv/bin/python3 /home/g24021555/Business-Meeting-Scheduling-Problem/src/Main.py --manifest instances_manifest.csv --family forbidden --solver sat_all --objective-mode bg_d2 --domain-mode both --domain-filter-graph both --precedence-encoding both --precedence-graph both --encoding-variant imp12+ --sat-backend cadical --maxsat-backend uwrmaxsat --uwrmaxsat-bin /home/g24021555/uwrmaxsat/build/release/bin/uwrmaxsat --timeout 7200 --csv output/full_matrix_bg_d2_forbidden.csv,/home/g24021555/uwrmaxsat/build/release/bin/uwrmaxsat,8c68c8a386d3d7847b50d315143c2bab60e3514e59510e84a649db83cb303876,/home/g24021555/uwrmaxsat/build/release/bin/uwrmaxsat -m /tmp/b2b_uwrmaxsat_fjjyd2iq/tic-13crafb.forb0003.wcnf,,process exit code=30,,,maxsat,uwrmaxsat,,/home/g24021555/uwrmaxsat/build/release/bin/uwrmaxsat,factorial,sparse_suffix+direct,0,44,"1,2,3,4,5,6,7,8,9,10,11,12,13,14,15,16,17,18,19,20,21,22,24,25,26,27,28,29,30,31,32,33,34,35,36,37,38,40,41,42,43,44,45,46",1834,6,0,0,"0,0,0,0,0,0,0,0,0,0,0,0,0,0,0,0,0,0,0,0,0,0,0,0,0,0,0,0,0,0,0,0,0,0,0,0,0,0,0,0,0,0,0,0,0,0","32,38,40,42,42,40,38,36,32,28","9,4,3,10,2,7,6,4,2,1,3,6,2,10,8,5,6,8,3,1,6,9,4,7,3,5,9,6,4,2,7,1,5,3,10,6,8,9,2,7,6,8,10,2,1,9,3,7,5,7,8,4,10,9,6,3,9,7,1,8,5,3,4,4,10,6,2,5,5,1,7,5,2,3,7,1,6,8,9,4,10,6,4,8,7,6,4,8,7,5,2,1,4,1,5,1,8,7,5,9,3,2,9,4,10,5,1,3,6,6,3,8,7,9,10,8,5,4,6,7,2,9,5,3,4,10,8,5,2,4,10,6,7,3,8,3,5,2,9,7,10,4,1,2,2,4,3,6,1,9,5,8,3,7,10,8,2,9,7,6,4,5,8,1,3,8,2,9,4,10,5,6,7,4,1,2,6,5,3,5,4,2,3,1",1:M10 M20 M32 M45 M59 M70 M76 M92 M94 M96 M107 M143 M149 M164 M175 M184 | 2:M5 M9 M13 M30 M39 M44 M67 M73 M91 M102 M121 M129 M138 M144 M145 M157 M167 M176 M182 | 3:M3 M11 M19 M25 M34 M47 M56 M62 M74 M101 M108 M111 M124 M134 M136 M147 M153 M165 M179 M183 | 4:M2 M8 M23 M29 M52 M63 M64 M80 M83 M87 M93 M104 M118 M125 M130 M142 M146 M161 M169 M174 M181 | 5:M16 M26 M33 M49 M61 M68 M69 M72 M90 M95 M99 M106 M117 M123 M128 M137 M151 M162 M171 M178 M180 | 6:M7 M12 M17 M21 M28 M36 M41 M55 M66 M77 M82 M86 M109 M110 M119 M132 M148 M160 M172 M177 | 7:M6 M24 M31 M40 M48 M50 M58 M71 M75 M85 M89 M98 M113 M120 M133 M140 M154 M159 M173 | 8:M15 M18 M37 M42 M51 M60 M78 M84 M88 M97 M112 M116 M127 M135 M152 M156 M163 M166 | 9:M1 M22 M27 M38 M46 M54 M57 M79 M100 M103 M114 M122 M139 M150 M158 M168 | 10:M4 M14 M35 M43 M53 M65 M81 M105 M115 M126 M131 M141 M155 M170,"journal objective family: bg_d2 | F-selected distance-labelled E* domain propagation and cycle detection | precedence configuration: F=distance_closure, P=sparse_suffix, G=direct | Full Domain MxT schedule variables + explicit unary exclusions | (20),(22)-(27) exactly once over full domains | (22)-(27) session/fixed/forbidden exclusions as hard unit clauses | (19) participant atMost-one per slot | (46),(47) clustered table capacity with compact forward channeling | (28) SparseSuffix precedence over direct distance-labelled relations | exact break-group ends and unary break-group thresholds | exact schedule <-> usedSlot channeling | (43) exactly |Mp| full usedSlot variables | (44) atMost 2|L| busy participants per slot | (45) exact even number of busy participants | historical hard cap Delta_G <= 2",,,result
,,,,,,,,,tic-13crafb.forb0003,b2b-11bed35297f1ebb4,b2b-lineage-tic-13crafb,forbidden,F-SS-DC-ST-BGD2-IS-CD-IC12P,Full,Filter-E*,SparseSuffix,DistanceClosure-E*,SpanThreshold,BreakGroupsD2,IncrementalSAT,IC12+,OPTIMAL,SAT,0,0,bg_d2,0,0,0,,,,,0.344271,False,57.133,,,,Compact,Compact/Full,project_implementation,incremental multi-phase SAT with persistent solver state,25544,,,,,,,66444,0,66444,1840,23704,159904,45,cfg5__m-full__p-sparse_suffix__g-distance_closure__b-span_threshold__o-break_groups_d2__s-incrementalsat__i-imp12plus__backend-cadical,cfg5__m-full__p-sparse_suffix__g-distance_closure__b-span_threshold__o-break_groups_d2__s-incrementalsat__i-imp12plus__backend-cadical,full,distance_closure,sparse_suffix,distance_closure,IncrementalSAT,CaDiCaL,1.5.3,imp12+,span_threshold,total_break_groups_subject_to_range_at_most_2,BGD2,IC12P,159904,0,0,328,45324,17388,3404,,0,176,5,,,,,,1,984,5506,15386,5506,0.14324906399997417,4,"formalism-specific model size: SAT/MaxSAT reports base CNF and soft clauses, MIP reports variables/linear constraints/nonzeros, and CP reports integer variables plus linear/global constraints; SAT bound/totalizer overhead remains separate in optimizer_added_*",1840,1834,1834,1840,0,0,0,0,0,0,0,1,0.072101,0.002559,0.142121,,0.144679,0.199591,"wall-clock from immediately before reading/parsing the .dzn instance through model construction, optimization, solution decoding, and independent validation; excludes worker-process startup and result-file export",0,0,0,0,0,"0,0,0,0,0,0,0,0,0,0,0,0,0,0,0,0,0,0,0,0,0,0,0,0,0,0,0,0,0,0,0,0,0,0,0,0,0,0,0,0,0,0,0,0,0,0",peak_process_tree_rss_mb,11bed35297f1ebb4aec8ff1a36ad294f0ab222e6a8066701c884372e4c63abc5,forb0003,data_table06_forb/tic-13crafb.forb0003.dzn,1,../noves/tic-13crafb.forb0003.dzn,1,data_table06_forb/tic-13crafb.forb0003.dzn,https://imae.udg.edu/Recerca/LAI/,https://ima.udg.edu/Recerca/lai/b2b/b2b.zip,ee1f440ab3f6db27ab712300ad3a54a31ffd5ec1e06f81a9ac37cb7202c56528,2026-08-10T10:42:19+00:00,7200.0,,ee80a6fbd8b513f7c010668495c39621a371266a,True,3.10.12,1.8.dev25,instance-20260810-085803,Linux-6.8.0-1064-gcp-x86_64-with-glibc2.35,x86_64,4,8,15988.059,1,0,/home/g24021555/Business-Meeting-Scheduling-Problem/.venv/bin/python3 /home/g24021555/Business-Meeting-Scheduling-Problem/src/Main.py --manifest instances_manifest.csv --family forbidden --solver sat_all --objective-mode bg_d2 --domain-mode both --domain-filter-graph both --precedence-encoding both --precedence-graph both --encoding-variant imp12+ --sat-backend cadical --maxsat-backend uwrmaxsat --uwrmaxsat-bin /home/g24021555/uwrmaxsat/build/release/bin/uwrmaxsat --timeout 7200 --csv output/full_matrix_bg_d2_forbidden.csv,,,,,,,,incremental,,cadical,,staircase,sparse_suffix+distance_closure,0,44,"1,2,3,4,5,6,7,8,9,10,11,12,13,14,15,16,17,18,19,20,21,22,24,25,26,27,28,29,30,31,32,33,34,35,36,37,38,40,41,42,43,44,45,46",1834,6,0,0,"0,0,0,0,0,0,0,0,0,0,0,0,0,0,0,0,0,0,0,0,0,0,0,0,0,0,0,0,0,0,0,0,0,0,0,0,0,0,0,0,0,0,0,0,0,0","24,32,40,42,42,42,42,38,36,30","4,7,3,6,10,9,4,8,7,10,10,8,4,9,2,5,6,5,1,4,7,2,10,6,3,10,7,8,9,4,9,7,5,1,8,10,3,4,2,4,7,3,8,6,9,4,1,10,9,8,3,7,4,2,10,6,1,3,5,7,9,4,10,6,2,1,9,3,5,3,6,2,5,3,6,10,7,4,8,9,1,3,2,5,7,2,3,8,7,9,6,10,3,2,8,9,5,10,3,2,7,7,2,8,5,6,10,4,1,2,7,9,6,5,8,3,5,9,10,2,4,3,9,8,6,7,5,1,6,5,8,7,9,4,5,6,2,1,4,9,3,8,3,8,7,1,8,6,5,2,5,4,6,1,4,5,6,4,7,5,9,6,8,8,6,5,2,4,1,9,3,7,10,6,3,8,7,5,4,5,6,7,4,3",1:M19 M34 M47 M57 M66 M81 M109 M128 M138 M146 M154 M169 | 2:M15 M22 M39 M54 M65 M72 M83 M86 M94 M100 M103 M110 M120 M137 M150 M167 | 3:M3 M25 M37 M42 M51 M58 M68 M70 M74 M82 M87 M93 M99 M116 M122 M141 M143 M171 M175 M184 | 4:M1 M7 M13 M20 M30 M38 M40 M46 M53 M62 M78 M108 M121 M134 M139 M152 M155 M158 M168 M179 M183 | 5:M16 M18 M33 M59 M69 M73 M84 M97 M105 M114 M117 M127 M130 M135 M149 M151 M156 M160 M166 M178 M180 | 6:M4 M17 M24 M44 M56 M64 M71 M75 M91 M106 M113 M125 M129 M136 M148 M153 M157 M162 M165 M174 M181 | 7:M2 M9 M21 M27 M32 M41 M52 M60 M77 M85 M89 M101 M102 M111 M126 M132 M145 M159 M172 M177 M182 | 8:M8 M12 M28 M35 M43 M50 M79 M88 M95 M104 M115 M124 M131 M142 M144 M147 M163 M164 M176 | 9:M6 M14 M29 M31 M45 M49 M61 M67 M80 M90 M96 M112 M118 M123 M133 M140 M161 M170 | 10:M5 M10 M11 M23 M26 M36 M48 M55 M63 M76 M92 M98 M107 M119 M173,"journal objective family: bg_d2 | F-selected distance-labelled E* domain propagation and cycle detection | precedence configuration: F=distance_closure, P=sparse_suffix, G=distance_closure | Full Domain MxT schedule variables + explicit unary exclusions | (20),(22)-(27) exactly once over full domains | (22)-(27) session/fixed/forbidden exclusions as hard unit clauses | (19) participant atMost-one per slot | (46),(47) clustered table capacity with compact forward channeling | (28) SparseSuffix precedence over distance_closure distance-labelled relations | exact break-group ends and unary break-group thresholds | exact schedule <-> usedSlot channeling | (43) exactly |Mp| full usedSlot variables | (44) atMost 2|L| busy participants per slot | (45) exact even number of busy participants | historical hard cap Delta_G <= 2",0,"(0,)",result
,,,,,,,,,tic-13crafb.forb0003,b2b-11bed35297f1ebb4,b2b-lineage-tic-13crafb,forbidden,F-SS-DC-ST-BGD2-NIS-CD-IC12P,Full,Filter-E*,SparseSuffix,DistanceClosure-E*,SpanThreshold,BreakGroupsD2,NonIncrementalSAT,IC12+,OPTIMAL,SAT,0,0,bg_d2,0,0,0,,,,,0.441,False,56.27,,,,Compact,Compact/Full,project_implementation,restart-based multi-phase SAT,25544,,,,,,,66444,0,66444,1840,23704,159904,45,cfg5__m-full__p-sparse_suffix__g-distance_closure__b-span_threshold__o-break_groups_d2__s-nonincrementalsat__i-imp12plus__backend-cadical,cfg5__m-full__p-sparse_suffix__g-distance_closure__b-span_threshold__o-break_groups_d2__s-nonincrementalsat__i-imp12plus__backend-cadical,full,distance_closure,sparse_suffix,distance_closure,NonIncrementalSAT,CaDiCaL,1.5.3,imp12+,span_threshold,total_break_groups_subject_to_range_at_most_2,BGD2,IC12P,159904,0,0,328,45324,17388,3404,,0,176,5,,,,,,5,2119,4388,10732,7812,0.24806844500017178,4,"formalism-specific model size: SAT/MaxSAT reports base CNF and soft clauses, MIP reports variables/linear constraints/nonzeros, and CP reports integer variables plus linear/global constraints; SAT bound/totalizer overhead remains separate in optimizer_added_*",1840,1834,1834,1840,0,0,0,0,0,0,0,1,0.067759,0.002534,0.134931,,0.137466,0.303535,"wall-clock from immediately before reading/parsing the .dzn instance through model construction, optimization, solution decoding, and independent validation; excludes worker-process startup and result-file export",0,0,0,0,0,"0,0,0,0,0,0,0,0,0,0,0,0,0,0,0,0,0,0,0,0,0,0,0,0,0,0,0,0,0,0,0,0,0,0,0,0,0,0,0,0,0,0,0,0,0,0",peak_process_tree_rss_mb,11bed35297f1ebb4aec8ff1a36ad294f0ab222e6a8066701c884372e4c63abc5,forb0003,data_table06_forb/tic-13crafb.forb0003.dzn,1,../noves/tic-13crafb.forb0003.dzn,1,data_table06_forb/tic-13crafb.forb0003.dzn,https://imae.udg.edu/Recerca/LAI/,https://ima.udg.edu/Recerca/lai/b2b/b2b.zip,ee1f440ab3f6db27ab712300ad3a54a31ffd5ec1e06f81a9ac37cb7202c56528,2026-08-10T10:42:19+00:00,7200.0,,ee80a6fbd8b513f7c010668495c39621a371266a,True,3.10.12,1.8.dev25,instance-20260810-085803,Linux-6.8.0-1064-gcp-x86_64-with-glibc2.35,x86_64,4,8,15988.059,1,0,/home/g24021555/Business-Meeting-Scheduling-Problem/.venv/bin/python3 /home/g24021555/Business-Meeting-Scheduling-Problem/src/Main.py --manifest instances_manifest.csv --family forbidden --solver sat_all --objective-mode bg_d2 --domain-mode both --domain-filter-graph both --precedence-encoding both --precedence-graph both --encoding-variant imp12+ --sat-backend cadical --maxsat-backend uwrmaxsat --uwrmaxsat-bin /home/g24021555/uwrmaxsat/build/release/bin/uwrmaxsat --timeout 7200 --csv output/full_matrix_bg_d2_forbidden.csv,,,,,,,,multiple,,cadical,,staircase,sparse_suffix+distance_closure,0,44,"1,2,3,4,5,6,7,8,9,10,11,12,13,14,15,16,17,18,19,20,21,22,24,25,26,27,28,29,30,31,32,33,34,35,36,37,38,40,41,42,43,44,45,46",1834,6,0,0,"0,0,0,0,0,0,0,0,0,0,0,0,0,0,0,0,0,0,0,0,0,0,0,0,0,0,0,0,0,0,0,0,0,0,0,0,0,0,0,0,0,0,0,0,0,0","26,34,38,40,42,42,42,38,36,30","3,2,4,8,7,10,8,3,5,6,6,5,3,8,4,2,7,8,10,5,7,4,6,5,7,1,2,6,3,4,7,9,8,5,3,10,1,6,4,6,9,10,1,7,6,2,8,3,9,5,4,1,6,10,7,8,5,2,3,4,10,1,9,6,9,8,10,7,8,6,4,3,6,5,7,8,2,9,10,4,1,6,9,3,4,1,10,7,4,8,2,6,3,4,2,9,4,7,5,10,6,8,2,7,9,5,1,10,8,6,2,3,9,5,7,9,7,3,1,6,4,2,7,5,3,9,8,9,3,5,8,1,7,3,5,7,4,2,3,6,9,10,8,5,3,10,6,4,2,5,4,7,2,1,2,9,5,7,10,9,8,5,6,6,2,4,10,5,1,9,8,7,3,7,4,5,6,8,9,4,2,5,1,3",1:M26 M37 M43 M52 M62 M81 M86 M107 M119 M132 M154 M169 M183 | 2:M2 M16 M27 M46 M58 M77 M91 M95 M103 M111 M122 M138 M149 M153 M155 M165 M181 | 3:M1 M8 M13 M29 M35 M48 M59 M72 M84 M93 M112 M118 M125 M129 M134 M139 M145 M173 M184 | 4:M3 M15 M22 M30 M39 M51 M60 M71 M80 M85 M89 M94 M97 M121 M137 M148 M151 M166 M175 M180 | 5:M9 M12 M20 M24 M34 M50 M57 M74 M99 M106 M114 M124 M130 M135 M144 M150 M157 M162 M168 M176 M182 | 6:M10 M11 M23 M28 M38 M40 M45 M53 M64 M70 M73 M82 M92 M101 M110 M120 M140 M147 M163 M164 M177 | 7:M5 M17 M21 M25 M31 M44 M55 M68 M75 M88 M98 M104 M115 M117 M123 M133 M136 M152 M158 M172 M174 | 8:M4 M7 M14 M18 M33 M47 M56 M66 M69 M76 M90 M102 M109 M127 M131 M143 M161 M171 M178 | 9:M32 M41 M49 M63 M65 M78 M83 M96 M105 M113 M116 M126 M128 M141 M156 M160 M170 M179 | 10:M6 M19 M36 M42 M54 M61 M67 M79 M87 M100 M108 M142 M146 M159 M167,"journal objective family: bg_d2 | F-selected distance-labelled E* domain propagation and cycle detection | precedence configuration: F=distance_closure, P=sparse_suffix, G=distance_closure | Full Domain MxT schedule variables + explicit unary exclusions | (20),(22)-(27) exactly once over full domains | (22)-(27) session/fixed/forbidden exclusions as hard unit clauses | (19) participant atMost-one per slot | (46),(47) clustered table capacity with compact forward channeling | (28) SparseSuffix precedence over distance_closure distance-labelled relations | exact break-group ends and unary break-group thresholds | exact schedule <-> usedSlot channeling | (43) exactly |Mp| full usedSlot variables | (44) atMost 2|L| busy participants per slot | (45) exact even number of busy participants | historical hard cap Delta_G <= 2",0,"(0,)",result
,,,,,,,,,tic-13crafb.forb0003,b2b-11bed35297f1ebb4,b2b-lineage-tic-13crafb,forbidden,F-SS-DC-ST-BGD2-UW-IC12P,Full,Filter-E*,SparseSuffix,DistanceClosure-E*,SpanThreshold,BreakGroupsD2,UWrMaxSAT,IC12+,OPTIMAL,SAT,0,0,bg_d2,0,0,0,,,0,1,0.340263,False,62.332,,,,Compact,Compact/Full,project_implementation,one-shot weighted MaxSAT,25544,,,,,,,66444,176,66620,1840,23704,160080,45,cfg5__m-full__p-sparse_suffix__g-distance_closure__b-span_threshold__o-break_groups_d2__s-uwrmaxsat__i-imp12plus__backend-uwrmaxsat,cfg5__m-full__p-sparse_suffix__g-distance_closure__b-span_threshold__o-break_groups_d2__s-uwrmaxsat__i-imp12plus__backend-uwrmaxsat,full,distance_closure,sparse_suffix,distance_closure,UWrMaxSAT,UWrMaxSAT,binary-sha256:8c68c8a386d3d7847b50d315143c2bab60e3514e59510e84a649db83cb303876,imp12+,span_threshold,total_break_groups_subject_to_range_at_most_2,BGD2,IC12P,159904,176,1,328,45324,17388,3404,1,176,176,1,,,,,,0,0,0,0,0,,,"formalism-specific model size: SAT/MaxSAT reports base CNF and soft clauses, MIP reports variables/linear constraints/nonzeros, and CP reports integer variables plus linear/global constraints; SAT bound/totalizer overhead remains separate in optimizer_added_*",1840,1834,1834,1840,0,0,0,0,0,0,0,1,0.067086,0.002572,0.139216,,0.141788,0.198475,"wall-clock from immediately before reading/parsing the .dzn instance through model construction, optimization, solution decoding, and independent validation; excludes worker-process startup and result-file export",0,0,0,0,0,"0,0,0,0,0,0,0,0,0,0,0,0,0,0,0,0,0,0,0,0,0,0,0,0,0,0,0,0,0,0,0,0,0,0,0,0,0,0,0,0,0,0,0,0,0,0",peak_process_tree_rss_mb,11bed35297f1ebb4aec8ff1a36ad294f0ab222e6a8066701c884372e4c63abc5,forb0003,data_table06_forb/tic-13crafb.forb0003.dzn,1,../noves/tic-13crafb.forb0003.dzn,1,data_table06_forb/tic-13crafb.forb0003.dzn,https://imae.udg.edu/Recerca/LAI/,https://ima.udg.edu/Recerca/lai/b2b/b2b.zip,ee1f440ab3f6db27ab712300ad3a54a31ffd5ec1e06f81a9ac37cb7202c56528,2026-08-10T10:42:19+00:00,7200.0,,ee80a6fbd8b513f7c010668495c39621a371266a,True,3.10.12,1.8.dev25,instance-20260810-085803,Linux-6.8.0-1064-gcp-x86_64-with-glibc2.35,x86_64,4,8,15988.059,1,0,/home/g24021555/Business-Meeting-Scheduling-Problem/.venv/bin/python3 /home/g24021555/Business-Meeting-Scheduling-Problem/src/Main.py --manifest instances_manifest.csv --family forbidden --solver sat_all --objective-mode bg_d2 --domain-mode both --domain-filter-graph both --precedence-encoding both --precedence-graph both --encoding-variant imp12+ --sat-backend cadical --maxsat-backend uwrmaxsat --uwrmaxsat-bin /home/g24021555/uwrmaxsat/build/release/bin/uwrmaxsat --timeout 7200 --csv output/full_matrix_bg_d2_forbidden.csv,/home/g24021555/uwrmaxsat/build/release/bin/uwrmaxsat,8c68c8a386d3d7847b50d315143c2bab60e3514e59510e84a649db83cb303876,/home/g24021555/uwrmaxsat/build/release/bin/uwrmaxsat -m /tmp/b2b_uwrmaxsat_83v3s7al/tic-13crafb.forb0003.wcnf,,process exit code=30,,,maxsat,uwrmaxsat,,/home/g24021555/uwrmaxsat/build/release/bin/uwrmaxsat,staircase,sparse_suffix+distance_closure,0,44,"1,2,3,4,5,6,7,8,9,10,11,12,13,14,15,16,17,18,19,20,21,22,24,25,26,27,28,29,30,31,32,33,34,35,36,37,38,40,41,42,43,44,45,46",1834,6,0,0,"0,0,0,0,0,0,0,0,0,0,0,0,0,0,0,0,0,0,0,0,0,0,0,0,0,0,0,0,0,0,0,0,0,0,0,0,0,0,0,0,0,0,0,0,0,0","32,38,40,42,42,40,38,36,32,28","9,4,3,10,2,7,6,4,2,1,3,6,2,10,8,5,6,8,3,1,6,9,4,7,3,5,9,6,4,2,7,1,5,3,10,6,8,9,2,7,6,8,10,2,1,9,3,7,5,7,8,4,10,9,6,3,9,7,1,8,5,3,4,4,10,6,2,5,5,1,7,5,2,3,7,1,6,8,9,4,10,6,4,8,7,6,4,8,7,5,2,1,4,1,5,1,8,7,5,9,3,2,9,4,10,5,1,3,6,6,3,8,7,9,10,8,5,4,6,7,2,9,5,3,4,10,8,5,2,4,10,6,7,3,8,3,5,2,9,7,10,4,1,2,2,4,3,6,1,9,5,8,3,7,10,8,2,9,7,6,4,5,8,1,3,8,2,9,4,10,5,6,7,4,1,2,6,5,3,5,4,2,3,1",1:M10 M20 M32 M45 M59 M70 M76 M92 M94 M96 M107 M143 M149 M164 M175 M184 | 2:M5 M9 M13 M30 M39 M44 M67 M73 M91 M102 M121 M129 M138 M144 M145 M157 M167 M176 M182 | 3:M3 M11 M19 M25 M34 M47 M56 M62 M74 M101 M108 M111 M124 M134 M136 M147 M153 M165 M179 M183 | 4:M2 M8 M23 M29 M52 M63 M64 M80 M83 M87 M93 M104 M118 M125 M130 M142 M146 M161 M169 M174 M181 | 5:M16 M26 M33 M49 M61 M68 M69 M72 M90 M95 M99 M106 M117 M123 M128 M137 M151 M162 M171 M178 M180 | 6:M7 M12 M17 M21 M28 M36 M41 M55 M66 M77 M82 M86 M109 M110 M119 M132 M148 M160 M172 M177 | 7:M6 M24 M31 M40 M48 M50 M58 M71 M75 M85 M89 M98 M113 M120 M133 M140 M154 M159 M173 | 8:M15 M18 M37 M42 M51 M60 M78 M84 M88 M97 M112 M116 M127 M135 M152 M156 M163 M166 | 9:M1 M22 M27 M38 M46 M54 M57 M79 M100 M103 M114 M122 M139 M150 M158 M168 | 10:M4 M14 M35 M43 M53 M65 M81 M105 M115 M126 M131 M141 M155 M170,"journal objective family: bg_d2 | F-selected distance-labelled E* domain propagation and cycle detection | precedence configuration: F=distance_closure, P=sparse_suffix, G=distance_closure | Full Domain MxT schedule variables + explicit unary exclusions | (20),(22)-(27) exactly once over full domains | (22)-(27) session/fixed/forbidden exclusions as hard unit clauses | (19) participant atMost-one per slot | (46),(47) clustered table capacity with compact forward channeling | (28) SparseSuffix precedence over distance_closure distance-labelled relations | exact break-group ends and unary break-group thresholds | exact schedule <-> usedSlot channeling | (43) exactly |Mp| full usedSlot variables | (44) atMost 2|L| busy participants per slot | (45) exact even number of busy participants | historical hard cap Delta_G <= 2",,,result
,,,,,,,,,tic-13crafb.forb0003,b2b-11bed35297f1ebb4,b2b-lineage-tic-13crafb,forbidden,R-PW-DE-ST-BGD2-IS-CD-IC12P,Reduced,Filter-E*,Pairwise,Direct-E,SpanThreshold,BreakGroupsD2,IncrementalSAT,IC12+,OPTIMAL,SAT,0,0,bg_d2,0,0,0,,,,,0.371984,False,56.18,,,,Compact,Compact/Reduced,project_implementation,incremental multi-phase SAT with persistent solver state,25460,,,,,,,66211,0,66211,1834,23626,159373,45,cfg5__m-reduced__p-pairwise__g-direct__b-span_threshold__o-break_groups_d2__s-incrementalsat__i-imp12plus__backend-cadical,cfg5__m-reduced__p-pairwise__g-direct__b-span_threshold__o-break_groups_d2__s-incrementalsat__i-imp12plus__backend-cadical,reduced,distance_closure,pairwise,direct,IncrementalSAT,CaDiCaL,1.5.3,imp12+,span_threshold,total_break_groups_subject_to_range_at_most_2,BGD2,IC12P,159373,0,0,322,45157,17330,3402,,0,176,6,,,,,,1,1024,6128,17216,6128,0.18423484899994946,5,"formalism-specific model size: SAT/MaxSAT reports base CNF and soft clauses, MIP reports variables/linear constraints/nonzeros, and CP reports integer variables plus linear/global constraints; SAT bound/totalizer overhead remains separate in optimizer_added_*",1840,1834,1834,1834,0,0,0,0,0,0,0,1,0.067997,0.00218,0.13449,,0.13667,0.235314,"wall-clock from immediately before reading/parsing the .dzn instance through model construction, optimization, solution decoding, and independent validation; excludes worker-process startup and result-file export",0,0,0,0,0,"0,0,0,0,0,0,0,0,0,0,0,0,0,0,0,0,0,0,0,0,0,0,0,0,0,0,0,0,0,0,0,0,0,0,0,0,0,0,0,0,0,0,0,0,0,0",peak_process_tree_rss_mb,11bed35297f1ebb4aec8ff1a36ad294f0ab222e6a8066701c884372e4c63abc5,forb0003,data_table06_forb/tic-13crafb.forb0003.dzn,1,../noves/tic-13crafb.forb0003.dzn,1,data_table06_forb/tic-13crafb.forb0003.dzn,https://imae.udg.edu/Recerca/LAI/,https://ima.udg.edu/Recerca/lai/b2b/b2b.zip,ee1f440ab3f6db27ab712300ad3a54a31ffd5ec1e06f81a9ac37cb7202c56528,2026-08-10T10:42:19+00:00,7200.0,,ee80a6fbd8b513f7c010668495c39621a371266a,True,3.10.12,1.8.dev25,instance-20260810-085803,Linux-6.8.0-1064-gcp-x86_64-with-glibc2.35,x86_64,4,8,15988.059,1,0,/home/g24021555/Business-Meeting-Scheduling-Problem/.venv/bin/python3 /home/g24021555/Business-Meeting-Scheduling-Problem/src/Main.py --manifest instances_manifest.csv --family forbidden --solver sat_all --objective-mode bg_d2 --domain-mode both --domain-filter-graph both --precedence-encoding both --precedence-graph both --encoding-variant imp12+ --sat-backend cadical --maxsat-backend uwrmaxsat --uwrmaxsat-bin /home/g24021555/uwrmaxsat/build/release/bin/uwrmaxsat --timeout 7200 --csv output/full_matrix_bg_d2_forbidden.csv,,,,,,,,incremental,,cadical,,traditional,pairwise+direct,0,44,"1,2,3,4,5,6,7,8,9,10,11,12,13,14,15,16,17,18,19,20,21,22,24,25,26,27,28,29,30,31,32,33,34,35,36,37,38,40,41,42,43,44,45,46",1834,6,0,0,"0,0,0,0,0,0,0,0,0,0,0,0,0,0,0,0,0,0,0,0,0,0,0,0,0,0,0,0,0,0,0,0,0,0,0,0,0,0,0,0,0,0,0,0,0,0","26,38,42,42,42,42,40,36,32,28","2,5,6,4,9,1,7,9,2,5,2,5,4,3,2,3,6,8,7,9,6,1,4,4,5,3,7,6,9,10,8,9,3,10,1,6,4,7,2,4,5,8,2,4,10,7,3,9,10,8,9,7,5,4,2,6,5,3,1,7,6,10,2,10,9,7,4,6,3,1,10,2,5,8,6,10,3,7,4,1,9,5,2,8,6,8,2,7,3,4,5,1,7,1,3,4,2,10,3,9,8,3,10,5,6,1,4,7,8,9,5,4,8,6,1,6,9,5,8,4,10,9,6,5,2,3,7,3,5,6,8,4,10,8,7,6,1,3,9,2,8,5,7,9,3,2,8,6,4,5,1,7,3,7,10,8,2,6,3,8,5,4,7,10,4,3,2,7,6,8,9,1,5,6,7,2,4,3,5,3,5,6,2,4",1:M6 M22 M35 M59 M70 M80 M92 M94 M106 M115 M137 M151 M172 | 2:M1 M9 M11 M15 M39 M43 M55 M63 M72 M83 M87 M97 M125 M140 M146 M157 M167 M176 M183 | 3:M14 M16 M26 M33 M47 M58 M69 M77 M89 M95 M99 M102 M126 M128 M138 M145 M153 M159 M166 M178 M180 | 4:M4 M13 M23 M24 M37 M40 M44 M54 M67 M79 M90 M96 M107 M112 M120 M132 M149 M162 M165 M177 M184 | 5:M2 M10 M12 M25 M41 M53 M57 M73 M82 M91 M104 M111 M118 M124 M129 M142 M150 M161 M173 M179 M181 | 6:M3 M17 M21 M28 M36 M56 M61 M68 M75 M85 M105 M114 M116 M123 M130 M136 M148 M158 M169 M174 M182 | 7:M7 M19 M27 M38 M46 M52 M60 M66 M78 M88 M93 M108 M127 M135 M143 M152 M154 M163 M168 M175 | 8:M18 M31 M42 M50 M74 M84 M86 M101 M109 M113 M119 M131 M134 M141 M147 M156 M160 M170 | 9:M5 M8 M20 M29 M32 M48 M51 M65 M81 M100 M110 M117 M122 M139 M144 M171 | 10:M30 M34 M45 M49 M62 M64 M71 M76 M98 M103 M121 M133 M155 M164,"journal objective family: bg_d2 | F-selected distance-labelled E* domain propagation and cycle detection | precedence configuration: F=distance_closure, P=pairwise, G=direct | Reduced Domain variables after unary filtering + matching GAC + slot saturation | (20),(22)-(27) exactly once over reduced domains | (19) participant atMost-one per slot | (46),(47) clustered table capacity with compact forward channeling | (28) Pairwise precedence over direct distance-labelled relations | exact break-group ends and unary break-group thresholds | exact schedule <-> usedSlot channeling | (43) exactly |Mp| reduced usedSlot variables | (44) atMost 2|L| busy participants per slot | (45) exact even number of busy participants | historical hard cap Delta_G <= 2",0,"(0,)",result
,,,,,,,,,tic-13crafb.forb0003,b2b-11bed35297f1ebb4,b2b-lineage-tic-13crafb,forbidden,R-PW-DE-ST-BGD2-NIS-CD-IC12P,Reduced,Filter-E*,Pairwise,Direct-E,SpanThreshold,BreakGroupsD2,NonIncrementalSAT,IC12+,OPTIMAL,SAT,0,0,bg_d2,0,0,0,,,,,0.552517,False,56.457,,,,Compact,Compact/Reduced,project_implementation,restart-based multi-phase SAT,25460,,,,,,,66211,0,66211,1834,23626,159373,45,cfg5__m-reduced__p-pairwise__g-direct__b-span_threshold__o-break_groups_d2__s-nonincrementalsat__i-imp12plus__backend-cadical,cfg5__m-reduced__p-pairwise__g-direct__b-span_threshold__o-break_groups_d2__s-nonincrementalsat__i-imp12plus__backend-cadical,reduced,distance_closure,pairwise,direct,NonIncrementalSAT,CaDiCaL,1.5.3,imp12+,span_threshold,total_break_groups_subject_to_range_at_most_2,BGD2,IC12P,159373,0,0,322,45157,17330,3402,,0,176,6,,,,,,6,2415,4976,12206,9588,0.36347368099995947,5,"formalism-specific model size: SAT/MaxSAT reports base CNF and soft clauses, MIP reports variables/linear constraints/nonzeros, and CP reports integer variables plus linear/global constraints; SAT bound/totalizer overhead remains separate in optimizer_added_*",1840,1834,1834,1834,0,0,0,0,0,0,0,1,0.068488,0.002515,0.133943,,0.136458,0.41606,"wall-clock from immediately before reading/parsing the .dzn instance through model construction, optimization, solution decoding, and independent validation; excludes worker-process startup and result-file export",0,0,0,0,0,"0,0,0,0,0,0,0,0,0,0,0,0,0,0,0,0,0,0,0,0,0,0,0,0,0,0,0,0,0,0,0,0,0,0,0,0,0,0,0,0,0,0,0,0,0,0",peak_process_tree_rss_mb,11bed35297f1ebb4aec8ff1a36ad294f0ab222e6a8066701c884372e4c63abc5,forb0003,data_table06_forb/tic-13crafb.forb0003.dzn,1,../noves/tic-13crafb.forb0003.dzn,1,data_table06_forb/tic-13crafb.forb0003.dzn,https://imae.udg.edu/Recerca/LAI/,https://ima.udg.edu/Recerca/lai/b2b/b2b.zip,ee1f440ab3f6db27ab712300ad3a54a31ffd5ec1e06f81a9ac37cb7202c56528,2026-08-10T10:42:19+00:00,7200.0,,ee80a6fbd8b513f7c010668495c39621a371266a,True,3.10.12,1.8.dev25,instance-20260810-085803,Linux-6.8.0-1064-gcp-x86_64-with-glibc2.35,x86_64,4,8,15988.059,1,0,/home/g24021555/Business-Meeting-Scheduling-Problem/.venv/bin/python3 /home/g24021555/Business-Meeting-Scheduling-Problem/src/Main.py --manifest instances_manifest.csv --family forbidden --solver sat_all --objective-mode bg_d2 --domain-mode both --domain-filter-graph both --precedence-encoding both --precedence-graph both --encoding-variant imp12+ --sat-backend cadical --maxsat-backend uwrmaxsat --uwrmaxsat-bin /home/g24021555/uwrmaxsat/build/release/bin/uwrmaxsat --timeout 7200 --csv output/full_matrix_bg_d2_forbidden.csv,,,,,,,,multiple,,cadical,,traditional,pairwise+direct,0,44,"1,2,3,4,5,6,7,8,9,10,11,12,13,14,15,16,17,18,19,20,21,22,24,25,26,27,28,29,30,31,32,33,34,35,36,37,38,40,41,42,43,44,45,46",1834,6,0,0,"0,0,0,0,0,0,0,0,0,0,0,0,0,0,0,0,0,0,0,0,0,0,0,0,0,0,0,0,0,0,0,0,0,0,0,0,0,0,0,0,0,0,0,0,0,0","30,34,38,40,42,42,40,38,34,30","1,3,6,9,2,5,10,8,5,7,3,7,6,1,5,4,3,5,8,3,7,2,4,4,3,2,6,7,1,8,9,10,8,1,3,5,7,2,6,6,9,4,1,8,3,7,10,2,9,5,3,7,2,4,6,8,2,6,10,3,1,5,4,4,6,7,9,2,5,4,9,7,5,1,2,8,3,6,9,4,10,6,8,10,7,10,7,2,5,4,6,3,1,3,6,5,2,8,4,7,9,6,2,4,8,10,5,9,1,9,3,1,4,8,5,4,8,1,2,4,6,1,8,5,9,3,7,8,10,6,7,2,4,6,7,10,5,1,9,6,3,4,7,5,7,10,3,8,9,2,8,10,9,5,10,3,6,7,9,4,6,5,8,4,6,8,7,3,1,9,5,2,10,9,7,10,8,5,6,3,4,5,2,1",1:M1 M14 M29 M34 M43 M61 M74 M93 M109 M112 M118 M122 M138 M169 M184 | 2:M5 M22 M26 M38 M48 M53 M57 M68 M75 M88 M97 M103 M119 M132 M150 M172 M183 | 3:M2 M11 M17 M20 M25 M35 M45 M51 M60 M77 M92 M94 M111 M126 M141 M147 M156 M168 M180 | 4:M16 M23 M24 M42 M54 M63 M64 M70 M80 M90 M99 M104 M113 M116 M120 M133 M142 M160 M164 M181 | 5:M6 M9 M15 M18 M36 M50 M62 M69 M73 M89 M96 M107 M115 M124 M137 M144 M154 M162 M171 M178 M182 | 6:M3 M13 M27 M39 M40 M55 M58 M65 M78 M82 M91 M95 M102 M121 M130 M134 M140 M157 M161 M165 M179 | 7:M10 M12 M21 M28 M37 M46 M52 M66 M72 M85 M87 M100 M127 M131 M135 M143 M145 M158 M167 M175 | 8:M8 M19 M30 M33 M44 M56 M76 M83 M98 M105 M114 M117 M123 M128 M148 M151 M163 M166 M177 | 9:M4 M31 M41 M49 M67 M71 M79 M101 M108 M110 M125 M139 M149 M153 M159 M170 M174 | 10:M7 M32 M47 M59 M81 M84 M86 M106 M129 M136 M146 M152 M155 M173 M176,"journal objective family: bg_d2 | F-selected distance-labelled E* domain propagation and cycle detection | precedence configuration: F=distance_closure, P=pairwise, G=direct | Reduced Domain variables after unary filtering + matching GAC + slot saturation | (20),(22)-(27) exactly once over reduced domains | (19) participant atMost-one per slot | (46),(47) clustered table capacity with compact forward channeling | (28) Pairwise precedence over direct distance-labelled relations | exact break-group ends and unary break-group thresholds | exact schedule <-> usedSlot channeling | (43) exactly |Mp| reduced usedSlot variables | (44) atMost 2|L| busy participants per slot | (45) exact even number of busy participants | historical hard cap Delta_G <= 2",0,"(0,)",result
,,,,,,,,,tic-13crafb.forb0003,b2b-11bed35297f1ebb4,b2b-lineage-tic-13crafb,forbidden,R-PW-DE-ST-BGD2-UW-IC12P,Reduced,Filter-E*,Pairwise,Direct-E,SpanThreshold,BreakGroupsD2,UWrMaxSAT,IC12+,OPTIMAL,SAT,0,0,bg_d2,0,0,0,,,0,1,0.33454,False,63.062,,,,Compact,Compact/Reduced,project_implementation,one-shot weighted MaxSAT,25460,,,,,,,66211,176,66387,1834,23626,159549,45,cfg5__m-reduced__p-pairwise__g-direct__b-span_threshold__o-break_groups_d2__s-uwrmaxsat__i-imp12plus__backend-uwrmaxsat,cfg5__m-reduced__p-pairwise__g-direct__b-span_threshold__o-break_groups_d2__s-uwrmaxsat__i-imp12plus__backend-uwrmaxsat,reduced,distance_closure,pairwise,direct,UWrMaxSAT,UWrMaxSAT,binary-sha256:8c68c8a386d3d7847b50d315143c2bab60e3514e59510e84a649db83cb303876,imp12+,span_threshold,total_break_groups_subject_to_range_at_most_2,BGD2,IC12P,159373,176,1,322,45157,17330,3402,1,176,176,1,,,,,,0,0,0,0,0,,,"formalism-specific model size: SAT/MaxSAT reports base CNF and soft clauses, MIP reports variables/linear constraints/nonzeros, and CP reports integer variables plus linear/global constraints; SAT bound/totalizer overhead remains separate in optimizer_added_*",1840,1834,1834,1834,0,0,0,0,0,0,0,1,0.066463,0.002575,0.135422,,0.137997,0.196542,"wall-clock from immediately before reading/parsing the .dzn instance through model construction, optimization, solution decoding, and independent validation; excludes worker-process startup and result-file export",0,0,0,0,0,"0,0,0,0,0,0,0,0,0,0,0,0,0,0,0,0,0,0,0,0,0,0,0,0,0,0,0,0,0,0,0,0,0,0,0,0,0,0,0,0,0,0,0,0,0,0",peak_process_tree_rss_mb,11bed35297f1ebb4aec8ff1a36ad294f0ab222e6a8066701c884372e4c63abc5,forb0003,data_table06_forb/tic-13crafb.forb0003.dzn,1,../noves/tic-13crafb.forb0003.dzn,1,data_table06_forb/tic-13crafb.forb0003.dzn,https://imae.udg.edu/Recerca/LAI/,https://ima.udg.edu/Recerca/lai/b2b/b2b.zip,ee1f440ab3f6db27ab712300ad3a54a31ffd5ec1e06f81a9ac37cb7202c56528,2026-08-10T10:42:19+00:00,7200.0,,ee80a6fbd8b513f7c010668495c39621a371266a,True,3.10.12,1.8.dev25,instance-20260810-085803,Linux-6.8.0-1064-gcp-x86_64-with-glibc2.35,x86_64,4,8,15988.059,1,0,/home/g24021555/Business-Meeting-Scheduling-Problem/.venv/bin/python3 /home/g24021555/Business-Meeting-Scheduling-Problem/src/Main.py --manifest instances_manifest.csv --family forbidden --solver sat_all --objective-mode bg_d2 --domain-mode both --domain-filter-graph both --precedence-encoding both --precedence-graph both --encoding-variant imp12+ --sat-backend cadical --maxsat-backend uwrmaxsat --uwrmaxsat-bin /home/g24021555/uwrmaxsat/build/release/bin/uwrmaxsat --timeout 7200 --csv output/full_matrix_bg_d2_forbidden.csv,/home/g24021555/uwrmaxsat/build/release/bin/uwrmaxsat,8c68c8a386d3d7847b50d315143c2bab60e3514e59510e84a649db83cb303876,/home/g24021555/uwrmaxsat/build/release/bin/uwrmaxsat -m /tmp/b2b_uwrmaxsat_8qhpzykr/tic-13crafb.forb0003.wcnf,,process exit code=30,,,maxsat,uwrmaxsat,,/home/g24021555/uwrmaxsat/build/release/bin/uwrmaxsat,traditional,pairwise+direct,0,44,"1,2,3,4,5,6,7,8,9,10,11,12,13,14,15,16,17,18,19,20,21,22,24,25,26,27,28,29,30,31,32,33,34,35,36,37,38,40,41,42,43,44,45,46",1834,6,0,0,"0,0,0,0,0,0,0,0,0,0,0,0,0,0,0,0,0,0,0,0,0,0,0,0,0,0,0,0,0,0,0,0,0,0,0,0,0,0,0,0,0,0,0,0,0,0","28,36,40,40,42,42,40,38,34,28","4,10,3,6,9,5,8,1,5,7,8,4,3,5,5,6,10,3,2,5,4,7,6,7,5,6,4,2,8,1,4,2,3,9,5,8,1,7,10,7,5,1,9,4,8,6,2,7,1,2,8,5,10,6,4,3,8,10,9,6,5,1,2,5,9,6,3,8,7,8,3,10,3,6,9,1,5,7,4,2,8,9,7,4,6,7,4,6,5,8,1,3,9,8,6,10,2,9,6,3,7,9,6,7,2,4,9,1,10,3,10,4,9,7,2,3,1,10,1,7,5,9,8,2,3,6,4,2,8,10,7,4,6,2,8,6,3,7,10,5,9,2,1,7,3,8,2,4,5,9,10,8,3,9,5,1,4,5,8,6,4,3,7,1,6,7,8,5,4,3,10,2,9,7,3,6,4,5,2,2,6,4,5,3",1:M8 M30 M37 M42 M49 M62 M76 M91 M108 M117 M119 M143 M156 M164 | 2:M19 M28 M32 M47 M50 M63 M80 M97 M105 M115 M124 M128 M134 M142 M147 M172 M179 M180 | 3:M3 M13 M18 M33 M56 M67 M71 M73 M92 M100 M110 M116 M125 M137 M145 M153 M162 M170 M175 M184 | 4:M1 M12 M21 M27 M31 M44 M55 M79 M84 M87 M106 M112 M127 M132 M148 M157 M161 M169 M177 M182 | 5:M6 M9 M14 M15 M20 M25 M35 M41 M52 M61 M64 M77 M89 M121 M140 M149 M155 M158 M168 M178 M183 | 6:M4 M16 M23 M26 M46 M54 M60 M66 M74 M85 M88 M95 M99 M103 M126 M133 M136 M160 M165 M176 M181 | 7:M10 M22 M24 M38 M40 M48 M69 M78 M83 M86 M101 M104 M114 M120 M131 M138 M144 M163 M166 M174 | 8:M7 M11 M29 M36 M45 M51 M57 M68 M70 M81 M90 M94 M123 M129 M135 M146 M152 M159 M167 | 9:M5 M34 M43 M59 M65 M75 M82 M93 M98 M102 M107 M113 M122 M141 M150 M154 M173 | 10:M2 M17 M39 M53 M58 M72 M96 M109 M111 M118 M130 M139 M151 M171,"journal objective family: bg_d2 | F-selected distance-labelled E* domain propagation and cycle detection | precedence configuration: F=distance_closure, P=pairwise, G=direct | Reduced Domain variables after unary filtering + matching GAC + slot saturation | (20),(22)-(27) exactly once over reduced domains | (19) participant atMost-one per slot | (46),(47) clustered table capacity with compact forward channeling | (28) Pairwise precedence over direct distance-labelled relations | exact break-group ends and unary break-group thresholds | exact schedule <-> usedSlot channeling | (43) exactly |Mp| reduced usedSlot variables | (44) atMost 2|L| busy participants per slot | (45) exact even number of busy participants | historical hard cap Delta_G <= 2",,,result
,,,,,,,,,tic-13crafb.forb0003,b2b-11bed35297f1ebb4,b2b-lineage-tic-13crafb,forbidden,R-PW-DC-ST-BGD2-IS-CD-IC12P,Reduced,Filter-E*,Pairwise,DistanceClosure-E*,SpanThreshold,BreakGroupsD2,IncrementalSAT,IC12+,OPTIMAL,SAT,0,0,bg_d2,0,0,0,,,,,0.369654,False,56.188,,,,Compact,Compact/Reduced,project_implementation,incremental multi-phase SAT with persistent solver state,25460,,,,,,,66211,0,66211,1834,23626,159373,45,cfg5__m-reduced__p-pairwise__g-distance_closure__b-span_threshold__o-break_groups_d2__s-incrementalsat__i-imp12plus__backend-cadical,cfg5__m-reduced__p-pairwise__g-distance_closure__b-span_threshold__o-break_groups_d2__s-incrementalsat__i-imp12plus__backend-cadical,reduced,distance_closure,pairwise,distance_closure,IncrementalSAT,CaDiCaL,1.5.3,imp12+,span_threshold,total_break_groups_subject_to_range_at_most_2,BGD2,IC12P,159373,0,0,322,45157,17330,3402,,0,176,6,,,,,,1,1024,6128,17216,6128,0.1846524849997877,5,"formalism-specific model size: SAT/MaxSAT reports base CNF and soft clauses, MIP reports variables/linear constraints/nonzeros, and CP reports integer variables plus linear/global constraints; SAT bound/totalizer overhead remains separate in optimizer_added_*",1840,1834,1834,1834,0,0,0,0,0,0,0,1,0.06718,0.002215,0.132209,,0.134424,0.23523,"wall-clock from immediately before reading/parsing the .dzn instance through model construction, optimization, solution decoding, and independent validation; excludes worker-process startup and result-file export",0,0,0,0,0,"0,0,0,0,0,0,0,0,0,0,0,0,0,0,0,0,0,0,0,0,0,0,0,0,0,0,0,0,0,0,0,0,0,0,0,0,0,0,0,0,0,0,0,0,0,0",peak_process_tree_rss_mb,11bed35297f1ebb4aec8ff1a36ad294f0ab222e6a8066701c884372e4c63abc5,forb0003,data_table06_forb/tic-13crafb.forb0003.dzn,1,../noves/tic-13crafb.forb0003.dzn,1,data_table06_forb/tic-13crafb.forb0003.dzn,https://imae.udg.edu/Recerca/LAI/,https://ima.udg.edu/Recerca/lai/b2b/b2b.zip,ee1f440ab3f6db27ab712300ad3a54a31ffd5ec1e06f81a9ac37cb7202c56528,2026-08-10T10:42:19+00:00,7200.0,,ee80a6fbd8b513f7c010668495c39621a371266a,True,3.10.12,1.8.dev25,instance-20260810-085803,Linux-6.8.0-1064-gcp-x86_64-with-glibc2.35,x86_64,4,8,15988.059,1,0,/home/g24021555/Business-Meeting-Scheduling-Problem/.venv/bin/python3 /home/g24021555/Business-Meeting-Scheduling-Problem/src/Main.py --manifest instances_manifest.csv --family forbidden --solver sat_all --objective-mode bg_d2 --domain-mode both --domain-filter-graph both --precedence-encoding both --precedence-graph both --encoding-variant imp12+ --sat-backend cadical --maxsat-backend uwrmaxsat --uwrmaxsat-bin /home/g24021555/uwrmaxsat/build/release/bin/uwrmaxsat --timeout 7200 --csv output/full_matrix_bg_d2_forbidden.csv,,,,,,,,incremental,,cadical,,factorial,pairwise+distance_closure,0,44,"1,2,3,4,5,6,7,8,9,10,11,12,13,14,15,16,17,18,19,20,21,22,24,25,26,27,28,29,30,31,32,33,34,35,36,37,38,40,41,42,43,44,45,46",1834,6,0,0,"0,0,0,0,0,0,0,0,0,0,0,0,0,0,0,0,0,0,0,0,0,0,0,0,0,0,0,0,0,0,0,0,0,0,0,0,0,0,0,0,0,0,0,0,0,0","26,38,42,42,42,42,40,36,32,28","2,5,6,4,9,1,7,9,2,5,2,5,4,3,2,3,6,8,7,9,6,1,4,4,5,3,7,6,9,10,8,9,3,10,1,6,4,7,2,4,5,8,2,4,10,7,3,9,10,8,9,7,5,4,2,6,5,3,1,7,6,10,2,10,9,7,4,6,3,1,10,2,5,8,6,10,3,7,4,1,9,5,2,8,6,8,2,7,3,4,5,1,7,1,3,4,2,10,3,9,8,3,10,5,6,1,4,7,8,9,5,4,8,6,1,6,9,5,8,4,10,9,6,5,2,3,7,3,5,6,8,4,10,8,7,6,1,3,9,2,8,5,7,9,3,2,8,6,4,5,1,7,3,7,10,8,2,6,3,8,5,4,7,10,4,3,2,7,6,8,9,1,5,6,7,2,4,3,5,3,5,6,2,4",1:M6 M22 M35 M59 M70 M80 M92 M94 M106 M115 M137 M151 M172 | 2:M1 M9 M11 M15 M39 M43 M55 M63 M72 M83 M87 M97 M125 M140 M146 M157 M167 M176 M183 | 3:M14 M16 M26 M33 M47 M58 M69 M77 M89 M95 M99 M102 M126 M128 M138 M145 M153 M159 M166 M178 M180 | 4:M4 M13 M23 M24 M37 M40 M44 M54 M67 M79 M90 M96 M107 M112 M120 M132 M149 M162 M165 M177 M184 | 5:M2 M10 M12 M25 M41 M53 M57 M73 M82 M91 M104 M111 M118 M124 M129 M142 M150 M161 M173 M179 M181 | 6:M3 M17 M21 M28 M36 M56 M61 M68 M75 M85 M105 M114 M116 M123 M130 M136 M148 M158 M169 M174 M182 | 7:M7 M19 M27 M38 M46 M52 M60 M66 M78 M88 M93 M108 M127 M135 M143 M152 M154 M163 M168 M175 | 8:M18 M31 M42 M50 M74 M84 M86 M101 M109 M113 M119 M131 M134 M141 M147 M156 M160 M170 | 9:M5 M8 M20 M29 M32 M48 M51 M65 M81 M100 M110 M117 M122 M139 M144 M171 | 10:M30 M34 M45 M49 M62 M64 M71 M76 M98 M103 M121 M133 M155 M164,"journal objective family: bg_d2 | F-selected distance-labelled E* domain propagation and cycle detection | precedence configuration: F=distance_closure, P=pairwise, G=distance_closure | Reduced Domain variables after unary filtering + matching GAC + slot saturation | (20),(22)-(27) exactly once over reduced domains | (19) participant atMost-one per slot | (46),(47) clustered table capacity with compact forward channeling | (28) Pairwise precedence over distance_closure distance-labelled relations | exact break-group ends and unary break-group thresholds | exact schedule <-> usedSlot channeling | (43) exactly |Mp| reduced usedSlot variables | (44) atMost 2|L| busy participants per slot | (45) exact even number of busy participants | historical hard cap Delta_G <= 2",0,"(0,)",result
,,,,,,,,,tic-13crafb.forb0003,b2b-11bed35297f1ebb4,b2b-lineage-tic-13crafb,forbidden,R-PW-DC-ST-BGD2-NIS-CD-IC12P,Reduced,Filter-E*,Pairwise,DistanceClosure-E*,SpanThreshold,BreakGroupsD2,NonIncrementalSAT,IC12+,OPTIMAL,SAT,0,0,bg_d2,0,0,0,,,,,0.544755,False,56.551,,,,Compact,Compact/Reduced,project_implementation,restart-based multi-phase SAT,25460,,,,,,,66211,0,66211,1834,23626,159373,45,cfg5__m-reduced__p-pairwise__g-distance_closure__b-span_threshold__o-break_groups_d2__s-nonincrementalsat__i-imp12plus__backend-cadical,cfg5__m-reduced__p-pairwise__g-distance_closure__b-span_threshold__o-break_groups_d2__s-nonincrementalsat__i-imp12plus__backend-cadical,reduced,distance_closure,pairwise,distance_closure,NonIncrementalSAT,CaDiCaL,1.5.3,imp12+,span_threshold,total_break_groups_subject_to_range_at_most_2,BGD2,IC12P,159373,0,0,322,45157,17330,3402,,0,176,6,,,,,,6,2415,4976,12206,9588,0.36016825000024255,5,"formalism-specific model size: SAT/MaxSAT reports base CNF and soft clauses, MIP reports variables/linear constraints/nonzeros, and CP reports integer variables plus linear/global constraints; SAT bound/totalizer overhead remains separate in optimizer_added_*",1840,1834,1834,1834,0,0,0,0,0,0,0,1,0.065509,0.002564,0.133074,,0.135638,0.409117,"wall-clock from immediately before reading/parsing the .dzn instance through model construction, optimization, solution decoding, and independent validation; excludes worker-process startup and result-file export",0,0,0,0,0,"0,0,0,0,0,0,0,0,0,0,0,0,0,0,0,0,0,0,0,0,0,0,0,0,0,0,0,0,0,0,0,0,0,0,0,0,0,0,0,0,0,0,0,0,0,0",peak_process_tree_rss_mb,11bed35297f1ebb4aec8ff1a36ad294f0ab222e6a8066701c884372e4c63abc5,forb0003,data_table06_forb/tic-13crafb.forb0003.dzn,1,../noves/tic-13crafb.forb0003.dzn,1,data_table06_forb/tic-13crafb.forb0003.dzn,https://imae.udg.edu/Recerca/LAI/,https://ima.udg.edu/Recerca/lai/b2b/b2b.zip,ee1f440ab3f6db27ab712300ad3a54a31ffd5ec1e06f81a9ac37cb7202c56528,2026-08-10T10:42:19+00:00,7200.0,,ee80a6fbd8b513f7c010668495c39621a371266a,True,3.10.12,1.8.dev25,instance-20260810-085803,Linux-6.8.0-1064-gcp-x86_64-with-glibc2.35,x86_64,4,8,15988.059,1,0,/home/g24021555/Business-Meeting-Scheduling-Problem/.venv/bin/python3 /home/g24021555/Business-Meeting-Scheduling-Problem/src/Main.py --manifest instances_manifest.csv --family forbidden --solver sat_all --objective-mode bg_d2 --domain-mode both --domain-filter-graph both --precedence-encoding both --precedence-graph both --encoding-variant imp12+ --sat-backend cadical --maxsat-backend uwrmaxsat --uwrmaxsat-bin /home/g24021555/uwrmaxsat/build/release/bin/uwrmaxsat --timeout 7200 --csv output/full_matrix_bg_d2_forbidden.csv,,,,,,,,multiple,,cadical,,factorial,pairwise+distance_closure,0,44,"1,2,3,4,5,6,7,8,9,10,11,12,13,14,15,16,17,18,19,20,21,22,24,25,26,27,28,29,30,31,32,33,34,35,36,37,38,40,41,42,43,44,45,46",1834,6,0,0,"0,0,0,0,0,0,0,0,0,0,0,0,0,0,0,0,0,0,0,0,0,0,0,0,0,0,0,0,0,0,0,0,0,0,0,0,0,0,0,0,0,0,0,0,0,0","30,34,38,40,42,42,40,38,34,30","1,3,6,9,2,5,10,8,5,7,3,7,6,1,5,4,3,5,8,3,7,2,4,4,3,2,6,7,1,8,9,10,8,1,3,5,7,2,6,6,9,4,1,8,3,7,10,2,9,5,3,7,2,4,6,8,2,6,10,3,1,5,4,4,6,7,9,2,5,4,9,7,5,1,2,8,3,6,9,4,10,6,8,10,7,10,7,2,5,4,6,3,1,3,6,5,2,8,4,7,9,6,2,4,8,10,5,9,1,9,3,1,4,8,5,4,8,1,2,4,6,1,8,5,9,3,7,8,10,6,7,2,4,6,7,10,5,1,9,6,3,4,7,5,7,10,3,8,9,2,8,10,9,5,10,3,6,7,9,4,6,5,8,4,6,8,7,3,1,9,5,2,10,9,7,10,8,5,6,3,4,5,2,1",1:M1 M14 M29 M34 M43 M61 M74 M93 M109 M112 M118 M122 M138 M169 M184 | 2:M5 M22 M26 M38 M48 M53 M57 M68 M75 M88 M97 M103 M119 M132 M150 M172 M183 | 3:M2 M11 M17 M20 M25 M35 M45 M51 M60 M77 M92 M94 M111 M126 M141 M147 M156 M168 M180 | 4:M16 M23 M24 M42 M54 M63 M64 M70 M80 M90 M99 M104 M113 M116 M120 M133 M142 M160 M164 M181 | 5:M6 M9 M15 M18 M36 M50 M62 M69 M73 M89 M96 M107 M115 M124 M137 M144 M154 M162 M171 M178 M182 | 6:M3 M13 M27 M39 M40 M55 M58 M65 M78 M82 M91 M95 M102 M121 M130 M134 M140 M157 M161 M165 M179 | 7:M10 M12 M21 M28 M37 M46 M52 M66 M72 M85 M87 M100 M127 M131 M135 M143 M145 M158 M167 M175 | 8:M8 M19 M30 M33 M44 M56 M76 M83 M98 M105 M114 M117 M123 M128 M148 M151 M163 M166 M177 | 9:M4 M31 M41 M49 M67 M71 M79 M101 M108 M110 M125 M139 M149 M153 M159 M170 M174 | 10:M7 M32 M47 M59 M81 M84 M86 M106 M129 M136 M146 M152 M155 M173 M176,"journal objective family: bg_d2 | F-selected distance-labelled E* domain propagation and cycle detection | precedence configuration: F=distance_closure, P=pairwise, G=distance_closure | Reduced Domain variables after unary filtering + matching GAC + slot saturation | (20),(22)-(27) exactly once over reduced domains | (19) participant atMost-one per slot | (46),(47) clustered table capacity with compact forward channeling | (28) Pairwise precedence over distance_closure distance-labelled relations | exact break-group ends and unary break-group thresholds | exact schedule <-> usedSlot channeling | (43) exactly |Mp| reduced usedSlot variables | (44) atMost 2|L| busy participants per slot | (45) exact even number of busy participants | historical hard cap Delta_G <= 2",0,"(0,)",result
,,,,,,,,,tic-13crafb.forb0003,b2b-11bed35297f1ebb4,b2b-lineage-tic-13crafb,forbidden,R-PW-DC-ST-BGD2-UW-IC12P,Reduced,Filter-E*,Pairwise,DistanceClosure-E*,SpanThreshold,BreakGroupsD2,UWrMaxSAT,IC12+,OPTIMAL,SAT,0,0,bg_d2,0,0,0,,,0,1,0.334301,False,63.062,,,,Compact,Compact/Reduced,project_implementation,one-shot weighted MaxSAT,25460,,,,,,,66211,176,66387,1834,23626,159549,45,cfg5__m-reduced__p-pairwise__g-distance_closure__b-span_threshold__o-break_groups_d2__s-uwrmaxsat__i-imp12plus__backend-uwrmaxsat,cfg5__m-reduced__p-pairwise__g-distance_closure__b-span_threshold__o-break_groups_d2__s-uwrmaxsat__i-imp12plus__backend-uwrmaxsat,reduced,distance_closure,pairwise,distance_closure,UWrMaxSAT,UWrMaxSAT,binary-sha256:8c68c8a386d3d7847b50d315143c2bab60e3514e59510e84a649db83cb303876,imp12+,span_threshold,total_break_groups_subject_to_range_at_most_2,BGD2,IC12P,159373,176,1,322,45157,17330,3402,1,176,176,1,,,,,,0,0,0,0,0,,,"formalism-specific model size: SAT/MaxSAT reports base CNF and soft clauses, MIP reports variables/linear constraints/nonzeros, and CP reports integer variables plus linear/global constraints; SAT bound/totalizer overhead remains separate in optimizer_added_*",1840,1834,1834,1834,0,0,0,0,0,0,0,1,0.067047,0.002574,0.136951,,0.139525,0.194776,"wall-clock from immediately before reading/parsing the .dzn instance through model construction, optimization, solution decoding, and independent validation; excludes worker-process startup and result-file export",0,0,0,0,0,"0,0,0,0,0,0,0,0,0,0,0,0,0,0,0,0,0,0,0,0,0,0,0,0,0,0,0,0,0,0,0,0,0,0,0,0,0,0,0,0,0,0,0,0,0,0",peak_process_tree_rss_mb,11bed35297f1ebb4aec8ff1a36ad294f0ab222e6a8066701c884372e4c63abc5,forb0003,data_table06_forb/tic-13crafb.forb0003.dzn,1,../noves/tic-13crafb.forb0003.dzn,1,data_table06_forb/tic-13crafb.forb0003.dzn,https://imae.udg.edu/Recerca/LAI/,https://ima.udg.edu/Recerca/lai/b2b/b2b.zip,ee1f440ab3f6db27ab712300ad3a54a31ffd5ec1e06f81a9ac37cb7202c56528,2026-08-10T10:42:19+00:00,7200.0,,ee80a6fbd8b513f7c010668495c39621a371266a,True,3.10.12,1.8.dev25,instance-20260810-085803,Linux-6.8.0-1064-gcp-x86_64-with-glibc2.35,x86_64,4,8,15988.059,1,0,/home/g24021555/Business-Meeting-Scheduling-Problem/.venv/bin/python3 /home/g24021555/Business-Meeting-Scheduling-Problem/src/Main.py --manifest instances_manifest.csv --family forbidden --solver sat_all --objective-mode bg_d2 --domain-mode both --domain-filter-graph both --precedence-encoding both --precedence-graph both --encoding-variant imp12+ --sat-backend cadical --maxsat-backend uwrmaxsat --uwrmaxsat-bin /home/g24021555/uwrmaxsat/build/release/bin/uwrmaxsat --timeout 7200 --csv output/full_matrix_bg_d2_forbidden.csv,/home/g24021555/uwrmaxsat/build/release/bin/uwrmaxsat,8c68c8a386d3d7847b50d315143c2bab60e3514e59510e84a649db83cb303876,/home/g24021555/uwrmaxsat/build/release/bin/uwrmaxsat -m /tmp/b2b_uwrmaxsat_0he301wa/tic-13crafb.forb0003.wcnf,,process exit code=30,,,maxsat,uwrmaxsat,,/home/g24021555/uwrmaxsat/build/release/bin/uwrmaxsat,factorial,pairwise+distance_closure,0,44,"1,2,3,4,5,6,7,8,9,10,11,12,13,14,15,16,17,18,19,20,21,22,24,25,26,27,28,29,30,31,32,33,34,35,36,37,38,40,41,42,43,44,45,46",1834,6,0,0,"0,0,0,0,0,0,0,0,0,0,0,0,0,0,0,0,0,0,0,0,0,0,0,0,0,0,0,0,0,0,0,0,0,0,0,0,0,0,0,0,0,0,0,0,0,0","28,36,40,40,42,42,40,38,34,28","4,10,3,6,9,5,8,1,5,7,8,4,3,5,5,6,10,3,2,5,4,7,6,7,5,6,4,2,8,1,4,2,3,9,5,8,1,7,10,7,5,1,9,4,8,6,2,7,1,2,8,5,10,6,4,3,8,10,9,6,5,1,2,5,9,6,3,8,7,8,3,10,3,6,9,1,5,7,4,2,8,9,7,4,6,7,4,6,5,8,1,3,9,8,6,10,2,9,6,3,7,9,6,7,2,4,9,1,10,3,10,4,9,7,2,3,1,10,1,7,5,9,8,2,3,6,4,2,8,10,7,4,6,2,8,6,3,7,10,5,9,2,1,7,3,8,2,4,5,9,10,8,3,9,5,1,4,5,8,6,4,3,7,1,6,7,8,5,4,3,10,2,9,7,3,6,4,5,2,2,6,4,5,3",1:M8 M30 M37 M42 M49 M62 M76 M91 M108 M117 M119 M143 M156 M164 | 2:M19 M28 M32 M47 M50 M63 M80 M97 M105 M115 M124 M128 M134 M142 M147 M172 M179 M180 | 3:M3 M13 M18 M33 M56 M67 M71 M73 M92 M100 M110 M116 M125 M137 M145 M153 M162 M170 M175 M184 | 4:M1 M12 M21 M27 M31 M44 M55 M79 M84 M87 M106 M112 M127 M132 M148 M157 M161 M169 M177 M182 | 5:M6 M9 M14 M15 M20 M25 M35 M41 M52 M61 M64 M77 M89 M121 M140 M149 M155 M158 M168 M178 M183 | 6:M4 M16 M23 M26 M46 M54 M60 M66 M74 M85 M88 M95 M99 M103 M126 M133 M136 M160 M165 M176 M181 | 7:M10 M22 M24 M38 M40 M48 M69 M78 M83 M86 M101 M104 M114 M120 M131 M138 M144 M163 M166 M174 | 8:M7 M11 M29 M36 M45 M51 M57 M68 M70 M81 M90 M94 M123 M129 M135 M146 M152 M159 M167 | 9:M5 M34 M43 M59 M65 M75 M82 M93 M98 M102 M107 M113 M122 M141 M150 M154 M173 | 10:M2 M17 M39 M53 M58 M72 M96 M109 M111 M118 M130 M139 M151 M171,"journal objective family: bg_d2 | F-selected distance-labelled E* domain propagation and cycle detection | precedence configuration: F=distance_closure, P=pairwise, G=distance_closure | Reduced Domain variables after unary filtering + matching GAC + slot saturation | (20),(22)-(27) exactly once over reduced domains | (19) participant atMost-one per slot | (46),(47) clustered table capacity with compact forward channeling | (28) Pairwise precedence over distance_closure distance-labelled relations | exact break-group ends and unary break-group thresholds | exact schedule <-> usedSlot channeling | (43) exactly |Mp| reduced usedSlot variables | (44) atMost 2|L| busy participants per slot | (45) exact even number of busy participants | historical hard cap Delta_G <= 2",,,result
,,,,,,,,,tic-13crafb.forb0003,b2b-11bed35297f1ebb4,b2b-lineage-tic-13crafb,forbidden,R-SS-DE-ST-BGD2-IS-CD-IC12P,Reduced,Filter-E*,SparseSuffix,Direct-E,SpanThreshold,BreakGroupsD2,IncrementalSAT,IC12+,OPTIMAL,SAT,0,0,bg_d2,0,0,0,,,,,0.370437,False,56.367,,,,Compact,Compact/Reduced,project_implementation,incremental multi-phase SAT with persistent solver state,25460,,,,,,,66211,0,66211,1834,23626,159373,45,cfg5__m-reduced__p-sparse_suffix__g-direct__b-span_threshold__o-break_groups_d2__s-incrementalsat__i-imp12plus__backend-cadical,cfg5__m-reduced__p-sparse_suffix__g-direct__b-span_threshold__o-break_groups_d2__s-incrementalsat__i-imp12plus__backend-cadical,reduced,distance_closure,sparse_suffix,direct,IncrementalSAT,CaDiCaL,1.5.3,imp12+,span_threshold,total_break_groups_subject_to_range_at_most_2,BGD2,IC12P,159373,0,0,322,45157,17330,3402,,0,176,6,,,,,,1,1024,6128,17216,6128,0.18288983599995845,5,"formalism-specific model size: SAT/MaxSAT reports base CNF and soft clauses, MIP reports variables/linear constraints/nonzeros, and CP reports integer variables plus linear/global constraints; SAT bound/totalizer overhead remains separate in optimizer_added_*",1840,1834,1834,1834,0,0,0,0,0,0,0,1,0.0686,0.002203,0.134535,,0.136737,0.2337,"wall-clock from immediately before reading/parsing the .dzn instance through model construction, optimization, solution decoding, and independent validation; excludes worker-process startup and result-file export",0,0,0,0,0,"0,0,0,0,0,0,0,0,0,0,0,0,0,0,0,0,0,0,0,0,0,0,0,0,0,0,0,0,0,0,0,0,0,0,0,0,0,0,0,0,0,0,0,0,0,0",peak_process_tree_rss_mb,11bed35297f1ebb4aec8ff1a36ad294f0ab222e6a8066701c884372e4c63abc5,forb0003,data_table06_forb/tic-13crafb.forb0003.dzn,1,../noves/tic-13crafb.forb0003.dzn,1,data_table06_forb/tic-13crafb.forb0003.dzn,https://imae.udg.edu/Recerca/LAI/,https://ima.udg.edu/Recerca/lai/b2b/b2b.zip,ee1f440ab3f6db27ab712300ad3a54a31ffd5ec1e06f81a9ac37cb7202c56528,2026-08-10T10:42:19+00:00,7200.0,,ee80a6fbd8b513f7c010668495c39621a371266a,True,3.10.12,1.8.dev25,instance-20260810-085803,Linux-6.8.0-1064-gcp-x86_64-with-glibc2.35,x86_64,4,8,15988.059,1,0,/home/g24021555/Business-Meeting-Scheduling-Problem/.venv/bin/python3 /home/g24021555/Business-Meeting-Scheduling-Problem/src/Main.py --manifest instances_manifest.csv --family forbidden --solver sat_all --objective-mode bg_d2 --domain-mode both --domain-filter-graph both --precedence-encoding both --precedence-graph both --encoding-variant imp12+ --sat-backend cadical --maxsat-backend uwrmaxsat --uwrmaxsat-bin /home/g24021555/uwrmaxsat/build/release/bin/uwrmaxsat --timeout 7200 --csv output/full_matrix_bg_d2_forbidden.csv,,,,,,,,incremental,,cadical,,factorial,sparse_suffix+direct,0,44,"1,2,3,4,5,6,7,8,9,10,11,12,13,14,15,16,17,18,19,20,21,22,24,25,26,27,28,29,30,31,32,33,34,35,36,37,38,40,41,42,43,44,45,46",1834,6,0,0,"0,0,0,0,0,0,0,0,0,0,0,0,0,0,0,0,0,0,0,0,0,0,0,0,0,0,0,0,0,0,0,0,0,0,0,0,0,0,0,0,0,0,0,0,0,0","26,38,42,42,42,42,40,36,32,28","2,5,6,4,9,1,7,9,2,5,2,5,4,3,2,3,6,8,7,9,6,1,4,4,5,3,7,6,9,10,8,9,3,10,1,6,4,7,2,4,5,8,2,4,10,7,3,9,10,8,9,7,5,4,2,6,5,3,1,7,6,10,2,10,9,7,4,6,3,1,10,2,5,8,6,10,3,7,4,1,9,5,2,8,6,8,2,7,3,4,5,1,7,1,3,4,2,10,3,9,8,3,10,5,6,1,4,7,8,9,5,4,8,6,1,6,9,5,8,4,10,9,6,5,2,3,7,3,5,6,8,4,10,8,7,6,1,3,9,2,8,5,7,9,3,2,8,6,4,5,1,7,3,7,10,8,2,6,3,8,5,4,7,10,4,3,2,7,6,8,9,1,5,6,7,2,4,3,5,3,5,6,2,4",1:M6 M22 M35 M59 M70 M80 M92 M94 M106 M115 M137 M151 M172 | 2:M1 M9 M11 M15 M39 M43 M55 M63 M72 M83 M87 M97 M125 M140 M146 M157 M167 M176 M183 | 3:M14 M16 M26 M33 M47 M58 M69 M77 M89 M95 M99 M102 M126 M128 M138 M145 M153 M159 M166 M178 M180 | 4:M4 M13 M23 M24 M37 M40 M44 M54 M67 M79 M90 M96 M107 M112 M120 M132 M149 M162 M165 M177 M184 | 5:M2 M10 M12 M25 M41 M53 M57 M73 M82 M91 M104 M111 M118 M124 M129 M142 M150 M161 M173 M179 M181 | 6:M3 M17 M21 M28 M36 M56 M61 M68 M75 M85 M105 M114 M116 M123 M130 M136 M148 M158 M169 M174 M182 | 7:M7 M19 M27 M38 M46 M52 M60 M66 M78 M88 M93 M108 M127 M135 M143 M152 M154 M163 M168 M175 | 8:M18 M31 M42 M50 M74 M84 M86 M101 M109 M113 M119 M131 M134 M141 M147 M156 M160 M170 | 9:M5 M8 M20 M29 M32 M48 M51 M65 M81 M100 M110 M117 M122 M139 M144 M171 | 10:M30 M34 M45 M49 M62 M64 M71 M76 M98 M103 M121 M133 M155 M164,"journal objective family: bg_d2 | F-selected distance-labelled E* domain propagation and cycle detection | precedence configuration: F=distance_closure, P=sparse_suffix, G=direct | Reduced Domain variables after unary filtering + matching GAC + slot saturation | (20),(22)-(27) exactly once over reduced domains | (19) participant atMost-one per slot | (46),(47) clustered table capacity with compact forward channeling | (28) SparseSuffix precedence over direct distance-labelled relations | exact break-group ends and unary break-group thresholds | exact schedule <-> usedSlot channeling | (43) exactly |Mp| reduced usedSlot variables | (44) atMost 2|L| busy participants per slot | (45) exact even number of busy participants | historical hard cap Delta_G <= 2",0,"(0,)",result
,,,,,,,,,tic-13crafb.forb0003,b2b-11bed35297f1ebb4,b2b-lineage-tic-13crafb,forbidden,R-SS-DE-ST-BGD2-NIS-CD-IC12P,Reduced,Filter-E*,SparseSuffix,Direct-E,SpanThreshold,BreakGroupsD2,NonIncrementalSAT,IC12+,OPTIMAL,SAT,0,0,bg_d2,0,0,0,,,,,0.541406,False,56.5,,,,Compact,Compact/Reduced,project_implementation,restart-based multi-phase SAT,25460,,,,,,,66211,0,66211,1834,23626,159373,45,cfg5__m-reduced__p-sparse_suffix__g-direct__b-span_threshold__o-break_groups_d2__s-nonincrementalsat__i-imp12plus__backend-cadical,cfg5__m-reduced__p-sparse_suffix__g-direct__b-span_threshold__o-break_groups_d2__s-nonincrementalsat__i-imp12plus__backend-cadical,reduced,distance_closure,sparse_suffix,direct,NonIncrementalSAT,CaDiCaL,1.5.3,imp12+,span_threshold,total_break_groups_subject_to_range_at_most_2,BGD2,IC12P,159373,0,0,322,45157,17330,3402,,0,176,6,,,,,,6,2415,4976,12206,9588,0.3571123120000266,5,"formalism-specific model size: SAT/MaxSAT reports base CNF and soft clauses, MIP reports variables/linear constraints/nonzeros, and CP reports integer variables plus linear/global constraints; SAT bound/totalizer overhead remains separate in optimizer_added_*",1840,1834,1834,1834,0,0,0,0,0,0,0,1,0.066076,0.002545,0.12981,,0.132355,0.409051,"wall-clock from immediately before reading/parsing the .dzn instance through model construction, optimization, solution decoding, and independent validation; excludes worker-process startup and result-file export",0,0,0,0,0,"0,0,0,0,0,0,0,0,0,0,0,0,0,0,0,0,0,0,0,0,0,0,0,0,0,0,0,0,0,0,0,0,0,0,0,0,0,0,0,0,0,0,0,0,0,0",peak_process_tree_rss_mb,11bed35297f1ebb4aec8ff1a36ad294f0ab222e6a8066701c884372e4c63abc5,forb0003,data_table06_forb/tic-13crafb.forb0003.dzn,1,../noves/tic-13crafb.forb0003.dzn,1,data_table06_forb/tic-13crafb.forb0003.dzn,https://imae.udg.edu/Recerca/LAI/,https://ima.udg.edu/Recerca/lai/b2b/b2b.zip,ee1f440ab3f6db27ab712300ad3a54a31ffd5ec1e06f81a9ac37cb7202c56528,2026-08-10T10:42:19+00:00,7200.0,,ee80a6fbd8b513f7c010668495c39621a371266a,True,3.10.12,1.8.dev25,instance-20260810-085803,Linux-6.8.0-1064-gcp-x86_64-with-glibc2.35,x86_64,4,8,15988.059,1,0,/home/g24021555/Business-Meeting-Scheduling-Problem/.venv/bin/python3 /home/g24021555/Business-Meeting-Scheduling-Problem/src/Main.py --manifest instances_manifest.csv --family forbidden --solver sat_all --objective-mode bg_d2 --domain-mode both --domain-filter-graph both --precedence-encoding both --precedence-graph both --encoding-variant imp12+ --sat-backend cadical --maxsat-backend uwrmaxsat --uwrmaxsat-bin /home/g24021555/uwrmaxsat/build/release/bin/uwrmaxsat --timeout 7200 --csv output/full_matrix_bg_d2_forbidden.csv,,,,,,,,multiple,,cadical,,factorial,sparse_suffix+direct,0,44,"1,2,3,4,5,6,7,8,9,10,11,12,13,14,15,16,17,18,19,20,21,22,24,25,26,27,28,29,30,31,32,33,34,35,36,37,38,40,41,42,43,44,45,46",1834,6,0,0,"0,0,0,0,0,0,0,0,0,0,0,0,0,0,0,0,0,0,0,0,0,0,0,0,0,0,0,0,0,0,0,0,0,0,0,0,0,0,0,0,0,0,0,0,0,0","30,34,38,40,42,42,40,38,34,30","1,3,6,9,2,5,10,8,5,7,3,7,6,1,5,4,3,5,8,3,7,2,4,4,3,2,6,7,1,8,9,10,8,1,3,5,7,2,6,6,9,4,1,8,3,7,10,2,9,5,3,7,2,4,6,8,2,6,10,3,1,5,4,4,6,7,9,2,5,4,9,7,5,1,2,8,3,6,9,4,10,6,8,10,7,10,7,2,5,4,6,3,1,3,6,5,2,8,4,7,9,6,2,4,8,10,5,9,1,9,3,1,4,8,5,4,8,1,2,4,6,1,8,5,9,3,7,8,10,6,7,2,4,6,7,10,5,1,9,6,3,4,7,5,7,10,3,8,9,2,8,10,9,5,10,3,6,7,9,4,6,5,8,4,6,8,7,3,1,9,5,2,10,9,7,10,8,5,6,3,4,5,2,1",1:M1 M14 M29 M34 M43 M61 M74 M93 M109 M112 M118 M122 M138 M169 M184 | 2:M5 M22 M26 M38 M48 M53 M57 M68 M75 M88 M97 M103 M119 M132 M150 M172 M183 | 3:M2 M11 M17 M20 M25 M35 M45 M51 M60 M77 M92 M94 M111 M126 M141 M147 M156 M168 M180 | 4:M16 M23 M24 M42 M54 M63 M64 M70 M80 M90 M99 M104 M113 M116 M120 M133 M142 M160 M164 M181 | 5:M6 M9 M15 M18 M36 M50 M62 M69 M73 M89 M96 M107 M115 M124 M137 M144 M154 M162 M171 M178 M182 | 6:M3 M13 M27 M39 M40 M55 M58 M65 M78 M82 M91 M95 M102 M121 M130 M134 M140 M157 M161 M165 M179 | 7:M10 M12 M21 M28 M37 M46 M52 M66 M72 M85 M87 M100 M127 M131 M135 M143 M145 M158 M167 M175 | 8:M8 M19 M30 M33 M44 M56 M76 M83 M98 M105 M114 M117 M123 M128 M148 M151 M163 M166 M177 | 9:M4 M31 M41 M49 M67 M71 M79 M101 M108 M110 M125 M139 M149 M153 M159 M170 M174 | 10:M7 M32 M47 M59 M81 M84 M86 M106 M129 M136 M146 M152 M155 M173 M176,"journal objective family: bg_d2 | F-selected distance-labelled E* domain propagation and cycle detection | precedence configuration: F=distance_closure, P=sparse_suffix, G=direct | Reduced Domain variables after unary filtering + matching GAC + slot saturation | (20),(22)-(27) exactly once over reduced domains | (19) participant atMost-one per slot | (46),(47) clustered table capacity with compact forward channeling | (28) SparseSuffix precedence over direct distance-labelled relations | exact break-group ends and unary break-group thresholds | exact schedule <-> usedSlot channeling | (43) exactly |Mp| reduced usedSlot variables | (44) atMost 2|L| busy participants per slot | (45) exact even number of busy participants | historical hard cap Delta_G <= 2",0,"(0,)",result
,,,,,,,,,tic-13crafb.forb0003,b2b-11bed35297f1ebb4,b2b-lineage-tic-13crafb,forbidden,R-SS-DE-ST-BGD2-UW-IC12P,Reduced,Filter-E*,SparseSuffix,Direct-E,SpanThreshold,BreakGroupsD2,UWrMaxSAT,IC12+,OPTIMAL,SAT,0,0,bg_d2,0,0,0,,,0,1,0.33303,False,62.992,,,,Compact,Compact/Reduced,project_implementation,one-shot weighted MaxSAT,25460,,,,,,,66211,176,66387,1834,23626,159549,45,cfg5__m-reduced__p-sparse_suffix__g-direct__b-span_threshold__o-break_groups_d2__s-uwrmaxsat__i-imp12plus__backend-uwrmaxsat,cfg5__m-reduced__p-sparse_suffix__g-direct__b-span_threshold__o-break_groups_d2__s-uwrmaxsat__i-imp12plus__backend-uwrmaxsat,reduced,distance_closure,sparse_suffix,direct,UWrMaxSAT,UWrMaxSAT,binary-sha256:8c68c8a386d3d7847b50d315143c2bab60e3514e59510e84a649db83cb303876,imp12+,span_threshold,total_break_groups_subject_to_range_at_most_2,BGD2,IC12P,159373,176,1,322,45157,17330,3402,1,176,176,1,,,,,,0,0,0,0,0,,,"formalism-specific model size: SAT/MaxSAT reports base CNF and soft clauses, MIP reports variables/linear constraints/nonzeros, and CP reports integer variables plus linear/global constraints; SAT bound/totalizer overhead remains separate in optimizer_added_*",1840,1834,1834,1834,0,0,0,0,0,0,0,1,0.067402,0.002205,0.136929,,0.139134,0.193896,"wall-clock from immediately before reading/parsing the .dzn instance through model construction, optimization, solution decoding, and independent validation; excludes worker-process startup and result-file export",0,0,0,0,0,"0,0,0,0,0,0,0,0,0,0,0,0,0,0,0,0,0,0,0,0,0,0,0,0,0,0,0,0,0,0,0,0,0,0,0,0,0,0,0,0,0,0,0,0,0,0",peak_process_tree_rss_mb,11bed35297f1ebb4aec8ff1a36ad294f0ab222e6a8066701c884372e4c63abc5,forb0003,data_table06_forb/tic-13crafb.forb0003.dzn,1,../noves/tic-13crafb.forb0003.dzn,1,data_table06_forb/tic-13crafb.forb0003.dzn,https://imae.udg.edu/Recerca/LAI/,https://ima.udg.edu/Recerca/lai/b2b/b2b.zip,ee1f440ab3f6db27ab712300ad3a54a31ffd5ec1e06f81a9ac37cb7202c56528,2026-08-10T10:42:19+00:00,7200.0,,ee80a6fbd8b513f7c010668495c39621a371266a,True,3.10.12,1.8.dev25,instance-20260810-085803,Linux-6.8.0-1064-gcp-x86_64-with-glibc2.35,x86_64,4,8,15988.059,1,0,/home/g24021555/Business-Meeting-Scheduling-Problem/.venv/bin/python3 /home/g24021555/Business-Meeting-Scheduling-Problem/src/Main.py --manifest instances_manifest.csv --family forbidden --solver sat_all --objective-mode bg_d2 --domain-mode both --domain-filter-graph both --precedence-encoding both --precedence-graph both --encoding-variant imp12+ --sat-backend cadical --maxsat-backend uwrmaxsat --uwrmaxsat-bin /home/g24021555/uwrmaxsat/build/release/bin/uwrmaxsat --timeout 7200 --csv output/full_matrix_bg_d2_forbidden.csv,/home/g24021555/uwrmaxsat/build/release/bin/uwrmaxsat,8c68c8a386d3d7847b50d315143c2bab60e3514e59510e84a649db83cb303876,/home/g24021555/uwrmaxsat/build/release/bin/uwrmaxsat -m /tmp/b2b_uwrmaxsat_xv0__boy/tic-13crafb.forb0003.wcnf,,process exit code=30,,,maxsat,uwrmaxsat,,/home/g24021555/uwrmaxsat/build/release/bin/uwrmaxsat,factorial,sparse_suffix+direct,0,44,"1,2,3,4,5,6,7,8,9,10,11,12,13,14,15,16,17,18,19,20,21,22,24,25,26,27,28,29,30,31,32,33,34,35,36,37,38,40,41,42,43,44,45,46",1834,6,0,0,"0,0,0,0,0,0,0,0,0,0,0,0,0,0,0,0,0,0,0,0,0,0,0,0,0,0,0,0,0,0,0,0,0,0,0,0,0,0,0,0,0,0,0,0,0,0","28,36,40,40,42,42,40,38,34,28","4,10,3,6,9,5,8,1,5,7,8,4,3,5,5,6,10,3,2,5,4,7,6,7,5,6,4,2,8,1,4,2,3,9,5,8,1,7,10,7,5,1,9,4,8,6,2,7,1,2,8,5,10,6,4,3,8,10,9,6,5,1,2,5,9,6,3,8,7,8,3,10,3,6,9,1,5,7,4,2,8,9,7,4,6,7,4,6,5,8,1,3,9,8,6,10,2,9,6,3,7,9,6,7,2,4,9,1,10,3,10,4,9,7,2,3,1,10,1,7,5,9,8,2,3,6,4,2,8,10,7,4,6,2,8,6,3,7,10,5,9,2,1,7,3,8,2,4,5,9,10,8,3,9,5,1,4,5,8,6,4,3,7,1,6,7,8,5,4,3,10,2,9,7,3,6,4,5,2,2,6,4,5,3",1:M8 M30 M37 M42 M49 M62 M76 M91 M108 M117 M119 M143 M156 M164 | 2:M19 M28 M32 M47 M50 M63 M80 M97 M105 M115 M124 M128 M134 M142 M147 M172 M179 M180 | 3:M3 M13 M18 M33 M56 M67 M71 M73 M92 M100 M110 M116 M125 M137 M145 M153 M162 M170 M175 M184 | 4:M1 M12 M21 M27 M31 M44 M55 M79 M84 M87 M106 M112 M127 M132 M148 M157 M161 M169 M177 M182 | 5:M6 M9 M14 M15 M20 M25 M35 M41 M52 M61 M64 M77 M89 M121 M140 M149 M155 M158 M168 M178 M183 | 6:M4 M16 M23 M26 M46 M54 M60 M66 M74 M85 M88 M95 M99 M103 M126 M133 M136 M160 M165 M176 M181 | 7:M10 M22 M24 M38 M40 M48 M69 M78 M83 M86 M101 M104 M114 M120 M131 M138 M144 M163 M166 M174 | 8:M7 M11 M29 M36 M45 M51 M57 M68 M70 M81 M90 M94 M123 M129 M135 M146 M152 M159 M167 | 9:M5 M34 M43 M59 M65 M75 M82 M93 M98 M102 M107 M113 M122 M141 M150 M154 M173 | 10:M2 M17 M39 M53 M58 M72 M96 M109 M111 M118 M130 M139 M151 M171,"journal objective family: bg_d2 | F-selected distance-labelled E* domain propagation and cycle detection | precedence configuration: F=distance_closure, P=sparse_suffix, G=direct | Reduced Domain variables after unary filtering + matching GAC + slot saturation | (20),(22)-(27) exactly once over reduced domains | (19) participant atMost-one per slot | (46),(47) clustered table capacity with compact forward channeling | (28) SparseSuffix precedence over direct distance-labelled relations | exact break-group ends and unary break-group thresholds | exact schedule <-> usedSlot channeling | (43) exactly |Mp| reduced usedSlot variables | (44) atMost 2|L| busy participants per slot | (45) exact even number of busy participants | historical hard cap Delta_G <= 2",,,result
,,,,,,,,,tic-13crafb.forb0003,b2b-11bed35297f1ebb4,b2b-lineage-tic-13crafb,forbidden,R-SS-DC-ST-BGD2-IS-CD-IC12P,Reduced,Filter-E*,SparseSuffix,DistanceClosure-E*,SpanThreshold,BreakGroupsD2,IncrementalSAT,IC12+,OPTIMAL,SAT,0,0,bg_d2,0,0,0,,,,,0.366812,False,56.105,,,,Compact,Compact/Reduced,project_implementation,incremental multi-phase SAT with persistent solver state,25460,,,,,,,66211,0,66211,1834,23626,159373,45,cfg5__m-reduced__p-sparse_suffix__g-distance_closure__b-span_threshold__o-break_groups_d2__s-incrementalsat__i-imp12plus__backend-cadical,cfg5__m-reduced__p-sparse_suffix__g-distance_closure__b-span_threshold__o-break_groups_d2__s-incrementalsat__i-imp12plus__backend-cadical,reduced,distance_closure,sparse_suffix,distance_closure,IncrementalSAT,CaDiCaL,1.5.3,imp12+,span_threshold,total_break_groups_subject_to_range_at_most_2,BGD2,IC12P,159373,0,0,322,45157,17330,3402,,0,176,6,,,,,,1,1024,6128,17216,6128,0.1825646510005754,5,"formalism-specific model size: SAT/MaxSAT reports base CNF and soft clauses, MIP reports variables/linear constraints/nonzeros, and CP reports integer variables plus linear/global constraints; SAT bound/totalizer overhead remains separate in optimizer_added_*",1840,1834,1834,1834,0,0,0,0,0,0,0,1,0.066053,0.002187,0.131463,,0.13365,0.233161,"wall-clock from immediately before reading/parsing the .dzn instance through model construction, optimization, solution decoding, and independent validation; excludes worker-process startup and result-file export",0,0,0,0,0,"0,0,0,0,0,0,0,0,0,0,0,0,0,0,0,0,0,0,0,0,0,0,0,0,0,0,0,0,0,0,0,0,0,0,0,0,0,0,0,0,0,0,0,0,0,0",peak_process_tree_rss_mb,11bed35297f1ebb4aec8ff1a36ad294f0ab222e6a8066701c884372e4c63abc5,forb0003,data_table06_forb/tic-13crafb.forb0003.dzn,1,../noves/tic-13crafb.forb0003.dzn,1,data_table06_forb/tic-13crafb.forb0003.dzn,https://imae.udg.edu/Recerca/LAI/,https://ima.udg.edu/Recerca/lai/b2b/b2b.zip,ee1f440ab3f6db27ab712300ad3a54a31ffd5ec1e06f81a9ac37cb7202c56528,2026-08-10T10:42:19+00:00,7200.0,,ee80a6fbd8b513f7c010668495c39621a371266a,True,3.10.12,1.8.dev25,instance-20260810-085803,Linux-6.8.0-1064-gcp-x86_64-with-glibc2.35,x86_64,4,8,15988.059,1,0,/home/g24021555/Business-Meeting-Scheduling-Problem/.venv/bin/python3 /home/g24021555/Business-Meeting-Scheduling-Problem/src/Main.py --manifest instances_manifest.csv --family forbidden --solver sat_all --objective-mode bg_d2 --domain-mode both --domain-filter-graph both --precedence-encoding both --precedence-graph both --encoding-variant imp12+ --sat-backend cadical --maxsat-backend uwrmaxsat --uwrmaxsat-bin /home/g24021555/uwrmaxsat/build/release/bin/uwrmaxsat --timeout 7200 --csv output/full_matrix_bg_d2_forbidden.csv,,,,,,,,incremental,,cadical,,staircase,sparse_suffix+distance_closure,0,44,"1,2,3,4,5,6,7,8,9,10,11,12,13,14,15,16,17,18,19,20,21,22,24,25,26,27,28,29,30,31,32,33,34,35,36,37,38,40,41,42,43,44,45,46",1834,6,0,0,"0,0,0,0,0,0,0,0,0,0,0,0,0,0,0,0,0,0,0,0,0,0,0,0,0,0,0,0,0,0,0,0,0,0,0,0,0,0,0,0,0,0,0,0,0,0","26,38,42,42,42,42,40,36,32,28","2,5,6,4,9,1,7,9,2,5,2,5,4,3,2,3,6,8,7,9,6,1,4,4,5,3,7,6,9,10,8,9,3,10,1,6,4,7,2,4,5,8,2,4,10,7,3,9,10,8,9,7,5,4,2,6,5,3,1,7,6,10,2,10,9,7,4,6,3,1,10,2,5,8,6,10,3,7,4,1,9,5,2,8,6,8,2,7,3,4,5,1,7,1,3,4,2,10,3,9,8,3,10,5,6,1,4,7,8,9,5,4,8,6,1,6,9,5,8,4,10,9,6,5,2,3,7,3,5,6,8,4,10,8,7,6,1,3,9,2,8,5,7,9,3,2,8,6,4,5,1,7,3,7,10,8,2,6,3,8,5,4,7,10,4,3,2,7,6,8,9,1,5,6,7,2,4,3,5,3,5,6,2,4",1:M6 M22 M35 M59 M70 M80 M92 M94 M106 M115 M137 M151 M172 | 2:M1 M9 M11 M15 M39 M43 M55 M63 M72 M83 M87 M97 M125 M140 M146 M157 M167 M176 M183 | 3:M14 M16 M26 M33 M47 M58 M69 M77 M89 M95 M99 M102 M126 M128 M138 M145 M153 M159 M166 M178 M180 | 4:M4 M13 M23 M24 M37 M40 M44 M54 M67 M79 M90 M96 M107 M112 M120 M132 M149 M162 M165 M177 M184 | 5:M2 M10 M12 M25 M41 M53 M57 M73 M82 M91 M104 M111 M118 M124 M129 M142 M150 M161 M173 M179 M181 | 6:M3 M17 M21 M28 M36 M56 M61 M68 M75 M85 M105 M114 M116 M123 M130 M136 M148 M158 M169 M174 M182 | 7:M7 M19 M27 M38 M46 M52 M60 M66 M78 M88 M93 M108 M127 M135 M143 M152 M154 M163 M168 M175 | 8:M18 M31 M42 M50 M74 M84 M86 M101 M109 M113 M119 M131 M134 M141 M147 M156 M160 M170 | 9:M5 M8 M20 M29 M32 M48 M51 M65 M81 M100 M110 M117 M122 M139 M144 M171 | 10:M30 M34 M45 M49 M62 M64 M71 M76 M98 M103 M121 M133 M155 M164,"journal objective family: bg_d2 | F-selected distance-labelled E* domain propagation and cycle detection | precedence configuration: F=distance_closure, P=sparse_suffix, G=distance_closure | Reduced Domain variables after unary filtering + matching GAC + slot saturation | (20),(22)-(27) exactly once over reduced domains | (19) participant atMost-one per slot | (46),(47) clustered table capacity with compact forward channeling | (28) SparseSuffix precedence over distance_closure distance-labelled relations | exact break-group ends and unary break-group thresholds | exact schedule <-> usedSlot channeling | (43) exactly |Mp| reduced usedSlot variables | (44) atMost 2|L| busy participants per slot | (45) exact even number of busy participants | historical hard cap Delta_G <= 2",0,"(0,)",result
,,,,,,,,,tic-13crafb.forb0003,b2b-11bed35297f1ebb4,b2b-lineage-tic-13crafb,forbidden,R-SS-DC-ST-BGD2-NIS-CD-IC12P,Reduced,Filter-E*,SparseSuffix,DistanceClosure-E*,SpanThreshold,BreakGroupsD2,NonIncrementalSAT,IC12+,OPTIMAL,SAT,0,0,bg_d2,0,0,0,,,,,0.544584,False,55.777,,,,Compact,Compact/Reduced,project_implementation,restart-based multi-phase SAT,25460,,,,,,,66211,0,66211,1834,23626,159373,45,cfg5__m-reduced__p-sparse_suffix__g-distance_closure__b-span_threshold__o-break_groups_d2__s-nonincrementalsat__i-imp12plus__backend-cadical,cfg5__m-reduced__p-sparse_suffix__g-distance_closure__b-span_threshold__o-break_groups_d2__s-nonincrementalsat__i-imp12plus__backend-cadical,reduced,distance_closure,sparse_suffix,distance_closure,NonIncrementalSAT,CaDiCaL,1.5.3,imp12+,span_threshold,total_break_groups_subject_to_range_at_most_2,BGD2,IC12P,159373,0,0,322,45157,17330,3402,,0,176,6,,,,,,6,2415,4976,12206,9588,0.3621941629999128,5,"formalism-specific model size: SAT/MaxSAT reports base CNF and soft clauses, MIP reports variables/linear constraints/nonzeros, and CP reports integer variables plus linear/global constraints; SAT bound/totalizer overhead remains separate in optimizer_added_*",1840,1834,1834,1834,0,0,0,0,0,0,0,1,0.065903,0.002315,0.130153,,0.132469,0.412115,"wall-clock from immediately before reading/parsing the .dzn instance through model construction, optimization, solution decoding, and independent validation; excludes worker-process startup and result-file export",0,0,0,0,0,"0,0,0,0,0,0,0,0,0,0,0,0,0,0,0,0,0,0,0,0,0,0,0,0,0,0,0,0,0,0,0,0,0,0,0,0,0,0,0,0,0,0,0,0,0,0",peak_process_tree_rss_mb,11bed35297f1ebb4aec8ff1a36ad294f0ab222e6a8066701c884372e4c63abc5,forb0003,data_table06_forb/tic-13crafb.forb0003.dzn,1,../noves/tic-13crafb.forb0003.dzn,1,data_table06_forb/tic-13crafb.forb0003.dzn,https://imae.udg.edu/Recerca/LAI/,https://ima.udg.edu/Recerca/lai/b2b/b2b.zip,ee1f440ab3f6db27ab712300ad3a54a31ffd5ec1e06f81a9ac37cb7202c56528,2026-08-10T10:42:19+00:00,7200.0,,ee80a6fbd8b513f7c010668495c39621a371266a,True,3.10.12,1.8.dev25,instance-20260810-085803,Linux-6.8.0-1064-gcp-x86_64-with-glibc2.35,x86_64,4,8,15988.059,1,0,/home/g24021555/Business-Meeting-Scheduling-Problem/.venv/bin/python3 /home/g24021555/Business-Meeting-Scheduling-Problem/src/Main.py --manifest instances_manifest.csv --family forbidden --solver sat_all --objective-mode bg_d2 --domain-mode both --domain-filter-graph both --precedence-encoding both --precedence-graph both --encoding-variant imp12+ --sat-backend cadical --maxsat-backend uwrmaxsat --uwrmaxsat-bin /home/g24021555/uwrmaxsat/build/release/bin/uwrmaxsat --timeout 7200 --csv output/full_matrix_bg_d2_forbidden.csv,,,,,,,,multiple,,cadical,,staircase,sparse_suffix+distance_closure,0,44,"1,2,3,4,5,6,7,8,9,10,11,12,13,14,15,16,17,18,19,20,21,22,24,25,26,27,28,29,30,31,32,33,34,35,36,37,38,40,41,42,43,44,45,46",1834,6,0,0,"0,0,0,0,0,0,0,0,0,0,0,0,0,0,0,0,0,0,0,0,0,0,0,0,0,0,0,0,0,0,0,0,0,0,0,0,0,0,0,0,0,0,0,0,0,0","30,34,38,40,42,42,40,38,34,30","1,3,6,9,2,5,10,8,5,7,3,7,6,1,5,4,3,5,8,3,7,2,4,4,3,2,6,7,1,8,9,10,8,1,3,5,7,2,6,6,9,4,1,8,3,7,10,2,9,5,3,7,2,4,6,8,2,6,10,3,1,5,4,4,6,7,9,2,5,4,9,7,5,1,2,8,3,6,9,4,10,6,8,10,7,10,7,2,5,4,6,3,1,3,6,5,2,8,4,7,9,6,2,4,8,10,5,9,1,9,3,1,4,8,5,4,8,1,2,4,6,1,8,5,9,3,7,8,10,6,7,2,4,6,7,10,5,1,9,6,3,4,7,5,7,10,3,8,9,2,8,10,9,5,10,3,6,7,9,4,6,5,8,4,6,8,7,3,1,9,5,2,10,9,7,10,8,5,6,3,4,5,2,1",1:M1 M14 M29 M34 M43 M61 M74 M93 M109 M112 M118 M122 M138 M169 M184 | 2:M5 M22 M26 M38 M48 M53 M57 M68 M75 M88 M97 M103 M119 M132 M150 M172 M183 | 3:M2 M11 M17 M20 M25 M35 M45 M51 M60 M77 M92 M94 M111 M126 M141 M147 M156 M168 M180 | 4:M16 M23 M24 M42 M54 M63 M64 M70 M80 M90 M99 M104 M113 M116 M120 M133 M142 M160 M164 M181 | 5:M6 M9 M15 M18 M36 M50 M62 M69 M73 M89 M96 M107 M115 M124 M137 M144 M154 M162 M171 M178 M182 | 6:M3 M13 M27 M39 M40 M55 M58 M65 M78 M82 M91 M95 M102 M121 M130 M134 M140 M157 M161 M165 M179 | 7:M10 M12 M21 M28 M37 M46 M52 M66 M72 M85 M87 M100 M127 M131 M135 M143 M145 M158 M167 M175 | 8:M8 M19 M30 M33 M44 M56 M76 M83 M98 M105 M114 M117 M123 M128 M148 M151 M163 M166 M177 | 9:M4 M31 M41 M49 M67 M71 M79 M101 M108 M110 M125 M139 M149 M153 M159 M170 M174 | 10:M7 M32 M47 M59 M81 M84 M86 M106 M129 M136 M146 M152 M155 M173 M176,"journal objective family: bg_d2 | F-selected distance-labelled E* domain propagation and cycle detection | precedence configuration: F=distance_closure, P=sparse_suffix, G=distance_closure | Reduced Domain variables after unary filtering + matching GAC + slot saturation | (20),(22)-(27) exactly once over reduced domains | (19) participant atMost-one per slot | (46),(47) clustered table capacity with compact forward channeling | (28) SparseSuffix precedence over distance_closure distance-labelled relations | exact break-group ends and unary break-group thresholds | exact schedule <-> usedSlot channeling | (43) exactly |Mp| reduced usedSlot variables | (44) atMost 2|L| busy participants per slot | (45) exact even number of busy participants | historical hard cap Delta_G <= 2",0,"(0,)",result
,,,,,,,,,tic-13crafb.forb0003,b2b-11bed35297f1ebb4,b2b-lineage-tic-13crafb,forbidden,R-SS-DC-ST-BGD2-UW-IC12P,Reduced,Filter-E*,SparseSuffix,DistanceClosure-E*,SpanThreshold,BreakGroupsD2,UWrMaxSAT,IC12+,OPTIMAL,SAT,0,0,bg_d2,0,0,0,,,0,1,0.329886,False,63.586,,,,Compact,Compact/Reduced,project_implementation,one-shot weighted MaxSAT,25460,,,,,,,66211,176,66387,1834,23626,159549,45,cfg5__m-reduced__p-sparse_suffix__g-distance_closure__b-span_threshold__o-break_groups_d2__s-uwrmaxsat__i-imp12plus__backend-uwrmaxsat,cfg5__m-reduced__p-sparse_suffix__g-distance_closure__b-span_threshold__o-break_groups_d2__s-uwrmaxsat__i-imp12plus__backend-uwrmaxsat,reduced,distance_closure,sparse_suffix,distance_closure,UWrMaxSAT,UWrMaxSAT,binary-sha256:8c68c8a386d3d7847b50d315143c2bab60e3514e59510e84a649db83cb303876,imp12+,span_threshold,total_break_groups_subject_to_range_at_most_2,BGD2,IC12P,159373,176,1,322,45157,17330,3402,1,176,176,1,,,,,,0,0,0,0,0,,,"formalism-specific model size: SAT/MaxSAT reports base CNF and soft clauses, MIP reports variables/linear constraints/nonzeros, and CP reports integer variables plus linear/global constraints; SAT bound/totalizer overhead remains separate in optimizer_added_*",1840,1834,1834,1834,0,0,0,0,0,0,0,1,0.067539,0.002192,0.134571,,0.136764,0.193122,"wall-clock from immediately before reading/parsing the .dzn instance through model construction, optimization, solution decoding, and independent validation; excludes worker-process startup and result-file export",0,0,0,0,0,"0,0,0,0,0,0,0,0,0,0,0,0,0,0,0,0,0,0,0,0,0,0,0,0,0,0,0,0,0,0,0,0,0,0,0,0,0,0,0,0,0,0,0,0,0,0",peak_process_tree_rss_mb,11bed35297f1ebb4aec8ff1a36ad294f0ab222e6a8066701c884372e4c63abc5,forb0003,data_table06_forb/tic-13crafb.forb0003.dzn,1,../noves/tic-13crafb.forb0003.dzn,1,data_table06_forb/tic-13crafb.forb0003.dzn,https://imae.udg.edu/Recerca/LAI/,https://ima.udg.edu/Recerca/lai/b2b/b2b.zip,ee1f440ab3f6db27ab712300ad3a54a31ffd5ec1e06f81a9ac37cb7202c56528,2026-08-10T10:42:19+00:00,7200.0,,ee80a6fbd8b513f7c010668495c39621a371266a,True,3.10.12,1.8.dev25,instance-20260810-085803,Linux-6.8.0-1064-gcp-x86_64-with-glibc2.35,x86_64,4,8,15988.059,1,0,/home/g24021555/Business-Meeting-Scheduling-Problem/.venv/bin/python3 /home/g24021555/Business-Meeting-Scheduling-Problem/src/Main.py --manifest instances_manifest.csv --family forbidden --solver sat_all --objective-mode bg_d2 --domain-mode both --domain-filter-graph both --precedence-encoding both --precedence-graph both --encoding-variant imp12+ --sat-backend cadical --maxsat-backend uwrmaxsat --uwrmaxsat-bin /home/g24021555/uwrmaxsat/build/release/bin/uwrmaxsat --timeout 7200 --csv output/full_matrix_bg_d2_forbidden.csv,/home/g24021555/uwrmaxsat/build/release/bin/uwrmaxsat,8c68c8a386d3d7847b50d315143c2bab60e3514e59510e84a649db83cb303876,/home/g24021555/uwrmaxsat/build/release/bin/uwrmaxsat -m /tmp/b2b_uwrmaxsat_z2olu6qr/tic-13crafb.forb0003.wcnf,,process exit code=30,,,maxsat,uwrmaxsat,,/home/g24021555/uwrmaxsat/build/release/bin/uwrmaxsat,staircase,sparse_suffix+distance_closure,0,44,"1,2,3,4,5,6,7,8,9,10,11,12,13,14,15,16,17,18,19,20,21,22,24,25,26,27,28,29,30,31,32,33,34,35,36,37,38,40,41,42,43,44,45,46",1834,6,0,0,"0,0,0,0,0,0,0,0,0,0,0,0,0,0,0,0,0,0,0,0,0,0,0,0,0,0,0,0,0,0,0,0,0,0,0,0,0,0,0,0,0,0,0,0,0,0","28,36,40,40,42,42,40,38,34,28","4,10,3,6,9,5,8,1,5,7,8,4,3,5,5,6,10,3,2,5,4,7,6,7,5,6,4,2,8,1,4,2,3,9,5,8,1,7,10,7,5,1,9,4,8,6,2,7,1,2,8,5,10,6,4,3,8,10,9,6,5,1,2,5,9,6,3,8,7,8,3,10,3,6,9,1,5,7,4,2,8,9,7,4,6,7,4,6,5,8,1,3,9,8,6,10,2,9,6,3,7,9,6,7,2,4,9,1,10,3,10,4,9,7,2,3,1,10,1,7,5,9,8,2,3,6,4,2,8,10,7,4,6,2,8,6,3,7,10,5,9,2,1,7,3,8,2,4,5,9,10,8,3,9,5,1,4,5,8,6,4,3,7,1,6,7,8,5,4,3,10,2,9,7,3,6,4,5,2,2,6,4,5,3",1:M8 M30 M37 M42 M49 M62 M76 M91 M108 M117 M119 M143 M156 M164 | 2:M19 M28 M32 M47 M50 M63 M80 M97 M105 M115 M124 M128 M134 M142 M147 M172 M179 M180 | 3:M3 M13 M18 M33 M56 M67 M71 M73 M92 M100 M110 M116 M125 M137 M145 M153 M162 M170 M175 M184 | 4:M1 M12 M21 M27 M31 M44 M55 M79 M84 M87 M106 M112 M127 M132 M148 M157 M161 M169 M177 M182 | 5:M6 M9 M14 M15 M20 M25 M35 M41 M52 M61 M64 M77 M89 M121 M140 M149 M155 M158 M168 M178 M183 | 6:M4 M16 M23 M26 M46 M54 M60 M66 M74 M85 M88 M95 M99 M103 M126 M133 M136 M160 M165 M176 M181 | 7:M10 M22 M24 M38 M40 M48 M69 M78 M83 M86 M101 M104 M114 M120 M131 M138 M144 M163 M166 M174 | 8:M7 M11 M29 M36 M45 M51 M57 M68 M70 M81 M90 M94 M123 M129 M135 M146 M152 M159 M167 | 9:M5 M34 M43 M59 M65 M75 M82 M93 M98 M102 M107 M113 M122 M141 M150 M154 M173 | 10:M2 M17 M39 M53 M58 M72 M96 M109 M111 M118 M130 M139 M151 M171,"journal objective family: bg_d2 | F-selected distance-labelled E* domain propagation and cycle detection | precedence configuration: F=distance_closure, P=sparse_suffix, G=distance_closure | Reduced Domain variables after unary filtering + matching GAC + slot saturation | (20),(22)-(27) exactly once over reduced domains | (19) participant atMost-one per slot | (46),(47) clustered table capacity with compact forward channeling | (28) SparseSuffix precedence over distance_closure distance-labelled relations | exact break-group ends and unary break-group thresholds | exact schedule <-> usedSlot channeling | (43) exactly |Mp| reduced usedSlot variables | (44) atMost 2|L| busy participants per slot | (45) exact even number of busy participants | historical hard cap Delta_G <= 2",,,result
,,,,,,,,,forumt-14crafe.forb0007,b2b-19617e0cbd8228a0,b2b-lineage-forumt-14crafe,forbidden,F-PW-DE-ST-BGD2-IS-CD-IC12P,Full,Filter-E*,Pairwise,Direct-E,SpanThreshold,BreakGroupsD2,IncrementalSAT,IC12+,UNSAT,UNSAT,,,bg_d2,,,,,,,,0.120988,False,43.77,,,,Compact,Compact/Full,project_implementation,incremental multi-phase SAT with persistent solver state,31643,,,,,,,84383,0,84383,2360,29283,203851,60,cfg5__m-full__p-pairwise__g-direct__b-span_threshold__o-break_groups_d2__s-incrementalsat__i-imp12plus__backend-cadical,cfg5__m-full__p-pairwise__g-direct__b-span_threshold__o-break_groups_d2__s-incrementalsat__i-imp12plus__backend-cadical,full,distance_closure,pairwise,direct,IncrementalSAT,CaDiCaL,1.5.3,imp12+,span_threshold,total_break_groups_subject_to_range_at_most_2,BGD2,IC12P,203851,0,0,482,56833,22528,4540,,0,236,1,,,,,,0,0,0,0,0,,,"formalism-specific model size: SAT/MaxSAT reports base CNF and soft clauses, MIP reports variables/linear constraints/nonzeros, and CP reports integer variables plus linear/global constraints; SAT bound/totalizer overhead remains separate in optimizer_added_*",2360,2329,2320,2360,0,0,0,0,0,0,0,1,0.002882,0.003016,0.085912,,0.088928,0.03206,"wall-clock from immediately before reading/parsing the .dzn instance through model construction, optimization, solution decoding, and independent validation; excludes worker-process startup and result-file export",,,,,,,peak_process_tree_rss_mb,19617e0cbd8228a07f4d1fb4a20169d59bca4892a698dc05873681a713e0d642,forb0007,data_table06_forb/forumt-14crafe.forb0007.dzn,1,../noves/forumt-14crafe.forb0007.dzn,1,data_table06_forb/forumt-14crafe.forb0007.dzn,https://imae.udg.edu/Recerca/LAI/,https://ima.udg.edu/Recerca/lai/b2b/b2b.zip,ee1f440ab3f6db27ab712300ad3a54a31ffd5ec1e06f81a9ac37cb7202c56528,2026-08-10T10:42:19+00:00,7200.0,,ee80a6fbd8b513f7c010668495c39621a371266a,True,3.10.12,1.8.dev25,instance-20260810-085803,Linux-6.8.0-1064-gcp-x86_64-with-glibc2.35,x86_64,4,8,15988.059,1,0,/home/g24021555/Business-Meeting-Scheduling-Problem/.venv/bin/python3 /home/g24021555/Business-Meeting-Scheduling-Problem/src/Main.py --manifest instances_manifest.csv --family forbidden --solver sat_all --objective-mode bg_d2 --domain-mode both --domain-filter-graph both --precedence-encoding both --precedence-graph both --encoding-variant imp12+ --sat-backend cadical --maxsat-backend uwrmaxsat --uwrmaxsat-bin /home/g24021555/uwrmaxsat/build/release/bin/uwrmaxsat --timeout 7200 --csv output/full_matrix_bg_d2_forbidden.csv,,,,,,,,incremental,,cadical,,traditional,pairwise+direct,,59,"1,2,3,4,5,6,7,8,9,10,11,12,13,14,15,16,17,18,20,21,22,23,24,25,26,27,28,29,30,31,32,33,34,35,36,37,38,39,40,41,42,43,44,45,46,47,48,49,50,51,52,53,54,55,56,57,58,59,60",2329,31,9,9,,,,,"journal objective family: bg_d2 | F-selected distance-labelled E* domain propagation and cycle detection | precedence configuration: F=distance_closure, P=pairwise, G=direct | Full Domain MxT schedule variables + explicit unary exclusions | (20),(22)-(27) exactly once over full domains | (22)-(27) session/fixed/forbidden exclusions as hard unit clauses | (19) participant atMost-one per slot | (46),(47) clustered table capacity with compact forward channeling | (28) Pairwise precedence over direct distance-labelled relations | exact break-group ends and unary break-group thresholds | exact schedule <-> usedSlot channeling | (43) exactly |Mp| full usedSlot variables | (44) atMost 2|L| busy participants per slot | (45) exact even number of busy participants | historical hard cap Delta_G <= 2",,,result
,,,,,,,,,forumt-14crafe.forb0007,b2b-19617e0cbd8228a0,b2b-lineage-forumt-14crafe,forbidden,F-PW-DE-ST-BGD2-NIS-CD-IC12P,Full,Filter-E*,Pairwise,Direct-E,SpanThreshold,BreakGroupsD2,NonIncrementalSAT,IC12+,UNSAT,UNSAT,,,bg_d2,,,,,,,,0.13202,False,51.227,,,,Compact,Compact/Full,project_implementation,restart-based multi-phase SAT,31643,,,,,,,84383,0,84383,2360,29283,203851,60,cfg5__m-full__p-pairwise__g-direct__b-span_threshold__o-break_groups_d2__s-nonincrementalsat__i-imp12plus__backend-cadical,cfg5__m-full__p-pairwise__g-direct__b-span_threshold__o-break_groups_d2__s-nonincrementalsat__i-imp12plus__backend-cadical,full,distance_closure,pairwise,direct,NonIncrementalSAT,CaDiCaL,1.5.3,imp12+,span_threshold,total_break_groups_subject_to_range_at_most_2,BGD2,IC12P,203851,0,0,482,56833,22528,4540,,0,236,1,,,,,,0,0,0,0,0,,,"formalism-specific model size: SAT/MaxSAT reports base CNF and soft clauses, MIP reports variables/linear constraints/nonzeros, and CP reports integer variables plus linear/global constraints; SAT bound/totalizer overhead remains separate in optimizer_added_*",2360,2329,2320,2360,0,0,0,0,0,0,0,1,0.003111,0.003207,0.097304,,0.10051,0.03151,"wall-clock from immediately before reading/parsing the .dzn instance through model construction, optimization, solution decoding, and independent validation; excludes worker-process startup and result-file export",,,,,,,peak_process_tree_rss_mb,19617e0cbd8228a07f4d1fb4a20169d59bca4892a698dc05873681a713e0d642,forb0007,data_table06_forb/forumt-14crafe.forb0007.dzn,1,../noves/forumt-14crafe.forb0007.dzn,1,data_table06_forb/forumt-14crafe.forb0007.dzn,https://imae.udg.edu/Recerca/LAI/,https://ima.udg.edu/Recerca/lai/b2b/b2b.zip,ee1f440ab3f6db27ab712300ad3a54a31ffd5ec1e06f81a9ac37cb7202c56528,2026-08-10T10:42:19+00:00,7200.0,,ee80a6fbd8b513f7c010668495c39621a371266a,True,3.10.12,1.8.dev25,instance-20260810-085803,Linux-6.8.0-1064-gcp-x86_64-with-glibc2.35,x86_64,4,8,15988.059,1,0,/home/g24021555/Business-Meeting-Scheduling-Problem/.venv/bin/python3 /home/g24021555/Business-Meeting-Scheduling-Problem/src/Main.py --manifest instances_manifest.csv --family forbidden --solver sat_all --objective-mode bg_d2 --domain-mode both --domain-filter-graph both --precedence-encoding both --precedence-graph both --encoding-variant imp12+ --sat-backend cadical --maxsat-backend uwrmaxsat --uwrmaxsat-bin /home/g24021555/uwrmaxsat/build/release/bin/uwrmaxsat --timeout 7200 --csv output/full_matrix_bg_d2_forbidden.csv,,,,,,,,multiple,,cadical,,traditional,pairwise+direct,,59,"1,2,3,4,5,6,7,8,9,10,11,12,13,14,15,16,17,18,20,21,22,23,24,25,26,27,28,29,30,31,32,33,34,35,36,37,38,39,40,41,42,43,44,45,46,47,48,49,50,51,52,53,54,55,56,57,58,59,60",2329,31,9,9,,,,,"journal objective family: bg_d2 | F-selected distance-labelled E* domain propagation and cycle detection | precedence configuration: F=distance_closure, P=pairwise, G=direct | Full Domain MxT schedule variables + explicit unary exclusions | (20),(22)-(27) exactly once over full domains | (22)-(27) session/fixed/forbidden exclusions as hard unit clauses | (19) participant atMost-one per slot | (46),(47) clustered table capacity with compact forward channeling | (28) Pairwise precedence over direct distance-labelled relations | exact break-group ends and unary break-group thresholds | exact schedule <-> usedSlot channeling | (43) exactly |Mp| full usedSlot variables | (44) atMost 2|L| busy participants per slot | (45) exact even number of busy participants | historical hard cap Delta_G <= 2",,,result
,,,,,,,,,forumt-14crafe.forb0007,b2b-19617e0cbd8228a0,b2b-lineage-forumt-14crafe,forbidden,F-PW-DE-ST-BGD2-UW-IC12P,Full,Filter-E*,Pairwise,Direct-E,SpanThreshold,BreakGroupsD2,UWrMaxSAT,IC12+,UNSAT,UNSAT,,,bg_d2,,,,,,,1,0.256477,False,65.676,,,,Compact,Compact/Full,project_implementation,one-shot weighted MaxSAT,31643,,,,,,,84383,236,84619,2360,29283,204087,60,cfg5__m-full__p-pairwise__g-direct__b-span_threshold__o-break_groups_d2__s-uwrmaxsat__i-imp12plus__backend-uwrmaxsat,cfg5__m-full__p-pairwise__g-direct__b-span_threshold__o-break_groups_d2__s-uwrmaxsat__i-imp12plus__backend-uwrmaxsat,full,distance_closure,pairwise,direct,UWrMaxSAT,UWrMaxSAT,binary-sha256:8c68c8a386d3d7847b50d315143c2bab60e3514e59510e84a649db83cb303876,imp12+,span_threshold,total_break_groups_subject_to_range_at_most_2,BGD2,IC12P,203851,236,1,482,56833,22528,4540,1,236,236,1,,,,,,0,0,0,0,0,,,"formalism-specific model size: SAT/MaxSAT reports base CNF and soft clauses, MIP reports variables/linear constraints/nonzeros, and CP reports integer variables plus linear/global constraints; SAT bound/totalizer overhead remains separate in optimizer_added_*",2360,2329,2320,2360,0,0,0,0,0,0,0,1,0.002519,0.002833,0.089437,,0.09227,0.164207,"wall-clock from immediately before reading/parsing the .dzn instance through model construction, optimization, solution decoding, and independent validation; excludes worker-process startup and result-file export",,,,,,,peak_process_tree_rss_mb,19617e0cbd8228a07f4d1fb4a20169d59bca4892a698dc05873681a713e0d642,forb0007,data_table06_forb/forumt-14crafe.forb0007.dzn,1,../noves/forumt-14crafe.forb0007.dzn,1,data_table06_forb/forumt-14crafe.forb0007.dzn,https://imae.udg.edu/Recerca/LAI/,https://ima.udg.edu/Recerca/lai/b2b/b2b.zip,ee1f440ab3f6db27ab712300ad3a54a31ffd5ec1e06f81a9ac37cb7202c56528,2026-08-10T10:42:19+00:00,7200.0,,ee80a6fbd8b513f7c010668495c39621a371266a,True,3.10.12,1.8.dev25,instance-20260810-085803,Linux-6.8.0-1064-gcp-x86_64-with-glibc2.35,x86_64,4,8,15988.059,1,0,/home/g24021555/Business-Meeting-Scheduling-Problem/.venv/bin/python3 /home/g24021555/Business-Meeting-Scheduling-Problem/src/Main.py --manifest instances_manifest.csv --family forbidden --solver sat_all --objective-mode bg_d2 --domain-mode both --domain-filter-graph both --precedence-encoding both --precedence-graph both --encoding-variant imp12+ --sat-backend cadical --maxsat-backend uwrmaxsat --uwrmaxsat-bin /home/g24021555/uwrmaxsat/build/release/bin/uwrmaxsat --timeout 7200 --csv output/full_matrix_bg_d2_forbidden.csv,/home/g24021555/uwrmaxsat/build/release/bin/uwrmaxsat,8c68c8a386d3d7847b50d315143c2bab60e3514e59510e84a649db83cb303876,/home/g24021555/uwrmaxsat/build/release/bin/uwrmaxsat -m /tmp/b2b_uwrmaxsat_aap0q7sx/forumt-14crafe.forb0007.wcnf,,process exit code=20,,,maxsat,uwrmaxsat,,/home/g24021555/uwrmaxsat/build/release/bin/uwrmaxsat,traditional,pairwise+direct,,59,"1,2,3,4,5,6,7,8,9,10,11,12,13,14,15,16,17,18,20,21,22,23,24,25,26,27,28,29,30,31,32,33,34,35,36,37,38,39,40,41,42,43,44,45,46,47,48,49,50,51,52,53,54,55,56,57,58,59,60",2329,31,9,9,,,,,"journal objective family: bg_d2 | F-selected distance-labelled E* domain propagation and cycle detection | precedence configuration: F=distance_closure, P=pairwise, G=direct | Full Domain MxT schedule variables + explicit unary exclusions | (20),(22)-(27) exactly once over full domains | (22)-(27) session/fixed/forbidden exclusions as hard unit clauses | (19) participant atMost-one per slot | (46),(47) clustered table capacity with compact forward channeling | (28) Pairwise precedence over direct distance-labelled relations | exact break-group ends and unary break-group thresholds | exact schedule <-> usedSlot channeling | (43) exactly |Mp| full usedSlot variables | (44) atMost 2|L| busy participants per slot | (45) exact even number of busy participants | historical hard cap Delta_G <= 2",,,result
,,,,,,,,,forumt-14crafe.forb0007,b2b-19617e0cbd8228a0,b2b-lineage-forumt-14crafe,forbidden,F-PW-DC-ST-BGD2-IS-CD-IC12P,Full,Filter-E*,Pairwise,DistanceClosure-E*,SpanThreshold,BreakGroupsD2,IncrementalSAT,IC12+,UNSAT,UNSAT,,,bg_d2,,,,,,,,0.123852,False,45.418,,,,Compact,Compact/Full,project_implementation,incremental multi-phase SAT with persistent solver state,31643,,,,,,,84383,0,84383,2360,29283,203851,60,cfg5__m-full__p-pairwise__g-distance_closure__b-span_threshold__o-break_groups_d2__s-incrementalsat__i-imp12plus__backend-cadical,cfg5__m-full__p-pairwise__g-distance_closure__b-span_threshold__o-break_groups_d2__s-incrementalsat__i-imp12plus__backend-cadical,full,distance_closure,pairwise,distance_closure,IncrementalSAT,CaDiCaL,1.5.3,imp12+,span_threshold,total_break_groups_subject_to_range_at_most_2,BGD2,IC12P,203851,0,0,482,56833,22528,4540,,0,236,1,,,,,,0,0,0,0,0,,,"formalism-specific model size: SAT/MaxSAT reports base CNF and soft clauses, MIP reports variables/linear constraints/nonzeros, and CP reports integer variables plus linear/global constraints; SAT bound/totalizer overhead remains separate in optimizer_added_*",2360,2329,2320,2360,0,0,0,0,0,0,0,1,0.002949,0.003058,0.089092,,0.09215,0.031701,"wall-clock from immediately before reading/parsing the .dzn instance through model construction, optimization, solution decoding, and independent validation; excludes worker-process startup and result-file export",,,,,,,peak_process_tree_rss_mb,19617e0cbd8228a07f4d1fb4a20169d59bca4892a698dc05873681a713e0d642,forb0007,data_table06_forb/forumt-14crafe.forb0007.dzn,1,../noves/forumt-14crafe.forb0007.dzn,1,data_table06_forb/forumt-14crafe.forb0007.dzn,https://imae.udg.edu/Recerca/LAI/,https://ima.udg.edu/Recerca/lai/b2b/b2b.zip,ee1f440ab3f6db27ab712300ad3a54a31ffd5ec1e06f81a9ac37cb7202c56528,2026-08-10T10:42:19+00:00,7200.0,,ee80a6fbd8b513f7c010668495c39621a371266a,True,3.10.12,1.8.dev25,instance-20260810-085803,Linux-6.8.0-1064-gcp-x86_64-with-glibc2.35,x86_64,4,8,15988.059,1,0,/home/g24021555/Business-Meeting-Scheduling-Problem/.venv/bin/python3 /home/g24021555/Business-Meeting-Scheduling-Problem/src/Main.py --manifest instances_manifest.csv --family forbidden --solver sat_all --objective-mode bg_d2 --domain-mode both --domain-filter-graph both --precedence-encoding both --precedence-graph both --encoding-variant imp12+ --sat-backend cadical --maxsat-backend uwrmaxsat --uwrmaxsat-bin /home/g24021555/uwrmaxsat/build/release/bin/uwrmaxsat --timeout 7200 --csv output/full_matrix_bg_d2_forbidden.csv,,,,,,,,incremental,,cadical,,factorial,pairwise+distance_closure,,59,"1,2,3,4,5,6,7,8,9,10,11,12,13,14,15,16,17,18,20,21,22,23,24,25,26,27,28,29,30,31,32,33,34,35,36,37,38,39,40,41,42,43,44,45,46,47,48,49,50,51,52,53,54,55,56,57,58,59,60",2329,31,9,9,,,,,"journal objective family: bg_d2 | F-selected distance-labelled E* domain propagation and cycle detection | precedence configuration: F=distance_closure, P=pairwise, G=distance_closure | Full Domain MxT schedule variables + explicit unary exclusions | (20),(22)-(27) exactly once over full domains | (22)-(27) session/fixed/forbidden exclusions as hard unit clauses | (19) participant atMost-one per slot | (46),(47) clustered table capacity with compact forward channeling | (28) Pairwise precedence over distance_closure distance-labelled relations | exact break-group ends and unary break-group thresholds | exact schedule <-> usedSlot channeling | (43) exactly |Mp| full usedSlot variables | (44) atMost 2|L| busy participants per slot | (45) exact even number of busy participants | historical hard cap Delta_G <= 2",,,result
,,,,,,,,,forumt-14crafe.forb0007,b2b-19617e0cbd8228a0,b2b-lineage-forumt-14crafe,forbidden,F-PW-DC-ST-BGD2-NIS-CD-IC12P,Full,Filter-E*,Pairwise,DistanceClosure-E*,SpanThreshold,BreakGroupsD2,NonIncrementalSAT,IC12+,UNSAT,UNSAT,,,bg_d2,,,,,,,,0.121759,False,43.398,,,,Compact,Compact/Full,project_implementation,restart-based multi-phase SAT,31643,,,,,,,84383,0,84383,2360,29283,203851,60,cfg5__m-full__p-pairwise__g-distance_closure__b-span_threshold__o-break_groups_d2__s-nonincrementalsat__i-imp12plus__backend-cadical,cfg5__m-full__p-pairwise__g-distance_closure__b-span_threshold__o-break_groups_d2__s-nonincrementalsat__i-imp12plus__backend-cadical,full,distance_closure,pairwise,distance_closure,NonIncrementalSAT,CaDiCaL,1.5.3,imp12+,span_threshold,total_break_groups_subject_to_range_at_most_2,BGD2,IC12P,203851,0,0,482,56833,22528,4540,,0,236,1,,,,,,0,0,0,0,0,,,"formalism-specific model size: SAT/MaxSAT reports base CNF and soft clauses, MIP reports variables/linear constraints/nonzeros, and CP reports integer variables plus linear/global constraints; SAT bound/totalizer overhead remains separate in optimizer_added_*",2360,2329,2320,2360,0,0,0,0,0,0,0,1,0.002517,0.002625,0.088395,,0.09102,0.030739,"wall-clock from immediately before reading/parsing the .dzn instance through model construction, optimization, solution decoding, and independent validation; excludes worker-process startup and result-file export",,,,,,,peak_process_tree_rss_mb,19617e0cbd8228a07f4d1fb4a20169d59bca4892a698dc05873681a713e0d642,forb0007,data_table06_forb/forumt-14crafe.forb0007.dzn,1,../noves/forumt-14crafe.forb0007.dzn,1,data_table06_forb/forumt-14crafe.forb0007.dzn,https://imae.udg.edu/Recerca/LAI/,https://ima.udg.edu/Recerca/lai/b2b/b2b.zip,ee1f440ab3f6db27ab712300ad3a54a31ffd5ec1e06f81a9ac37cb7202c56528,2026-08-10T10:42:19+00:00,7200.0,,ee80a6fbd8b513f7c010668495c39621a371266a,True,3.10.12,1.8.dev25,instance-20260810-085803,Linux-6.8.0-1064-gcp-x86_64-with-glibc2.35,x86_64,4,8,15988.059,1,0,/home/g24021555/Business-Meeting-Scheduling-Problem/.venv/bin/python3 /home/g24021555/Business-Meeting-Scheduling-Problem/src/Main.py --manifest instances_manifest.csv --family forbidden --solver sat_all --objective-mode bg_d2 --domain-mode both --domain-filter-graph both --precedence-encoding both --precedence-graph both --encoding-variant imp12+ --sat-backend cadical --maxsat-backend uwrmaxsat --uwrmaxsat-bin /home/g24021555/uwrmaxsat/build/release/bin/uwrmaxsat --timeout 7200 --csv output/full_matrix_bg_d2_forbidden.csv,,,,,,,,multiple,,cadical,,factorial,pairwise+distance_closure,,59,"1,2,3,4,5,6,7,8,9,10,11,12,13,14,15,16,17,18,20,21,22,23,24,25,26,27,28,29,30,31,32,33,34,35,36,37,38,39,40,41,42,43,44,45,46,47,48,49,50,51,52,53,54,55,56,57,58,59,60",2329,31,9,9,,,,,"journal objective family: bg_d2 | F-selected distance-labelled E* domain propagation and cycle detection | precedence configuration: F=distance_closure, P=pairwise, G=distance_closure | Full Domain MxT schedule variables + explicit unary exclusions | (20),(22)-(27) exactly once over full domains | (22)-(27) session/fixed/forbidden exclusions as hard unit clauses | (19) participant atMost-one per slot | (46),(47) clustered table capacity with compact forward channeling | (28) Pairwise precedence over distance_closure distance-labelled relations | exact break-group ends and unary break-group thresholds | exact schedule <-> usedSlot channeling | (43) exactly |Mp| full usedSlot variables | (44) atMost 2|L| busy participants per slot | (45) exact even number of busy participants | historical hard cap Delta_G <= 2",,,result
,,,,,,,,,forumt-14crafe.forb0007,b2b-19617e0cbd8228a0,b2b-lineage-forumt-14crafe,forbidden,F-PW-DC-ST-BGD2-UW-IC12P,Full,Filter-E*,Pairwise,DistanceClosure-E*,SpanThreshold,BreakGroupsD2,UWrMaxSAT,IC12+,UNSAT,UNSAT,,,bg_d2,,,,,,,1,0.2625,False,63.992,,,,Compact,Compact/Full,project_implementation,one-shot weighted MaxSAT,31643,,,,,,,84383,236,84619,2360,29283,204087,60,cfg5__m-full__p-pairwise__g-distance_closure__b-span_threshold__o-break_groups_d2__s-uwrmaxsat__i-imp12plus__backend-uwrmaxsat,cfg5__m-full__p-pairwise__g-distance_closure__b-span_threshold__o-break_groups_d2__s-uwrmaxsat__i-imp12plus__backend-uwrmaxsat,full,distance_closure,pairwise,distance_closure,UWrMaxSAT,UWrMaxSAT,binary-sha256:8c68c8a386d3d7847b50d315143c2bab60e3514e59510e84a649db83cb303876,imp12+,span_threshold,total_break_groups_subject_to_range_at_most_2,BGD2,IC12P,203851,236,1,482,56833,22528,4540,1,236,236,1,,,,,,0,0,0,0,0,,,"formalism-specific model size: SAT/MaxSAT reports base CNF and soft clauses, MIP reports variables/linear constraints/nonzeros, and CP reports integer variables plus linear/global constraints; SAT bound/totalizer overhead remains separate in optimizer_added_*",2360,2329,2320,2360,0,0,0,0,0,0,0,1,0.002518,0.003021,0.095614,,0.098635,0.163865,"wall-clock from immediately before reading/parsing the .dzn instance through model construction, optimization, solution decoding, and independent validation; excludes worker-process startup and result-file export",,,,,,,peak_process_tree_rss_mb,19617e0cbd8228a07f4d1fb4a20169d59bca4892a698dc05873681a713e0d642,forb0007,data_table06_forb/forumt-14crafe.forb0007.dzn,1,../noves/forumt-14crafe.forb0007.dzn,1,data_table06_forb/forumt-14crafe.forb0007.dzn,https://imae.udg.edu/Recerca/LAI/,https://ima.udg.edu/Recerca/lai/b2b/b2b.zip,ee1f440ab3f6db27ab712300ad3a54a31ffd5ec1e06f81a9ac37cb7202c56528,2026-08-10T10:42:19+00:00,7200.0,,ee80a6fbd8b513f7c010668495c39621a371266a,True,3.10.12,1.8.dev25,instance-20260810-085803,Linux-6.8.0-1064-gcp-x86_64-with-glibc2.35,x86_64,4,8,15988.059,1,0,/home/g24021555/Business-Meeting-Scheduling-Problem/.venv/bin/python3 /home/g24021555/Business-Meeting-Scheduling-Problem/src/Main.py --manifest instances_manifest.csv --family forbidden --solver sat_all --objective-mode bg_d2 --domain-mode both --domain-filter-graph both --precedence-encoding both --precedence-graph both --encoding-variant imp12+ --sat-backend cadical --maxsat-backend uwrmaxsat --uwrmaxsat-bin /home/g24021555/uwrmaxsat/build/release/bin/uwrmaxsat --timeout 7200 --csv output/full_matrix_bg_d2_forbidden.csv,/home/g24021555/uwrmaxsat/build/release/bin/uwrmaxsat,8c68c8a386d3d7847b50d315143c2bab60e3514e59510e84a649db83cb303876,/home/g24021555/uwrmaxsat/build/release/bin/uwrmaxsat -m /tmp/b2b_uwrmaxsat_24ht36e_/forumt-14crafe.forb0007.wcnf,,process exit code=20,,,maxsat,uwrmaxsat,,/home/g24021555/uwrmaxsat/build/release/bin/uwrmaxsat,factorial,pairwise+distance_closure,,59,"1,2,3,4,5,6,7,8,9,10,11,12,13,14,15,16,17,18,20,21,22,23,24,25,26,27,28,29,30,31,32,33,34,35,36,37,38,39,40,41,42,43,44,45,46,47,48,49,50,51,52,53,54,55,56,57,58,59,60",2329,31,9,9,,,,,"journal objective family: bg_d2 | F-selected distance-labelled E* domain propagation and cycle detection | precedence configuration: F=distance_closure, P=pairwise, G=distance_closure | Full Domain MxT schedule variables + explicit unary exclusions | (20),(22)-(27) exactly once over full domains | (22)-(27) session/fixed/forbidden exclusions as hard unit clauses | (19) participant atMost-one per slot | (46),(47) clustered table capacity with compact forward channeling | (28) Pairwise precedence over distance_closure distance-labelled relations | exact break-group ends and unary break-group thresholds | exact schedule <-> usedSlot channeling | (43) exactly |Mp| full usedSlot variables | (44) atMost 2|L| busy participants per slot | (45) exact even number of busy participants | historical hard cap Delta_G <= 2",,,result
,,,,,,,,,forumt-14crafe.forb0007,b2b-19617e0cbd8228a0,b2b-lineage-forumt-14crafe,forbidden,F-SS-DE-ST-BGD2-IS-CD-IC12P,Full,Filter-E*,SparseSuffix,Direct-E,SpanThreshold,BreakGroupsD2,IncrementalSAT,IC12+,UNSAT,UNSAT,,,bg_d2,,,,,,,,0.118991,False,43.754,,,,Compact,Compact/Full,project_implementation,incremental multi-phase SAT with persistent solver state,31643,,,,,,,84383,0,84383,2360,29283,203851,60,cfg5__m-full__p-sparse_suffix__g-direct__b-span_threshold__o-break_groups_d2__s-incrementalsat__i-imp12plus__backend-cadical,cfg5__m-full__p-sparse_suffix__g-direct__b-span_threshold__o-break_groups_d2__s-incrementalsat__i-imp12plus__backend-cadical,full,distance_closure,sparse_suffix,direct,IncrementalSAT,CaDiCaL,1.5.3,imp12+,span_threshold,total_break_groups_subject_to_range_at_most_2,BGD2,IC12P,203851,0,0,482,56833,22528,4540,,0,236,1,,,,,,0,0,0,0,0,,,"formalism-specific model size: SAT/MaxSAT reports base CNF and soft clauses, MIP reports variables/linear constraints/nonzeros, and CP reports integer variables plus linear/global constraints; SAT bound/totalizer overhead remains separate in optimizer_added_*",2360,2329,2320,2360,0,0,0,0,0,0,0,1,0.002575,0.002627,0.085812,,0.088439,0.030552,"wall-clock from immediately before reading/parsing the .dzn instance through model construction, optimization, solution decoding, and independent validation; excludes worker-process startup and result-file export",,,,,,,peak_process_tree_rss_mb,19617e0cbd8228a07f4d1fb4a20169d59bca4892a698dc05873681a713e0d642,forb0007,data_table06_forb/forumt-14crafe.forb0007.dzn,1,../noves/forumt-14crafe.forb0007.dzn,1,data_table06_forb/forumt-14crafe.forb0007.dzn,https://imae.udg.edu/Recerca/LAI/,https://ima.udg.edu/Recerca/lai/b2b/b2b.zip,ee1f440ab3f6db27ab712300ad3a54a31ffd5ec1e06f81a9ac37cb7202c56528,2026-08-10T10:42:19+00:00,7200.0,,ee80a6fbd8b513f7c010668495c39621a371266a,True,3.10.12,1.8.dev25,instance-20260810-085803,Linux-6.8.0-1064-gcp-x86_64-with-glibc2.35,x86_64,4,8,15988.059,1,0,/home/g24021555/Business-Meeting-Scheduling-Problem/.venv/bin/python3 /home/g24021555/Business-Meeting-Scheduling-Problem/src/Main.py --manifest instances_manifest.csv --family forbidden --solver sat_all --objective-mode bg_d2 --domain-mode both --domain-filter-graph both --precedence-encoding both --precedence-graph both --encoding-variant imp12+ --sat-backend cadical --maxsat-backend uwrmaxsat --uwrmaxsat-bin /home/g24021555/uwrmaxsat/build/release/bin/uwrmaxsat --timeout 7200 --csv output/full_matrix_bg_d2_forbidden.csv,,,,,,,,incremental,,cadical,,factorial,sparse_suffix+direct,,59,"1,2,3,4,5,6,7,8,9,10,11,12,13,14,15,16,17,18,20,21,22,23,24,25,26,27,28,29,30,31,32,33,34,35,36,37,38,39,40,41,42,43,44,45,46,47,48,49,50,51,52,53,54,55,56,57,58,59,60",2329,31,9,9,,,,,"journal objective family: bg_d2 | F-selected distance-labelled E* domain propagation and cycle detection | precedence configuration: F=distance_closure, P=sparse_suffix, G=direct | Full Domain MxT schedule variables + explicit unary exclusions | (20),(22)-(27) exactly once over full domains | (22)-(27) session/fixed/forbidden exclusions as hard unit clauses | (19) participant atMost-one per slot | (46),(47) clustered table capacity with compact forward channeling | (28) SparseSuffix precedence over direct distance-labelled relations | exact break-group ends and unary break-group thresholds | exact schedule <-> usedSlot channeling | (43) exactly |Mp| full usedSlot variables | (44) atMost 2|L| busy participants per slot | (45) exact even number of busy participants | historical hard cap Delta_G <= 2",,,result
,,,,,,,,,forumt-14crafe.forb0007,b2b-19617e0cbd8228a0,b2b-lineage-forumt-14crafe,forbidden,F-SS-DE-ST-BGD2-NIS-CD-IC12P,Full,Filter-E*,SparseSuffix,Direct-E,SpanThreshold,BreakGroupsD2,NonIncrementalSAT,IC12+,UNSAT,UNSAT,,,bg_d2,,,,,,,,0.121125,False,44.352,,,,Compact,Compact/Full,project_implementation,restart-based multi-phase SAT,31643,,,,,,,84383,0,84383,2360,29283,203851,60,cfg5__m-full__p-sparse_suffix__g-direct__b-span_threshold__o-break_groups_d2__s-nonincrementalsat__i-imp12plus__backend-cadical,cfg5__m-full__p-sparse_suffix__g-direct__b-span_threshold__o-break_groups_d2__s-nonincrementalsat__i-imp12plus__backend-cadical,full,distance_closure,sparse_suffix,direct,NonIncrementalSAT,CaDiCaL,1.5.3,imp12+,span_threshold,total_break_groups_subject_to_range_at_most_2,BGD2,IC12P,203851,0,0,482,56833,22528,4540,,0,236,1,,,,,,0,0,0,0,0,,,"formalism-specific model size: SAT/MaxSAT reports base CNF and soft clauses, MIP reports variables/linear constraints/nonzeros, and CP reports integer variables plus linear/global constraints; SAT bound/totalizer overhead remains separate in optimizer_added_*",2360,2329,2320,2360,0,0,0,0,0,0,0,1,0.00252,0.002612,0.08957,,0.092183,0.028942,"wall-clock from immediately before reading/parsing the .dzn instance through model construction, optimization, solution decoding, and independent validation; excludes worker-process startup and result-file export",,,,,,,peak_process_tree_rss_mb,19617e0cbd8228a07f4d1fb4a20169d59bca4892a698dc05873681a713e0d642,forb0007,data_table06_forb/forumt-14crafe.forb0007.dzn,1,../noves/forumt-14crafe.forb0007.dzn,1,data_table06_forb/forumt-14crafe.forb0007.dzn,https://imae.udg.edu/Recerca/LAI/,https://ima.udg.edu/Recerca/lai/b2b/b2b.zip,ee1f440ab3f6db27ab712300ad3a54a31ffd5ec1e06f81a9ac37cb7202c56528,2026-08-10T10:42:19+00:00,7200.0,,ee80a6fbd8b513f7c010668495c39621a371266a,True,3.10.12,1.8.dev25,instance-20260810-085803,Linux-6.8.0-1064-gcp-x86_64-with-glibc2.35,x86_64,4,8,15988.059,1,0,/home/g24021555/Business-Meeting-Scheduling-Problem/.venv/bin/python3 /home/g24021555/Business-Meeting-Scheduling-Problem/src/Main.py --manifest instances_manifest.csv --family forbidden --solver sat_all --objective-mode bg_d2 --domain-mode both --domain-filter-graph both --precedence-encoding both --precedence-graph both --encoding-variant imp12+ --sat-backend cadical --maxsat-backend uwrmaxsat --uwrmaxsat-bin /home/g24021555/uwrmaxsat/build/release/bin/uwrmaxsat --timeout 7200 --csv output/full_matrix_bg_d2_forbidden.csv,,,,,,,,multiple,,cadical,,factorial,sparse_suffix+direct,,59,"1,2,3,4,5,6,7,8,9,10,11,12,13,14,15,16,17,18,20,21,22,23,24,25,26,27,28,29,30,31,32,33,34,35,36,37,38,39,40,41,42,43,44,45,46,47,48,49,50,51,52,53,54,55,56,57,58,59,60",2329,31,9,9,,,,,"journal objective family: bg_d2 | F-selected distance-labelled E* domain propagation and cycle detection | precedence configuration: F=distance_closure, P=sparse_suffix, G=direct | Full Domain MxT schedule variables + explicit unary exclusions | (20),(22)-(27) exactly once over full domains | (22)-(27) session/fixed/forbidden exclusions as hard unit clauses | (19) participant atMost-one per slot | (46),(47) clustered table capacity with compact forward channeling | (28) SparseSuffix precedence over direct distance-labelled relations | exact break-group ends and unary break-group thresholds | exact schedule <-> usedSlot channeling | (43) exactly |Mp| full usedSlot variables | (44) atMost 2|L| busy participants per slot | (45) exact even number of busy participants | historical hard cap Delta_G <= 2",,,result
,,,,,,,,,forumt-14crafe.forb0007,b2b-19617e0cbd8228a0,b2b-lineage-forumt-14crafe,forbidden,F-SS-DE-ST-BGD2-UW-IC12P,Full,Filter-E*,SparseSuffix,Direct-E,SpanThreshold,BreakGroupsD2,UWrMaxSAT,IC12+,UNSAT,UNSAT,,,bg_d2,,,,,,,1,0.260387,False,64.543,,,,Compact,Compact/Full,project_implementation,one-shot weighted MaxSAT,31643,,,,,,,84383,236,84619,2360,29283,204087,60,cfg5__m-full__p-sparse_suffix__g-direct__b-span_threshold__o-break_groups_d2__s-uwrmaxsat__i-imp12plus__backend-uwrmaxsat,cfg5__m-full__p-sparse_suffix__g-direct__b-span_threshold__o-break_groups_d2__s-uwrmaxsat__i-imp12plus__backend-uwrmaxsat,full,distance_closure,sparse_suffix,direct,UWrMaxSAT,UWrMaxSAT,binary-sha256:8c68c8a386d3d7847b50d315143c2bab60e3514e59510e84a649db83cb303876,imp12+,span_threshold,total_break_groups_subject_to_range_at_most_2,BGD2,IC12P,203851,236,1,482,56833,22528,4540,1,236,236,1,,,,,,0,0,0,0,0,,,"formalism-specific model size: SAT/MaxSAT reports base CNF and soft clauses, MIP reports variables/linear constraints/nonzeros, and CP reports integer variables plus linear/global constraints; SAT bound/totalizer overhead remains separate in optimizer_added_*",2360,2329,2320,2360,0,0,0,0,0,0,0,1,0.002497,0.003016,0.090395,,0.093411,0.166976,"wall-clock from immediately before reading/parsing the .dzn instance through model construction, optimization, solution decoding, and independent validation; excludes worker-process startup and result-file export",,,,,,,peak_process_tree_rss_mb,19617e0cbd8228a07f4d1fb4a20169d59bca4892a698dc05873681a713e0d642,forb0007,data_table06_forb/forumt-14crafe.forb0007.dzn,1,../noves/forumt-14crafe.forb0007.dzn,1,data_table06_forb/forumt-14crafe.forb0007.dzn,https://imae.udg.edu/Recerca/LAI/,https://ima.udg.edu/Recerca/lai/b2b/b2b.zip,ee1f440ab3f6db27ab712300ad3a54a31ffd5ec1e06f81a9ac37cb7202c56528,2026-08-10T10:42:19+00:00,7200.0,,ee80a6fbd8b513f7c010668495c39621a371266a,True,3.10.12,1.8.dev25,instance-20260810-085803,Linux-6.8.0-1064-gcp-x86_64-with-glibc2.35,x86_64,4,8,15988.059,1,0,/home/g24021555/Business-Meeting-Scheduling-Problem/.venv/bin/python3 /home/g24021555/Business-Meeting-Scheduling-Problem/src/Main.py --manifest instances_manifest.csv --family forbidden --solver sat_all --objective-mode bg_d2 --domain-mode both --domain-filter-graph both --precedence-encoding both --precedence-graph both --encoding-variant imp12+ --sat-backend cadical --maxsat-backend uwrmaxsat --uwrmaxsat-bin /home/g24021555/uwrmaxsat/build/release/bin/uwrmaxsat --timeout 7200 --csv output/full_matrix_bg_d2_forbidden.csv,/home/g24021555/uwrmaxsat/build/release/bin/uwrmaxsat,8c68c8a386d3d7847b50d315143c2bab60e3514e59510e84a649db83cb303876,/home/g24021555/uwrmaxsat/build/release/bin/uwrmaxsat -m /tmp/b2b_uwrmaxsat_f1bbej_d/forumt-14crafe.forb0007.wcnf,,process exit code=20,,,maxsat,uwrmaxsat,,/home/g24021555/uwrmaxsat/build/release/bin/uwrmaxsat,factorial,sparse_suffix+direct,,59,"1,2,3,4,5,6,7,8,9,10,11,12,13,14,15,16,17,18,20,21,22,23,24,25,26,27,28,29,30,31,32,33,34,35,36,37,38,39,40,41,42,43,44,45,46,47,48,49,50,51,52,53,54,55,56,57,58,59,60",2329,31,9,9,,,,,"journal objective family: bg_d2 | F-selected distance-labelled E* domain propagation and cycle detection | precedence configuration: F=distance_closure, P=sparse_suffix, G=direct | Full Domain MxT schedule variables + explicit unary exclusions | (20),(22)-(27) exactly once over full domains | (22)-(27) session/fixed/forbidden exclusions as hard unit clauses | (19) participant atMost-one per slot | (46),(47) clustered table capacity with compact forward channeling | (28) SparseSuffix precedence over direct distance-labelled relations | exact break-group ends and unary break-group thresholds | exact schedule <-> usedSlot channeling | (43) exactly |Mp| full usedSlot variables | (44) atMost 2|L| busy participants per slot | (45) exact even number of busy participants | historical hard cap Delta_G <= 2",,,result
,,,,,,,,,forumt-14crafe.forb0007,b2b-19617e0cbd8228a0,b2b-lineage-forumt-14crafe,forbidden,F-SS-DC-ST-BGD2-IS-CD-IC12P,Full,Filter-E*,SparseSuffix,DistanceClosure-E*,SpanThreshold,BreakGroupsD2,IncrementalSAT,IC12+,UNSAT,UNSAT,,,bg_d2,,,,,,,,0.122329,False,45.57,,,,Compact,Compact/Full,project_implementation,incremental multi-phase SAT with persistent solver state,31643,,,,,,,84383,0,84383,2360,29283,203851,60,cfg5__m-full__p-sparse_suffix__g-distance_closure__b-span_threshold__o-break_groups_d2__s-incrementalsat__i-imp12plus__backend-cadical,cfg5__m-full__p-sparse_suffix__g-distance_closure__b-span_threshold__o-break_groups_d2__s-incrementalsat__i-imp12plus__backend-cadical,full,distance_closure,sparse_suffix,distance_closure,IncrementalSAT,CaDiCaL,1.5.3,imp12+,span_threshold,total_break_groups_subject_to_range_at_most_2,BGD2,IC12P,203851,0,0,482,56833,22528,4540,,0,236,1,,,,,,0,0,0,0,0,,,"formalism-specific model size: SAT/MaxSAT reports base CNF and soft clauses, MIP reports variables/linear constraints/nonzeros, and CP reports integer variables plus linear/global constraints; SAT bound/totalizer overhead remains separate in optimizer_added_*",2360,2329,2320,2360,0,0,0,0,0,0,0,1,0.003042,0.002784,0.089088,,0.091873,0.030457,"wall-clock from immediately before reading/parsing the .dzn instance through model construction, optimization, solution decoding, and independent validation; excludes worker-process startup and result-file export",,,,,,,peak_process_tree_rss_mb,19617e0cbd8228a07f4d1fb4a20169d59bca4892a698dc05873681a713e0d642,forb0007,data_table06_forb/forumt-14crafe.forb0007.dzn,1,../noves/forumt-14crafe.forb0007.dzn,1,data_table06_forb/forumt-14crafe.forb0007.dzn,https://imae.udg.edu/Recerca/LAI/,https://ima.udg.edu/Recerca/lai/b2b/b2b.zip,ee1f440ab3f6db27ab712300ad3a54a31ffd5ec1e06f81a9ac37cb7202c56528,2026-08-10T10:42:19+00:00,7200.0,,ee80a6fbd8b513f7c010668495c39621a371266a,True,3.10.12,1.8.dev25,instance-20260810-085803,Linux-6.8.0-1064-gcp-x86_64-with-glibc2.35,x86_64,4,8,15988.059,1,0,/home/g24021555/Business-Meeting-Scheduling-Problem/.venv/bin/python3 /home/g24021555/Business-Meeting-Scheduling-Problem/src/Main.py --manifest instances_manifest.csv --family forbidden --solver sat_all --objective-mode bg_d2 --domain-mode both --domain-filter-graph both --precedence-encoding both --precedence-graph both --encoding-variant imp12+ --sat-backend cadical --maxsat-backend uwrmaxsat --uwrmaxsat-bin /home/g24021555/uwrmaxsat/build/release/bin/uwrmaxsat --timeout 7200 --csv output/full_matrix_bg_d2_forbidden.csv,,,,,,,,incremental,,cadical,,staircase,sparse_suffix+distance_closure,,59,"1,2,3,4,5,6,7,8,9,10,11,12,13,14,15,16,17,18,20,21,22,23,24,25,26,27,28,29,30,31,32,33,34,35,36,37,38,39,40,41,42,43,44,45,46,47,48,49,50,51,52,53,54,55,56,57,58,59,60",2329,31,9,9,,,,,"journal objective family: bg_d2 | F-selected distance-labelled E* domain propagation and cycle detection | precedence configuration: F=distance_closure, P=sparse_suffix, G=distance_closure | Full Domain MxT schedule variables + explicit unary exclusions | (20),(22)-(27) exactly once over full domains | (22)-(27) session/fixed/forbidden exclusions as hard unit clauses | (19) participant atMost-one per slot | (46),(47) clustered table capacity with compact forward channeling | (28) SparseSuffix precedence over distance_closure distance-labelled relations | exact break-group ends and unary break-group thresholds | exact schedule <-> usedSlot channeling | (43) exactly |Mp| full usedSlot variables | (44) atMost 2|L| busy participants per slot | (45) exact even number of busy participants | historical hard cap Delta_G <= 2",,,result
,,,,,,,,,forumt-14crafe.forb0007,b2b-19617e0cbd8228a0,b2b-lineage-forumt-14crafe,forbidden,F-SS-DC-ST-BGD2-NIS-CD-IC12P,Full,Filter-E*,SparseSuffix,DistanceClosure-E*,SpanThreshold,BreakGroupsD2,NonIncrementalSAT,IC12+,UNSAT,UNSAT,,,bg_d2,,,,,,,,0.120686,False,44.543,,,,Compact,Compact/Full,project_implementation,restart-based multi-phase SAT,31643,,,,,,,84383,0,84383,2360,29283,203851,60,cfg5__m-full__p-sparse_suffix__g-distance_closure__b-span_threshold__o-break_groups_d2__s-nonincrementalsat__i-imp12plus__backend-cadical,cfg5__m-full__p-sparse_suffix__g-distance_closure__b-span_threshold__o-break_groups_d2__s-nonincrementalsat__i-imp12plus__backend-cadical,full,distance_closure,sparse_suffix,distance_closure,NonIncrementalSAT,CaDiCaL,1.5.3,imp12+,span_threshold,total_break_groups_subject_to_range_at_most_2,BGD2,IC12P,203851,0,0,482,56833,22528,4540,,0,236,1,,,,,,0,0,0,0,0,,,"formalism-specific model size: SAT/MaxSAT reports base CNF and soft clauses, MIP reports variables/linear constraints/nonzeros, and CP reports integer variables plus linear/global constraints; SAT bound/totalizer overhead remains separate in optimizer_added_*",2360,2329,2320,2360,0,0,0,0,0,0,0,1,0.002659,0.002622,0.089517,,0.092139,0.028548,"wall-clock from immediately before reading/parsing the .dzn instance through model construction, optimization, solution decoding, and independent validation; excludes worker-process startup and result-file export",,,,,,,peak_process_tree_rss_mb,19617e0cbd8228a07f4d1fb4a20169d59bca4892a698dc05873681a713e0d642,forb0007,data_table06_forb/forumt-14crafe.forb0007.dzn,1,../noves/forumt-14crafe.forb0007.dzn,1,data_table06_forb/forumt-14crafe.forb0007.dzn,https://imae.udg.edu/Recerca/LAI/,https://ima.udg.edu/Recerca/lai/b2b/b2b.zip,ee1f440ab3f6db27ab712300ad3a54a31ffd5ec1e06f81a9ac37cb7202c56528,2026-08-10T10:42:19+00:00,7200.0,,ee80a6fbd8b513f7c010668495c39621a371266a,True,3.10.12,1.8.dev25,instance-20260810-085803,Linux-6.8.0-1064-gcp-x86_64-with-glibc2.35,x86_64,4,8,15988.059,1,0,/home/g24021555/Business-Meeting-Scheduling-Problem/.venv/bin/python3 /home/g24021555/Business-Meeting-Scheduling-Problem/src/Main.py --manifest instances_manifest.csv --family forbidden --solver sat_all --objective-mode bg_d2 --domain-mode both --domain-filter-graph both --precedence-encoding both --precedence-graph both --encoding-variant imp12+ --sat-backend cadical --maxsat-backend uwrmaxsat --uwrmaxsat-bin /home/g24021555/uwrmaxsat/build/release/bin/uwrmaxsat --timeout 7200 --csv output/full_matrix_bg_d2_forbidden.csv,,,,,,,,multiple,,cadical,,staircase,sparse_suffix+distance_closure,,59,"1,2,3,4,5,6,7,8,9,10,11,12,13,14,15,16,17,18,20,21,22,23,24,25,26,27,28,29,30,31,32,33,34,35,36,37,38,39,40,41,42,43,44,45,46,47,48,49,50,51,52,53,54,55,56,57,58,59,60",2329,31,9,9,,,,,"journal objective family: bg_d2 | F-selected distance-labelled E* domain propagation and cycle detection | precedence configuration: F=distance_closure, P=sparse_suffix, G=distance_closure | Full Domain MxT schedule variables + explicit unary exclusions | (20),(22)-(27) exactly once over full domains | (22)-(27) session/fixed/forbidden exclusions as hard unit clauses | (19) participant atMost-one per slot | (46),(47) clustered table capacity with compact forward channeling | (28) SparseSuffix precedence over distance_closure distance-labelled relations | exact break-group ends and unary break-group thresholds | exact schedule <-> usedSlot channeling | (43) exactly |Mp| full usedSlot variables | (44) atMost 2|L| busy participants per slot | (45) exact even number of busy participants | historical hard cap Delta_G <= 2",,,result
,,,,,,,,,forumt-14crafe.forb0007,b2b-19617e0cbd8228a0,b2b-lineage-forumt-14crafe,forbidden,F-SS-DC-ST-BGD2-UW-IC12P,Full,Filter-E*,SparseSuffix,DistanceClosure-E*,SpanThreshold,BreakGroupsD2,UWrMaxSAT,IC12+,UNSAT,UNSAT,,,bg_d2,,,,,,,1,0.259365,False,65.145,,,,Compact,Compact/Full,project_implementation,one-shot weighted MaxSAT,31643,,,,,,,84383,236,84619,2360,29283,204087,60,cfg5__m-full__p-sparse_suffix__g-distance_closure__b-span_threshold__o-break_groups_d2__s-uwrmaxsat__i-imp12plus__backend-uwrmaxsat,cfg5__m-full__p-sparse_suffix__g-distance_closure__b-span_threshold__o-break_groups_d2__s-uwrmaxsat__i-imp12plus__backend-uwrmaxsat,full,distance_closure,sparse_suffix,distance_closure,UWrMaxSAT,UWrMaxSAT,binary-sha256:8c68c8a386d3d7847b50d315143c2bab60e3514e59510e84a649db83cb303876,imp12+,span_threshold,total_break_groups_subject_to_range_at_most_2,BGD2,IC12P,203851,236,1,482,56833,22528,4540,1,236,236,1,,,,,,0,0,0,0,0,,,"formalism-specific model size: SAT/MaxSAT reports base CNF and soft clauses, MIP reports variables/linear constraints/nonzeros, and CP reports integer variables plus linear/global constraints; SAT bound/totalizer overhead remains separate in optimizer_added_*",2360,2329,2320,2360,0,0,0,0,0,0,0,1,0.002537,0.002639,0.091151,,0.093791,0.165575,"wall-clock from immediately before reading/parsing the .dzn instance through model construction, optimization, solution decoding, and independent validation; excludes worker-process startup and result-file export",,,,,,,peak_process_tree_rss_mb,19617e0cbd8228a07f4d1fb4a20169d59bca4892a698dc05873681a713e0d642,forb0007,data_table06_forb/forumt-14crafe.forb0007.dzn,1,../noves/forumt-14crafe.forb0007.dzn,1,data_table06_forb/forumt-14crafe.forb0007.dzn,https://imae.udg.edu/Recerca/LAI/,https://ima.udg.edu/Recerca/lai/b2b/b2b.zip,ee1f440ab3f6db27ab712300ad3a54a31ffd5ec1e06f81a9ac37cb7202c56528,2026-08-10T10:42:19+00:00,7200.0,,ee80a6fbd8b513f7c010668495c39621a371266a,True,3.10.12,1.8.dev25,instance-20260810-085803,Linux-6.8.0-1064-gcp-x86_64-with-glibc2.35,x86_64,4,8,15988.059,1,0,/home/g24021555/Business-Meeting-Scheduling-Problem/.venv/bin/python3 /home/g24021555/Business-Meeting-Scheduling-Problem/src/Main.py --manifest instances_manifest.csv --family forbidden --solver sat_all --objective-mode bg_d2 --domain-mode both --domain-filter-graph both --precedence-encoding both --precedence-graph both --encoding-variant imp12+ --sat-backend cadical --maxsat-backend uwrmaxsat --uwrmaxsat-bin /home/g24021555/uwrmaxsat/build/release/bin/uwrmaxsat --timeout 7200 --csv output/full_matrix_bg_d2_forbidden.csv,/home/g24021555/uwrmaxsat/build/release/bin/uwrmaxsat,8c68c8a386d3d7847b50d315143c2bab60e3514e59510e84a649db83cb303876,/home/g24021555/uwrmaxsat/build/release/bin/uwrmaxsat -m /tmp/b2b_uwrmaxsat_qltm8k76/forumt-14crafe.forb0007.wcnf,,process exit code=20,,,maxsat,uwrmaxsat,,/home/g24021555/uwrmaxsat/build/release/bin/uwrmaxsat,staircase,sparse_suffix+distance_closure,,59,"1,2,3,4,5,6,7,8,9,10,11,12,13,14,15,16,17,18,20,21,22,23,24,25,26,27,28,29,30,31,32,33,34,35,36,37,38,39,40,41,42,43,44,45,46,47,48,49,50,51,52,53,54,55,56,57,58,59,60",2329,31,9,9,,,,,"journal objective family: bg_d2 | F-selected distance-labelled E* domain propagation and cycle detection | precedence configuration: F=distance_closure, P=sparse_suffix, G=distance_closure | Full Domain MxT schedule variables + explicit unary exclusions | (20),(22)-(27) exactly once over full domains | (22)-(27) session/fixed/forbidden exclusions as hard unit clauses | (19) participant atMost-one per slot | (46),(47) clustered table capacity with compact forward channeling | (28) SparseSuffix precedence over distance_closure distance-labelled relations | exact break-group ends and unary break-group thresholds | exact schedule <-> usedSlot channeling | (43) exactly |Mp| full usedSlot variables | (44) atMost 2|L| busy participants per slot | (45) exact even number of busy participants | historical hard cap Delta_G <= 2",,,result
,,,,,,,,,forumt-14crafe.forb0007,b2b-19617e0cbd8228a0,b2b-lineage-forumt-14crafe,forbidden,R-PW-DE-ST-BGD2-IS-CD-IC12P,Reduced,Filter-E*,Pairwise,Direct-E,SpanThreshold,BreakGroupsD2,IncrementalSAT,IC12+,UNSAT,UNSAT,,,bg_d2,,,,,,,,0.116449,False,42.879,,,,Compact,Compact/Reduced,project_implementation,incremental multi-phase SAT with persistent solver state,31304,,,,,,,83083,0,83083,2320,28984,200904,60,cfg5__m-reduced__p-pairwise__g-direct__b-span_threshold__o-break_groups_d2__s-incrementalsat__i-imp12plus__backend-cadical,cfg5__m-reduced__p-pairwise__g-direct__b-span_threshold__o-break_groups_d2__s-incrementalsat__i-imp12plus__backend-cadical,reduced,distance_closure,pairwise,direct,IncrementalSAT,CaDiCaL,1.5.3,imp12+,span_threshold,total_break_groups_subject_to_range_at_most_2,BGD2,IC12P,200904,0,0,429,55875,22272,4504,,0,236,1,,,,,,0,0,0,0,0,,,"formalism-specific model size: SAT/MaxSAT reports base CNF and soft clauses, MIP reports variables/linear constraints/nonzeros, and CP reports integer variables plus linear/global constraints; SAT bound/totalizer overhead remains separate in optimizer_added_*",2360,2329,2320,2320,0,0,0,0,0,0,0,1,0.002525,0.003027,0.087761,,0.090789,0.02566,"wall-clock from immediately before reading/parsing the .dzn instance through model construction, optimization, solution decoding, and independent validation; excludes worker-process startup and result-file export",,,,,,,peak_process_tree_rss_mb,19617e0cbd8228a07f4d1fb4a20169d59bca4892a698dc05873681a713e0d642,forb0007,data_table06_forb/forumt-14crafe.forb0007.dzn,1,../noves/forumt-14crafe.forb0007.dzn,1,data_table06_forb/forumt-14crafe.forb0007.dzn,https://imae.udg.edu/Recerca/LAI/,https://ima.udg.edu/Recerca/lai/b2b/b2b.zip,ee1f440ab3f6db27ab712300ad3a54a31ffd5ec1e06f81a9ac37cb7202c56528,2026-08-10T10:42:19+00:00,7200.0,,ee80a6fbd8b513f7c010668495c39621a371266a,True,3.10.12,1.8.dev25,instance-20260810-085803,Linux-6.8.0-1064-gcp-x86_64-with-glibc2.35,x86_64,4,8,15988.059,1,0,/home/g24021555/Business-Meeting-Scheduling-Problem/.venv/bin/python3 /home/g24021555/Business-Meeting-Scheduling-Problem/src/Main.py --manifest instances_manifest.csv --family forbidden --solver sat_all --objective-mode bg_d2 --domain-mode both --domain-filter-graph both --precedence-encoding both --precedence-graph both --encoding-variant imp12+ --sat-backend cadical --maxsat-backend uwrmaxsat --uwrmaxsat-bin /home/g24021555/uwrmaxsat/build/release/bin/uwrmaxsat --timeout 7200 --csv output/full_matrix_bg_d2_forbidden.csv,,,,,,,,incremental,,cadical,,traditional,pairwise+direct,,59,"1,2,3,4,5,6,7,8,9,10,11,12,13,14,15,16,17,18,20,21,22,23,24,25,26,27,28,29,30,31,32,33,34,35,36,37,38,39,40,41,42,43,44,45,46,47,48,49,50,51,52,53,54,55,56,57,58,59,60",2329,31,9,9,,,,,"journal objective family: bg_d2 | F-selected distance-labelled E* domain propagation and cycle detection | precedence configuration: F=distance_closure, P=pairwise, G=direct | Reduced Domain variables after unary filtering + matching GAC + slot saturation | (20),(22)-(27) exactly once over reduced domains | (19) participant atMost-one per slot | (46),(47) clustered table capacity with compact forward channeling | (28) Pairwise precedence over direct distance-labelled relations | exact break-group ends and unary break-group thresholds | exact schedule <-> usedSlot channeling | (43) exactly |Mp| reduced usedSlot variables | (44) atMost 2|L| busy participants per slot | (45) exact even number of busy participants | historical hard cap Delta_G <= 2",,,result
,,,,,,,,,forumt-14crafe.forb0007,b2b-19617e0cbd8228a0,b2b-lineage-forumt-14crafe,forbidden,R-PW-DE-ST-BGD2-NIS-CD-IC12P,Reduced,Filter-E*,Pairwise,Direct-E,SpanThreshold,BreakGroupsD2,NonIncrementalSAT,IC12+,UNSAT,UNSAT,,,bg_d2,,,,,,,,0.112198,False,43.078,,,,Compact,Compact/Reduced,project_implementation,restart-based multi-phase SAT,31304,,,,,,,83083,0,83083,2320,28984,200904,60,cfg5__m-reduced__p-pairwise__g-direct__b-span_threshold__o-break_groups_d2__s-nonincrementalsat__i-imp12plus__backend-cadical,cfg5__m-reduced__p-pairwise__g-direct__b-span_threshold__o-break_groups_d2__s-nonincrementalsat__i-imp12plus__backend-cadical,reduced,distance_closure,pairwise,direct,NonIncrementalSAT,CaDiCaL,1.5.3,imp12+,span_threshold,total_break_groups_subject_to_range_at_most_2,BGD2,IC12P,200904,0,0,429,55875,22272,4504,,0,236,1,,,,,,0,0,0,0,0,,,"formalism-specific model size: SAT/MaxSAT reports base CNF and soft clauses, MIP reports variables/linear constraints/nonzeros, and CP reports integer variables plus linear/global constraints; SAT bound/totalizer overhead remains separate in optimizer_added_*",2360,2329,2320,2320,0,0,0,0,0,0,0,1,0.002917,0.002951,0.086221,,0.089172,0.023027,"wall-clock from immediately before reading/parsing the .dzn instance through model construction, optimization, solution decoding, and independent validation; excludes worker-process startup and result-file export",,,,,,,peak_process_tree_rss_mb,19617e0cbd8228a07f4d1fb4a20169d59bca4892a698dc05873681a713e0d642,forb0007,data_table06_forb/forumt-14crafe.forb0007.dzn,1,../noves/forumt-14crafe.forb0007.dzn,1,data_table06_forb/forumt-14crafe.forb0007.dzn,https://imae.udg.edu/Recerca/LAI/,https://ima.udg.edu/Recerca/lai/b2b/b2b.zip,ee1f440ab3f6db27ab712300ad3a54a31ffd5ec1e06f81a9ac37cb7202c56528,2026-08-10T10:42:19+00:00,7200.0,,ee80a6fbd8b513f7c010668495c39621a371266a,True,3.10.12,1.8.dev25,instance-20260810-085803,Linux-6.8.0-1064-gcp-x86_64-with-glibc2.35,x86_64,4,8,15988.059,1,0,/home/g24021555/Business-Meeting-Scheduling-Problem/.venv/bin/python3 /home/g24021555/Business-Meeting-Scheduling-Problem/src/Main.py --manifest instances_manifest.csv --family forbidden --solver sat_all --objective-mode bg_d2 --domain-mode both --domain-filter-graph both --precedence-encoding both --precedence-graph both --encoding-variant imp12+ --sat-backend cadical --maxsat-backend uwrmaxsat --uwrmaxsat-bin /home/g24021555/uwrmaxsat/build/release/bin/uwrmaxsat --timeout 7200 --csv output/full_matrix_bg_d2_forbidden.csv,,,,,,,,multiple,,cadical,,traditional,pairwise+direct,,59,"1,2,3,4,5,6,7,8,9,10,11,12,13,14,15,16,17,18,20,21,22,23,24,25,26,27,28,29,30,31,32,33,34,35,36,37,38,39,40,41,42,43,44,45,46,47,48,49,50,51,52,53,54,55,56,57,58,59,60",2329,31,9,9,,,,,"journal objective family: bg_d2 | F-selected distance-labelled E* domain propagation and cycle detection | precedence configuration: F=distance_closure, P=pairwise, G=direct | Reduced Domain variables after unary filtering + matching GAC + slot saturation | (20),(22)-(27) exactly once over reduced domains | (19) participant atMost-one per slot | (46),(47) clustered table capacity with compact forward channeling | (28) Pairwise precedence over direct distance-labelled relations | exact break-group ends and unary break-group thresholds | exact schedule <-> usedSlot channeling | (43) exactly |Mp| reduced usedSlot variables | (44) atMost 2|L| busy participants per slot | (45) exact even number of busy participants | historical hard cap Delta_G <= 2",,,result
,,,,,,,,,forumt-14crafe.forb0007,b2b-19617e0cbd8228a0,b2b-lineage-forumt-14crafe,forbidden,R-PW-DE-ST-BGD2-UW-IC12P,Reduced,Filter-E*,Pairwise,Direct-E,SpanThreshold,BreakGroupsD2,UWrMaxSAT,IC12+,UNSAT,UNSAT,,,bg_d2,,,,,,,1,0.254862,False,61.32,,,,Compact,Compact/Reduced,project_implementation,one-shot weighted MaxSAT,31304,,,,,,,83083,236,83319,2320,28984,201140,60,cfg5__m-reduced__p-pairwise__g-direct__b-span_threshold__o-break_groups_d2__s-uwrmaxsat__i-imp12plus__backend-uwrmaxsat,cfg5__m-reduced__p-pairwise__g-direct__b-span_threshold__o-break_groups_d2__s-uwrmaxsat__i-imp12plus__backend-uwrmaxsat,reduced,distance_closure,pairwise,direct,UWrMaxSAT,UWrMaxSAT,binary-sha256:8c68c8a386d3d7847b50d315143c2bab60e3514e59510e84a649db83cb303876,imp12+,span_threshold,total_break_groups_subject_to_range_at_most_2,BGD2,IC12P,200904,236,1,429,55875,22272,4504,1,236,236,1,,,,,,0,0,0,0,0,,,"formalism-specific model size: SAT/MaxSAT reports base CNF and soft clauses, MIP reports variables/linear constraints/nonzeros, and CP reports integer variables plus linear/global constraints; SAT bound/totalizer overhead remains separate in optimizer_added_*",2360,2329,2320,2320,0,0,0,0,0,0,0,1,0.002494,0.003025,0.088434,,0.091459,0.163403,"wall-clock from immediately before reading/parsing the .dzn instance through model construction, optimization, solution decoding, and independent validation; excludes worker-process startup and result-file export",,,,,,,peak_process_tree_rss_mb,19617e0cbd8228a07f4d1fb4a20169d59bca4892a698dc05873681a713e0d642,forb0007,data_table06_forb/forumt-14crafe.forb0007.dzn,1,../noves/forumt-14crafe.forb0007.dzn,1,data_table06_forb/forumt-14crafe.forb0007.dzn,https://imae.udg.edu/Recerca/LAI/,https://ima.udg.edu/Recerca/lai/b2b/b2b.zip,ee1f440ab3f6db27ab712300ad3a54a31ffd5ec1e06f81a9ac37cb7202c56528,2026-08-10T10:42:19+00:00,7200.0,,ee80a6fbd8b513f7c010668495c39621a371266a,True,3.10.12,1.8.dev25,instance-20260810-085803,Linux-6.8.0-1064-gcp-x86_64-with-glibc2.35,x86_64,4,8,15988.059,1,0,/home/g24021555/Business-Meeting-Scheduling-Problem/.venv/bin/python3 /home/g24021555/Business-Meeting-Scheduling-Problem/src/Main.py --manifest instances_manifest.csv --family forbidden --solver sat_all --objective-mode bg_d2 --domain-mode both --domain-filter-graph both --precedence-encoding both --precedence-graph both --encoding-variant imp12+ --sat-backend cadical --maxsat-backend uwrmaxsat --uwrmaxsat-bin /home/g24021555/uwrmaxsat/build/release/bin/uwrmaxsat --timeout 7200 --csv output/full_matrix_bg_d2_forbidden.csv,/home/g24021555/uwrmaxsat/build/release/bin/uwrmaxsat,8c68c8a386d3d7847b50d315143c2bab60e3514e59510e84a649db83cb303876,/home/g24021555/uwrmaxsat/build/release/bin/uwrmaxsat -m /tmp/b2b_uwrmaxsat_74rrnylb/forumt-14crafe.forb0007.wcnf,,process exit code=20,,,maxsat,uwrmaxsat,,/home/g24021555/uwrmaxsat/build/release/bin/uwrmaxsat,traditional,pairwise+direct,,59,"1,2,3,4,5,6,7,8,9,10,11,12,13,14,15,16,17,18,20,21,22,23,24,25,26,27,28,29,30,31,32,33,34,35,36,37,38,39,40,41,42,43,44,45,46,47,48,49,50,51,52,53,54,55,56,57,58,59,60",2329,31,9,9,,,,,"journal objective family: bg_d2 | F-selected distance-labelled E* domain propagation and cycle detection | precedence configuration: F=distance_closure, P=pairwise, G=direct | Reduced Domain variables after unary filtering + matching GAC + slot saturation | (20),(22)-(27) exactly once over reduced domains | (19) participant atMost-one per slot | (46),(47) clustered table capacity with compact forward channeling | (28) Pairwise precedence over direct distance-labelled relations | exact break-group ends and unary break-group thresholds | exact schedule <-> usedSlot channeling | (43) exactly |Mp| reduced usedSlot variables | (44) atMost 2|L| busy participants per slot | (45) exact even number of busy participants | historical hard cap Delta_G <= 2",,,result
,,,,,,,,,forumt-14crafe.forb0007,b2b-19617e0cbd8228a0,b2b-lineage-forumt-14crafe,forbidden,R-PW-DC-ST-BGD2-IS-CD-IC12P,Reduced,Filter-E*,Pairwise,DistanceClosure-E*,SpanThreshold,BreakGroupsD2,IncrementalSAT,IC12+,UNSAT,UNSAT,,,bg_d2,,,,,,,,0.114307,False,43.102,,,,Compact,Compact/Reduced,project_implementation,incremental multi-phase SAT with persistent solver state,31304,,,,,,,83083,0,83083,2320,28984,200904,60,cfg5__m-reduced__p-pairwise__g-distance_closure__b-span_threshold__o-break_groups_d2__s-incrementalsat__i-imp12plus__backend-cadical,cfg5__m-reduced__p-pairwise__g-distance_closure__b-span_threshold__o-break_groups_d2__s-incrementalsat__i-imp12plus__backend-cadical,reduced,distance_closure,pairwise,distance_closure,IncrementalSAT,CaDiCaL,1.5.3,imp12+,span_threshold,total_break_groups_subject_to_range_at_most_2,BGD2,IC12P,200904,0,0,429,55875,22272,4504,,0,236,1,,,,,,0,0,0,0,0,,,"formalism-specific model size: SAT/MaxSAT reports base CNF and soft clauses, MIP reports variables/linear constraints/nonzeros, and CP reports integer variables plus linear/global constraints; SAT bound/totalizer overhead remains separate in optimizer_added_*",2360,2329,2320,2320,0,0,0,0,0,0,0,1,0.002539,0.002647,0.086561,,0.089208,0.025099,"wall-clock from immediately before reading/parsing the .dzn instance through model construction, optimization, solution decoding, and independent validation; excludes worker-process startup and result-file export",,,,,,,peak_process_tree_rss_mb,19617e0cbd8228a07f4d1fb4a20169d59bca4892a698dc05873681a713e0d642,forb0007,data_table06_forb/forumt-14crafe.forb0007.dzn,1,../noves/forumt-14crafe.forb0007.dzn,1,data_table06_forb/forumt-14crafe.forb0007.dzn,https://imae.udg.edu/Recerca/LAI/,https://ima.udg.edu/Recerca/lai/b2b/b2b.zip,ee1f440ab3f6db27ab712300ad3a54a31ffd5ec1e06f81a9ac37cb7202c56528,2026-08-10T10:42:19+00:00,7200.0,,ee80a6fbd8b513f7c010668495c39621a371266a,True,3.10.12,1.8.dev25,instance-20260810-085803,Linux-6.8.0-1064-gcp-x86_64-with-glibc2.35,x86_64,4,8,15988.059,1,0,/home/g24021555/Business-Meeting-Scheduling-Problem/.venv/bin/python3 /home/g24021555/Business-Meeting-Scheduling-Problem/src/Main.py --manifest instances_manifest.csv --family forbidden --solver sat_all --objective-mode bg_d2 --domain-mode both --domain-filter-graph both --precedence-encoding both --precedence-graph both --encoding-variant imp12+ --sat-backend cadical --maxsat-backend uwrmaxsat --uwrmaxsat-bin /home/g24021555/uwrmaxsat/build/release/bin/uwrmaxsat --timeout 7200 --csv output/full_matrix_bg_d2_forbidden.csv,,,,,,,,incremental,,cadical,,factorial,pairwise+distance_closure,,59,"1,2,3,4,5,6,7,8,9,10,11,12,13,14,15,16,17,18,20,21,22,23,24,25,26,27,28,29,30,31,32,33,34,35,36,37,38,39,40,41,42,43,44,45,46,47,48,49,50,51,52,53,54,55,56,57,58,59,60",2329,31,9,9,,,,,"journal objective family: bg_d2 | F-selected distance-labelled E* domain propagation and cycle detection | precedence configuration: F=distance_closure, P=pairwise, G=distance_closure | Reduced Domain variables after unary filtering + matching GAC + slot saturation | (20),(22)-(27) exactly once over reduced domains | (19) participant atMost-one per slot | (46),(47) clustered table capacity with compact forward channeling | (28) Pairwise precedence over distance_closure distance-labelled relations | exact break-group ends and unary break-group thresholds | exact schedule <-> usedSlot channeling | (43) exactly |Mp| reduced usedSlot variables | (44) atMost 2|L| busy participants per slot | (45) exact even number of busy participants | historical hard cap Delta_G <= 2",,,result
,,,,,,,,,forumt-14crafe.forb0007,b2b-19617e0cbd8228a0,b2b-lineage-forumt-14crafe,forbidden,R-PW-DC-ST-BGD2-NIS-CD-IC12P,Reduced,Filter-E*,Pairwise,DistanceClosure-E*,SpanThreshold,BreakGroupsD2,NonIncrementalSAT,IC12+,UNSAT,UNSAT,,,bg_d2,,,,,,,,0.113124,False,43.027,,,,Compact,Compact/Reduced,project_implementation,restart-based multi-phase SAT,31304,,,,,,,83083,0,83083,2320,28984,200904,60,cfg5__m-reduced__p-pairwise__g-distance_closure__b-span_threshold__o-break_groups_d2__s-nonincrementalsat__i-imp12plus__backend-cadical,cfg5__m-reduced__p-pairwise__g-distance_closure__b-span_threshold__o-break_groups_d2__s-nonincrementalsat__i-imp12plus__backend-cadical,reduced,distance_closure,pairwise,distance_closure,NonIncrementalSAT,CaDiCaL,1.5.3,imp12+,span_threshold,total_break_groups_subject_to_range_at_most_2,BGD2,IC12P,200904,0,0,429,55875,22272,4504,,0,236,1,,,,,,0,0,0,0,0,,,"formalism-specific model size: SAT/MaxSAT reports base CNF and soft clauses, MIP reports variables/linear constraints/nonzeros, and CP reports integer variables plus linear/global constraints; SAT bound/totalizer overhead remains separate in optimizer_added_*",2360,2329,2320,2320,0,0,0,0,0,0,0,1,0.002542,0.002652,0.08611,,0.088762,0.024362,"wall-clock from immediately before reading/parsing the .dzn instance through model construction, optimization, solution decoding, and independent validation; excludes worker-process startup and result-file export",,,,,,,peak_process_tree_rss_mb,19617e0cbd8228a07f4d1fb4a20169d59bca4892a698dc05873681a713e0d642,forb0007,data_table06_forb/forumt-14crafe.forb0007.dzn,1,../noves/forumt-14crafe.forb0007.dzn,1,data_table06_forb/forumt-14crafe.forb0007.dzn,https://imae.udg.edu/Recerca/LAI/,https://ima.udg.edu/Recerca/lai/b2b/b2b.zip,ee1f440ab3f6db27ab712300ad3a54a31ffd5ec1e06f81a9ac37cb7202c56528,2026-08-10T10:42:19+00:00,7200.0,,ee80a6fbd8b513f7c010668495c39621a371266a,True,3.10.12,1.8.dev25,instance-20260810-085803,Linux-6.8.0-1064-gcp-x86_64-with-glibc2.35,x86_64,4,8,15988.059,1,0,/home/g24021555/Business-Meeting-Scheduling-Problem/.venv/bin/python3 /home/g24021555/Business-Meeting-Scheduling-Problem/src/Main.py --manifest instances_manifest.csv --family forbidden --solver sat_all --objective-mode bg_d2 --domain-mode both --domain-filter-graph both --precedence-encoding both --precedence-graph both --encoding-variant imp12+ --sat-backend cadical --maxsat-backend uwrmaxsat --uwrmaxsat-bin /home/g24021555/uwrmaxsat/build/release/bin/uwrmaxsat --timeout 7200 --csv output/full_matrix_bg_d2_forbidden.csv,,,,,,,,multiple,,cadical,,factorial,pairwise+distance_closure,,59,"1,2,3,4,5,6,7,8,9,10,11,12,13,14,15,16,17,18,20,21,22,23,24,25,26,27,28,29,30,31,32,33,34,35,36,37,38,39,40,41,42,43,44,45,46,47,48,49,50,51,52,53,54,55,56,57,58,59,60",2329,31,9,9,,,,,"journal objective family: bg_d2 | F-selected distance-labelled E* domain propagation and cycle detection | precedence configuration: F=distance_closure, P=pairwise, G=distance_closure | Reduced Domain variables after unary filtering + matching GAC + slot saturation | (20),(22)-(27) exactly once over reduced domains | (19) participant atMost-one per slot | (46),(47) clustered table capacity with compact forward channeling | (28) Pairwise precedence over distance_closure distance-labelled relations | exact break-group ends and unary break-group thresholds | exact schedule <-> usedSlot channeling | (43) exactly |Mp| reduced usedSlot variables | (44) atMost 2|L| busy participants per slot | (45) exact even number of busy participants | historical hard cap Delta_G <= 2",,,result
,,,,,,,,,forumt-14crafe.forb0007,b2b-19617e0cbd8228a0,b2b-lineage-forumt-14crafe,forbidden,R-PW-DC-ST-BGD2-UW-IC12P,Reduced,Filter-E*,Pairwise,DistanceClosure-E*,SpanThreshold,BreakGroupsD2,UWrMaxSAT,IC12+,UNSAT,UNSAT,,,bg_d2,,,,,,,1,0.244545,False,61.555,,,,Compact,Compact/Reduced,project_implementation,one-shot weighted MaxSAT,31304,,,,,,,83083,236,83319,2320,28984,201140,60,cfg5__m-reduced__p-pairwise__g-distance_closure__b-span_threshold__o-break_groups_d2__s-uwrmaxsat__i-imp12plus__backend-uwrmaxsat,cfg5__m-reduced__p-pairwise__g-distance_closure__b-span_threshold__o-break_groups_d2__s-uwrmaxsat__i-imp12plus__backend-uwrmaxsat,reduced,distance_closure,pairwise,distance_closure,UWrMaxSAT,UWrMaxSAT,binary-sha256:8c68c8a386d3d7847b50d315143c2bab60e3514e59510e84a649db83cb303876,imp12+,span_threshold,total_break_groups_subject_to_range_at_most_2,BGD2,IC12P,200904,236,1,429,55875,22272,4504,1,236,236,1,,,,,,0,0,0,0,0,,,"formalism-specific model size: SAT/MaxSAT reports base CNF and soft clauses, MIP reports variables/linear constraints/nonzeros, and CP reports integer variables plus linear/global constraints; SAT bound/totalizer overhead remains separate in optimizer_added_*",2360,2329,2320,2320,0,0,0,0,0,0,0,1,0.002493,0.002675,0.085345,,0.08802,0.156525,"wall-clock from immediately before reading/parsing the .dzn instance through model construction, optimization, solution decoding, and independent validation; excludes worker-process startup and result-file export",,,,,,,peak_process_tree_rss_mb,19617e0cbd8228a07f4d1fb4a20169d59bca4892a698dc05873681a713e0d642,forb0007,data_table06_forb/forumt-14crafe.forb0007.dzn,1,../noves/forumt-14crafe.forb0007.dzn,1,data_table06_forb/forumt-14crafe.forb0007.dzn,https://imae.udg.edu/Recerca/LAI/,https://ima.udg.edu/Recerca/lai/b2b/b2b.zip,ee1f440ab3f6db27ab712300ad3a54a31ffd5ec1e06f81a9ac37cb7202c56528,2026-08-10T10:42:19+00:00,7200.0,,ee80a6fbd8b513f7c010668495c39621a371266a,True,3.10.12,1.8.dev25,instance-20260810-085803,Linux-6.8.0-1064-gcp-x86_64-with-glibc2.35,x86_64,4,8,15988.059,1,0,/home/g24021555/Business-Meeting-Scheduling-Problem/.venv/bin/python3 /home/g24021555/Business-Meeting-Scheduling-Problem/src/Main.py --manifest instances_manifest.csv --family forbidden --solver sat_all --objective-mode bg_d2 --domain-mode both --domain-filter-graph both --precedence-encoding both --precedence-graph both --encoding-variant imp12+ --sat-backend cadical --maxsat-backend uwrmaxsat --uwrmaxsat-bin /home/g24021555/uwrmaxsat/build/release/bin/uwrmaxsat --timeout 7200 --csv output/full_matrix_bg_d2_forbidden.csv,/home/g24021555/uwrmaxsat/build/release/bin/uwrmaxsat,8c68c8a386d3d7847b50d315143c2bab60e3514e59510e84a649db83cb303876,/home/g24021555/uwrmaxsat/build/release/bin/uwrmaxsat -m /tmp/b2b_uwrmaxsat_rwmugsvj/forumt-14crafe.forb0007.wcnf,,process exit code=20,,,maxsat,uwrmaxsat,,/home/g24021555/uwrmaxsat/build/release/bin/uwrmaxsat,factorial,pairwise+distance_closure,,59,"1,2,3,4,5,6,7,8,9,10,11,12,13,14,15,16,17,18,20,21,22,23,24,25,26,27,28,29,30,31,32,33,34,35,36,37,38,39,40,41,42,43,44,45,46,47,48,49,50,51,52,53,54,55,56,57,58,59,60",2329,31,9,9,,,,,"journal objective family: bg_d2 | F-selected distance-labelled E* domain propagation and cycle detection | precedence configuration: F=distance_closure, P=pairwise, G=distance_closure | Reduced Domain variables after unary filtering + matching GAC + slot saturation | (20),(22)-(27) exactly once over reduced domains | (19) participant atMost-one per slot | (46),(47) clustered table capacity with compact forward channeling | (28) Pairwise precedence over distance_closure distance-labelled relations | exact break-group ends and unary break-group thresholds | exact schedule <-> usedSlot channeling | (43) exactly |Mp| reduced usedSlot variables | (44) atMost 2|L| busy participants per slot | (45) exact even number of busy participants | historical hard cap Delta_G <= 2",,,result
,,,,,,,,,forumt-14crafe.forb0007,b2b-19617e0cbd8228a0,b2b-lineage-forumt-14crafe,forbidden,R-SS-DE-ST-BGD2-IS-CD-IC12P,Reduced,Filter-E*,SparseSuffix,Direct-E,SpanThreshold,BreakGroupsD2,IncrementalSAT,IC12+,UNSAT,UNSAT,,,bg_d2,,,,,,,,0.112779,False,43.777,,,,Compact,Compact/Reduced,project_implementation,incremental multi-phase SAT with persistent solver state,31304,,,,,,,83083,0,83083,2320,28984,200904,60,cfg5__m-reduced__p-sparse_suffix__g-direct__b-span_threshold__o-break_groups_d2__s-incrementalsat__i-imp12plus__backend-cadical,cfg5__m-reduced__p-sparse_suffix__g-direct__b-span_threshold__o-break_groups_d2__s-incrementalsat__i-imp12plus__backend-cadical,reduced,distance_closure,sparse_suffix,direct,IncrementalSAT,CaDiCaL,1.5.3,imp12+,span_threshold,total_break_groups_subject_to_range_at_most_2,BGD2,IC12P,200904,0,0,429,55875,22272,4504,,0,236,1,,,,,,0,0,0,0,0,,,"formalism-specific model size: SAT/MaxSAT reports base CNF and soft clauses, MIP reports variables/linear constraints/nonzeros, and CP reports integer variables plus linear/global constraints; SAT bound/totalizer overhead remains separate in optimizer_added_*",2360,2329,2320,2320,0,0,0,0,0,0,0,1,0.002738,0.002599,0.085204,,0.087803,0.024976,"wall-clock from immediately before reading/parsing the .dzn instance through model construction, optimization, solution decoding, and independent validation; excludes worker-process startup and result-file export",,,,,,,peak_process_tree_rss_mb,19617e0cbd8228a07f4d1fb4a20169d59bca4892a698dc05873681a713e0d642,forb0007,data_table06_forb/forumt-14crafe.forb0007.dzn,1,../noves/forumt-14crafe.forb0007.dzn,1,data_table06_forb/forumt-14crafe.forb0007.dzn,https://imae.udg.edu/Recerca/LAI/,https://ima.udg.edu/Recerca/lai/b2b/b2b.zip,ee1f440ab3f6db27ab712300ad3a54a31ffd5ec1e06f81a9ac37cb7202c56528,2026-08-10T10:42:19+00:00,7200.0,,ee80a6fbd8b513f7c010668495c39621a371266a,True,3.10.12,1.8.dev25,instance-20260810-085803,Linux-6.8.0-1064-gcp-x86_64-with-glibc2.35,x86_64,4,8,15988.059,1,0,/home/g24021555/Business-Meeting-Scheduling-Problem/.venv/bin/python3 /home/g24021555/Business-Meeting-Scheduling-Problem/src/Main.py --manifest instances_manifest.csv --family forbidden --solver sat_all --objective-mode bg_d2 --domain-mode both --domain-filter-graph both --precedence-encoding both --precedence-graph both --encoding-variant imp12+ --sat-backend cadical --maxsat-backend uwrmaxsat --uwrmaxsat-bin /home/g24021555/uwrmaxsat/build/release/bin/uwrmaxsat --timeout 7200 --csv output/full_matrix_bg_d2_forbidden.csv,,,,,,,,incremental,,cadical,,factorial,sparse_suffix+direct,,59,"1,2,3,4,5,6,7,8,9,10,11,12,13,14,15,16,17,18,20,21,22,23,24,25,26,27,28,29,30,31,32,33,34,35,36,37,38,39,40,41,42,43,44,45,46,47,48,49,50,51,52,53,54,55,56,57,58,59,60",2329,31,9,9,,,,,"journal objective family: bg_d2 | F-selected distance-labelled E* domain propagation and cycle detection | precedence configuration: F=distance_closure, P=sparse_suffix, G=direct | Reduced Domain variables after unary filtering + matching GAC + slot saturation | (20),(22)-(27) exactly once over reduced domains | (19) participant atMost-one per slot | (46),(47) clustered table capacity with compact forward channeling | (28) SparseSuffix precedence over direct distance-labelled relations | exact break-group ends and unary break-group thresholds | exact schedule <-> usedSlot channeling | (43) exactly |Mp| reduced usedSlot variables | (44) atMost 2|L| busy participants per slot | (45) exact even number of busy participants | historical hard cap Delta_G <= 2",,,result
,,,,,,,,,forumt-14crafe.forb0007,b2b-19617e0cbd8228a0,b2b-lineage-forumt-14crafe,forbidden,R-SS-DE-ST-BGD2-NIS-CD-IC12P,Reduced,Filter-E*,SparseSuffix,Direct-E,SpanThreshold,BreakGroupsD2,NonIncrementalSAT,IC12+,UNSAT,UNSAT,,,bg_d2,,,,,,,,0.113879,False,43.73,,,,Compact,Compact/Reduced,project_implementation,restart-based multi-phase SAT,31304,,,,,,,83083,0,83083,2320,28984,200904,60,cfg5__m-reduced__p-sparse_suffix__g-direct__b-span_threshold__o-break_groups_d2__s-nonincrementalsat__i-imp12plus__backend-cadical,cfg5__m-reduced__p-sparse_suffix__g-direct__b-span_threshold__o-break_groups_d2__s-nonincrementalsat__i-imp12plus__backend-cadical,reduced,distance_closure,sparse_suffix,direct,NonIncrementalSAT,CaDiCaL,1.5.3,imp12+,span_threshold,total_break_groups_subject_to_range_at_most_2,BGD2,IC12P,200904,0,0,429,55875,22272,4504,,0,236,1,,,,,,0,0,0,0,0,,,"formalism-specific model size: SAT/MaxSAT reports base CNF and soft clauses, MIP reports variables/linear constraints/nonzeros, and CP reports integer variables plus linear/global constraints; SAT bound/totalizer overhead remains separate in optimizer_added_*",2360,2329,2320,2320,0,0,0,0,0,0,0,1,0.002661,0.003017,0.086091,,0.089108,0.024771,"wall-clock from immediately before reading/parsing the .dzn instance through model construction, optimization, solution decoding, and independent validation; excludes worker-process startup and result-file export",,,,,,,peak_process_tree_rss_mb,19617e0cbd8228a07f4d1fb4a20169d59bca4892a698dc05873681a713e0d642,forb0007,data_table06_forb/forumt-14crafe.forb0007.dzn,1,../noves/forumt-14crafe.forb0007.dzn,1,data_table06_forb/forumt-14crafe.forb0007.dzn,https://imae.udg.edu/Recerca/LAI/,https://ima.udg.edu/Recerca/lai/b2b/b2b.zip,ee1f440ab3f6db27ab712300ad3a54a31ffd5ec1e06f81a9ac37cb7202c56528,2026-08-10T10:42:19+00:00,7200.0,,ee80a6fbd8b513f7c010668495c39621a371266a,True,3.10.12,1.8.dev25,instance-20260810-085803,Linux-6.8.0-1064-gcp-x86_64-with-glibc2.35,x86_64,4,8,15988.059,1,0,/home/g24021555/Business-Meeting-Scheduling-Problem/.venv/bin/python3 /home/g24021555/Business-Meeting-Scheduling-Problem/src/Main.py --manifest instances_manifest.csv --family forbidden --solver sat_all --objective-mode bg_d2 --domain-mode both --domain-filter-graph both --precedence-encoding both --precedence-graph both --encoding-variant imp12+ --sat-backend cadical --maxsat-backend uwrmaxsat --uwrmaxsat-bin /home/g24021555/uwrmaxsat/build/release/bin/uwrmaxsat --timeout 7200 --csv output/full_matrix_bg_d2_forbidden.csv,,,,,,,,multiple,,cadical,,factorial,sparse_suffix+direct,,59,"1,2,3,4,5,6,7,8,9,10,11,12,13,14,15,16,17,18,20,21,22,23,24,25,26,27,28,29,30,31,32,33,34,35,36,37,38,39,40,41,42,43,44,45,46,47,48,49,50,51,52,53,54,55,56,57,58,59,60",2329,31,9,9,,,,,"journal objective family: bg_d2 | F-selected distance-labelled E* domain propagation and cycle detection | precedence configuration: F=distance_closure, P=sparse_suffix, G=direct | Reduced Domain variables after unary filtering + matching GAC + slot saturation | (20),(22)-(27) exactly once over reduced domains | (19) participant atMost-one per slot | (46),(47) clustered table capacity with compact forward channeling | (28) SparseSuffix precedence over direct distance-labelled relations | exact break-group ends and unary break-group thresholds | exact schedule <-> usedSlot channeling | (43) exactly |Mp| reduced usedSlot variables | (44) atMost 2|L| busy participants per slot | (45) exact even number of busy participants | historical hard cap Delta_G <= 2",,,result
,,,,,,,,,forumt-14crafe.forb0007,b2b-19617e0cbd8228a0,b2b-lineage-forumt-14crafe,forbidden,R-SS-DE-ST-BGD2-UW-IC12P,Reduced,Filter-E*,SparseSuffix,Direct-E,SpanThreshold,BreakGroupsD2,UWrMaxSAT,IC12+,UNSAT,UNSAT,,,bg_d2,,,,,,,1,0.250926,False,61.258,,,,Compact,Compact/Reduced,project_implementation,one-shot weighted MaxSAT,31304,,,,,,,83083,236,83319,2320,28984,201140,60,cfg5__m-reduced__p-sparse_suffix__g-direct__b-span_threshold__o-break_groups_d2__s-uwrmaxsat__i-imp12plus__backend-uwrmaxsat,cfg5__m-reduced__p-sparse_suffix__g-direct__b-span_threshold__o-break_groups_d2__s-uwrmaxsat__i-imp12plus__backend-uwrmaxsat,reduced,distance_closure,sparse_suffix,direct,UWrMaxSAT,UWrMaxSAT,binary-sha256:8c68c8a386d3d7847b50d315143c2bab60e3514e59510e84a649db83cb303876,imp12+,span_threshold,total_break_groups_subject_to_range_at_most_2,BGD2,IC12P,200904,236,1,429,55875,22272,4504,1,236,236,1,,,,,,0,0,0,0,0,,,"formalism-specific model size: SAT/MaxSAT reports base CNF and soft clauses, MIP reports variables/linear constraints/nonzeros, and CP reports integer variables plus linear/global constraints; SAT bound/totalizer overhead remains separate in optimizer_added_*",2360,2329,2320,2320,0,0,0,0,0,0,0,1,0.002833,0.0029,0.090508,,0.093408,0.157518,"wall-clock from immediately before reading/parsing the .dzn instance through model construction, optimization, solution decoding, and independent validation; excludes worker-process startup and result-file export",,,,,,,peak_process_tree_rss_mb,19617e0cbd8228a07f4d1fb4a20169d59bca4892a698dc05873681a713e0d642,forb0007,data_table06_forb/forumt-14crafe.forb0007.dzn,1,../noves/forumt-14crafe.forb0007.dzn,1,data_table06_forb/forumt-14crafe.forb0007.dzn,https://imae.udg.edu/Recerca/LAI/,https://ima.udg.edu/Recerca/lai/b2b/b2b.zip,ee1f440ab3f6db27ab712300ad3a54a31ffd5ec1e06f81a9ac37cb7202c56528,2026-08-10T10:42:19+00:00,7200.0,,ee80a6fbd8b513f7c010668495c39621a371266a,True,3.10.12,1.8.dev25,instance-20260810-085803,Linux-6.8.0-1064-gcp-x86_64-with-glibc2.35,x86_64,4,8,15988.059,1,0,/home/g24021555/Business-Meeting-Scheduling-Problem/.venv/bin/python3 /home/g24021555/Business-Meeting-Scheduling-Problem/src/Main.py --manifest instances_manifest.csv --family forbidden --solver sat_all --objective-mode bg_d2 --domain-mode both --domain-filter-graph both --precedence-encoding both --precedence-graph both --encoding-variant imp12+ --sat-backend cadical --maxsat-backend uwrmaxsat --uwrmaxsat-bin /home/g24021555/uwrmaxsat/build/release/bin/uwrmaxsat --timeout 7200 --csv output/full_matrix_bg_d2_forbidden.csv,/home/g24021555/uwrmaxsat/build/release/bin/uwrmaxsat,8c68c8a386d3d7847b50d315143c2bab60e3514e59510e84a649db83cb303876,/home/g24021555/uwrmaxsat/build/release/bin/uwrmaxsat -m /tmp/b2b_uwrmaxsat_tq4qn294/forumt-14crafe.forb0007.wcnf,,process exit code=20,,,maxsat,uwrmaxsat,,/home/g24021555/uwrmaxsat/build/release/bin/uwrmaxsat,factorial,sparse_suffix+direct,,59,"1,2,3,4,5,6,7,8,9,10,11,12,13,14,15,16,17,18,20,21,22,23,24,25,26,27,28,29,30,31,32,33,34,35,36,37,38,39,40,41,42,43,44,45,46,47,48,49,50,51,52,53,54,55,56,57,58,59,60",2329,31,9,9,,,,,"journal objective family: bg_d2 | F-selected distance-labelled E* domain propagation and cycle detection | precedence configuration: F=distance_closure, P=sparse_suffix, G=direct | Reduced Domain variables after unary filtering + matching GAC + slot saturation | (20),(22)-(27) exactly once over reduced domains | (19) participant atMost-one per slot | (46),(47) clustered table capacity with compact forward channeling | (28) SparseSuffix precedence over direct distance-labelled relations | exact break-group ends and unary break-group thresholds | exact schedule <-> usedSlot channeling | (43) exactly |Mp| reduced usedSlot variables | (44) atMost 2|L| busy participants per slot | (45) exact even number of busy participants | historical hard cap Delta_G <= 2",,,result
,,,,,,,,,forumt-14crafe.forb0007,b2b-19617e0cbd8228a0,b2b-lineage-forumt-14crafe,forbidden,R-SS-DC-ST-BGD2-IS-CD-IC12P,Reduced,Filter-E*,SparseSuffix,DistanceClosure-E*,SpanThreshold,BreakGroupsD2,IncrementalSAT,IC12+,UNSAT,UNSAT,,,bg_d2,,,,,,,,0.116931,False,42.309,,,,Compact,Compact/Reduced,project_implementation,incremental multi-phase SAT with persistent solver state,31304,,,,,,,83083,0,83083,2320,28984,200904,60,cfg5__m-reduced__p-sparse_suffix__g-distance_closure__b-span_threshold__o-break_groups_d2__s-incrementalsat__i-imp12plus__backend-cadical,cfg5__m-reduced__p-sparse_suffix__g-distance_closure__b-span_threshold__o-break_groups_d2__s-incrementalsat__i-imp12plus__backend-cadical,reduced,distance_closure,sparse_suffix,distance_closure,IncrementalSAT,CaDiCaL,1.5.3,imp12+,span_threshold,total_break_groups_subject_to_range_at_most_2,BGD2,IC12P,200904,0,0,429,55875,22272,4504,,0,236,1,,,,,,0,0,0,0,0,,,"formalism-specific model size: SAT/MaxSAT reports base CNF and soft clauses, MIP reports variables/linear constraints/nonzeros, and CP reports integer variables plus linear/global constraints; SAT bound/totalizer overhead remains separate in optimizer_added_*",2360,2329,2320,2320,0,0,0,0,0,0,0,1,0.002817,0.002618,0.089181,,0.091799,0.025132,"wall-clock from immediately before reading/parsing the .dzn instance through model construction, optimization, solution decoding, and independent validation; excludes worker-process startup and result-file export",,,,,,,peak_process_tree_rss_mb,19617e0cbd8228a07f4d1fb4a20169d59bca4892a698dc05873681a713e0d642,forb0007,data_table06_forb/forumt-14crafe.forb0007.dzn,1,../noves/forumt-14crafe.forb0007.dzn,1,data_table06_forb/forumt-14crafe.forb0007.dzn,https://imae.udg.edu/Recerca/LAI/,https://ima.udg.edu/Recerca/lai/b2b/b2b.zip,ee1f440ab3f6db27ab712300ad3a54a31ffd5ec1e06f81a9ac37cb7202c56528,2026-08-10T10:42:19+00:00,7200.0,,ee80a6fbd8b513f7c010668495c39621a371266a,True,3.10.12,1.8.dev25,instance-20260810-085803,Linux-6.8.0-1064-gcp-x86_64-with-glibc2.35,x86_64,4,8,15988.059,1,0,/home/g24021555/Business-Meeting-Scheduling-Problem/.venv/bin/python3 /home/g24021555/Business-Meeting-Scheduling-Problem/src/Main.py --manifest instances_manifest.csv --family forbidden --solver sat_all --objective-mode bg_d2 --domain-mode both --domain-filter-graph both --precedence-encoding both --precedence-graph both --encoding-variant imp12+ --sat-backend cadical --maxsat-backend uwrmaxsat --uwrmaxsat-bin /home/g24021555/uwrmaxsat/build/release/bin/uwrmaxsat --timeout 7200 --csv output/full_matrix_bg_d2_forbidden.csv,,,,,,,,incremental,,cadical,,staircase,sparse_suffix+distance_closure,,59,"1,2,3,4,5,6,7,8,9,10,11,12,13,14,15,16,17,18,20,21,22,23,24,25,26,27,28,29,30,31,32,33,34,35,36,37,38,39,40,41,42,43,44,45,46,47,48,49,50,51,52,53,54,55,56,57,58,59,60",2329,31,9,9,,,,,"journal objective family: bg_d2 | F-selected distance-labelled E* domain propagation and cycle detection | precedence configuration: F=distance_closure, P=sparse_suffix, G=distance_closure | Reduced Domain variables after unary filtering + matching GAC + slot saturation | (20),(22)-(27) exactly once over reduced domains | (19) participant atMost-one per slot | (46),(47) clustered table capacity with compact forward channeling | (28) SparseSuffix precedence over distance_closure distance-labelled relations | exact break-group ends and unary break-group thresholds | exact schedule <-> usedSlot channeling | (43) exactly |Mp| reduced usedSlot variables | (44) atMost 2|L| busy participants per slot | (45) exact even number of busy participants | historical hard cap Delta_G <= 2",,,result
,,,,,,,,,forumt-14crafe.forb0007,b2b-19617e0cbd8228a0,b2b-lineage-forumt-14crafe,forbidden,R-SS-DC-ST-BGD2-NIS-CD-IC12P,Reduced,Filter-E*,SparseSuffix,DistanceClosure-E*,SpanThreshold,BreakGroupsD2,NonIncrementalSAT,IC12+,UNSAT,UNSAT,,,bg_d2,,,,,,,,0.113278,False,43.566,,,,Compact,Compact/Reduced,project_implementation,restart-based multi-phase SAT,31304,,,,,,,83083,0,83083,2320,28984,200904,60,cfg5__m-reduced__p-sparse_suffix__g-distance_closure__b-span_threshold__o-break_groups_d2__s-nonincrementalsat__i-imp12plus__backend-cadical,cfg5__m-reduced__p-sparse_suffix__g-distance_closure__b-span_threshold__o-break_groups_d2__s-nonincrementalsat__i-imp12plus__backend-cadical,reduced,distance_closure,sparse_suffix,distance_closure,NonIncrementalSAT,CaDiCaL,1.5.3,imp12+,span_threshold,total_break_groups_subject_to_range_at_most_2,BGD2,IC12P,200904,0,0,429,55875,22272,4504,,0,236,1,,,,,,0,0,0,0,0,,,"formalism-specific model size: SAT/MaxSAT reports base CNF and soft clauses, MIP reports variables/linear constraints/nonzeros, and CP reports integer variables plus linear/global constraints; SAT bound/totalizer overhead remains separate in optimizer_added_*",2360,2329,2320,2320,0,0,0,0,0,0,0,1,0.002537,0.003031,0.085842,,0.088873,0.024405,"wall-clock from immediately before reading/parsing the .dzn instance through model construction, optimization, solution decoding, and independent validation; excludes worker-process startup and result-file export",,,,,,,peak_process_tree_rss_mb,19617e0cbd8228a07f4d1fb4a20169d59bca4892a698dc05873681a713e0d642,forb0007,data_table06_forb/forumt-14crafe.forb0007.dzn,1,../noves/forumt-14crafe.forb0007.dzn,1,data_table06_forb/forumt-14crafe.forb0007.dzn,https://imae.udg.edu/Recerca/LAI/,https://ima.udg.edu/Recerca/lai/b2b/b2b.zip,ee1f440ab3f6db27ab712300ad3a54a31ffd5ec1e06f81a9ac37cb7202c56528,2026-08-10T10:42:19+00:00,7200.0,,ee80a6fbd8b513f7c010668495c39621a371266a,True,3.10.12,1.8.dev25,instance-20260810-085803,Linux-6.8.0-1064-gcp-x86_64-with-glibc2.35,x86_64,4,8,15988.059,1,0,/home/g24021555/Business-Meeting-Scheduling-Problem/.venv/bin/python3 /home/g24021555/Business-Meeting-Scheduling-Problem/src/Main.py --manifest instances_manifest.csv --family forbidden --solver sat_all --objective-mode bg_d2 --domain-mode both --domain-filter-graph both --precedence-encoding both --precedence-graph both --encoding-variant imp12+ --sat-backend cadical --maxsat-backend uwrmaxsat --uwrmaxsat-bin /home/g24021555/uwrmaxsat/build/release/bin/uwrmaxsat --timeout 7200 --csv output/full_matrix_bg_d2_forbidden.csv,,,,,,,,multiple,,cadical,,staircase,sparse_suffix+distance_closure,,59,"1,2,3,4,5,6,7,8,9,10,11,12,13,14,15,16,17,18,20,21,22,23,24,25,26,27,28,29,30,31,32,33,34,35,36,37,38,39,40,41,42,43,44,45,46,47,48,49,50,51,52,53,54,55,56,57,58,59,60",2329,31,9,9,,,,,"journal objective family: bg_d2 | F-selected distance-labelled E* domain propagation and cycle detection | precedence configuration: F=distance_closure, P=sparse_suffix, G=distance_closure | Reduced Domain variables after unary filtering + matching GAC + slot saturation | (20),(22)-(27) exactly once over reduced domains | (19) participant atMost-one per slot | (46),(47) clustered table capacity with compact forward channeling | (28) SparseSuffix precedence over distance_closure distance-labelled relations | exact break-group ends and unary break-group thresholds | exact schedule <-> usedSlot channeling | (43) exactly |Mp| reduced usedSlot variables | (44) atMost 2|L| busy participants per slot | (45) exact even number of busy participants | historical hard cap Delta_G <= 2",,,result
,,,,,,,,,forumt-14crafe.forb0007,b2b-19617e0cbd8228a0,b2b-lineage-forumt-14crafe,forbidden,R-SS-DC-ST-BGD2-UW-IC12P,Reduced,Filter-E*,SparseSuffix,DistanceClosure-E*,SpanThreshold,BreakGroupsD2,UWrMaxSAT,IC12+,UNSAT,UNSAT,,,bg_d2,,,,,,,1,0.252443,False,61.406,,,,Compact,Compact/Reduced,project_implementation,one-shot weighted MaxSAT,31304,,,,,,,83083,236,83319,2320,28984,201140,60,cfg5__m-reduced__p-sparse_suffix__g-distance_closure__b-span_threshold__o-break_groups_d2__s-uwrmaxsat__i-imp12plus__backend-uwrmaxsat,cfg5__m-reduced__p-sparse_suffix__g-distance_closure__b-span_threshold__o-break_groups_d2__s-uwrmaxsat__i-imp12plus__backend-uwrmaxsat,reduced,distance_closure,sparse_suffix,distance_closure,UWrMaxSAT,UWrMaxSAT,binary-sha256:8c68c8a386d3d7847b50d315143c2bab60e3514e59510e84a649db83cb303876,imp12+,span_threshold,total_break_groups_subject_to_range_at_most_2,BGD2,IC12P,200904,236,1,429,55875,22272,4504,1,236,236,1,,,,,,0,0,0,0,0,,,"formalism-specific model size: SAT/MaxSAT reports base CNF and soft clauses, MIP reports variables/linear constraints/nonzeros, and CP reports integer variables plus linear/global constraints; SAT bound/totalizer overhead remains separate in optimizer_added_*",2360,2329,2320,2320,0,0,0,0,0,0,0,1,0.002507,0.002626,0.089808,,0.092434,0.160009,"wall-clock from immediately before reading/parsing the .dzn instance through model construction, optimization, solution decoding, and independent validation; excludes worker-process startup and result-file export",,,,,,,peak_process_tree_rss_mb,19617e0cbd8228a07f4d1fb4a20169d59bca4892a698dc05873681a713e0d642,forb0007,data_table06_forb/forumt-14crafe.forb0007.dzn,1,../noves/forumt-14crafe.forb0007.dzn,1,data_table06_forb/forumt-14crafe.forb0007.dzn,https://imae.udg.edu/Recerca/LAI/,https://ima.udg.edu/Recerca/lai/b2b/b2b.zip,ee1f440ab3f6db27ab712300ad3a54a31ffd5ec1e06f81a9ac37cb7202c56528,2026-08-10T10:42:19+00:00,7200.0,,ee80a6fbd8b513f7c010668495c39621a371266a,True,3.10.12,1.8.dev25,instance-20260810-085803,Linux-6.8.0-1064-gcp-x86_64-with-glibc2.35,x86_64,4,8,15988.059,1,0,/home/g24021555/Business-Meeting-Scheduling-Problem/.venv/bin/python3 /home/g24021555/Business-Meeting-Scheduling-Problem/src/Main.py --manifest instances_manifest.csv --family forbidden --solver sat_all --objective-mode bg_d2 --domain-mode both --domain-filter-graph both --precedence-encoding both --precedence-graph both --encoding-variant imp12+ --sat-backend cadical --maxsat-backend uwrmaxsat --uwrmaxsat-bin /home/g24021555/uwrmaxsat/build/release/bin/uwrmaxsat --timeout 7200 --csv output/full_matrix_bg_d2_forbidden.csv,/home/g24021555/uwrmaxsat/build/release/bin/uwrmaxsat,8c68c8a386d3d7847b50d315143c2bab60e3514e59510e84a649db83cb303876,/home/g24021555/uwrmaxsat/build/release/bin/uwrmaxsat -m /tmp/b2b_uwrmaxsat_dfd3cehk/forumt-14crafe.forb0007.wcnf,,process exit code=20,,,maxsat,uwrmaxsat,,/home/g24021555/uwrmaxsat/build/release/bin/uwrmaxsat,staircase,sparse_suffix+distance_closure,,59,"1,2,3,4,5,6,7,8,9,10,11,12,13,14,15,16,17,18,20,21,22,23,24,25,26,27,28,29,30,31,32,33,34,35,36,37,38,39,40,41,42,43,44,45,46,47,48,49,50,51,52,53,54,55,56,57,58,59,60",2329,31,9,9,,,,,"journal objective family: bg_d2 | F-selected distance-labelled E* domain propagation and cycle detection | precedence configuration: F=distance_closure, P=sparse_suffix, G=distance_closure | Reduced Domain variables after unary filtering + matching GAC + slot saturation | (20),(22)-(27) exactly once over reduced domains | (19) participant atMost-one per slot | (46),(47) clustered table capacity with compact forward channeling | (28) SparseSuffix precedence over distance_closure distance-labelled relations | exact break-group ends and unary break-group thresholds | exact schedule <-> usedSlot channeling | (43) exactly |Mp| reduced usedSlot variables | (44) atMost 2|L| busy participants per slot | (45) exact even number of busy participants | historical hard cap Delta_G <= 2",,,result
,,,,,,,,,tic-13crafc.forb0003,b2b-24632991b216de3c,b2b-lineage-tic-13crafc,forbidden,F-PW-DE-ST-BGD2-IS-CD-IC12P,Full,Filter-E*,Pairwise,Direct-E,SpanThreshold,BreakGroupsD2,IncrementalSAT,IC12+,UNSAT,UNSAT,,,bg_d2,,,,,,,,0.112144,False,40.055,,,,Compact,Compact/Full,project_implementation,incremental multi-phase SAT with persistent solver state,26969,,,,,,,67564,0,67564,1800,25169,163064,46,cfg5__m-full__p-pairwise__g-direct__b-span_threshold__o-break_groups_d2__s-incrementalsat__i-imp12plus__backend-cadical,cfg5__m-full__p-pairwise__g-direct__b-span_threshold__o-break_groups_d2__s-incrementalsat__i-imp12plus__backend-cadical,full,distance_closure,pairwise,direct,IncrementalSAT,CaDiCaL,1.5.3,imp12+,span_threshold,total_break_groups_subject_to_range_at_most_2,BGD2,IC12P,163064,0,0,287,45575,18226,3476,,0,180,1,,,,,,0,0,0,0,0,,,"formalism-specific model size: SAT/MaxSAT reports base CNF and soft clauses, MIP reports variables/linear constraints/nonzeros, and CP reports integer variables plus linear/global constraints; SAT bound/totalizer overhead remains separate in optimizer_added_*",1800,1790,1781,1800,0,0,0,0,0,0,0,1,0.019563,0.002504,0.085472,,0.087976,0.024168,"wall-clock from immediately before reading/parsing the .dzn instance through model construction, optimization, solution decoding, and independent validation; excludes worker-process startup and result-file export",,,,,,,peak_process_tree_rss_mb,24632991b216de3c5b9dcf846d018ffada2a20cfa0e319990510ef396511d2eb,forb0003,data_table06_forb/tic-13crafc.forb0003.dzn,1,../noves/tic-13crafc.forb0003.dzn,1,data_table06_forb/tic-13crafc.forb0003.dzn,https://imae.udg.edu/Recerca/LAI/,https://ima.udg.edu/Recerca/lai/b2b/b2b.zip,ee1f440ab3f6db27ab712300ad3a54a31ffd5ec1e06f81a9ac37cb7202c56528,2026-08-10T10:42:19+00:00,7200.0,,ee80a6fbd8b513f7c010668495c39621a371266a,True,3.10.12,1.8.dev25,instance-20260810-085803,Linux-6.8.0-1064-gcp-x86_64-with-glibc2.35,x86_64,4,8,15988.059,1,0,/home/g24021555/Business-Meeting-Scheduling-Problem/.venv/bin/python3 /home/g24021555/Business-Meeting-Scheduling-Problem/src/Main.py --manifest instances_manifest.csv --family forbidden --solver sat_all --objective-mode bg_d2 --domain-mode both --domain-filter-graph both --precedence-encoding both --precedence-graph both --encoding-variant imp12+ --sat-backend cadical --maxsat-backend uwrmaxsat --uwrmaxsat-bin /home/g24021555/uwrmaxsat/build/release/bin/uwrmaxsat --timeout 7200 --csv output/full_matrix_bg_d2_forbidden.csv,,,,,,,,incremental,,cadical,,traditional,pairwise+direct,,45,"1,3,4,5,6,7,8,9,10,11,12,13,14,15,16,17,18,19,20,21,22,23,24,25,26,27,28,29,30,31,32,33,34,35,36,37,38,40,41,42,43,44,45,46,47",1790,10,9,9,,,,,"journal objective family: bg_d2 | F-selected distance-labelled E* domain propagation and cycle detection | precedence configuration: F=distance_closure, P=pairwise, G=direct | Full Domain MxT schedule variables + explicit unary exclusions | (20),(22)-(27) exactly once over full domains | (22)-(27) session/fixed/forbidden exclusions as hard unit clauses | (19) participant atMost-one per slot | (46),(47) clustered table capacity with compact forward channeling | (28) Pairwise precedence over direct distance-labelled relations | exact break-group ends and unary break-group thresholds | exact schedule <-> usedSlot channeling | (43) exactly |Mp| full usedSlot variables | (44) atMost 2|L| busy participants per slot | (45) exact even number of busy participants | historical hard cap Delta_G <= 2",,,result
,,,,,,,,,tic-13crafc.forb0003,b2b-24632991b216de3c,b2b-lineage-tic-13crafc,forbidden,F-PW-DE-ST-BGD2-NIS-CD-IC12P,Full,Filter-E*,Pairwise,Direct-E,SpanThreshold,BreakGroupsD2,NonIncrementalSAT,IC12+,UNSAT,UNSAT,,,bg_d2,,,,,,,,0.114383,False,39.93,,,,Compact,Compact/Full,project_implementation,restart-based multi-phase SAT,26969,,,,,,,67564,0,67564,1800,25169,163064,46,cfg5__m-full__p-pairwise__g-direct__b-span_threshold__o-break_groups_d2__s-nonincrementalsat__i-imp12plus__backend-cadical,cfg5__m-full__p-pairwise__g-direct__b-span_threshold__o-break_groups_d2__s-nonincrementalsat__i-imp12plus__backend-cadical,full,distance_closure,pairwise,direct,NonIncrementalSAT,CaDiCaL,1.5.3,imp12+,span_threshold,total_break_groups_subject_to_range_at_most_2,BGD2,IC12P,163064,0,0,287,45575,18226,3476,,0,180,1,,,,,,0,0,0,0,0,,,"formalism-specific model size: SAT/MaxSAT reports base CNF and soft clauses, MIP reports variables/linear constraints/nonzeros, and CP reports integer variables plus linear/global constraints; SAT bound/totalizer overhead remains separate in optimizer_added_*",1800,1790,1781,1800,0,0,0,0,0,0,0,1,0.019643,0.002181,0.08668,,0.088861,0.025522,"wall-clock from immediately before reading/parsing the .dzn instance through model construction, optimization, solution decoding, and independent validation; excludes worker-process startup and result-file export",,,,,,,peak_process_tree_rss_mb,24632991b216de3c5b9dcf846d018ffada2a20cfa0e319990510ef396511d2eb,forb0003,data_table06_forb/tic-13crafc.forb0003.dzn,1,../noves/tic-13crafc.forb0003.dzn,1,data_table06_forb/tic-13crafc.forb0003.dzn,https://imae.udg.edu/Recerca/LAI/,https://ima.udg.edu/Recerca/lai/b2b/b2b.zip,ee1f440ab3f6db27ab712300ad3a54a31ffd5ec1e06f81a9ac37cb7202c56528,2026-08-10T10:42:19+00:00,7200.0,,ee80a6fbd8b513f7c010668495c39621a371266a,True,3.10.12,1.8.dev25,instance-20260810-085803,Linux-6.8.0-1064-gcp-x86_64-with-glibc2.35,x86_64,4,8,15988.059,1,0,/home/g24021555/Business-Meeting-Scheduling-Problem/.venv/bin/python3 /home/g24021555/Business-Meeting-Scheduling-Problem/src/Main.py --manifest instances_manifest.csv --family forbidden --solver sat_all --objective-mode bg_d2 --domain-mode both --domain-filter-graph both --precedence-encoding both --precedence-graph both --encoding-variant imp12+ --sat-backend cadical --maxsat-backend uwrmaxsat --uwrmaxsat-bin /home/g24021555/uwrmaxsat/build/release/bin/uwrmaxsat --timeout 7200 --csv output/full_matrix_bg_d2_forbidden.csv,,,,,,,,multiple,,cadical,,traditional,pairwise+direct,,45,"1,3,4,5,6,7,8,9,10,11,12,13,14,15,16,17,18,19,20,21,22,23,24,25,26,27,28,29,30,31,32,33,34,35,36,37,38,40,41,42,43,44,45,46,47",1790,10,9,9,,,,,"journal objective family: bg_d2 | F-selected distance-labelled E* domain propagation and cycle detection | precedence configuration: F=distance_closure, P=pairwise, G=direct | Full Domain MxT schedule variables + explicit unary exclusions | (20),(22)-(27) exactly once over full domains | (22)-(27) session/fixed/forbidden exclusions as hard unit clauses | (19) participant atMost-one per slot | (46),(47) clustered table capacity with compact forward channeling | (28) Pairwise precedence over direct distance-labelled relations | exact break-group ends and unary break-group thresholds | exact schedule <-> usedSlot channeling | (43) exactly |Mp| full usedSlot variables | (44) atMost 2|L| busy participants per slot | (45) exact even number of busy participants | historical hard cap Delta_G <= 2",,,result
,,,,,,,,,tic-13crafc.forb0003,b2b-24632991b216de3c,b2b-lineage-tic-13crafc,forbidden,F-PW-DE-ST-BGD2-UW-IC12P,Full,Filter-E*,Pairwise,Direct-E,SpanThreshold,BreakGroupsD2,UWrMaxSAT,IC12+,UNSAT,UNSAT,,,bg_d2,,,,,,,1,0.228409,False,46.543,,,,Compact,Compact/Full,project_implementation,one-shot weighted MaxSAT,26969,,,,,,,67564,180,67744,1800,25169,163244,46,cfg5__m-full__p-pairwise__g-direct__b-span_threshold__o-break_groups_d2__s-uwrmaxsat__i-imp12plus__backend-uwrmaxsat,cfg5__m-full__p-pairwise__g-direct__b-span_threshold__o-break_groups_d2__s-uwrmaxsat__i-imp12plus__backend-uwrmaxsat,full,distance_closure,pairwise,direct,UWrMaxSAT,UWrMaxSAT,binary-sha256:8c68c8a386d3d7847b50d315143c2bab60e3514e59510e84a649db83cb303876,imp12+,span_threshold,total_break_groups_subject_to_range_at_most_2,BGD2,IC12P,163064,180,1,287,45575,18226,3476,1,180,180,1,,,,,,0,0,0,0,0,,,"formalism-specific model size: SAT/MaxSAT reports base CNF and soft clauses, MIP reports variables/linear constraints/nonzeros, and CP reports integer variables plus linear/global constraints; SAT bound/totalizer overhead remains separate in optimizer_added_*",1800,1790,1781,1800,0,0,0,0,0,0,0,1,0.019496,0.002512,0.088894,,0.091405,0.137004,"wall-clock from immediately before reading/parsing the .dzn instance through model construction, optimization, solution decoding, and independent validation; excludes worker-process startup and result-file export",,,,,,,peak_process_tree_rss_mb,24632991b216de3c5b9dcf846d018ffada2a20cfa0e319990510ef396511d2eb,forb0003,data_table06_forb/tic-13crafc.forb0003.dzn,1,../noves/tic-13crafc.forb0003.dzn,1,data_table06_forb/tic-13crafc.forb0003.dzn,https://imae.udg.edu/Recerca/LAI/,https://ima.udg.edu/Recerca/lai/b2b/b2b.zip,ee1f440ab3f6db27ab712300ad3a54a31ffd5ec1e06f81a9ac37cb7202c56528,2026-08-10T10:42:19+00:00,7200.0,,ee80a6fbd8b513f7c010668495c39621a371266a,True,3.10.12,1.8.dev25,instance-20260810-085803,Linux-6.8.0-1064-gcp-x86_64-with-glibc2.35,x86_64,4,8,15988.059,1,0,/home/g24021555/Business-Meeting-Scheduling-Problem/.venv/bin/python3 /home/g24021555/Business-Meeting-Scheduling-Problem/src/Main.py --manifest instances_manifest.csv --family forbidden --solver sat_all --objective-mode bg_d2 --domain-mode both --domain-filter-graph both --precedence-encoding both --precedence-graph both --encoding-variant imp12+ --sat-backend cadical --maxsat-backend uwrmaxsat --uwrmaxsat-bin /home/g24021555/uwrmaxsat/build/release/bin/uwrmaxsat --timeout 7200 --csv output/full_matrix_bg_d2_forbidden.csv,/home/g24021555/uwrmaxsat/build/release/bin/uwrmaxsat,8c68c8a386d3d7847b50d315143c2bab60e3514e59510e84a649db83cb303876,/home/g24021555/uwrmaxsat/build/release/bin/uwrmaxsat -m /tmp/b2b_uwrmaxsat_963nx697/tic-13crafc.forb0003.wcnf,,process exit code=20,,,maxsat,uwrmaxsat,,/home/g24021555/uwrmaxsat/build/release/bin/uwrmaxsat,traditional,pairwise+direct,,45,"1,3,4,5,6,7,8,9,10,11,12,13,14,15,16,17,18,19,20,21,22,23,24,25,26,27,28,29,30,31,32,33,34,35,36,37,38,40,41,42,43,44,45,46,47",1790,10,9,9,,,,,"journal objective family: bg_d2 | F-selected distance-labelled E* domain propagation and cycle detection | precedence configuration: F=distance_closure, P=pairwise, G=direct | Full Domain MxT schedule variables + explicit unary exclusions | (20),(22)-(27) exactly once over full domains | (22)-(27) session/fixed/forbidden exclusions as hard unit clauses | (19) participant atMost-one per slot | (46),(47) clustered table capacity with compact forward channeling | (28) Pairwise precedence over direct distance-labelled relations | exact break-group ends and unary break-group thresholds | exact schedule <-> usedSlot channeling | (43) exactly |Mp| full usedSlot variables | (44) atMost 2|L| busy participants per slot | (45) exact even number of busy participants | historical hard cap Delta_G <= 2",,,result
,,,,,,,,,tic-13crafc.forb0003,b2b-24632991b216de3c,b2b-lineage-tic-13crafc,forbidden,F-PW-DC-ST-BGD2-IS-CD-IC12P,Full,Filter-E*,Pairwise,DistanceClosure-E*,SpanThreshold,BreakGroupsD2,IncrementalSAT,IC12+,UNSAT,UNSAT,,,bg_d2,,,,,,,,0.111287,False,40.562,,,,Compact,Compact/Full,project_implementation,incremental multi-phase SAT with persistent solver state,26969,,,,,,,67564,0,67564,1800,25169,163064,46,cfg5__m-full__p-pairwise__g-distance_closure__b-span_threshold__o-break_groups_d2__s-incrementalsat__i-imp12plus__backend-cadical,cfg5__m-full__p-pairwise__g-distance_closure__b-span_threshold__o-break_groups_d2__s-incrementalsat__i-imp12plus__backend-cadical,full,distance_closure,pairwise,distance_closure,IncrementalSAT,CaDiCaL,1.5.3,imp12+,span_threshold,total_break_groups_subject_to_range_at_most_2,BGD2,IC12P,163064,0,0,287,45575,18226,3476,,0,180,1,,,,,,0,0,0,0,0,,,"formalism-specific model size: SAT/MaxSAT reports base CNF and soft clauses, MIP reports variables/linear constraints/nonzeros, and CP reports integer variables plus linear/global constraints; SAT bound/totalizer overhead remains separate in optimizer_added_*",1800,1790,1781,1800,0,0,0,0,0,0,0,1,0.019897,0.002152,0.085903,,0.088055,0.023232,"wall-clock from immediately before reading/parsing the .dzn instance through model construction, optimization, solution decoding, and independent validation; excludes worker-process startup and result-file export",,,,,,,peak_process_tree_rss_mb,24632991b216de3c5b9dcf846d018ffada2a20cfa0e319990510ef396511d2eb,forb0003,data_table06_forb/tic-13crafc.forb0003.dzn,1,../noves/tic-13crafc.forb0003.dzn,1,data_table06_forb/tic-13crafc.forb0003.dzn,https://imae.udg.edu/Recerca/LAI/,https://ima.udg.edu/Recerca/lai/b2b/b2b.zip,ee1f440ab3f6db27ab712300ad3a54a31ffd5ec1e06f81a9ac37cb7202c56528,2026-08-10T10:42:19+00:00,7200.0,,ee80a6fbd8b513f7c010668495c39621a371266a,True,3.10.12,1.8.dev25,instance-20260810-085803,Linux-6.8.0-1064-gcp-x86_64-with-glibc2.35,x86_64,4,8,15988.059,1,0,/home/g24021555/Business-Meeting-Scheduling-Problem/.venv/bin/python3 /home/g24021555/Business-Meeting-Scheduling-Problem/src/Main.py --manifest instances_manifest.csv --family forbidden --solver sat_all --objective-mode bg_d2 --domain-mode both --domain-filter-graph both --precedence-encoding both --precedence-graph both --encoding-variant imp12+ --sat-backend cadical --maxsat-backend uwrmaxsat --uwrmaxsat-bin /home/g24021555/uwrmaxsat/build/release/bin/uwrmaxsat --timeout 7200 --csv output/full_matrix_bg_d2_forbidden.csv,,,,,,,,incremental,,cadical,,factorial,pairwise+distance_closure,,45,"1,3,4,5,6,7,8,9,10,11,12,13,14,15,16,17,18,19,20,21,22,23,24,25,26,27,28,29,30,31,32,33,34,35,36,37,38,40,41,42,43,44,45,46,47",1790,10,9,9,,,,,"journal objective family: bg_d2 | F-selected distance-labelled E* domain propagation and cycle detection | precedence configuration: F=distance_closure, P=pairwise, G=distance_closure | Full Domain MxT schedule variables + explicit unary exclusions | (20),(22)-(27) exactly once over full domains | (22)-(27) session/fixed/forbidden exclusions as hard unit clauses | (19) participant atMost-one per slot | (46),(47) clustered table capacity with compact forward channeling | (28) Pairwise precedence over distance_closure distance-labelled relations | exact break-group ends and unary break-group thresholds | exact schedule <-> usedSlot channeling | (43) exactly |Mp| full usedSlot variables | (44) atMost 2|L| busy participants per slot | (45) exact even number of busy participants | historical hard cap Delta_G <= 2",,,result
,,,,,,,,,tic-13crafc.forb0003,b2b-24632991b216de3c,b2b-lineage-tic-13crafc,forbidden,F-PW-DC-ST-BGD2-NIS-CD-IC12P,Full,Filter-E*,Pairwise,DistanceClosure-E*,SpanThreshold,BreakGroupsD2,NonIncrementalSAT,IC12+,UNSAT,UNSAT,,,bg_d2,,,,,,,,0.115389,False,39.348,,,,Compact,Compact/Full,project_implementation,restart-based multi-phase SAT,26969,,,,,,,67564,0,67564,1800,25169,163064,46,cfg5__m-full__p-pairwise__g-distance_closure__b-span_threshold__o-break_groups_d2__s-nonincrementalsat__i-imp12plus__backend-cadical,cfg5__m-full__p-pairwise__g-distance_closure__b-span_threshold__o-break_groups_d2__s-nonincrementalsat__i-imp12plus__backend-cadical,full,distance_closure,pairwise,distance_closure,NonIncrementalSAT,CaDiCaL,1.5.3,imp12+,span_threshold,total_break_groups_subject_to_range_at_most_2,BGD2,IC12P,163064,0,0,287,45575,18226,3476,,0,180,1,,,,,,0,0,0,0,0,,,"formalism-specific model size: SAT/MaxSAT reports base CNF and soft clauses, MIP reports variables/linear constraints/nonzeros, and CP reports integer variables plus linear/global constraints; SAT bound/totalizer overhead remains separate in optimizer_added_*",1800,1790,1781,1800,0,0,0,0,0,0,0,1,0.019518,0.002505,0.087904,,0.090409,0.02498,"wall-clock from immediately before reading/parsing the .dzn instance through model construction, optimization, solution decoding, and independent validation; excludes worker-process startup and result-file export",,,,,,,peak_process_tree_rss_mb,24632991b216de3c5b9dcf846d018ffada2a20cfa0e319990510ef396511d2eb,forb0003,data_table06_forb/tic-13crafc.forb0003.dzn,1,../noves/tic-13crafc.forb0003.dzn,1,data_table06_forb/tic-13crafc.forb0003.dzn,https://imae.udg.edu/Recerca/LAI/,https://ima.udg.edu/Recerca/lai/b2b/b2b.zip,ee1f440ab3f6db27ab712300ad3a54a31ffd5ec1e06f81a9ac37cb7202c56528,2026-08-10T10:42:19+00:00,7200.0,,ee80a6fbd8b513f7c010668495c39621a371266a,True,3.10.12,1.8.dev25,instance-20260810-085803,Linux-6.8.0-1064-gcp-x86_64-with-glibc2.35,x86_64,4,8,15988.059,1,0,/home/g24021555/Business-Meeting-Scheduling-Problem/.venv/bin/python3 /home/g24021555/Business-Meeting-Scheduling-Problem/src/Main.py --manifest instances_manifest.csv --family forbidden --solver sat_all --objective-mode bg_d2 --domain-mode both --domain-filter-graph both --precedence-encoding both --precedence-graph both --encoding-variant imp12+ --sat-backend cadical --maxsat-backend uwrmaxsat --uwrmaxsat-bin /home/g24021555/uwrmaxsat/build/release/bin/uwrmaxsat --timeout 7200 --csv output/full_matrix_bg_d2_forbidden.csv,,,,,,,,multiple,,cadical,,factorial,pairwise+distance_closure,,45,"1,3,4,5,6,7,8,9,10,11,12,13,14,15,16,17,18,19,20,21,22,23,24,25,26,27,28,29,30,31,32,33,34,35,36,37,38,40,41,42,43,44,45,46,47",1790,10,9,9,,,,,"journal objective family: bg_d2 | F-selected distance-labelled E* domain propagation and cycle detection | precedence configuration: F=distance_closure, P=pairwise, G=distance_closure | Full Domain MxT schedule variables + explicit unary exclusions | (20),(22)-(27) exactly once over full domains | (22)-(27) session/fixed/forbidden exclusions as hard unit clauses | (19) participant atMost-one per slot | (46),(47) clustered table capacity with compact forward channeling | (28) Pairwise precedence over distance_closure distance-labelled relations | exact break-group ends and unary break-group thresholds | exact schedule <-> usedSlot channeling | (43) exactly |Mp| full usedSlot variables | (44) atMost 2|L| busy participants per slot | (45) exact even number of busy participants | historical hard cap Delta_G <= 2",,,result
,,,,,,,,,tic-13crafc.forb0003,b2b-24632991b216de3c,b2b-lineage-tic-13crafc,forbidden,F-PW-DC-ST-BGD2-UW-IC12P,Full,Filter-E*,Pairwise,DistanceClosure-E*,SpanThreshold,BreakGroupsD2,UWrMaxSAT,IC12+,UNSAT,UNSAT,,,bg_d2,,,,,,,1,0.224911,False,46.438,,,,Compact,Compact/Full,project_implementation,one-shot weighted MaxSAT,26969,,,,,,,67564,180,67744,1800,25169,163244,46,cfg5__m-full__p-pairwise__g-distance_closure__b-span_threshold__o-break_groups_d2__s-uwrmaxsat__i-imp12plus__backend-uwrmaxsat,cfg5__m-full__p-pairwise__g-distance_closure__b-span_threshold__o-break_groups_d2__s-uwrmaxsat__i-imp12plus__backend-uwrmaxsat,full,distance_closure,pairwise,distance_closure,UWrMaxSAT,UWrMaxSAT,binary-sha256:8c68c8a386d3d7847b50d315143c2bab60e3514e59510e84a649db83cb303876,imp12+,span_threshold,total_break_groups_subject_to_range_at_most_2,BGD2,IC12P,163064,180,1,287,45575,18226,3476,1,180,180,1,,,,,,0,0,0,0,0,,,"formalism-specific model size: SAT/MaxSAT reports base CNF and soft clauses, MIP reports variables/linear constraints/nonzeros, and CP reports integer variables plus linear/global constraints; SAT bound/totalizer overhead remains separate in optimizer_added_*",1800,1790,1781,1800,0,0,0,0,0,0,0,1,0.019304,0.002558,0.090616,,0.093174,0.131737,"wall-clock from immediately before reading/parsing the .dzn instance through model construction, optimization, solution decoding, and independent validation; excludes worker-process startup and result-file export",,,,,,,peak_process_tree_rss_mb,24632991b216de3c5b9dcf846d018ffada2a20cfa0e319990510ef396511d2eb,forb0003,data_table06_forb/tic-13crafc.forb0003.dzn,1,../noves/tic-13crafc.forb0003.dzn,1,data_table06_forb/tic-13crafc.forb0003.dzn,https://imae.udg.edu/Recerca/LAI/,https://ima.udg.edu/Recerca/lai/b2b/b2b.zip,ee1f440ab3f6db27ab712300ad3a54a31ffd5ec1e06f81a9ac37cb7202c56528,2026-08-10T10:42:19+00:00,7200.0,,ee80a6fbd8b513f7c010668495c39621a371266a,True,3.10.12,1.8.dev25,instance-20260810-085803,Linux-6.8.0-1064-gcp-x86_64-with-glibc2.35,x86_64,4,8,15988.059,1,0,/home/g24021555/Business-Meeting-Scheduling-Problem/.venv/bin/python3 /home/g24021555/Business-Meeting-Scheduling-Problem/src/Main.py --manifest instances_manifest.csv --family forbidden --solver sat_all --objective-mode bg_d2 --domain-mode both --domain-filter-graph both --precedence-encoding both --precedence-graph both --encoding-variant imp12+ --sat-backend cadical --maxsat-backend uwrmaxsat --uwrmaxsat-bin /home/g24021555/uwrmaxsat/build/release/bin/uwrmaxsat --timeout 7200 --csv output/full_matrix_bg_d2_forbidden.csv,/home/g24021555/uwrmaxsat/build/release/bin/uwrmaxsat,8c68c8a386d3d7847b50d315143c2bab60e3514e59510e84a649db83cb303876,/home/g24021555/uwrmaxsat/build/release/bin/uwrmaxsat -m /tmp/b2b_uwrmaxsat_3xvu_byb/tic-13crafc.forb0003.wcnf,,process exit code=20,,,maxsat,uwrmaxsat,,/home/g24021555/uwrmaxsat/build/release/bin/uwrmaxsat,factorial,pairwise+distance_closure,,45,"1,3,4,5,6,7,8,9,10,11,12,13,14,15,16,17,18,19,20,21,22,23,24,25,26,27,28,29,30,31,32,33,34,35,36,37,38,40,41,42,43,44,45,46,47",1790,10,9,9,,,,,"journal objective family: bg_d2 | F-selected distance-labelled E* domain propagation and cycle detection | precedence configuration: F=distance_closure, P=pairwise, G=distance_closure | Full Domain MxT schedule variables + explicit unary exclusions | (20),(22)-(27) exactly once over full domains | (22)-(27) session/fixed/forbidden exclusions as hard unit clauses | (19) participant atMost-one per slot | (46),(47) clustered table capacity with compact forward channeling | (28) Pairwise precedence over distance_closure distance-labelled relations | exact break-group ends and unary break-group thresholds | exact schedule <-> usedSlot channeling | (43) exactly |Mp| full usedSlot variables | (44) atMost 2|L| busy participants per slot | (45) exact even number of busy participants | historical hard cap Delta_G <= 2",,,result
,,,,,,,,,tic-13crafc.forb0003,b2b-24632991b216de3c,b2b-lineage-tic-13crafc,forbidden,F-SS-DE-ST-BGD2-IS-CD-IC12P,Full,Filter-E*,SparseSuffix,Direct-E,SpanThreshold,BreakGroupsD2,IncrementalSAT,IC12+,UNSAT,UNSAT,,,bg_d2,,,,,,,,0.111028,False,40.633,,,,Compact,Compact/Full,project_implementation,incremental multi-phase SAT with persistent solver state,26969,,,,,,,67564,0,67564,1800,25169,163064,46,cfg5__m-full__p-sparse_suffix__g-direct__b-span_threshold__o-break_groups_d2__s-incrementalsat__i-imp12plus__backend-cadical,cfg5__m-full__p-sparse_suffix__g-direct__b-span_threshold__o-break_groups_d2__s-incrementalsat__i-imp12plus__backend-cadical,full,distance_closure,sparse_suffix,direct,IncrementalSAT,CaDiCaL,1.5.3,imp12+,span_threshold,total_break_groups_subject_to_range_at_most_2,BGD2,IC12P,163064,0,0,287,45575,18226,3476,,0,180,1,,,,,,0,0,0,0,0,,,"formalism-specific model size: SAT/MaxSAT reports base CNF and soft clauses, MIP reports variables/linear constraints/nonzeros, and CP reports integer variables plus linear/global constraints; SAT bound/totalizer overhead remains separate in optimizer_added_*",1800,1790,1781,1800,0,0,0,0,0,0,0,1,0.018797,0.002171,0.08519,,0.087362,0.023666,"wall-clock from immediately before reading/parsing the .dzn instance through model construction, optimization, solution decoding, and independent validation; excludes worker-process startup and result-file export",,,,,,,peak_process_tree_rss_mb,24632991b216de3c5b9dcf846d018ffada2a20cfa0e319990510ef396511d2eb,forb0003,data_table06_forb/tic-13crafc.forb0003.dzn,1,../noves/tic-13crafc.forb0003.dzn,1,data_table06_forb/tic-13crafc.forb0003.dzn,https://imae.udg.edu/Recerca/LAI/,https://ima.udg.edu/Recerca/lai/b2b/b2b.zip,ee1f440ab3f6db27ab712300ad3a54a31ffd5ec1e06f81a9ac37cb7202c56528,2026-08-10T10:42:19+00:00,7200.0,,ee80a6fbd8b513f7c010668495c39621a371266a,True,3.10.12,1.8.dev25,instance-20260810-085803,Linux-6.8.0-1064-gcp-x86_64-with-glibc2.35,x86_64,4,8,15988.059,1,0,/home/g24021555/Business-Meeting-Scheduling-Problem/.venv/bin/python3 /home/g24021555/Business-Meeting-Scheduling-Problem/src/Main.py --manifest instances_manifest.csv --family forbidden --solver sat_all --objective-mode bg_d2 --domain-mode both --domain-filter-graph both --precedence-encoding both --precedence-graph both --encoding-variant imp12+ --sat-backend cadical --maxsat-backend uwrmaxsat --uwrmaxsat-bin /home/g24021555/uwrmaxsat/build/release/bin/uwrmaxsat --timeout 7200 --csv output/full_matrix_bg_d2_forbidden.csv,,,,,,,,incremental,,cadical,,factorial,sparse_suffix+direct,,45,"1,3,4,5,6,7,8,9,10,11,12,13,14,15,16,17,18,19,20,21,22,23,24,25,26,27,28,29,30,31,32,33,34,35,36,37,38,40,41,42,43,44,45,46,47",1790,10,9,9,,,,,"journal objective family: bg_d2 | F-selected distance-labelled E* domain propagation and cycle detection | precedence configuration: F=distance_closure, P=sparse_suffix, G=direct | Full Domain MxT schedule variables + explicit unary exclusions | (20),(22)-(27) exactly once over full domains | (22)-(27) session/fixed/forbidden exclusions as hard unit clauses | (19) participant atMost-one per slot | (46),(47) clustered table capacity with compact forward channeling | (28) SparseSuffix precedence over direct distance-labelled relations | exact break-group ends and unary break-group thresholds | exact schedule <-> usedSlot channeling | (43) exactly |Mp| full usedSlot variables | (44) atMost 2|L| busy participants per slot | (45) exact even number of busy participants | historical hard cap Delta_G <= 2",,,result
,,,,,,,,,tic-13crafc.forb0003,b2b-24632991b216de3c,b2b-lineage-tic-13crafc,forbidden,F-SS-DE-ST-BGD2-NIS-CD-IC12P,Full,Filter-E*,SparseSuffix,Direct-E,SpanThreshold,BreakGroupsD2,NonIncrementalSAT,IC12+,UNSAT,UNSAT,,,bg_d2,,,,,,,,0.118284,False,44.645,,,,Compact,Compact/Full,project_implementation,restart-based multi-phase SAT,26969,,,,,,,67564,0,67564,1800,25169,163064,46,cfg5__m-full__p-sparse_suffix__g-direct__b-span_threshold__o-break_groups_d2__s-nonincrementalsat__i-imp12plus__backend-cadical,cfg5__m-full__p-sparse_suffix__g-direct__b-span_threshold__o-break_groups_d2__s-nonincrementalsat__i-imp12plus__backend-cadical,full,distance_closure,sparse_suffix,direct,NonIncrementalSAT,CaDiCaL,1.5.3,imp12+,span_threshold,total_break_groups_subject_to_range_at_most_2,BGD2,IC12P,163064,0,0,287,45575,18226,3476,,0,180,1,,,,,,0,0,0,0,0,,,"formalism-specific model size: SAT/MaxSAT reports base CNF and soft clauses, MIP reports variables/linear constraints/nonzeros, and CP reports integer variables plus linear/global constraints; SAT bound/totalizer overhead remains separate in optimizer_added_*",1800,1790,1781,1800,0,0,0,0,0,0,0,1,0.020624,0.002492,0.090036,,0.092528,0.025756,"wall-clock from immediately before reading/parsing the .dzn instance through model construction, optimization, solution decoding, and independent validation; excludes worker-process startup and result-file export",,,,,,,peak_process_tree_rss_mb,24632991b216de3c5b9dcf846d018ffada2a20cfa0e319990510ef396511d2eb,forb0003,data_table06_forb/tic-13crafc.forb0003.dzn,1,../noves/tic-13crafc.forb0003.dzn,1,data_table06_forb/tic-13crafc.forb0003.dzn,https://imae.udg.edu/Recerca/LAI/,https://ima.udg.edu/Recerca/lai/b2b/b2b.zip,ee1f440ab3f6db27ab712300ad3a54a31ffd5ec1e06f81a9ac37cb7202c56528,2026-08-10T10:42:19+00:00,7200.0,,ee80a6fbd8b513f7c010668495c39621a371266a,True,3.10.12,1.8.dev25,instance-20260810-085803,Linux-6.8.0-1064-gcp-x86_64-with-glibc2.35,x86_64,4,8,15988.059,1,0,/home/g24021555/Business-Meeting-Scheduling-Problem/.venv/bin/python3 /home/g24021555/Business-Meeting-Scheduling-Problem/src/Main.py --manifest instances_manifest.csv --family forbidden --solver sat_all --objective-mode bg_d2 --domain-mode both --domain-filter-graph both --precedence-encoding both --precedence-graph both --encoding-variant imp12+ --sat-backend cadical --maxsat-backend uwrmaxsat --uwrmaxsat-bin /home/g24021555/uwrmaxsat/build/release/bin/uwrmaxsat --timeout 7200 --csv output/full_matrix_bg_d2_forbidden.csv,,,,,,,,multiple,,cadical,,factorial,sparse_suffix+direct,,45,"1,3,4,5,6,7,8,9,10,11,12,13,14,15,16,17,18,19,20,21,22,23,24,25,26,27,28,29,30,31,32,33,34,35,36,37,38,40,41,42,43,44,45,46,47",1790,10,9,9,,,,,"journal objective family: bg_d2 | F-selected distance-labelled E* domain propagation and cycle detection | precedence configuration: F=distance_closure, P=sparse_suffix, G=direct | Full Domain MxT schedule variables + explicit unary exclusions | (20),(22)-(27) exactly once over full domains | (22)-(27) session/fixed/forbidden exclusions as hard unit clauses | (19) participant atMost-one per slot | (46),(47) clustered table capacity with compact forward channeling | (28) SparseSuffix precedence over direct distance-labelled relations | exact break-group ends and unary break-group thresholds | exact schedule <-> usedSlot channeling | (43) exactly |Mp| full usedSlot variables | (44) atMost 2|L| busy participants per slot | (45) exact even number of busy participants | historical hard cap Delta_G <= 2",,,result
,,,,,,,,,tic-13crafc.forb0003,b2b-24632991b216de3c,b2b-lineage-tic-13crafc,forbidden,F-SS-DE-ST-BGD2-UW-IC12P,Full,Filter-E*,SparseSuffix,Direct-E,SpanThreshold,BreakGroupsD2,UWrMaxSAT,IC12+,UNSAT,UNSAT,,,bg_d2,,,,,,,1,0.219082,False,46.355,,,,Compact,Compact/Full,project_implementation,one-shot weighted MaxSAT,26969,,,,,,,67564,180,67744,1800,25169,163244,46,cfg5__m-full__p-sparse_suffix__g-direct__b-span_threshold__o-break_groups_d2__s-uwrmaxsat__i-imp12plus__backend-uwrmaxsat,cfg5__m-full__p-sparse_suffix__g-direct__b-span_threshold__o-break_groups_d2__s-uwrmaxsat__i-imp12plus__backend-uwrmaxsat,full,distance_closure,sparse_suffix,direct,UWrMaxSAT,UWrMaxSAT,binary-sha256:8c68c8a386d3d7847b50d315143c2bab60e3514e59510e84a649db83cb303876,imp12+,span_threshold,total_break_groups_subject_to_range_at_most_2,BGD2,IC12P,163064,180,1,287,45575,18226,3476,1,180,180,1,,,,,,0,0,0,0,0,,,"formalism-specific model size: SAT/MaxSAT reports base CNF and soft clauses, MIP reports variables/linear constraints/nonzeros, and CP reports integer variables plus linear/global constraints; SAT bound/totalizer overhead remains separate in optimizer_added_*",1800,1790,1781,1800,0,0,0,0,0,0,0,1,0.019767,0.002526,0.088086,,0.090612,0.12847,"wall-clock from immediately before reading/parsing the .dzn instance through model construction, optimization, solution decoding, and independent validation; excludes worker-process startup and result-file export",,,,,,,peak_process_tree_rss_mb,24632991b216de3c5b9dcf846d018ffada2a20cfa0e319990510ef396511d2eb,forb0003,data_table06_forb/tic-13crafc.forb0003.dzn,1,../noves/tic-13crafc.forb0003.dzn,1,data_table06_forb/tic-13crafc.forb0003.dzn,https://imae.udg.edu/Recerca/LAI/,https://ima.udg.edu/Recerca/lai/b2b/b2b.zip,ee1f440ab3f6db27ab712300ad3a54a31ffd5ec1e06f81a9ac37cb7202c56528,2026-08-10T10:42:19+00:00,7200.0,,ee80a6fbd8b513f7c010668495c39621a371266a,True,3.10.12,1.8.dev25,instance-20260810-085803,Linux-6.8.0-1064-gcp-x86_64-with-glibc2.35,x86_64,4,8,15988.059,1,0,/home/g24021555/Business-Meeting-Scheduling-Problem/.venv/bin/python3 /home/g24021555/Business-Meeting-Scheduling-Problem/src/Main.py --manifest instances_manifest.csv --family forbidden --solver sat_all --objective-mode bg_d2 --domain-mode both --domain-filter-graph both --precedence-encoding both --precedence-graph both --encoding-variant imp12+ --sat-backend cadical --maxsat-backend uwrmaxsat --uwrmaxsat-bin /home/g24021555/uwrmaxsat/build/release/bin/uwrmaxsat --timeout 7200 --csv output/full_matrix_bg_d2_forbidden.csv,/home/g24021555/uwrmaxsat/build/release/bin/uwrmaxsat,8c68c8a386d3d7847b50d315143c2bab60e3514e59510e84a649db83cb303876,/home/g24021555/uwrmaxsat/build/release/bin/uwrmaxsat -m /tmp/b2b_uwrmaxsat_j9948zxr/tic-13crafc.forb0003.wcnf,,process exit code=20,,,maxsat,uwrmaxsat,,/home/g24021555/uwrmaxsat/build/release/bin/uwrmaxsat,factorial,sparse_suffix+direct,,45,"1,3,4,5,6,7,8,9,10,11,12,13,14,15,16,17,18,19,20,21,22,23,24,25,26,27,28,29,30,31,32,33,34,35,36,37,38,40,41,42,43,44,45,46,47",1790,10,9,9,,,,,"journal objective family: bg_d2 | F-selected distance-labelled E* domain propagation and cycle detection | precedence configuration: F=distance_closure, P=sparse_suffix, G=direct | Full Domain MxT schedule variables + explicit unary exclusions | (20),(22)-(27) exactly once over full domains | (22)-(27) session/fixed/forbidden exclusions as hard unit clauses | (19) participant atMost-one per slot | (46),(47) clustered table capacity with compact forward channeling | (28) SparseSuffix precedence over direct distance-labelled relations | exact break-group ends and unary break-group thresholds | exact schedule <-> usedSlot channeling | (43) exactly |Mp| full usedSlot variables | (44) atMost 2|L| busy participants per slot | (45) exact even number of busy participants | historical hard cap Delta_G <= 2",,,result
,,,,,,,,,tic-13crafc.forb0003,b2b-24632991b216de3c,b2b-lineage-tic-13crafc,forbidden,F-SS-DC-ST-BGD2-IS-CD-IC12P,Full,Filter-E*,SparseSuffix,DistanceClosure-E*,SpanThreshold,BreakGroupsD2,IncrementalSAT,IC12+,UNSAT,UNSAT,,,bg_d2,,,,,,,,0.112768,False,40.359,,,,Compact,Compact/Full,project_implementation,incremental multi-phase SAT with persistent solver state,26969,,,,,,,67564,0,67564,1800,25169,163064,46,cfg5__m-full__p-sparse_suffix__g-distance_closure__b-span_threshold__o-break_groups_d2__s-incrementalsat__i-imp12plus__backend-cadical,cfg5__m-full__p-sparse_suffix__g-distance_closure__b-span_threshold__o-break_groups_d2__s-incrementalsat__i-imp12plus__backend-cadical,full,distance_closure,sparse_suffix,distance_closure,IncrementalSAT,CaDiCaL,1.5.3,imp12+,span_threshold,total_break_groups_subject_to_range_at_most_2,BGD2,IC12P,163064,0,0,287,45575,18226,3476,,0,180,1,,,,,,0,0,0,0,0,,,"formalism-specific model size: SAT/MaxSAT reports base CNF and soft clauses, MIP reports variables/linear constraints/nonzeros, and CP reports integer variables plus linear/global constraints; SAT bound/totalizer overhead remains separate in optimizer_added_*",1800,1790,1781,1800,0,0,0,0,0,0,0,1,0.019066,0.002202,0.085313,,0.087516,0.025253,"wall-clock from immediately before reading/parsing the .dzn instance through model construction, optimization, solution decoding, and independent validation; excludes worker-process startup and result-file export",,,,,,,peak_process_tree_rss_mb,24632991b216de3c5b9dcf846d018ffada2a20cfa0e319990510ef396511d2eb,forb0003,data_table06_forb/tic-13crafc.forb0003.dzn,1,../noves/tic-13crafc.forb0003.dzn,1,data_table06_forb/tic-13crafc.forb0003.dzn,https://imae.udg.edu/Recerca/LAI/,https://ima.udg.edu/Recerca/lai/b2b/b2b.zip,ee1f440ab3f6db27ab712300ad3a54a31ffd5ec1e06f81a9ac37cb7202c56528,2026-08-10T10:42:19+00:00,7200.0,,ee80a6fbd8b513f7c010668495c39621a371266a,True,3.10.12,1.8.dev25,instance-20260810-085803,Linux-6.8.0-1064-gcp-x86_64-with-glibc2.35,x86_64,4,8,15988.059,1,0,/home/g24021555/Business-Meeting-Scheduling-Problem/.venv/bin/python3 /home/g24021555/Business-Meeting-Scheduling-Problem/src/Main.py --manifest instances_manifest.csv --family forbidden --solver sat_all --objective-mode bg_d2 --domain-mode both --domain-filter-graph both --precedence-encoding both --precedence-graph both --encoding-variant imp12+ --sat-backend cadical --maxsat-backend uwrmaxsat --uwrmaxsat-bin /home/g24021555/uwrmaxsat/build/release/bin/uwrmaxsat --timeout 7200 --csv output/full_matrix_bg_d2_forbidden.csv,,,,,,,,incremental,,cadical,,staircase,sparse_suffix+distance_closure,,45,"1,3,4,5,6,7,8,9,10,11,12,13,14,15,16,17,18,19,20,21,22,23,24,25,26,27,28,29,30,31,32,33,34,35,36,37,38,40,41,42,43,44,45,46,47",1790,10,9,9,,,,,"journal objective family: bg_d2 | F-selected distance-labelled E* domain propagation and cycle detection | precedence configuration: F=distance_closure, P=sparse_suffix, G=distance_closure | Full Domain MxT schedule variables + explicit unary exclusions | (20),(22)-(27) exactly once over full domains | (22)-(27) session/fixed/forbidden exclusions as hard unit clauses | (19) participant atMost-one per slot | (46),(47) clustered table capacity with compact forward channeling | (28) SparseSuffix precedence over distance_closure distance-labelled relations | exact break-group ends and unary break-group thresholds | exact schedule <-> usedSlot channeling | (43) exactly |Mp| full usedSlot variables | (44) atMost 2|L| busy participants per slot | (45) exact even number of busy participants | historical hard cap Delta_G <= 2",,,result
,,,,,,,,,tic-13crafc.forb0003,b2b-24632991b216de3c,b2b-lineage-tic-13crafc,forbidden,F-SS-DC-ST-BGD2-NIS-CD-IC12P,Full,Filter-E*,SparseSuffix,DistanceClosure-E*,SpanThreshold,BreakGroupsD2,NonIncrementalSAT,IC12+,UNSAT,UNSAT,,,bg_d2,,,,,,,,0.116689,False,40.195,,,,Compact,Compact/Full,project_implementation,restart-based multi-phase SAT,26969,,,,,,,67564,0,67564,1800,25169,163064,46,cfg5__m-full__p-sparse_suffix__g-distance_closure__b-span_threshold__o-break_groups_d2__s-nonincrementalsat__i-imp12plus__backend-cadical,cfg5__m-full__p-sparse_suffix__g-distance_closure__b-span_threshold__o-break_groups_d2__s-nonincrementalsat__i-imp12plus__backend-cadical,full,distance_closure,sparse_suffix,distance_closure,NonIncrementalSAT,CaDiCaL,1.5.3,imp12+,span_threshold,total_break_groups_subject_to_range_at_most_2,BGD2,IC12P,163064,0,0,287,45575,18226,3476,,0,180,1,,,,,,0,0,0,0,0,,,"formalism-specific model size: SAT/MaxSAT reports base CNF and soft clauses, MIP reports variables/linear constraints/nonzeros, and CP reports integer variables plus linear/global constraints; SAT bound/totalizer overhead remains separate in optimizer_added_*",1800,1790,1781,1800,0,0,0,0,0,0,0,1,0.018622,0.002512,0.087775,,0.090288,0.026401,"wall-clock from immediately before reading/parsing the .dzn instance through model construction, optimization, solution decoding, and independent validation; excludes worker-process startup and result-file export",,,,,,,peak_process_tree_rss_mb,24632991b216de3c5b9dcf846d018ffada2a20cfa0e319990510ef396511d2eb,forb0003,data_table06_forb/tic-13crafc.forb0003.dzn,1,../noves/tic-13crafc.forb0003.dzn,1,data_table06_forb/tic-13crafc.forb0003.dzn,https://imae.udg.edu/Recerca/LAI/,https://ima.udg.edu/Recerca/lai/b2b/b2b.zip,ee1f440ab3f6db27ab712300ad3a54a31ffd5ec1e06f81a9ac37cb7202c56528,2026-08-10T10:42:19+00:00,7200.0,,ee80a6fbd8b513f7c010668495c39621a371266a,True,3.10.12,1.8.dev25,instance-20260810-085803,Linux-6.8.0-1064-gcp-x86_64-with-glibc2.35,x86_64,4,8,15988.059,1,0,/home/g24021555/Business-Meeting-Scheduling-Problem/.venv/bin/python3 /home/g24021555/Business-Meeting-Scheduling-Problem/src/Main.py --manifest instances_manifest.csv --family forbidden --solver sat_all --objective-mode bg_d2 --domain-mode both --domain-filter-graph both --precedence-encoding both --precedence-graph both --encoding-variant imp12+ --sat-backend cadical --maxsat-backend uwrmaxsat --uwrmaxsat-bin /home/g24021555/uwrmaxsat/build/release/bin/uwrmaxsat --timeout 7200 --csv output/full_matrix_bg_d2_forbidden.csv,,,,,,,,multiple,,cadical,,staircase,sparse_suffix+distance_closure,,45,"1,3,4,5,6,7,8,9,10,11,12,13,14,15,16,17,18,19,20,21,22,23,24,25,26,27,28,29,30,31,32,33,34,35,36,37,38,40,41,42,43,44,45,46,47",1790,10,9,9,,,,,"journal objective family: bg_d2 | F-selected distance-labelled E* domain propagation and cycle detection | precedence configuration: F=distance_closure, P=sparse_suffix, G=distance_closure | Full Domain MxT schedule variables + explicit unary exclusions | (20),(22)-(27) exactly once over full domains | (22)-(27) session/fixed/forbidden exclusions as hard unit clauses | (19) participant atMost-one per slot | (46),(47) clustered table capacity with compact forward channeling | (28) SparseSuffix precedence over distance_closure distance-labelled relations | exact break-group ends and unary break-group thresholds | exact schedule <-> usedSlot channeling | (43) exactly |Mp| full usedSlot variables | (44) atMost 2|L| busy participants per slot | (45) exact even number of busy participants | historical hard cap Delta_G <= 2",,,result
,,,,,,,,,tic-13crafc.forb0003,b2b-24632991b216de3c,b2b-lineage-tic-13crafc,forbidden,F-SS-DC-ST-BGD2-UW-IC12P,Full,Filter-E*,SparseSuffix,DistanceClosure-E*,SpanThreshold,BreakGroupsD2,UWrMaxSAT,IC12+,UNSAT,UNSAT,,,bg_d2,,,,,,,1,0.229457,False,46.324,,,,Compact,Compact/Full,project_implementation,one-shot weighted MaxSAT,26969,,,,,,,67564,180,67744,1800,25169,163244,46,cfg5__m-full__p-sparse_suffix__g-distance_closure__b-span_threshold__o-break_groups_d2__s-uwrmaxsat__i-imp12plus__backend-uwrmaxsat,cfg5__m-full__p-sparse_suffix__g-distance_closure__b-span_threshold__o-break_groups_d2__s-uwrmaxsat__i-imp12plus__backend-uwrmaxsat,full,distance_closure,sparse_suffix,distance_closure,UWrMaxSAT,UWrMaxSAT,binary-sha256:8c68c8a386d3d7847b50d315143c2bab60e3514e59510e84a649db83cb303876,imp12+,span_threshold,total_break_groups_subject_to_range_at_most_2,BGD2,IC12P,163064,180,1,287,45575,18226,3476,1,180,180,1,,,,,,0,0,0,0,0,,,"formalism-specific model size: SAT/MaxSAT reports base CNF and soft clauses, MIP reports variables/linear constraints/nonzeros, and CP reports integer variables plus linear/global constraints; SAT bound/totalizer overhead remains separate in optimizer_added_*",1800,1790,1781,1800,0,0,0,0,0,0,0,1,0.017897,0.002199,0.088994,,0.091193,0.138264,"wall-clock from immediately before reading/parsing the .dzn instance through model construction, optimization, solution decoding, and independent validation; excludes worker-process startup and result-file export",,,,,,,peak_process_tree_rss_mb,24632991b216de3c5b9dcf846d018ffada2a20cfa0e319990510ef396511d2eb,forb0003,data_table06_forb/tic-13crafc.forb0003.dzn,1,../noves/tic-13crafc.forb0003.dzn,1,data_table06_forb/tic-13crafc.forb0003.dzn,https://imae.udg.edu/Recerca/LAI/,https://ima.udg.edu/Recerca/lai/b2b/b2b.zip,ee1f440ab3f6db27ab712300ad3a54a31ffd5ec1e06f81a9ac37cb7202c56528,2026-08-10T10:42:19+00:00,7200.0,,ee80a6fbd8b513f7c010668495c39621a371266a,True,3.10.12,1.8.dev25,instance-20260810-085803,Linux-6.8.0-1064-gcp-x86_64-with-glibc2.35,x86_64,4,8,15988.059,1,0,/home/g24021555/Business-Meeting-Scheduling-Problem/.venv/bin/python3 /home/g24021555/Business-Meeting-Scheduling-Problem/src/Main.py --manifest instances_manifest.csv --family forbidden --solver sat_all --objective-mode bg_d2 --domain-mode both --domain-filter-graph both --precedence-encoding both --precedence-graph both --encoding-variant imp12+ --sat-backend cadical --maxsat-backend uwrmaxsat --uwrmaxsat-bin /home/g24021555/uwrmaxsat/build/release/bin/uwrmaxsat --timeout 7200 --csv output/full_matrix_bg_d2_forbidden.csv,/home/g24021555/uwrmaxsat/build/release/bin/uwrmaxsat,8c68c8a386d3d7847b50d315143c2bab60e3514e59510e84a649db83cb303876,/home/g24021555/uwrmaxsat/build/release/bin/uwrmaxsat -m /tmp/b2b_uwrmaxsat_a2c9xvxr/tic-13crafc.forb0003.wcnf,,process exit code=20,,,maxsat,uwrmaxsat,,/home/g24021555/uwrmaxsat/build/release/bin/uwrmaxsat,staircase,sparse_suffix+distance_closure,,45,"1,3,4,5,6,7,8,9,10,11,12,13,14,15,16,17,18,19,20,21,22,23,24,25,26,27,28,29,30,31,32,33,34,35,36,37,38,40,41,42,43,44,45,46,47",1790,10,9,9,,,,,"journal objective family: bg_d2 | F-selected distance-labelled E* domain propagation and cycle detection | precedence configuration: F=distance_closure, P=sparse_suffix, G=distance_closure | Full Domain MxT schedule variables + explicit unary exclusions | (20),(22)-(27) exactly once over full domains | (22)-(27) session/fixed/forbidden exclusions as hard unit clauses | (19) participant atMost-one per slot | (46),(47) clustered table capacity with compact forward channeling | (28) SparseSuffix precedence over distance_closure distance-labelled relations | exact break-group ends and unary break-group thresholds | exact schedule <-> usedSlot channeling | (43) exactly |Mp| full usedSlot variables | (44) atMost 2|L| busy participants per slot | (45) exact even number of busy participants | historical hard cap Delta_G <= 2",,,result
,,,,,,,,,tic-13crafc.forb0003,b2b-24632991b216de3c,b2b-lineage-tic-13crafc,forbidden,R-PW-DE-ST-BGD2-IS-CD-IC12P,Reduced,Filter-E*,Pairwise,Direct-E,SpanThreshold,BreakGroupsD2,IncrementalSAT,IC12+,UNSAT,UNSAT,,,bg_d2,,,,,,,,0.108496,False,40.137,,,,Compact,Compact/Reduced,project_implementation,incremental multi-phase SAT with persistent solver state,26925,,,,,,,67127,0,67127,1781,25144,162127,46,cfg5__m-reduced__p-pairwise__g-direct__b-span_threshold__o-break_groups_d2__s-incrementalsat__i-imp12plus__backend-cadical,cfg5__m-reduced__p-pairwise__g-direct__b-span_threshold__o-break_groups_d2__s-incrementalsat__i-imp12plus__backend-cadical,reduced,distance_closure,pairwise,direct,IncrementalSAT,CaDiCaL,1.5.3,imp12+,span_threshold,total_break_groups_subject_to_range_at_most_2,BGD2,IC12P,162127,0,0,267,45194,18192,3472,,0,180,1,,,,,,0,0,0,0,0,,,"formalism-specific model size: SAT/MaxSAT reports base CNF and soft clauses, MIP reports variables/linear constraints/nonzeros, and CP reports integer variables plus linear/global constraints; SAT bound/totalizer overhead remains separate in optimizer_added_*",1800,1790,1781,1781,0,0,0,0,0,0,0,1,0.019014,0.002369,0.085946,,0.088316,0.020181,"wall-clock from immediately before reading/parsing the .dzn instance through model construction, optimization, solution decoding, and independent validation; excludes worker-process startup and result-file export",,,,,,,peak_process_tree_rss_mb,24632991b216de3c5b9dcf846d018ffada2a20cfa0e319990510ef396511d2eb,forb0003,data_table06_forb/tic-13crafc.forb0003.dzn,1,../noves/tic-13crafc.forb0003.dzn,1,data_table06_forb/tic-13crafc.forb0003.dzn,https://imae.udg.edu/Recerca/LAI/,https://ima.udg.edu/Recerca/lai/b2b/b2b.zip,ee1f440ab3f6db27ab712300ad3a54a31ffd5ec1e06f81a9ac37cb7202c56528,2026-08-10T10:42:19+00:00,7200.0,,ee80a6fbd8b513f7c010668495c39621a371266a,True,3.10.12,1.8.dev25,instance-20260810-085803,Linux-6.8.0-1064-gcp-x86_64-with-glibc2.35,x86_64,4,8,15988.059,1,0,/home/g24021555/Business-Meeting-Scheduling-Problem/.venv/bin/python3 /home/g24021555/Business-Meeting-Scheduling-Problem/src/Main.py --manifest instances_manifest.csv --family forbidden --solver sat_all --objective-mode bg_d2 --domain-mode both --domain-filter-graph both --precedence-encoding both --precedence-graph both --encoding-variant imp12+ --sat-backend cadical --maxsat-backend uwrmaxsat --uwrmaxsat-bin /home/g24021555/uwrmaxsat/build/release/bin/uwrmaxsat --timeout 7200 --csv output/full_matrix_bg_d2_forbidden.csv,,,,,,,,incremental,,cadical,,traditional,pairwise+direct,,45,"1,3,4,5,6,7,8,9,10,11,12,13,14,15,16,17,18,19,20,21,22,23,24,25,26,27,28,29,30,31,32,33,34,35,36,37,38,40,41,42,43,44,45,46,47",1790,10,9,9,,,,,"journal objective family: bg_d2 | F-selected distance-labelled E* domain propagation and cycle detection | precedence configuration: F=distance_closure, P=pairwise, G=direct | Reduced Domain variables after unary filtering + matching GAC + slot saturation | (20),(22)-(27) exactly once over reduced domains | (19) participant atMost-one per slot | (46),(47) clustered table capacity with compact forward channeling | (28) Pairwise precedence over direct distance-labelled relations | exact break-group ends and unary break-group thresholds | exact schedule <-> usedSlot channeling | (43) exactly |Mp| reduced usedSlot variables | (44) atMost 2|L| busy participants per slot | (45) exact even number of busy participants | historical hard cap Delta_G <= 2",,,result
,,,,,,,,,tic-13crafc.forb0003,b2b-24632991b216de3c,b2b-lineage-tic-13crafc,forbidden,R-PW-DE-ST-BGD2-NIS-CD-IC12P,Reduced,Filter-E*,Pairwise,Direct-E,SpanThreshold,BreakGroupsD2,NonIncrementalSAT,IC12+,UNSAT,UNSAT,,,bg_d2,,,,,,,,0.108777,False,40.047,,,,Compact,Compact/Reduced,project_implementation,restart-based multi-phase SAT,26925,,,,,,,67127,0,67127,1781,25144,162127,46,cfg5__m-reduced__p-pairwise__g-direct__b-span_threshold__o-break_groups_d2__s-nonincrementalsat__i-imp12plus__backend-cadical,cfg5__m-reduced__p-pairwise__g-direct__b-span_threshold__o-break_groups_d2__s-nonincrementalsat__i-imp12plus__backend-cadical,reduced,distance_closure,pairwise,direct,NonIncrementalSAT,CaDiCaL,1.5.3,imp12+,span_threshold,total_break_groups_subject_to_range_at_most_2,BGD2,IC12P,162127,0,0,267,45194,18192,3472,,0,180,1,,,,,,0,0,0,0,0,,,"formalism-specific model size: SAT/MaxSAT reports base CNF and soft clauses, MIP reports variables/linear constraints/nonzeros, and CP reports integer variables plus linear/global constraints; SAT bound/totalizer overhead remains separate in optimizer_added_*",1800,1790,1781,1781,0,0,0,0,0,0,0,1,0.018581,0.002185,0.086753,,0.088938,0.01984,"wall-clock from immediately before reading/parsing the .dzn instance through model construction, optimization, solution decoding, and independent validation; excludes worker-process startup and result-file export",,,,,,,peak_process_tree_rss_mb,24632991b216de3c5b9dcf846d018ffada2a20cfa0e319990510ef396511d2eb,forb0003,data_table06_forb/tic-13crafc.forb0003.dzn,1,../noves/tic-13crafc.forb0003.dzn,1,data_table06_forb/tic-13crafc.forb0003.dzn,https://imae.udg.edu/Recerca/LAI/,https://ima.udg.edu/Recerca/lai/b2b/b2b.zip,ee1f440ab3f6db27ab712300ad3a54a31ffd5ec1e06f81a9ac37cb7202c56528,2026-08-10T10:42:19+00:00,7200.0,,ee80a6fbd8b513f7c010668495c39621a371266a,True,3.10.12,1.8.dev25,instance-20260810-085803,Linux-6.8.0-1064-gcp-x86_64-with-glibc2.35,x86_64,4,8,15988.059,1,0,/home/g24021555/Business-Meeting-Scheduling-Problem/.venv/bin/python3 /home/g24021555/Business-Meeting-Scheduling-Problem/src/Main.py --manifest instances_manifest.csv --family forbidden --solver sat_all --objective-mode bg_d2 --domain-mode both --domain-filter-graph both --precedence-encoding both --precedence-graph both --encoding-variant imp12+ --sat-backend cadical --maxsat-backend uwrmaxsat --uwrmaxsat-bin /home/g24021555/uwrmaxsat/build/release/bin/uwrmaxsat --timeout 7200 --csv output/full_matrix_bg_d2_forbidden.csv,,,,,,,,multiple,,cadical,,traditional,pairwise+direct,,45,"1,3,4,5,6,7,8,9,10,11,12,13,14,15,16,17,18,19,20,21,22,23,24,25,26,27,28,29,30,31,32,33,34,35,36,37,38,40,41,42,43,44,45,46,47",1790,10,9,9,,,,,"journal objective family: bg_d2 | F-selected distance-labelled E* domain propagation and cycle detection | precedence configuration: F=distance_closure, P=pairwise, G=direct | Reduced Domain variables after unary filtering + matching GAC + slot saturation | (20),(22)-(27) exactly once over reduced domains | (19) participant atMost-one per slot | (46),(47) clustered table capacity with compact forward channeling | (28) Pairwise precedence over direct distance-labelled relations | exact break-group ends and unary break-group thresholds | exact schedule <-> usedSlot channeling | (43) exactly |Mp| reduced usedSlot variables | (44) atMost 2|L| busy participants per slot | (45) exact even number of busy participants | historical hard cap Delta_G <= 2",,,result
,,,,,,,,,tic-13crafc.forb0003,b2b-24632991b216de3c,b2b-lineage-tic-13crafc,forbidden,R-PW-DE-ST-BGD2-UW-IC12P,Reduced,Filter-E*,Pairwise,Direct-E,SpanThreshold,BreakGroupsD2,UWrMaxSAT,IC12+,UNSAT,UNSAT,,,bg_d2,,,,,,,1,0.21972,False,46.379,,,,Compact,Compact/Reduced,project_implementation,one-shot weighted MaxSAT,26925,,,,,,,67127,180,67307,1781,25144,162307,46,cfg5__m-reduced__p-pairwise__g-direct__b-span_threshold__o-break_groups_d2__s-uwrmaxsat__i-imp12plus__backend-uwrmaxsat,cfg5__m-reduced__p-pairwise__g-direct__b-span_threshold__o-break_groups_d2__s-uwrmaxsat__i-imp12plus__backend-uwrmaxsat,reduced,distance_closure,pairwise,direct,UWrMaxSAT,UWrMaxSAT,binary-sha256:8c68c8a386d3d7847b50d315143c2bab60e3514e59510e84a649db83cb303876,imp12+,span_threshold,total_break_groups_subject_to_range_at_most_2,BGD2,IC12P,162127,180,1,267,45194,18192,3472,1,180,180,1,,,,,,0,0,0,0,0,,,"formalism-specific model size: SAT/MaxSAT reports base CNF and soft clauses, MIP reports variables/linear constraints/nonzeros, and CP reports integer variables plus linear/global constraints; SAT bound/totalizer overhead remains separate in optimizer_added_*",1800,1790,1781,1781,0,0,0,0,0,0,0,1,0.019776,0.002458,0.086306,,0.088764,0.130956,"wall-clock from immediately before reading/parsing the .dzn instance through model construction, optimization, solution decoding, and independent validation; excludes worker-process startup and result-file export",,,,,,,peak_process_tree_rss_mb,24632991b216de3c5b9dcf846d018ffada2a20cfa0e319990510ef396511d2eb,forb0003,data_table06_forb/tic-13crafc.forb0003.dzn,1,../noves/tic-13crafc.forb0003.dzn,1,data_table06_forb/tic-13crafc.forb0003.dzn,https://imae.udg.edu/Recerca/LAI/,https://ima.udg.edu/Recerca/lai/b2b/b2b.zip,ee1f440ab3f6db27ab712300ad3a54a31ffd5ec1e06f81a9ac37cb7202c56528,2026-08-10T10:42:19+00:00,7200.0,,ee80a6fbd8b513f7c010668495c39621a371266a,True,3.10.12,1.8.dev25,instance-20260810-085803,Linux-6.8.0-1064-gcp-x86_64-with-glibc2.35,x86_64,4,8,15988.059,1,0,/home/g24021555/Business-Meeting-Scheduling-Problem/.venv/bin/python3 /home/g24021555/Business-Meeting-Scheduling-Problem/src/Main.py --manifest instances_manifest.csv --family forbidden --solver sat_all --objective-mode bg_d2 --domain-mode both --domain-filter-graph both --precedence-encoding both --precedence-graph both --encoding-variant imp12+ --sat-backend cadical --maxsat-backend uwrmaxsat --uwrmaxsat-bin /home/g24021555/uwrmaxsat/build/release/bin/uwrmaxsat --timeout 7200 --csv output/full_matrix_bg_d2_forbidden.csv,/home/g24021555/uwrmaxsat/build/release/bin/uwrmaxsat,8c68c8a386d3d7847b50d315143c2bab60e3514e59510e84a649db83cb303876,/home/g24021555/uwrmaxsat/build/release/bin/uwrmaxsat -m /tmp/b2b_uwrmaxsat__pc_4lc9/tic-13crafc.forb0003.wcnf,,process exit code=20,,,maxsat,uwrmaxsat,,/home/g24021555/uwrmaxsat/build/release/bin/uwrmaxsat,traditional,pairwise+direct,,45,"1,3,4,5,6,7,8,9,10,11,12,13,14,15,16,17,18,19,20,21,22,23,24,25,26,27,28,29,30,31,32,33,34,35,36,37,38,40,41,42,43,44,45,46,47",1790,10,9,9,,,,,"journal objective family: bg_d2 | F-selected distance-labelled E* domain propagation and cycle detection | precedence configuration: F=distance_closure, P=pairwise, G=direct | Reduced Domain variables after unary filtering + matching GAC + slot saturation | (20),(22)-(27) exactly once over reduced domains | (19) participant atMost-one per slot | (46),(47) clustered table capacity with compact forward channeling | (28) Pairwise precedence over direct distance-labelled relations | exact break-group ends and unary break-group thresholds | exact schedule <-> usedSlot channeling | (43) exactly |Mp| reduced usedSlot variables | (44) atMost 2|L| busy participants per slot | (45) exact even number of busy participants | historical hard cap Delta_G <= 2",,,result
,,,,,,,,,tic-13crafc.forb0003,b2b-24632991b216de3c,b2b-lineage-tic-13crafc,forbidden,R-PW-DC-ST-BGD2-IS-CD-IC12P,Reduced,Filter-E*,Pairwise,DistanceClosure-E*,SpanThreshold,BreakGroupsD2,IncrementalSAT,IC12+,UNSAT,UNSAT,,,bg_d2,,,,,,,,0.109694,False,40.113,,,,Compact,Compact/Reduced,project_implementation,incremental multi-phase SAT with persistent solver state,26925,,,,,,,67127,0,67127,1781,25144,162127,46,cfg5__m-reduced__p-pairwise__g-distance_closure__b-span_threshold__o-break_groups_d2__s-incrementalsat__i-imp12plus__backend-cadical,cfg5__m-reduced__p-pairwise__g-distance_closure__b-span_threshold__o-break_groups_d2__s-incrementalsat__i-imp12plus__backend-cadical,reduced,distance_closure,pairwise,distance_closure,IncrementalSAT,CaDiCaL,1.5.3,imp12+,span_threshold,total_break_groups_subject_to_range_at_most_2,BGD2,IC12P,162127,0,0,267,45194,18192,3472,,0,180,1,,,,,,0,0,0,0,0,,,"formalism-specific model size: SAT/MaxSAT reports base CNF and soft clauses, MIP reports variables/linear constraints/nonzeros, and CP reports integer variables plus linear/global constraints; SAT bound/totalizer overhead remains separate in optimizer_added_*",1800,1790,1781,1781,0,0,0,0,0,0,0,1,0.017998,0.002366,0.086229,,0.088595,0.021099,"wall-clock from immediately before reading/parsing the .dzn instance through model construction, optimization, solution decoding, and independent validation; excludes worker-process startup and result-file export",,,,,,,peak_process_tree_rss_mb,24632991b216de3c5b9dcf846d018ffada2a20cfa0e319990510ef396511d2eb,forb0003,data_table06_forb/tic-13crafc.forb0003.dzn,1,../noves/tic-13crafc.forb0003.dzn,1,data_table06_forb/tic-13crafc.forb0003.dzn,https://imae.udg.edu/Recerca/LAI/,https://ima.udg.edu/Recerca/lai/b2b/b2b.zip,ee1f440ab3f6db27ab712300ad3a54a31ffd5ec1e06f81a9ac37cb7202c56528,2026-08-10T10:42:19+00:00,7200.0,,ee80a6fbd8b513f7c010668495c39621a371266a,True,3.10.12,1.8.dev25,instance-20260810-085803,Linux-6.8.0-1064-gcp-x86_64-with-glibc2.35,x86_64,4,8,15988.059,1,0,/home/g24021555/Business-Meeting-Scheduling-Problem/.venv/bin/python3 /home/g24021555/Business-Meeting-Scheduling-Problem/src/Main.py --manifest instances_manifest.csv --family forbidden --solver sat_all --objective-mode bg_d2 --domain-mode both --domain-filter-graph both --precedence-encoding both --precedence-graph both --encoding-variant imp12+ --sat-backend cadical --maxsat-backend uwrmaxsat --uwrmaxsat-bin /home/g24021555/uwrmaxsat/build/release/bin/uwrmaxsat --timeout 7200 --csv output/full_matrix_bg_d2_forbidden.csv,,,,,,,,incremental,,cadical,,factorial,pairwise+distance_closure,,45,"1,3,4,5,6,7,8,9,10,11,12,13,14,15,16,17,18,19,20,21,22,23,24,25,26,27,28,29,30,31,32,33,34,35,36,37,38,40,41,42,43,44,45,46,47",1790,10,9,9,,,,,"journal objective family: bg_d2 | F-selected distance-labelled E* domain propagation and cycle detection | precedence configuration: F=distance_closure, P=pairwise, G=distance_closure | Reduced Domain variables after unary filtering + matching GAC + slot saturation | (20),(22)-(27) exactly once over reduced domains | (19) participant atMost-one per slot | (46),(47) clustered table capacity with compact forward channeling | (28) Pairwise precedence over distance_closure distance-labelled relations | exact break-group ends and unary break-group thresholds | exact schedule <-> usedSlot channeling | (43) exactly |Mp| reduced usedSlot variables | (44) atMost 2|L| busy participants per slot | (45) exact even number of busy participants | historical hard cap Delta_G <= 2",,,result
,,,,,,,,,tic-13crafc.forb0003,b2b-24632991b216de3c,b2b-lineage-tic-13crafc,forbidden,R-PW-DC-ST-BGD2-NIS-CD-IC12P,Reduced,Filter-E*,Pairwise,DistanceClosure-E*,SpanThreshold,BreakGroupsD2,NonIncrementalSAT,IC12+,UNSAT,UNSAT,,,bg_d2,,,,,,,,0.107912,False,40.113,,,,Compact,Compact/Reduced,project_implementation,restart-based multi-phase SAT,26925,,,,,,,67127,0,67127,1781,25144,162127,46,cfg5__m-reduced__p-pairwise__g-distance_closure__b-span_threshold__o-break_groups_d2__s-nonincrementalsat__i-imp12plus__backend-cadical,cfg5__m-reduced__p-pairwise__g-distance_closure__b-span_threshold__o-break_groups_d2__s-nonincrementalsat__i-imp12plus__backend-cadical,reduced,distance_closure,pairwise,distance_closure,NonIncrementalSAT,CaDiCaL,1.5.3,imp12+,span_threshold,total_break_groups_subject_to_range_at_most_2,BGD2,IC12P,162127,0,0,267,45194,18192,3472,,0,180,1,,,,,,0,0,0,0,0,,,"formalism-specific model size: SAT/MaxSAT reports base CNF and soft clauses, MIP reports variables/linear constraints/nonzeros, and CP reports integer variables plus linear/global constraints; SAT bound/totalizer overhead remains separate in optimizer_added_*",1800,1790,1781,1781,0,0,0,0,0,0,0,1,0.01893,0.002188,0.085,,0.087188,0.020725,"wall-clock from immediately before reading/parsing the .dzn instance through model construction, optimization, solution decoding, and independent validation; excludes worker-process startup and result-file export",,,,,,,peak_process_tree_rss_mb,24632991b216de3c5b9dcf846d018ffada2a20cfa0e319990510ef396511d2eb,forb0003,data_table06_forb/tic-13crafc.forb0003.dzn,1,../noves/tic-13crafc.forb0003.dzn,1,data_table06_forb/tic-13crafc.forb0003.dzn,https://imae.udg.edu/Recerca/LAI/,https://ima.udg.edu/Recerca/lai/b2b/b2b.zip,ee1f440ab3f6db27ab712300ad3a54a31ffd5ec1e06f81a9ac37cb7202c56528,2026-08-10T10:42:19+00:00,7200.0,,ee80a6fbd8b513f7c010668495c39621a371266a,True,3.10.12,1.8.dev25,instance-20260810-085803,Linux-6.8.0-1064-gcp-x86_64-with-glibc2.35,x86_64,4,8,15988.059,1,0,/home/g24021555/Business-Meeting-Scheduling-Problem/.venv/bin/python3 /home/g24021555/Business-Meeting-Scheduling-Problem/src/Main.py --manifest instances_manifest.csv --family forbidden --solver sat_all --objective-mode bg_d2 --domain-mode both --domain-filter-graph both --precedence-encoding both --precedence-graph both --encoding-variant imp12+ --sat-backend cadical --maxsat-backend uwrmaxsat --uwrmaxsat-bin /home/g24021555/uwrmaxsat/build/release/bin/uwrmaxsat --timeout 7200 --csv output/full_matrix_bg_d2_forbidden.csv,,,,,,,,multiple,,cadical,,factorial,pairwise+distance_closure,,45,"1,3,4,5,6,7,8,9,10,11,12,13,14,15,16,17,18,19,20,21,22,23,24,25,26,27,28,29,30,31,32,33,34,35,36,37,38,40,41,42,43,44,45,46,47",1790,10,9,9,,,,,"journal objective family: bg_d2 | F-selected distance-labelled E* domain propagation and cycle detection | precedence configuration: F=distance_closure, P=pairwise, G=distance_closure | Reduced Domain variables after unary filtering + matching GAC + slot saturation | (20),(22)-(27) exactly once over reduced domains | (19) participant atMost-one per slot | (46),(47) clustered table capacity with compact forward channeling | (28) Pairwise precedence over distance_closure distance-labelled relations | exact break-group ends and unary break-group thresholds | exact schedule <-> usedSlot channeling | (43) exactly |Mp| reduced usedSlot variables | (44) atMost 2|L| busy participants per slot | (45) exact even number of busy participants | historical hard cap Delta_G <= 2",,,result
,,,,,,,,,tic-13crafc.forb0003,b2b-24632991b216de3c,b2b-lineage-tic-13crafc,forbidden,R-PW-DC-ST-BGD2-UW-IC12P,Reduced,Filter-E*,Pairwise,DistanceClosure-E*,SpanThreshold,BreakGroupsD2,UWrMaxSAT,IC12+,UNSAT,UNSAT,,,bg_d2,,,,,,,1,0.221302,False,46.277,,,,Compact,Compact/Reduced,project_implementation,one-shot weighted MaxSAT,26925,,,,,,,67127,180,67307,1781,25144,162307,46,cfg5__m-reduced__p-pairwise__g-distance_closure__b-span_threshold__o-break_groups_d2__s-uwrmaxsat__i-imp12plus__backend-uwrmaxsat,cfg5__m-reduced__p-pairwise__g-distance_closure__b-span_threshold__o-break_groups_d2__s-uwrmaxsat__i-imp12plus__backend-uwrmaxsat,reduced,distance_closure,pairwise,distance_closure,UWrMaxSAT,UWrMaxSAT,binary-sha256:8c68c8a386d3d7847b50d315143c2bab60e3514e59510e84a649db83cb303876,imp12+,span_threshold,total_break_groups_subject_to_range_at_most_2,BGD2,IC12P,162127,180,1,267,45194,18192,3472,1,180,180,1,,,,,,0,0,0,0,0,,,"formalism-specific model size: SAT/MaxSAT reports base CNF and soft clauses, MIP reports variables/linear constraints/nonzeros, and CP reports integer variables plus linear/global constraints; SAT bound/totalizer overhead remains separate in optimizer_added_*",1800,1790,1781,1781,0,0,0,0,0,0,0,1,0.019917,0.002186,0.089831,,0.092017,0.129285,"wall-clock from immediately before reading/parsing the .dzn instance through model construction, optimization, solution decoding, and independent validation; excludes worker-process startup and result-file export",,,,,,,peak_process_tree_rss_mb,24632991b216de3c5b9dcf846d018ffada2a20cfa0e319990510ef396511d2eb,forb0003,data_table06_forb/tic-13crafc.forb0003.dzn,1,../noves/tic-13crafc.forb0003.dzn,1,data_table06_forb/tic-13crafc.forb0003.dzn,https://imae.udg.edu/Recerca/LAI/,https://ima.udg.edu/Recerca/lai/b2b/b2b.zip,ee1f440ab3f6db27ab712300ad3a54a31ffd5ec1e06f81a9ac37cb7202c56528,2026-08-10T10:42:19+00:00,7200.0,,ee80a6fbd8b513f7c010668495c39621a371266a,True,3.10.12,1.8.dev25,instance-20260810-085803,Linux-6.8.0-1064-gcp-x86_64-with-glibc2.35,x86_64,4,8,15988.059,1,0,/home/g24021555/Business-Meeting-Scheduling-Problem/.venv/bin/python3 /home/g24021555/Business-Meeting-Scheduling-Problem/src/Main.py --manifest instances_manifest.csv --family forbidden --solver sat_all --objective-mode bg_d2 --domain-mode both --domain-filter-graph both --precedence-encoding both --precedence-graph both --encoding-variant imp12+ --sat-backend cadical --maxsat-backend uwrmaxsat --uwrmaxsat-bin /home/g24021555/uwrmaxsat/build/release/bin/uwrmaxsat --timeout 7200 --csv output/full_matrix_bg_d2_forbidden.csv,/home/g24021555/uwrmaxsat/build/release/bin/uwrmaxsat,8c68c8a386d3d7847b50d315143c2bab60e3514e59510e84a649db83cb303876,/home/g24021555/uwrmaxsat/build/release/bin/uwrmaxsat -m /tmp/b2b_uwrmaxsat_z54x8v4s/tic-13crafc.forb0003.wcnf,,process exit code=20,,,maxsat,uwrmaxsat,,/home/g24021555/uwrmaxsat/build/release/bin/uwrmaxsat,factorial,pairwise+distance_closure,,45,"1,3,4,5,6,7,8,9,10,11,12,13,14,15,16,17,18,19,20,21,22,23,24,25,26,27,28,29,30,31,32,33,34,35,36,37,38,40,41,42,43,44,45,46,47",1790,10,9,9,,,,,"journal objective family: bg_d2 | F-selected distance-labelled E* domain propagation and cycle detection | precedence configuration: F=distance_closure, P=pairwise, G=distance_closure | Reduced Domain variables after unary filtering + matching GAC + slot saturation | (20),(22)-(27) exactly once over reduced domains | (19) participant atMost-one per slot | (46),(47) clustered table capacity with compact forward channeling | (28) Pairwise precedence over distance_closure distance-labelled relations | exact break-group ends and unary break-group thresholds | exact schedule <-> usedSlot channeling | (43) exactly |Mp| reduced usedSlot variables | (44) atMost 2|L| busy participants per slot | (45) exact even number of busy participants | historical hard cap Delta_G <= 2",,,result
,,,,,,,,,tic-13crafc.forb0003,b2b-24632991b216de3c,b2b-lineage-tic-13crafc,forbidden,R-SS-DE-ST-BGD2-IS-CD-IC12P,Reduced,Filter-E*,SparseSuffix,Direct-E,SpanThreshold,BreakGroupsD2,IncrementalSAT,IC12+,UNSAT,UNSAT,,,bg_d2,,,,,,,,0.111067,False,39.941,,,,Compact,Compact/Reduced,project_implementation,incremental multi-phase SAT with persistent solver state,26925,,,,,,,67127,0,67127,1781,25144,162127,46,cfg5__m-reduced__p-sparse_suffix__g-direct__b-span_threshold__o-break_groups_d2__s-incrementalsat__i-imp12plus__backend-cadical,cfg5__m-reduced__p-sparse_suffix__g-direct__b-span_threshold__o-break_groups_d2__s-incrementalsat__i-imp12plus__backend-cadical,reduced,distance_closure,sparse_suffix,direct,IncrementalSAT,CaDiCaL,1.5.3,imp12+,span_threshold,total_break_groups_subject_to_range_at_most_2,BGD2,IC12P,162127,0,0,267,45194,18192,3472,,0,180,1,,,,,,0,0,0,0,0,,,"formalism-specific model size: SAT/MaxSAT reports base CNF and soft clauses, MIP reports variables/linear constraints/nonzeros, and CP reports integer variables plus linear/global constraints; SAT bound/totalizer overhead remains separate in optimizer_added_*",1800,1790,1781,1781,0,0,0,0,0,0,0,1,0.018699,0.002501,0.087848,,0.090349,0.020718,"wall-clock from immediately before reading/parsing the .dzn instance through model construction, optimization, solution decoding, and independent validation; excludes worker-process startup and result-file export",,,,,,,peak_process_tree_rss_mb,24632991b216de3c5b9dcf846d018ffada2a20cfa0e319990510ef396511d2eb,forb0003,data_table06_forb/tic-13crafc.forb0003.dzn,1,../noves/tic-13crafc.forb0003.dzn,1,data_table06_forb/tic-13crafc.forb0003.dzn,https://imae.udg.edu/Recerca/LAI/,https://ima.udg.edu/Recerca/lai/b2b/b2b.zip,ee1f440ab3f6db27ab712300ad3a54a31ffd5ec1e06f81a9ac37cb7202c56528,2026-08-10T10:42:19+00:00,7200.0,,ee80a6fbd8b513f7c010668495c39621a371266a,True,3.10.12,1.8.dev25,instance-20260810-085803,Linux-6.8.0-1064-gcp-x86_64-with-glibc2.35,x86_64,4,8,15988.059,1,0,/home/g24021555/Business-Meeting-Scheduling-Problem/.venv/bin/python3 /home/g24021555/Business-Meeting-Scheduling-Problem/src/Main.py --manifest instances_manifest.csv --family forbidden --solver sat_all --objective-mode bg_d2 --domain-mode both --domain-filter-graph both --precedence-encoding both --precedence-graph both --encoding-variant imp12+ --sat-backend cadical --maxsat-backend uwrmaxsat --uwrmaxsat-bin /home/g24021555/uwrmaxsat/build/release/bin/uwrmaxsat --timeout 7200 --csv output/full_matrix_bg_d2_forbidden.csv,,,,,,,,incremental,,cadical,,factorial,sparse_suffix+direct,,45,"1,3,4,5,6,7,8,9,10,11,12,13,14,15,16,17,18,19,20,21,22,23,24,25,26,27,28,29,30,31,32,33,34,35,36,37,38,40,41,42,43,44,45,46,47",1790,10,9,9,,,,,"journal objective family: bg_d2 | F-selected distance-labelled E* domain propagation and cycle detection | precedence configuration: F=distance_closure, P=sparse_suffix, G=direct | Reduced Domain variables after unary filtering + matching GAC + slot saturation | (20),(22)-(27) exactly once over reduced domains | (19) participant atMost-one per slot | (46),(47) clustered table capacity with compact forward channeling | (28) SparseSuffix precedence over direct distance-labelled relations | exact break-group ends and unary break-group thresholds | exact schedule <-> usedSlot channeling | (43) exactly |Mp| reduced usedSlot variables | (44) atMost 2|L| busy participants per slot | (45) exact even number of busy participants | historical hard cap Delta_G <= 2",,,result
,,,,,,,,,tic-13crafc.forb0003,b2b-24632991b216de3c,b2b-lineage-tic-13crafc,forbidden,R-SS-DE-ST-BGD2-NIS-CD-IC12P,Reduced,Filter-E*,SparseSuffix,Direct-E,SpanThreshold,BreakGroupsD2,NonIncrementalSAT,IC12+,UNSAT,UNSAT,,,bg_d2,,,,,,,,0.109483,False,40.219,,,,Compact,Compact/Reduced,project_implementation,restart-based multi-phase SAT,26925,,,,,,,67127,0,67127,1781,25144,162127,46,cfg5__m-reduced__p-sparse_suffix__g-direct__b-span_threshold__o-break_groups_d2__s-nonincrementalsat__i-imp12plus__backend-cadical,cfg5__m-reduced__p-sparse_suffix__g-direct__b-span_threshold__o-break_groups_d2__s-nonincrementalsat__i-imp12plus__backend-cadical,reduced,distance_closure,sparse_suffix,direct,NonIncrementalSAT,CaDiCaL,1.5.3,imp12+,span_threshold,total_break_groups_subject_to_range_at_most_2,BGD2,IC12P,162127,0,0,267,45194,18192,3472,,0,180,1,,,,,,0,0,0,0,0,,,"formalism-specific model size: SAT/MaxSAT reports base CNF and soft clauses, MIP reports variables/linear constraints/nonzeros, and CP reports integer variables plus linear/global constraints; SAT bound/totalizer overhead remains separate in optimizer_added_*",1800,1790,1781,1781,0,0,0,0,0,0,0,1,0.019547,0.002513,0.086701,,0.089214,0.020269,"wall-clock from immediately before reading/parsing the .dzn instance through model construction, optimization, solution decoding, and independent validation; excludes worker-process startup and result-file export",,,,,,,peak_process_tree_rss_mb,24632991b216de3c5b9dcf846d018ffada2a20cfa0e319990510ef396511d2eb,forb0003,data_table06_forb/tic-13crafc.forb0003.dzn,1,../noves/tic-13crafc.forb0003.dzn,1,data_table06_forb/tic-13crafc.forb0003.dzn,https://imae.udg.edu/Recerca/LAI/,https://ima.udg.edu/Recerca/lai/b2b/b2b.zip,ee1f440ab3f6db27ab712300ad3a54a31ffd5ec1e06f81a9ac37cb7202c56528,2026-08-10T10:42:19+00:00,7200.0,,ee80a6fbd8b513f7c010668495c39621a371266a,True,3.10.12,1.8.dev25,instance-20260810-085803,Linux-6.8.0-1064-gcp-x86_64-with-glibc2.35,x86_64,4,8,15988.059,1,0,/home/g24021555/Business-Meeting-Scheduling-Problem/.venv/bin/python3 /home/g24021555/Business-Meeting-Scheduling-Problem/src/Main.py --manifest instances_manifest.csv --family forbidden --solver sat_all --objective-mode bg_d2 --domain-mode both --domain-filter-graph both --precedence-encoding both --precedence-graph both --encoding-variant imp12+ --sat-backend cadical --maxsat-backend uwrmaxsat --uwrmaxsat-bin /home/g24021555/uwrmaxsat/build/release/bin/uwrmaxsat --timeout 7200 --csv output/full_matrix_bg_d2_forbidden.csv,,,,,,,,multiple,,cadical,,factorial,sparse_suffix+direct,,45,"1,3,4,5,6,7,8,9,10,11,12,13,14,15,16,17,18,19,20,21,22,23,24,25,26,27,28,29,30,31,32,33,34,35,36,37,38,40,41,42,43,44,45,46,47",1790,10,9,9,,,,,"journal objective family: bg_d2 | F-selected distance-labelled E* domain propagation and cycle detection | precedence configuration: F=distance_closure, P=sparse_suffix, G=direct | Reduced Domain variables after unary filtering + matching GAC + slot saturation | (20),(22)-(27) exactly once over reduced domains | (19) participant atMost-one per slot | (46),(47) clustered table capacity with compact forward channeling | (28) SparseSuffix precedence over direct distance-labelled relations | exact break-group ends and unary break-group thresholds | exact schedule <-> usedSlot channeling | (43) exactly |Mp| reduced usedSlot variables | (44) atMost 2|L| busy participants per slot | (45) exact even number of busy participants | historical hard cap Delta_G <= 2",,,result
,,,,,,,,,tic-13crafc.forb0003,b2b-24632991b216de3c,b2b-lineage-tic-13crafc,forbidden,R-SS-DE-ST-BGD2-UW-IC12P,Reduced,Filter-E*,SparseSuffix,Direct-E,SpanThreshold,BreakGroupsD2,UWrMaxSAT,IC12+,UNSAT,UNSAT,,,bg_d2,,,,,,,1,0.226035,False,46.316,,,,Compact,Compact/Reduced,project_implementation,one-shot weighted MaxSAT,26925,,,,,,,67127,180,67307,1781,25144,162307,46,cfg5__m-reduced__p-sparse_suffix__g-direct__b-span_threshold__o-break_groups_d2__s-uwrmaxsat__i-imp12plus__backend-uwrmaxsat,cfg5__m-reduced__p-sparse_suffix__g-direct__b-span_threshold__o-break_groups_d2__s-uwrmaxsat__i-imp12plus__backend-uwrmaxsat,reduced,distance_closure,sparse_suffix,direct,UWrMaxSAT,UWrMaxSAT,binary-sha256:8c68c8a386d3d7847b50d315143c2bab60e3514e59510e84a649db83cb303876,imp12+,span_threshold,total_break_groups_subject_to_range_at_most_2,BGD2,IC12P,162127,180,1,267,45194,18192,3472,1,180,180,1,,,,,,0,0,0,0,0,,,"formalism-specific model size: SAT/MaxSAT reports base CNF and soft clauses, MIP reports variables/linear constraints/nonzeros, and CP reports integer variables plus linear/global constraints; SAT bound/totalizer overhead remains separate in optimizer_added_*",1800,1790,1781,1781,0,0,0,0,0,0,0,1,0.019495,0.002214,0.092601,,0.094815,0.131221,"wall-clock from immediately before reading/parsing the .dzn instance through model construction, optimization, solution decoding, and independent validation; excludes worker-process startup and result-file export",,,,,,,peak_process_tree_rss_mb,24632991b216de3c5b9dcf846d018ffada2a20cfa0e319990510ef396511d2eb,forb0003,data_table06_forb/tic-13crafc.forb0003.dzn,1,../noves/tic-13crafc.forb0003.dzn,1,data_table06_forb/tic-13crafc.forb0003.dzn,https://imae.udg.edu/Recerca/LAI/,https://ima.udg.edu/Recerca/lai/b2b/b2b.zip,ee1f440ab3f6db27ab712300ad3a54a31ffd5ec1e06f81a9ac37cb7202c56528,2026-08-10T10:42:19+00:00,7200.0,,ee80a6fbd8b513f7c010668495c39621a371266a,True,3.10.12,1.8.dev25,instance-20260810-085803,Linux-6.8.0-1064-gcp-x86_64-with-glibc2.35,x86_64,4,8,15988.059,1,0,/home/g24021555/Business-Meeting-Scheduling-Problem/.venv/bin/python3 /home/g24021555/Business-Meeting-Scheduling-Problem/src/Main.py --manifest instances_manifest.csv --family forbidden --solver sat_all --objective-mode bg_d2 --domain-mode both --domain-filter-graph both --precedence-encoding both --precedence-graph both --encoding-variant imp12+ --sat-backend cadical --maxsat-backend uwrmaxsat --uwrmaxsat-bin /home/g24021555/uwrmaxsat/build/release/bin/uwrmaxsat --timeout 7200 --csv output/full_matrix_bg_d2_forbidden.csv,/home/g24021555/uwrmaxsat/build/release/bin/uwrmaxsat,8c68c8a386d3d7847b50d315143c2bab60e3514e59510e84a649db83cb303876,/home/g24021555/uwrmaxsat/build/release/bin/uwrmaxsat -m /tmp/b2b_uwrmaxsat_qy1xyvl1/tic-13crafc.forb0003.wcnf,,process exit code=20,,,maxsat,uwrmaxsat,,/home/g24021555/uwrmaxsat/build/release/bin/uwrmaxsat,factorial,sparse_suffix+direct,,45,"1,3,4,5,6,7,8,9,10,11,12,13,14,15,16,17,18,19,20,21,22,23,24,25,26,27,28,29,30,31,32,33,34,35,36,37,38,40,41,42,43,44,45,46,47",1790,10,9,9,,,,,"journal objective family: bg_d2 | F-selected distance-labelled E* domain propagation and cycle detection | precedence configuration: F=distance_closure, P=sparse_suffix, G=direct | Reduced Domain variables after unary filtering + matching GAC + slot saturation | (20),(22)-(27) exactly once over reduced domains | (19) participant atMost-one per slot | (46),(47) clustered table capacity with compact forward channeling | (28) SparseSuffix precedence over direct distance-labelled relations | exact break-group ends and unary break-group thresholds | exact schedule <-> usedSlot channeling | (43) exactly |Mp| reduced usedSlot variables | (44) atMost 2|L| busy participants per slot | (45) exact even number of busy participants | historical hard cap Delta_G <= 2",,,result
,,,,,,,,,tic-13crafc.forb0003,b2b-24632991b216de3c,b2b-lineage-tic-13crafc,forbidden,R-SS-DC-ST-BGD2-IS-CD-IC12P,Reduced,Filter-E*,SparseSuffix,DistanceClosure-E*,SpanThreshold,BreakGroupsD2,IncrementalSAT,IC12+,UNSAT,UNSAT,,,bg_d2,,,,,,,,0.106326,False,40.781,,,,Compact,Compact/Reduced,project_implementation,incremental multi-phase SAT with persistent solver state,26925,,,,,,,67127,0,67127,1781,25144,162127,46,cfg5__m-reduced__p-sparse_suffix__g-distance_closure__b-span_threshold__o-break_groups_d2__s-incrementalsat__i-imp12plus__backend-cadical,cfg5__m-reduced__p-sparse_suffix__g-distance_closure__b-span_threshold__o-break_groups_d2__s-incrementalsat__i-imp12plus__backend-cadical,reduced,distance_closure,sparse_suffix,distance_closure,IncrementalSAT,CaDiCaL,1.5.3,imp12+,span_threshold,total_break_groups_subject_to_range_at_most_2,BGD2,IC12P,162127,0,0,267,45194,18192,3472,,0,180,1,,,,,,0,0,0,0,0,,,"formalism-specific model size: SAT/MaxSAT reports base CNF and soft clauses, MIP reports variables/linear constraints/nonzeros, and CP reports integer variables plus linear/global constraints; SAT bound/totalizer overhead remains separate in optimizer_added_*",1800,1790,1781,1781,0,0,0,0,0,0,0,1,0.019025,0.00218,0.083967,,0.086148,0.020178,"wall-clock from immediately before reading/parsing the .dzn instance through model construction, optimization, solution decoding, and independent validation; excludes worker-process startup and result-file export",,,,,,,peak_process_tree_rss_mb,24632991b216de3c5b9dcf846d018ffada2a20cfa0e319990510ef396511d2eb,forb0003,data_table06_forb/tic-13crafc.forb0003.dzn,1,../noves/tic-13crafc.forb0003.dzn,1,data_table06_forb/tic-13crafc.forb0003.dzn,https://imae.udg.edu/Recerca/LAI/,https://ima.udg.edu/Recerca/lai/b2b/b2b.zip,ee1f440ab3f6db27ab712300ad3a54a31ffd5ec1e06f81a9ac37cb7202c56528,2026-08-10T10:42:19+00:00,7200.0,,ee80a6fbd8b513f7c010668495c39621a371266a,True,3.10.12,1.8.dev25,instance-20260810-085803,Linux-6.8.0-1064-gcp-x86_64-with-glibc2.35,x86_64,4,8,15988.059,1,0,/home/g24021555/Business-Meeting-Scheduling-Problem/.venv/bin/python3 /home/g24021555/Business-Meeting-Scheduling-Problem/src/Main.py --manifest instances_manifest.csv --family forbidden --solver sat_all --objective-mode bg_d2 --domain-mode both --domain-filter-graph both --precedence-encoding both --precedence-graph both --encoding-variant imp12+ --sat-backend cadical --maxsat-backend uwrmaxsat --uwrmaxsat-bin /home/g24021555/uwrmaxsat/build/release/bin/uwrmaxsat --timeout 7200 --csv output/full_matrix_bg_d2_forbidden.csv,,,,,,,,incremental,,cadical,,staircase,sparse_suffix+distance_closure,,45,"1,3,4,5,6,7,8,9,10,11,12,13,14,15,16,17,18,19,20,21,22,23,24,25,26,27,28,29,30,31,32,33,34,35,36,37,38,40,41,42,43,44,45,46,47",1790,10,9,9,,,,,"journal objective family: bg_d2 | F-selected distance-labelled E* domain propagation and cycle detection | precedence configuration: F=distance_closure, P=sparse_suffix, G=distance_closure | Reduced Domain variables after unary filtering + matching GAC + slot saturation | (20),(22)-(27) exactly once over reduced domains | (19) participant atMost-one per slot | (46),(47) clustered table capacity with compact forward channeling | (28) SparseSuffix precedence over distance_closure distance-labelled relations | exact break-group ends and unary break-group thresholds | exact schedule <-> usedSlot channeling | (43) exactly |Mp| reduced usedSlot variables | (44) atMost 2|L| busy participants per slot | (45) exact even number of busy participants | historical hard cap Delta_G <= 2",,,result
,,,,,,,,,tic-13crafc.forb0003,b2b-24632991b216de3c,b2b-lineage-tic-13crafc,forbidden,R-SS-DC-ST-BGD2-NIS-CD-IC12P,Reduced,Filter-E*,SparseSuffix,DistanceClosure-E*,SpanThreshold,BreakGroupsD2,NonIncrementalSAT,IC12+,UNSAT,UNSAT,,,bg_d2,,,,,,,,0.109419,False,40.668,,,,Compact,Compact/Reduced,project_implementation,restart-based multi-phase SAT,26925,,,,,,,67127,0,67127,1781,25144,162127,46,cfg5__m-reduced__p-sparse_suffix__g-distance_closure__b-span_threshold__o-break_groups_d2__s-nonincrementalsat__i-imp12plus__backend-cadical,cfg5__m-reduced__p-sparse_suffix__g-distance_closure__b-span_threshold__o-break_groups_d2__s-nonincrementalsat__i-imp12plus__backend-cadical,reduced,distance_closure,sparse_suffix,distance_closure,NonIncrementalSAT,CaDiCaL,1.5.3,imp12+,span_threshold,total_break_groups_subject_to_range_at_most_2,BGD2,IC12P,162127,0,0,267,45194,18192,3472,,0,180,1,,,,,,0,0,0,0,0,,,"formalism-specific model size: SAT/MaxSAT reports base CNF and soft clauses, MIP reports variables/linear constraints/nonzeros, and CP reports integer variables plus linear/global constraints; SAT bound/totalizer overhead remains separate in optimizer_added_*",1800,1790,1781,1781,0,0,0,0,0,0,0,1,0.018755,0.002488,0.085635,,0.088123,0.021296,"wall-clock from immediately before reading/parsing the .dzn instance through model construction, optimization, solution decoding, and independent validation; excludes worker-process startup and result-file export",,,,,,,peak_process_tree_rss_mb,24632991b216de3c5b9dcf846d018ffada2a20cfa0e319990510ef396511d2eb,forb0003,data_table06_forb/tic-13crafc.forb0003.dzn,1,../noves/tic-13crafc.forb0003.dzn,1,data_table06_forb/tic-13crafc.forb0003.dzn,https://imae.udg.edu/Recerca/LAI/,https://ima.udg.edu/Recerca/lai/b2b/b2b.zip,ee1f440ab3f6db27ab712300ad3a54a31ffd5ec1e06f81a9ac37cb7202c56528,2026-08-10T10:42:19+00:00,7200.0,,ee80a6fbd8b513f7c010668495c39621a371266a,True,3.10.12,1.8.dev25,instance-20260810-085803,Linux-6.8.0-1064-gcp-x86_64-with-glibc2.35,x86_64,4,8,15988.059,1,0,/home/g24021555/Business-Meeting-Scheduling-Problem/.venv/bin/python3 /home/g24021555/Business-Meeting-Scheduling-Problem/src/Main.py --manifest instances_manifest.csv --family forbidden --solver sat_all --objective-mode bg_d2 --domain-mode both --domain-filter-graph both --precedence-encoding both --precedence-graph both --encoding-variant imp12+ --sat-backend cadical --maxsat-backend uwrmaxsat --uwrmaxsat-bin /home/g24021555/uwrmaxsat/build/release/bin/uwrmaxsat --timeout 7200 --csv output/full_matrix_bg_d2_forbidden.csv,,,,,,,,multiple,,cadical,,staircase,sparse_suffix+distance_closure,,45,"1,3,4,5,6,7,8,9,10,11,12,13,14,15,16,17,18,19,20,21,22,23,24,25,26,27,28,29,30,31,32,33,34,35,36,37,38,40,41,42,43,44,45,46,47",1790,10,9,9,,,,,"journal objective family: bg_d2 | F-selected distance-labelled E* domain propagation and cycle detection | precedence configuration: F=distance_closure, P=sparse_suffix, G=distance_closure | Reduced Domain variables after unary filtering + matching GAC + slot saturation | (20),(22)-(27) exactly once over reduced domains | (19) participant atMost-one per slot | (46),(47) clustered table capacity with compact forward channeling | (28) SparseSuffix precedence over distance_closure distance-labelled relations | exact break-group ends and unary break-group thresholds | exact schedule <-> usedSlot channeling | (43) exactly |Mp| reduced usedSlot variables | (44) atMost 2|L| busy participants per slot | (45) exact even number of busy participants | historical hard cap Delta_G <= 2",,,result
,,,,,,,,,tic-13crafc.forb0003,b2b-24632991b216de3c,b2b-lineage-tic-13crafc,forbidden,R-SS-DC-ST-BGD2-UW-IC12P,Reduced,Filter-E*,SparseSuffix,DistanceClosure-E*,SpanThreshold,BreakGroupsD2,UWrMaxSAT,IC12+,UNSAT,UNSAT,,,bg_d2,,,,,,,1,0.223916,False,46.301,,,,Compact,Compact/Reduced,project_implementation,one-shot weighted MaxSAT,26925,,,,,,,67127,180,67307,1781,25144,162307,46,cfg5__m-reduced__p-sparse_suffix__g-distance_closure__b-span_threshold__o-break_groups_d2__s-uwrmaxsat__i-imp12plus__backend-uwrmaxsat,cfg5__m-reduced__p-sparse_suffix__g-distance_closure__b-span_threshold__o-break_groups_d2__s-uwrmaxsat__i-imp12plus__backend-uwrmaxsat,reduced,distance_closure,sparse_suffix,distance_closure,UWrMaxSAT,UWrMaxSAT,binary-sha256:8c68c8a386d3d7847b50d315143c2bab60e3514e59510e84a649db83cb303876,imp12+,span_threshold,total_break_groups_subject_to_range_at_most_2,BGD2,IC12P,162127,180,1,267,45194,18192,3472,1,180,180,1,,,,,,0,0,0,0,0,,,"formalism-specific model size: SAT/MaxSAT reports base CNF and soft clauses, MIP reports variables/linear constraints/nonzeros, and CP reports integer variables plus linear/global constraints; SAT bound/totalizer overhead remains separate in optimizer_added_*",1800,1790,1781,1781,0,0,0,0,0,0,0,1,0.019718,0.002292,0.091141,,0.093433,0.130483,"wall-clock from immediately before reading/parsing the .dzn instance through model construction, optimization, solution decoding, and independent validation; excludes worker-process startup and result-file export",,,,,,,peak_process_tree_rss_mb,24632991b216de3c5b9dcf846d018ffada2a20cfa0e319990510ef396511d2eb,forb0003,data_table06_forb/tic-13crafc.forb0003.dzn,1,../noves/tic-13crafc.forb0003.dzn,1,data_table06_forb/tic-13crafc.forb0003.dzn,https://imae.udg.edu/Recerca/LAI/,https://ima.udg.edu/Recerca/lai/b2b/b2b.zip,ee1f440ab3f6db27ab712300ad3a54a31ffd5ec1e06f81a9ac37cb7202c56528,2026-08-10T10:42:19+00:00,7200.0,,ee80a6fbd8b513f7c010668495c39621a371266a,True,3.10.12,1.8.dev25,instance-20260810-085803,Linux-6.8.0-1064-gcp-x86_64-with-glibc2.35,x86_64,4,8,15988.059,1,0,/home/g24021555/Business-Meeting-Scheduling-Problem/.venv/bin/python3 /home/g24021555/Business-Meeting-Scheduling-Problem/src/Main.py --manifest instances_manifest.csv --family forbidden --solver sat_all --objective-mode bg_d2 --domain-mode both --domain-filter-graph both --precedence-encoding both --precedence-graph both --encoding-variant imp12+ --sat-backend cadical --maxsat-backend uwrmaxsat --uwrmaxsat-bin /home/g24021555/uwrmaxsat/build/release/bin/uwrmaxsat --timeout 7200 --csv output/full_matrix_bg_d2_forbidden.csv,/home/g24021555/uwrmaxsat/build/release/bin/uwrmaxsat,8c68c8a386d3d7847b50d315143c2bab60e3514e59510e84a649db83cb303876,/home/g24021555/uwrmaxsat/build/release/bin/uwrmaxsat -m /tmp/b2b_uwrmaxsat_eo8_iopi/tic-13crafc.forb0003.wcnf,,process exit code=20,,,maxsat,uwrmaxsat,,/home/g24021555/uwrmaxsat/build/release/bin/uwrmaxsat,staircase,sparse_suffix+distance_closure,,45,"1,3,4,5,6,7,8,9,10,11,12,13,14,15,16,17,18,19,20,21,22,23,24,25,26,27,28,29,30,31,32,33,34,35,36,37,38,40,41,42,43,44,45,46,47",1790,10,9,9,,,,,"journal objective family: bg_d2 | F-selected distance-labelled E* domain propagation and cycle detection | precedence configuration: F=distance_closure, P=sparse_suffix, G=distance_closure | Reduced Domain variables after unary filtering + matching GAC + slot saturation | (20),(22)-(27) exactly once over reduced domains | (19) participant atMost-one per slot | (46),(47) clustered table capacity with compact forward channeling | (28) SparseSuffix precedence over distance_closure distance-labelled relations | exact break-group ends and unary break-group thresholds | exact schedule <-> usedSlot channeling | (43) exactly |Mp| reduced usedSlot variables | (44) atMost 2|L| busy participants per slot | (45) exact even number of busy participants | historical hard cap Delta_G <= 2",,,result
,,,,,,,,,tic-13.forb0007,b2b-374c58fa947a88ba,b2b-lineage-tic-13,forbidden,F-PW-DE-ST-BGD2-IS-CD-IC12P,Full,Filter-E*,Pairwise,Direct-E,SpanThreshold,BreakGroupsD2,IncrementalSAT,IC12+,UNSAT,UNSAT,,,bg_d2,,,,,,,,0.114621,False,39.617,,,,Compact,Compact/Full,project_implementation,incremental multi-phase SAT with persistent solver state,26809,,,,,,,67222,0,67222,1800,25009,162222,46,cfg5__m-full__p-pairwise__g-direct__b-span_threshold__o-break_groups_d2__s-incrementalsat__i-imp12plus__backend-cadical,cfg5__m-full__p-pairwise__g-direct__b-span_threshold__o-break_groups_d2__s-incrementalsat__i-imp12plus__backend-cadical,full,distance_closure,pairwise,direct,IncrementalSAT,CaDiCaL,1.5.3,imp12+,span_threshold,total_break_groups_subject_to_range_at_most_2,BGD2,IC12P,162222,0,0,305,45355,18086,3476,,0,180,1,,,,,,0,0,0,0,0,,,"formalism-specific model size: SAT/MaxSAT reports base CNF and soft clauses, MIP reports variables/linear constraints/nonzeros, and CP reports integer variables plus linear/global constraints; SAT bound/totalizer overhead remains separate in optimizer_added_*",1800,1772,1763,1800,0,0,0,0,0,0,0,1,0.019038,0.00227,0.088454,,0.090724,0.023896,"wall-clock from immediately before reading/parsing the .dzn instance through model construction, optimization, solution decoding, and independent validation; excludes worker-process startup and result-file export",,,,,,,peak_process_tree_rss_mb,374c58fa947a88bab923bd35a804a1fe7b42eebb4e26988ec2767cbcc430dbb5,forb0007,data_table06_forb/tic-13.forb0007.dzn,1,../noves/tic-13.forb0007.dzn,1,data_table06_forb/tic-13.forb0007.dzn,https://imae.udg.edu/Recerca/LAI/,https://ima.udg.edu/Recerca/lai/b2b/b2b.zip,ee1f440ab3f6db27ab712300ad3a54a31ffd5ec1e06f81a9ac37cb7202c56528,2026-08-10T10:42:19+00:00,7200.0,,ee80a6fbd8b513f7c010668495c39621a371266a,True,3.10.12,1.8.dev25,instance-20260810-085803,Linux-6.8.0-1064-gcp-x86_64-with-glibc2.35,x86_64,4,8,15988.059,1,0,/home/g24021555/Business-Meeting-Scheduling-Problem/.venv/bin/python3 /home/g24021555/Business-Meeting-Scheduling-Problem/src/Main.py --manifest instances_manifest.csv --family forbidden --solver sat_all --objective-mode bg_d2 --domain-mode both --domain-filter-graph both --precedence-encoding both --precedence-graph both --encoding-variant imp12+ --sat-backend cadical --maxsat-backend uwrmaxsat --uwrmaxsat-bin /home/g24021555/uwrmaxsat/build/release/bin/uwrmaxsat --timeout 7200 --csv output/full_matrix_bg_d2_forbidden.csv,,,,,,,,incremental,,cadical,,traditional,pairwise+direct,,45,"1,3,4,5,6,7,8,9,10,11,12,13,14,15,16,17,18,19,20,21,22,23,24,25,26,27,28,29,30,31,32,33,34,35,36,37,38,40,41,42,43,44,45,46,47",1772,28,9,9,,,,,"journal objective family: bg_d2 | F-selected distance-labelled E* domain propagation and cycle detection | precedence configuration: F=distance_closure, P=pairwise, G=direct | Full Domain MxT schedule variables + explicit unary exclusions | (20),(22)-(27) exactly once over full domains | (22)-(27) session/fixed/forbidden exclusions as hard unit clauses | (19) participant atMost-one per slot | (46),(47) clustered table capacity with compact forward channeling | (28) Pairwise precedence over direct distance-labelled relations | exact break-group ends and unary break-group thresholds | exact schedule <-> usedSlot channeling | (43) exactly |Mp| full usedSlot variables | (44) atMost 2|L| busy participants per slot | (45) exact even number of busy participants | historical hard cap Delta_G <= 2",,,result
,,,,,,,,,tic-13.forb0007,b2b-374c58fa947a88ba,b2b-lineage-tic-13,forbidden,F-PW-DE-ST-BGD2-NIS-CD-IC12P,Full,Filter-E*,Pairwise,Direct-E,SpanThreshold,BreakGroupsD2,NonIncrementalSAT,IC12+,UNSAT,UNSAT,,,bg_d2,,,,,,,,0.112338,False,39.742,,,,Compact,Compact/Full,project_implementation,restart-based multi-phase SAT,26809,,,,,,,67222,0,67222,1800,25009,162222,46,cfg5__m-full__p-pairwise__g-direct__b-span_threshold__o-break_groups_d2__s-nonincrementalsat__i-imp12plus__backend-cadical,cfg5__m-full__p-pairwise__g-direct__b-span_threshold__o-break_groups_d2__s-nonincrementalsat__i-imp12plus__backend-cadical,full,distance_closure,pairwise,direct,NonIncrementalSAT,CaDiCaL,1.5.3,imp12+,span_threshold,total_break_groups_subject_to_range_at_most_2,BGD2,IC12P,162222,0,0,305,45355,18086,3476,,0,180,1,,,,,,0,0,0,0,0,,,"formalism-specific model size: SAT/MaxSAT reports base CNF and soft clauses, MIP reports variables/linear constraints/nonzeros, and CP reports integer variables plus linear/global constraints; SAT bound/totalizer overhead remains separate in optimizer_added_*",1800,1772,1763,1800,0,0,0,0,0,0,0,1,0.019109,0.002513,0.086595,,0.089109,0.023229,"wall-clock from immediately before reading/parsing the .dzn instance through model construction, optimization, solution decoding, and independent validation; excludes worker-process startup and result-file export",,,,,,,peak_process_tree_rss_mb,374c58fa947a88bab923bd35a804a1fe7b42eebb4e26988ec2767cbcc430dbb5,forb0007,data_table06_forb/tic-13.forb0007.dzn,1,../noves/tic-13.forb0007.dzn,1,data_table06_forb/tic-13.forb0007.dzn,https://imae.udg.edu/Recerca/LAI/,https://ima.udg.edu/Recerca/lai/b2b/b2b.zip,ee1f440ab3f6db27ab712300ad3a54a31ffd5ec1e06f81a9ac37cb7202c56528,2026-08-10T10:42:19+00:00,7200.0,,ee80a6fbd8b513f7c010668495c39621a371266a,True,3.10.12,1.8.dev25,instance-20260810-085803,Linux-6.8.0-1064-gcp-x86_64-with-glibc2.35,x86_64,4,8,15988.059,1,0,/home/g24021555/Business-Meeting-Scheduling-Problem/.venv/bin/python3 /home/g24021555/Business-Meeting-Scheduling-Problem/src/Main.py --manifest instances_manifest.csv --family forbidden --solver sat_all --objective-mode bg_d2 --domain-mode both --domain-filter-graph both --precedence-encoding both --precedence-graph both --encoding-variant imp12+ --sat-backend cadical --maxsat-backend uwrmaxsat --uwrmaxsat-bin /home/g24021555/uwrmaxsat/build/release/bin/uwrmaxsat --timeout 7200 --csv output/full_matrix_bg_d2_forbidden.csv,,,,,,,,multiple,,cadical,,traditional,pairwise+direct,,45,"1,3,4,5,6,7,8,9,10,11,12,13,14,15,16,17,18,19,20,21,22,23,24,25,26,27,28,29,30,31,32,33,34,35,36,37,38,40,41,42,43,44,45,46,47",1772,28,9,9,,,,,"journal objective family: bg_d2 | F-selected distance-labelled E* domain propagation and cycle detection | precedence configuration: F=distance_closure, P=pairwise, G=direct | Full Domain MxT schedule variables + explicit unary exclusions | (20),(22)-(27) exactly once over full domains | (22)-(27) session/fixed/forbidden exclusions as hard unit clauses | (19) participant atMost-one per slot | (46),(47) clustered table capacity with compact forward channeling | (28) Pairwise precedence over direct distance-labelled relations | exact break-group ends and unary break-group thresholds | exact schedule <-> usedSlot channeling | (43) exactly |Mp| full usedSlot variables | (44) atMost 2|L| busy participants per slot | (45) exact even number of busy participants | historical hard cap Delta_G <= 2",,,result
,,,,,,,,,tic-13.forb0007,b2b-374c58fa947a88ba,b2b-lineage-tic-13,forbidden,F-PW-DE-ST-BGD2-UW-IC12P,Full,Filter-E*,Pairwise,Direct-E,SpanThreshold,BreakGroupsD2,UWrMaxSAT,IC12+,UNSAT,UNSAT,,,bg_d2,,,,,,,1,0.220961,False,46.273,,,,Compact,Compact/Full,project_implementation,one-shot weighted MaxSAT,26809,,,,,,,67222,180,67402,1800,25009,162402,46,cfg5__m-full__p-pairwise__g-direct__b-span_threshold__o-break_groups_d2__s-uwrmaxsat__i-imp12plus__backend-uwrmaxsat,cfg5__m-full__p-pairwise__g-direct__b-span_threshold__o-break_groups_d2__s-uwrmaxsat__i-imp12plus__backend-uwrmaxsat,full,distance_closure,pairwise,direct,UWrMaxSAT,UWrMaxSAT,binary-sha256:8c68c8a386d3d7847b50d315143c2bab60e3514e59510e84a649db83cb303876,imp12+,span_threshold,total_break_groups_subject_to_range_at_most_2,BGD2,IC12P,162222,180,1,305,45355,18086,3476,1,180,180,1,,,,,,0,0,0,0,0,,,"formalism-specific model size: SAT/MaxSAT reports base CNF and soft clauses, MIP reports variables/linear constraints/nonzeros, and CP reports integer variables plus linear/global constraints; SAT bound/totalizer overhead remains separate in optimizer_added_*",1800,1772,1763,1800,0,0,0,0,0,0,0,1,0.020082,0.002169,0.088057,,0.090225,0.130735,"wall-clock from immediately before reading/parsing the .dzn instance through model construction, optimization, solution decoding, and independent validation; excludes worker-process startup and result-file export",,,,,,,peak_process_tree_rss_mb,374c58fa947a88bab923bd35a804a1fe7b42eebb4e26988ec2767cbcc430dbb5,forb0007,data_table06_forb/tic-13.forb0007.dzn,1,../noves/tic-13.forb0007.dzn,1,data_table06_forb/tic-13.forb0007.dzn,https://imae.udg.edu/Recerca/LAI/,https://ima.udg.edu/Recerca/lai/b2b/b2b.zip,ee1f440ab3f6db27ab712300ad3a54a31ffd5ec1e06f81a9ac37cb7202c56528,2026-08-10T10:42:19+00:00,7200.0,,ee80a6fbd8b513f7c010668495c39621a371266a,True,3.10.12,1.8.dev25,instance-20260810-085803,Linux-6.8.0-1064-gcp-x86_64-with-glibc2.35,x86_64,4,8,15988.059,1,0,/home/g24021555/Business-Meeting-Scheduling-Problem/.venv/bin/python3 /home/g24021555/Business-Meeting-Scheduling-Problem/src/Main.py --manifest instances_manifest.csv --family forbidden --solver sat_all --objective-mode bg_d2 --domain-mode both --domain-filter-graph both --precedence-encoding both --precedence-graph both --encoding-variant imp12+ --sat-backend cadical --maxsat-backend uwrmaxsat --uwrmaxsat-bin /home/g24021555/uwrmaxsat/build/release/bin/uwrmaxsat --timeout 7200 --csv output/full_matrix_bg_d2_forbidden.csv,/home/g24021555/uwrmaxsat/build/release/bin/uwrmaxsat,8c68c8a386d3d7847b50d315143c2bab60e3514e59510e84a649db83cb303876,/home/g24021555/uwrmaxsat/build/release/bin/uwrmaxsat -m /tmp/b2b_uwrmaxsat_mq1tak3o/tic-13.forb0007.wcnf,,process exit code=20,,,maxsat,uwrmaxsat,,/home/g24021555/uwrmaxsat/build/release/bin/uwrmaxsat,traditional,pairwise+direct,,45,"1,3,4,5,6,7,8,9,10,11,12,13,14,15,16,17,18,19,20,21,22,23,24,25,26,27,28,29,30,31,32,33,34,35,36,37,38,40,41,42,43,44,45,46,47",1772,28,9,9,,,,,"journal objective family: bg_d2 | F-selected distance-labelled E* domain propagation and cycle detection | precedence configuration: F=distance_closure, P=pairwise, G=direct | Full Domain MxT schedule variables + explicit unary exclusions | (20),(22)-(27) exactly once over full domains | (22)-(27) session/fixed/forbidden exclusions as hard unit clauses | (19) participant atMost-one per slot | (46),(47) clustered table capacity with compact forward channeling | (28) Pairwise precedence over direct distance-labelled relations | exact break-group ends and unary break-group thresholds | exact schedule <-> usedSlot channeling | (43) exactly |Mp| full usedSlot variables | (44) atMost 2|L| busy participants per slot | (45) exact even number of busy participants | historical hard cap Delta_G <= 2",,,result
,,,,,,,,,tic-13.forb0007,b2b-374c58fa947a88ba,b2b-lineage-tic-13,forbidden,F-PW-DC-ST-BGD2-IS-CD-IC12P,Full,Filter-E*,Pairwise,DistanceClosure-E*,SpanThreshold,BreakGroupsD2,IncrementalSAT,IC12+,UNSAT,UNSAT,,,bg_d2,,,,,,,,0.111344,False,40.66,,,,Compact,Compact/Full,project_implementation,incremental multi-phase SAT with persistent solver state,26809,,,,,,,67222,0,67222,1800,25009,162222,46,cfg5__m-full__p-pairwise__g-distance_closure__b-span_threshold__o-break_groups_d2__s-incrementalsat__i-imp12plus__backend-cadical,cfg5__m-full__p-pairwise__g-distance_closure__b-span_threshold__o-break_groups_d2__s-incrementalsat__i-imp12plus__backend-cadical,full,distance_closure,pairwise,distance_closure,IncrementalSAT,CaDiCaL,1.5.3,imp12+,span_threshold,total_break_groups_subject_to_range_at_most_2,BGD2,IC12P,162222,0,0,305,45355,18086,3476,,0,180,1,,,,,,0,0,0,0,0,,,"formalism-specific model size: SAT/MaxSAT reports base CNF and soft clauses, MIP reports variables/linear constraints/nonzeros, and CP reports integer variables plus linear/global constraints; SAT bound/totalizer overhead remains separate in optimizer_added_*",1800,1772,1763,1800,0,0,0,0,0,0,0,1,0.018954,0.002162,0.085253,,0.087415,0.023929,"wall-clock from immediately before reading/parsing the .dzn instance through model construction, optimization, solution decoding, and independent validation; excludes worker-process startup and result-file export",,,,,,,peak_process_tree_rss_mb,374c58fa947a88bab923bd35a804a1fe7b42eebb4e26988ec2767cbcc430dbb5,forb0007,data_table06_forb/tic-13.forb0007.dzn,1,../noves/tic-13.forb0007.dzn,1,data_table06_forb/tic-13.forb0007.dzn,https://imae.udg.edu/Recerca/LAI/,https://ima.udg.edu/Recerca/lai/b2b/b2b.zip,ee1f440ab3f6db27ab712300ad3a54a31ffd5ec1e06f81a9ac37cb7202c56528,2026-08-10T10:42:19+00:00,7200.0,,ee80a6fbd8b513f7c010668495c39621a371266a,True,3.10.12,1.8.dev25,instance-20260810-085803,Linux-6.8.0-1064-gcp-x86_64-with-glibc2.35,x86_64,4,8,15988.059,1,0,/home/g24021555/Business-Meeting-Scheduling-Problem/.venv/bin/python3 /home/g24021555/Business-Meeting-Scheduling-Problem/src/Main.py --manifest instances_manifest.csv --family forbidden --solver sat_all --objective-mode bg_d2 --domain-mode both --domain-filter-graph both --precedence-encoding both --precedence-graph both --encoding-variant imp12+ --sat-backend cadical --maxsat-backend uwrmaxsat --uwrmaxsat-bin /home/g24021555/uwrmaxsat/build/release/bin/uwrmaxsat --timeout 7200 --csv output/full_matrix_bg_d2_forbidden.csv,,,,,,,,incremental,,cadical,,factorial,pairwise+distance_closure,,45,"1,3,4,5,6,7,8,9,10,11,12,13,14,15,16,17,18,19,20,21,22,23,24,25,26,27,28,29,30,31,32,33,34,35,36,37,38,40,41,42,43,44,45,46,47",1772,28,9,9,,,,,"journal objective family: bg_d2 | F-selected distance-labelled E* domain propagation and cycle detection | precedence configuration: F=distance_closure, P=pairwise, G=distance_closure | Full Domain MxT schedule variables + explicit unary exclusions | (20),(22)-(27) exactly once over full domains | (22)-(27) session/fixed/forbidden exclusions as hard unit clauses | (19) participant atMost-one per slot | (46),(47) clustered table capacity with compact forward channeling | (28) Pairwise precedence over distance_closure distance-labelled relations | exact break-group ends and unary break-group thresholds | exact schedule <-> usedSlot channeling | (43) exactly |Mp| full usedSlot variables | (44) atMost 2|L| busy participants per slot | (45) exact even number of busy participants | historical hard cap Delta_G <= 2",,,result
,,,,,,,,,tic-13.forb0007,b2b-374c58fa947a88ba,b2b-lineage-tic-13,forbidden,F-PW-DC-ST-BGD2-NIS-CD-IC12P,Full,Filter-E*,Pairwise,DistanceClosure-E*,SpanThreshold,BreakGroupsD2,NonIncrementalSAT,IC12+,UNSAT,UNSAT,,,bg_d2,,,,,,,,0.110671,False,40.762,,,,Compact,Compact/Full,project_implementation,restart-based multi-phase SAT,26809,,,,,,,67222,0,67222,1800,25009,162222,46,cfg5__m-full__p-pairwise__g-distance_closure__b-span_threshold__o-break_groups_d2__s-nonincrementalsat__i-imp12plus__backend-cadical,cfg5__m-full__p-pairwise__g-distance_closure__b-span_threshold__o-break_groups_d2__s-nonincrementalsat__i-imp12plus__backend-cadical,full,distance_closure,pairwise,distance_closure,NonIncrementalSAT,CaDiCaL,1.5.3,imp12+,span_threshold,total_break_groups_subject_to_range_at_most_2,BGD2,IC12P,162222,0,0,305,45355,18086,3476,,0,180,1,,,,,,0,0,0,0,0,,,"formalism-specific model size: SAT/MaxSAT reports base CNF and soft clauses, MIP reports variables/linear constraints/nonzeros, and CP reports integer variables plus linear/global constraints; SAT bound/totalizer overhead remains separate in optimizer_added_*",1800,1772,1763,1800,0,0,0,0,0,0,0,1,0.019174,0.002176,0.084893,,0.087069,0.023602,"wall-clock from immediately before reading/parsing the .dzn instance through model construction, optimization, solution decoding, and independent validation; excludes worker-process startup and result-file export",,,,,,,peak_process_tree_rss_mb,374c58fa947a88bab923bd35a804a1fe7b42eebb4e26988ec2767cbcc430dbb5,forb0007,data_table06_forb/tic-13.forb0007.dzn,1,../noves/tic-13.forb0007.dzn,1,data_table06_forb/tic-13.forb0007.dzn,https://imae.udg.edu/Recerca/LAI/,https://ima.udg.edu/Recerca/lai/b2b/b2b.zip,ee1f440ab3f6db27ab712300ad3a54a31ffd5ec1e06f81a9ac37cb7202c56528,2026-08-10T10:42:19+00:00,7200.0,,ee80a6fbd8b513f7c010668495c39621a371266a,True,3.10.12,1.8.dev25,instance-20260810-085803,Linux-6.8.0-1064-gcp-x86_64-with-glibc2.35,x86_64,4,8,15988.059,1,0,/home/g24021555/Business-Meeting-Scheduling-Problem/.venv/bin/python3 /home/g24021555/Business-Meeting-Scheduling-Problem/src/Main.py --manifest instances_manifest.csv --family forbidden --solver sat_all --objective-mode bg_d2 --domain-mode both --domain-filter-graph both --precedence-encoding both --precedence-graph both --encoding-variant imp12+ --sat-backend cadical --maxsat-backend uwrmaxsat --uwrmaxsat-bin /home/g24021555/uwrmaxsat/build/release/bin/uwrmaxsat --timeout 7200 --csv output/full_matrix_bg_d2_forbidden.csv,,,,,,,,multiple,,cadical,,factorial,pairwise+distance_closure,,45,"1,3,4,5,6,7,8,9,10,11,12,13,14,15,16,17,18,19,20,21,22,23,24,25,26,27,28,29,30,31,32,33,34,35,36,37,38,40,41,42,43,44,45,46,47",1772,28,9,9,,,,,"journal objective family: bg_d2 | F-selected distance-labelled E* domain propagation and cycle detection | precedence configuration: F=distance_closure, P=pairwise, G=distance_closure | Full Domain MxT schedule variables + explicit unary exclusions | (20),(22)-(27) exactly once over full domains | (22)-(27) session/fixed/forbidden exclusions as hard unit clauses | (19) participant atMost-one per slot | (46),(47) clustered table capacity with compact forward channeling | (28) Pairwise precedence over distance_closure distance-labelled relations | exact break-group ends and unary break-group thresholds | exact schedule <-> usedSlot channeling | (43) exactly |Mp| full usedSlot variables | (44) atMost 2|L| busy participants per slot | (45) exact even number of busy participants | historical hard cap Delta_G <= 2",,,result
,,,,,,,,,tic-13.forb0007,b2b-374c58fa947a88ba,b2b-lineage-tic-13,forbidden,F-PW-DC-ST-BGD2-UW-IC12P,Full,Filter-E*,Pairwise,DistanceClosure-E*,SpanThreshold,BreakGroupsD2,UWrMaxSAT,IC12+,UNSAT,UNSAT,,,bg_d2,,,,,,,1,0.219457,False,53.254,,,,Compact,Compact/Full,project_implementation,one-shot weighted MaxSAT,26809,,,,,,,67222,180,67402,1800,25009,162402,46,cfg5__m-full__p-pairwise__g-distance_closure__b-span_threshold__o-break_groups_d2__s-uwrmaxsat__i-imp12plus__backend-uwrmaxsat,cfg5__m-full__p-pairwise__g-distance_closure__b-span_threshold__o-break_groups_d2__s-uwrmaxsat__i-imp12plus__backend-uwrmaxsat,full,distance_closure,pairwise,distance_closure,UWrMaxSAT,UWrMaxSAT,binary-sha256:8c68c8a386d3d7847b50d315143c2bab60e3514e59510e84a649db83cb303876,imp12+,span_threshold,total_break_groups_subject_to_range_at_most_2,BGD2,IC12P,162222,180,1,305,45355,18086,3476,1,180,180,1,,,,,,0,0,0,0,0,,,"formalism-specific model size: SAT/MaxSAT reports base CNF and soft clauses, MIP reports variables/linear constraints/nonzeros, and CP reports integer variables plus linear/global constraints; SAT bound/totalizer overhead remains separate in optimizer_added_*",1800,1772,1763,1800,0,0,0,0,0,0,0,1,0.019747,0.002211,0.089364,,0.091574,0.127882,"wall-clock from immediately before reading/parsing the .dzn instance through model construction, optimization, solution decoding, and independent validation; excludes worker-process startup and result-file export",,,,,,,peak_process_tree_rss_mb,374c58fa947a88bab923bd35a804a1fe7b42eebb4e26988ec2767cbcc430dbb5,forb0007,data_table06_forb/tic-13.forb0007.dzn,1,../noves/tic-13.forb0007.dzn,1,data_table06_forb/tic-13.forb0007.dzn,https://imae.udg.edu/Recerca/LAI/,https://ima.udg.edu/Recerca/lai/b2b/b2b.zip,ee1f440ab3f6db27ab712300ad3a54a31ffd5ec1e06f81a9ac37cb7202c56528,2026-08-10T10:42:19+00:00,7200.0,,ee80a6fbd8b513f7c010668495c39621a371266a,True,3.10.12,1.8.dev25,instance-20260810-085803,Linux-6.8.0-1064-gcp-x86_64-with-glibc2.35,x86_64,4,8,15988.059,1,0,/home/g24021555/Business-Meeting-Scheduling-Problem/.venv/bin/python3 /home/g24021555/Business-Meeting-Scheduling-Problem/src/Main.py --manifest instances_manifest.csv --family forbidden --solver sat_all --objective-mode bg_d2 --domain-mode both --domain-filter-graph both --precedence-encoding both --precedence-graph both --encoding-variant imp12+ --sat-backend cadical --maxsat-backend uwrmaxsat --uwrmaxsat-bin /home/g24021555/uwrmaxsat/build/release/bin/uwrmaxsat --timeout 7200 --csv output/full_matrix_bg_d2_forbidden.csv,/home/g24021555/uwrmaxsat/build/release/bin/uwrmaxsat,8c68c8a386d3d7847b50d315143c2bab60e3514e59510e84a649db83cb303876,/home/g24021555/uwrmaxsat/build/release/bin/uwrmaxsat -m /tmp/b2b_uwrmaxsat_na8lwcpy/tic-13.forb0007.wcnf,,process exit code=20,,,maxsat,uwrmaxsat,,/home/g24021555/uwrmaxsat/build/release/bin/uwrmaxsat,factorial,pairwise+distance_closure,,45,"1,3,4,5,6,7,8,9,10,11,12,13,14,15,16,17,18,19,20,21,22,23,24,25,26,27,28,29,30,31,32,33,34,35,36,37,38,40,41,42,43,44,45,46,47",1772,28,9,9,,,,,"journal objective family: bg_d2 | F-selected distance-labelled E* domain propagation and cycle detection | precedence configuration: F=distance_closure, P=pairwise, G=distance_closure | Full Domain MxT schedule variables + explicit unary exclusions | (20),(22)-(27) exactly once over full domains | (22)-(27) session/fixed/forbidden exclusions as hard unit clauses | (19) participant atMost-one per slot | (46),(47) clustered table capacity with compact forward channeling | (28) Pairwise precedence over distance_closure distance-labelled relations | exact break-group ends and unary break-group thresholds | exact schedule <-> usedSlot channeling | (43) exactly |Mp| full usedSlot variables | (44) atMost 2|L| busy participants per slot | (45) exact even number of busy participants | historical hard cap Delta_G <= 2",,,result
,,,,,,,,,tic-13.forb0007,b2b-374c58fa947a88ba,b2b-lineage-tic-13,forbidden,F-SS-DE-ST-BGD2-IS-CD-IC12P,Full,Filter-E*,SparseSuffix,Direct-E,SpanThreshold,BreakGroupsD2,IncrementalSAT,IC12+,UNSAT,UNSAT,,,bg_d2,,,,,,,,0.108806,False,40.613,,,,Compact,Compact/Full,project_implementation,incremental multi-phase SAT with persistent solver state,26809,,,,,,,67222,0,67222,1800,25009,162222,46,cfg5__m-full__p-sparse_suffix__g-direct__b-span_threshold__o-break_groups_d2__s-incrementalsat__i-imp12plus__backend-cadical,cfg5__m-full__p-sparse_suffix__g-direct__b-span_threshold__o-break_groups_d2__s-incrementalsat__i-imp12plus__backend-cadical,full,distance_closure,sparse_suffix,direct,IncrementalSAT,CaDiCaL,1.5.3,imp12+,span_threshold,total_break_groups_subject_to_range_at_most_2,BGD2,IC12P,162222,0,0,305,45355,18086,3476,,0,180,1,,,,,,0,0,0,0,0,,,"formalism-specific model size: SAT/MaxSAT reports base CNF and soft clauses, MIP reports variables/linear constraints/nonzeros, and CP reports integer variables plus linear/global constraints; SAT bound/totalizer overhead remains separate in optimizer_added_*",1800,1772,1763,1800,0,0,0,0,0,0,0,1,0.017778,0.002186,0.082385,,0.084571,0.024236,"wall-clock from immediately before reading/parsing the .dzn instance through model construction, optimization, solution decoding, and independent validation; excludes worker-process startup and result-file export",,,,,,,peak_process_tree_rss_mb,374c58fa947a88bab923bd35a804a1fe7b42eebb4e26988ec2767cbcc430dbb5,forb0007,data_table06_forb/tic-13.forb0007.dzn,1,../noves/tic-13.forb0007.dzn,1,data_table06_forb/tic-13.forb0007.dzn,https://imae.udg.edu/Recerca/LAI/,https://ima.udg.edu/Recerca/lai/b2b/b2b.zip,ee1f440ab3f6db27ab712300ad3a54a31ffd5ec1e06f81a9ac37cb7202c56528,2026-08-10T10:42:19+00:00,7200.0,,ee80a6fbd8b513f7c010668495c39621a371266a,True,3.10.12,1.8.dev25,instance-20260810-085803,Linux-6.8.0-1064-gcp-x86_64-with-glibc2.35,x86_64,4,8,15988.059,1,0,/home/g24021555/Business-Meeting-Scheduling-Problem/.venv/bin/python3 /home/g24021555/Business-Meeting-Scheduling-Problem/src/Main.py --manifest instances_manifest.csv --family forbidden --solver sat_all --objective-mode bg_d2 --domain-mode both --domain-filter-graph both --precedence-encoding both --precedence-graph both --encoding-variant imp12+ --sat-backend cadical --maxsat-backend uwrmaxsat --uwrmaxsat-bin /home/g24021555/uwrmaxsat/build/release/bin/uwrmaxsat --timeout 7200 --csv output/full_matrix_bg_d2_forbidden.csv,,,,,,,,incremental,,cadical,,factorial,sparse_suffix+direct,,45,"1,3,4,5,6,7,8,9,10,11,12,13,14,15,16,17,18,19,20,21,22,23,24,25,26,27,28,29,30,31,32,33,34,35,36,37,38,40,41,42,43,44,45,46,47",1772,28,9,9,,,,,"journal objective family: bg_d2 | F-selected distance-labelled E* domain propagation and cycle detection | precedence configuration: F=distance_closure, P=sparse_suffix, G=direct | Full Domain MxT schedule variables + explicit unary exclusions | (20),(22)-(27) exactly once over full domains | (22)-(27) session/fixed/forbidden exclusions as hard unit clauses | (19) participant atMost-one per slot | (46),(47) clustered table capacity with compact forward channeling | (28) SparseSuffix precedence over direct distance-labelled relations | exact break-group ends and unary break-group thresholds | exact schedule <-> usedSlot channeling | (43) exactly |Mp| full usedSlot variables | (44) atMost 2|L| busy participants per slot | (45) exact even number of busy participants | historical hard cap Delta_G <= 2",,,result
,,,,,,,,,tic-13.forb0007,b2b-374c58fa947a88ba,b2b-lineage-tic-13,forbidden,F-SS-DE-ST-BGD2-NIS-CD-IC12P,Full,Filter-E*,SparseSuffix,Direct-E,SpanThreshold,BreakGroupsD2,NonIncrementalSAT,IC12+,UNSAT,UNSAT,,,bg_d2,,,,,,,,0.112027,False,40.789,,,,Compact,Compact/Full,project_implementation,restart-based multi-phase SAT,26809,,,,,,,67222,0,67222,1800,25009,162222,46,cfg5__m-full__p-sparse_suffix__g-direct__b-span_threshold__o-break_groups_d2__s-nonincrementalsat__i-imp12plus__backend-cadical,cfg5__m-full__p-sparse_suffix__g-direct__b-span_threshold__o-break_groups_d2__s-nonincrementalsat__i-imp12plus__backend-cadical,full,distance_closure,sparse_suffix,direct,NonIncrementalSAT,CaDiCaL,1.5.3,imp12+,span_threshold,total_break_groups_subject_to_range_at_most_2,BGD2,IC12P,162222,0,0,305,45355,18086,3476,,0,180,1,,,,,,0,0,0,0,0,,,"formalism-specific model size: SAT/MaxSAT reports base CNF and soft clauses, MIP reports variables/linear constraints/nonzeros, and CP reports integer variables plus linear/global constraints; SAT bound/totalizer overhead remains separate in optimizer_added_*",1800,1772,1763,1800,0,0,0,0,0,0,0,1,0.019246,0.002162,0.084306,,0.086468,0.025559,"wall-clock from immediately before reading/parsing the .dzn instance through model construction, optimization, solution decoding, and independent validation; excludes worker-process startup and result-file export",,,,,,,peak_process_tree_rss_mb,374c58fa947a88bab923bd35a804a1fe7b42eebb4e26988ec2767cbcc430dbb5,forb0007,data_table06_forb/tic-13.forb0007.dzn,1,../noves/tic-13.forb0007.dzn,1,data_table06_forb/tic-13.forb0007.dzn,https://imae.udg.edu/Recerca/LAI/,https://ima.udg.edu/Recerca/lai/b2b/b2b.zip,ee1f440ab3f6db27ab712300ad3a54a31ffd5ec1e06f81a9ac37cb7202c56528,2026-08-10T10:42:19+00:00,7200.0,,ee80a6fbd8b513f7c010668495c39621a371266a,True,3.10.12,1.8.dev25,instance-20260810-085803,Linux-6.8.0-1064-gcp-x86_64-with-glibc2.35,x86_64,4,8,15988.059,1,0,/home/g24021555/Business-Meeting-Scheduling-Problem/.venv/bin/python3 /home/g24021555/Business-Meeting-Scheduling-Problem/src/Main.py --manifest instances_manifest.csv --family forbidden --solver sat_all --objective-mode bg_d2 --domain-mode both --domain-filter-graph both --precedence-encoding both --precedence-graph both --encoding-variant imp12+ --sat-backend cadical --maxsat-backend uwrmaxsat --uwrmaxsat-bin /home/g24021555/uwrmaxsat/build/release/bin/uwrmaxsat --timeout 7200 --csv output/full_matrix_bg_d2_forbidden.csv,,,,,,,,multiple,,cadical,,factorial,sparse_suffix+direct,,45,"1,3,4,5,6,7,8,9,10,11,12,13,14,15,16,17,18,19,20,21,22,23,24,25,26,27,28,29,30,31,32,33,34,35,36,37,38,40,41,42,43,44,45,46,47",1772,28,9,9,,,,,"journal objective family: bg_d2 | F-selected distance-labelled E* domain propagation and cycle detection | precedence configuration: F=distance_closure, P=sparse_suffix, G=direct | Full Domain MxT schedule variables + explicit unary exclusions | (20),(22)-(27) exactly once over full domains | (22)-(27) session/fixed/forbidden exclusions as hard unit clauses | (19) participant atMost-one per slot | (46),(47) clustered table capacity with compact forward channeling | (28) SparseSuffix precedence over direct distance-labelled relations | exact break-group ends and unary break-group thresholds | exact schedule <-> usedSlot channeling | (43) exactly |Mp| full usedSlot variables | (44) atMost 2|L| busy participants per slot | (45) exact even number of busy participants | historical hard cap Delta_G <= 2",,,result
,,,,,,,,,tic-13.forb0007,b2b-374c58fa947a88ba,b2b-lineage-tic-13,forbidden,F-SS-DE-ST-BGD2-UW-IC12P,Full,Filter-E*,SparseSuffix,Direct-E,SpanThreshold,BreakGroupsD2,UWrMaxSAT,IC12+,UNSAT,UNSAT,,,bg_d2,,,,,,,1,0.225035,False,46.254,,,,Compact,Compact/Full,project_implementation,one-shot weighted MaxSAT,26809,,,,,,,67222,180,67402,1800,25009,162402,46,cfg5__m-full__p-sparse_suffix__g-direct__b-span_threshold__o-break_groups_d2__s-uwrmaxsat__i-imp12plus__backend-uwrmaxsat,cfg5__m-full__p-sparse_suffix__g-direct__b-span_threshold__o-break_groups_d2__s-uwrmaxsat__i-imp12plus__backend-uwrmaxsat,full,distance_closure,sparse_suffix,direct,UWrMaxSAT,UWrMaxSAT,binary-sha256:8c68c8a386d3d7847b50d315143c2bab60e3514e59510e84a649db83cb303876,imp12+,span_threshold,total_break_groups_subject_to_range_at_most_2,BGD2,IC12P,162222,180,1,305,45355,18086,3476,1,180,180,1,,,,,,0,0,0,0,0,,,"formalism-specific model size: SAT/MaxSAT reports base CNF and soft clauses, MIP reports variables/linear constraints/nonzeros, and CP reports integer variables plus linear/global constraints; SAT bound/totalizer overhead remains separate in optimizer_added_*",1800,1772,1763,1800,0,0,0,0,0,0,0,1,0.018459,0.002164,0.088091,,0.090254,0.134781,"wall-clock from immediately before reading/parsing the .dzn instance through model construction, optimization, solution decoding, and independent validation; excludes worker-process startup and result-file export",,,,,,,peak_process_tree_rss_mb,374c58fa947a88bab923bd35a804a1fe7b42eebb4e26988ec2767cbcc430dbb5,forb0007,data_table06_forb/tic-13.forb0007.dzn,1,../noves/tic-13.forb0007.dzn,1,data_table06_forb/tic-13.forb0007.dzn,https://imae.udg.edu/Recerca/LAI/,https://ima.udg.edu/Recerca/lai/b2b/b2b.zip,ee1f440ab3f6db27ab712300ad3a54a31ffd5ec1e06f81a9ac37cb7202c56528,2026-08-10T10:42:19+00:00,7200.0,,ee80a6fbd8b513f7c010668495c39621a371266a,True,3.10.12,1.8.dev25,instance-20260810-085803,Linux-6.8.0-1064-gcp-x86_64-with-glibc2.35,x86_64,4,8,15988.059,1,0,/home/g24021555/Business-Meeting-Scheduling-Problem/.venv/bin/python3 /home/g24021555/Business-Meeting-Scheduling-Problem/src/Main.py --manifest instances_manifest.csv --family forbidden --solver sat_all --objective-mode bg_d2 --domain-mode both --domain-filter-graph both --precedence-encoding both --precedence-graph both --encoding-variant imp12+ --sat-backend cadical --maxsat-backend uwrmaxsat --uwrmaxsat-bin /home/g24021555/uwrmaxsat/build/release/bin/uwrmaxsat --timeout 7200 --csv output/full_matrix_bg_d2_forbidden.csv,/home/g24021555/uwrmaxsat/build/release/bin/uwrmaxsat,8c68c8a386d3d7847b50d315143c2bab60e3514e59510e84a649db83cb303876,/home/g24021555/uwrmaxsat/build/release/bin/uwrmaxsat -m /tmp/b2b_uwrmaxsat_ukvo8cdb/tic-13.forb0007.wcnf,,process exit code=20,,,maxsat,uwrmaxsat,,/home/g24021555/uwrmaxsat/build/release/bin/uwrmaxsat,factorial,sparse_suffix+direct,,45,"1,3,4,5,6,7,8,9,10,11,12,13,14,15,16,17,18,19,20,21,22,23,24,25,26,27,28,29,30,31,32,33,34,35,36,37,38,40,41,42,43,44,45,46,47",1772,28,9,9,,,,,"journal objective family: bg_d2 | F-selected distance-labelled E* domain propagation and cycle detection | precedence configuration: F=distance_closure, P=sparse_suffix, G=direct | Full Domain MxT schedule variables + explicit unary exclusions | (20),(22)-(27) exactly once over full domains | (22)-(27) session/fixed/forbidden exclusions as hard unit clauses | (19) participant atMost-one per slot | (46),(47) clustered table capacity with compact forward channeling | (28) SparseSuffix precedence over direct distance-labelled relations | exact break-group ends and unary break-group thresholds | exact schedule <-> usedSlot channeling | (43) exactly |Mp| full usedSlot variables | (44) atMost 2|L| busy participants per slot | (45) exact even number of busy participants | historical hard cap Delta_G <= 2",,,result
,,,,,,,,,tic-13.forb0007,b2b-374c58fa947a88ba,b2b-lineage-tic-13,forbidden,F-SS-DC-ST-BGD2-IS-CD-IC12P,Full,Filter-E*,SparseSuffix,DistanceClosure-E*,SpanThreshold,BreakGroupsD2,IncrementalSAT,IC12+,UNSAT,UNSAT,,,bg_d2,,,,,,,,0.111179,False,40.191,,,,Compact,Compact/Full,project_implementation,incremental multi-phase SAT with persistent solver state,26809,,,,,,,67222,0,67222,1800,25009,162222,46,cfg5__m-full__p-sparse_suffix__g-distance_closure__b-span_threshold__o-break_groups_d2__s-incrementalsat__i-imp12plus__backend-cadical,cfg5__m-full__p-sparse_suffix__g-distance_closure__b-span_threshold__o-break_groups_d2__s-incrementalsat__i-imp12plus__backend-cadical,full,distance_closure,sparse_suffix,distance_closure,IncrementalSAT,CaDiCaL,1.5.3,imp12+,span_threshold,total_break_groups_subject_to_range_at_most_2,BGD2,IC12P,162222,0,0,305,45355,18086,3476,,0,180,1,,,,,,0,0,0,0,0,,,"formalism-specific model size: SAT/MaxSAT reports base CNF and soft clauses, MIP reports variables/linear constraints/nonzeros, and CP reports integer variables plus linear/global constraints; SAT bound/totalizer overhead remains separate in optimizer_added_*",1800,1772,1763,1800,0,0,0,0,0,0,0,1,0.020046,0.002182,0.086505,,0.088687,0.022493,"wall-clock from immediately before reading/parsing the .dzn instance through model construction, optimization, solution decoding, and independent validation; excludes worker-process startup and result-file export",,,,,,,peak_process_tree_rss_mb,374c58fa947a88bab923bd35a804a1fe7b42eebb4e26988ec2767cbcc430dbb5,forb0007,data_table06_forb/tic-13.forb0007.dzn,1,../noves/tic-13.forb0007.dzn,1,data_table06_forb/tic-13.forb0007.dzn,https://imae.udg.edu/Recerca/LAI/,https://ima.udg.edu/Recerca/lai/b2b/b2b.zip,ee1f440ab3f6db27ab712300ad3a54a31ffd5ec1e06f81a9ac37cb7202c56528,2026-08-10T10:42:19+00:00,7200.0,,ee80a6fbd8b513f7c010668495c39621a371266a,True,3.10.12,1.8.dev25,instance-20260810-085803,Linux-6.8.0-1064-gcp-x86_64-with-glibc2.35,x86_64,4,8,15988.059,1,0,/home/g24021555/Business-Meeting-Scheduling-Problem/.venv/bin/python3 /home/g24021555/Business-Meeting-Scheduling-Problem/src/Main.py --manifest instances_manifest.csv --family forbidden --solver sat_all --objective-mode bg_d2 --domain-mode both --domain-filter-graph both --precedence-encoding both --precedence-graph both --encoding-variant imp12+ --sat-backend cadical --maxsat-backend uwrmaxsat --uwrmaxsat-bin /home/g24021555/uwrmaxsat/build/release/bin/uwrmaxsat --timeout 7200 --csv output/full_matrix_bg_d2_forbidden.csv,,,,,,,,incremental,,cadical,,staircase,sparse_suffix+distance_closure,,45,"1,3,4,5,6,7,8,9,10,11,12,13,14,15,16,17,18,19,20,21,22,23,24,25,26,27,28,29,30,31,32,33,34,35,36,37,38,40,41,42,43,44,45,46,47",1772,28,9,9,,,,,"journal objective family: bg_d2 | F-selected distance-labelled E* domain propagation and cycle detection | precedence configuration: F=distance_closure, P=sparse_suffix, G=distance_closure | Full Domain MxT schedule variables + explicit unary exclusions | (20),(22)-(27) exactly once over full domains | (22)-(27) session/fixed/forbidden exclusions as hard unit clauses | (19) participant atMost-one per slot | (46),(47) clustered table capacity with compact forward channeling | (28) SparseSuffix precedence over distance_closure distance-labelled relations | exact break-group ends and unary break-group thresholds | exact schedule <-> usedSlot channeling | (43) exactly |Mp| full usedSlot variables | (44) atMost 2|L| busy participants per slot | (45) exact even number of busy participants | historical hard cap Delta_G <= 2",,,result
,,,,,,,,,tic-13.forb0007,b2b-374c58fa947a88ba,b2b-lineage-tic-13,forbidden,F-SS-DC-ST-BGD2-NIS-CD-IC12P,Full,Filter-E*,SparseSuffix,DistanceClosure-E*,SpanThreshold,BreakGroupsD2,NonIncrementalSAT,IC12+,UNSAT,UNSAT,,,bg_d2,,,,,,,,0.115246,False,40.172,,,,Compact,Compact/Full,project_implementation,restart-based multi-phase SAT,26809,,,,,,,67222,0,67222,1800,25009,162222,46,cfg5__m-full__p-sparse_suffix__g-distance_closure__b-span_threshold__o-break_groups_d2__s-nonincrementalsat__i-imp12plus__backend-cadical,cfg5__m-full__p-sparse_suffix__g-distance_closure__b-span_threshold__o-break_groups_d2__s-nonincrementalsat__i-imp12plus__backend-cadical,full,distance_closure,sparse_suffix,distance_closure,NonIncrementalSAT,CaDiCaL,1.5.3,imp12+,span_threshold,total_break_groups_subject_to_range_at_most_2,BGD2,IC12P,162222,0,0,305,45355,18086,3476,,0,180,1,,,,,,0,0,0,0,0,,,"formalism-specific model size: SAT/MaxSAT reports base CNF and soft clauses, MIP reports variables/linear constraints/nonzeros, and CP reports integer variables plus linear/global constraints; SAT bound/totalizer overhead remains separate in optimizer_added_*",1800,1772,1763,1800,0,0,0,0,0,0,0,1,0.018256,0.002165,0.088214,,0.090379,0.024868,"wall-clock from immediately before reading/parsing the .dzn instance through model construction, optimization, solution decoding, and independent validation; excludes worker-process startup and result-file export",,,,,,,peak_process_tree_rss_mb,374c58fa947a88bab923bd35a804a1fe7b42eebb4e26988ec2767cbcc430dbb5,forb0007,data_table06_forb/tic-13.forb0007.dzn,1,../noves/tic-13.forb0007.dzn,1,data_table06_forb/tic-13.forb0007.dzn,https://imae.udg.edu/Recerca/LAI/,https://ima.udg.edu/Recerca/lai/b2b/b2b.zip,ee1f440ab3f6db27ab712300ad3a54a31ffd5ec1e06f81a9ac37cb7202c56528,2026-08-10T10:42:19+00:00,7200.0,,ee80a6fbd8b513f7c010668495c39621a371266a,True,3.10.12,1.8.dev25,instance-20260810-085803,Linux-6.8.0-1064-gcp-x86_64-with-glibc2.35,x86_64,4,8,15988.059,1,0,/home/g24021555/Business-Meeting-Scheduling-Problem/.venv/bin/python3 /home/g24021555/Business-Meeting-Scheduling-Problem/src/Main.py --manifest instances_manifest.csv --family forbidden --solver sat_all --objective-mode bg_d2 --domain-mode both --domain-filter-graph both --precedence-encoding both --precedence-graph both --encoding-variant imp12+ --sat-backend cadical --maxsat-backend uwrmaxsat --uwrmaxsat-bin /home/g24021555/uwrmaxsat/build/release/bin/uwrmaxsat --timeout 7200 --csv output/full_matrix_bg_d2_forbidden.csv,,,,,,,,multiple,,cadical,,staircase,sparse_suffix+distance_closure,,45,"1,3,4,5,6,7,8,9,10,11,12,13,14,15,16,17,18,19,20,21,22,23,24,25,26,27,28,29,30,31,32,33,34,35,36,37,38,40,41,42,43,44,45,46,47",1772,28,9,9,,,,,"journal objective family: bg_d2 | F-selected distance-labelled E* domain propagation and cycle detection | precedence configuration: F=distance_closure, P=sparse_suffix, G=distance_closure | Full Domain MxT schedule variables + explicit unary exclusions | (20),(22)-(27) exactly once over full domains | (22)-(27) session/fixed/forbidden exclusions as hard unit clauses | (19) participant atMost-one per slot | (46),(47) clustered table capacity with compact forward channeling | (28) SparseSuffix precedence over distance_closure distance-labelled relations | exact break-group ends and unary break-group thresholds | exact schedule <-> usedSlot channeling | (43) exactly |Mp| full usedSlot variables | (44) atMost 2|L| busy participants per slot | (45) exact even number of busy participants | historical hard cap Delta_G <= 2",,,result
,,,,,,,,,tic-13.forb0007,b2b-374c58fa947a88ba,b2b-lineage-tic-13,forbidden,F-SS-DC-ST-BGD2-UW-IC12P,Full,Filter-E*,SparseSuffix,DistanceClosure-E*,SpanThreshold,BreakGroupsD2,UWrMaxSAT,IC12+,UNSAT,UNSAT,,,bg_d2,,,,,,,1,0.247343,False,58.867,,,,Compact,Compact/Full,project_implementation,one-shot weighted MaxSAT,26809,,,,,,,67222,180,67402,1800,25009,162402,46,cfg5__m-full__p-sparse_suffix__g-distance_closure__b-span_threshold__o-break_groups_d2__s-uwrmaxsat__i-imp12plus__backend-uwrmaxsat,cfg5__m-full__p-sparse_suffix__g-distance_closure__b-span_threshold__o-break_groups_d2__s-uwrmaxsat__i-imp12plus__backend-uwrmaxsat,full,distance_closure,sparse_suffix,distance_closure,UWrMaxSAT,UWrMaxSAT,binary-sha256:8c68c8a386d3d7847b50d315143c2bab60e3514e59510e84a649db83cb303876,imp12+,span_threshold,total_break_groups_subject_to_range_at_most_2,BGD2,IC12P,162222,180,1,305,45355,18086,3476,1,180,180,1,,,,,,0,0,0,0,0,,,"formalism-specific model size: SAT/MaxSAT reports base CNF and soft clauses, MIP reports variables/linear constraints/nonzeros, and CP reports integer variables plus linear/global constraints; SAT bound/totalizer overhead remains separate in optimizer_added_*",1800,1772,1763,1800,0,0,0,0,0,0,0,1,0.022457,0.002511,0.10012,,0.102632,0.144711,"wall-clock from immediately before reading/parsing the .dzn instance through model construction, optimization, solution decoding, and independent validation; excludes worker-process startup and result-file export",,,,,,,peak_process_tree_rss_mb,374c58fa947a88bab923bd35a804a1fe7b42eebb4e26988ec2767cbcc430dbb5,forb0007,data_table06_forb/tic-13.forb0007.dzn,1,../noves/tic-13.forb0007.dzn,1,data_table06_forb/tic-13.forb0007.dzn,https://imae.udg.edu/Recerca/LAI/,https://ima.udg.edu/Recerca/lai/b2b/b2b.zip,ee1f440ab3f6db27ab712300ad3a54a31ffd5ec1e06f81a9ac37cb7202c56528,2026-08-10T10:42:19+00:00,7200.0,,ee80a6fbd8b513f7c010668495c39621a371266a,True,3.10.12,1.8.dev25,instance-20260810-085803,Linux-6.8.0-1064-gcp-x86_64-with-glibc2.35,x86_64,4,8,15988.059,1,0,/home/g24021555/Business-Meeting-Scheduling-Problem/.venv/bin/python3 /home/g24021555/Business-Meeting-Scheduling-Problem/src/Main.py --manifest instances_manifest.csv --family forbidden --solver sat_all --objective-mode bg_d2 --domain-mode both --domain-filter-graph both --precedence-encoding both --precedence-graph both --encoding-variant imp12+ --sat-backend cadical --maxsat-backend uwrmaxsat --uwrmaxsat-bin /home/g24021555/uwrmaxsat/build/release/bin/uwrmaxsat --timeout 7200 --csv output/full_matrix_bg_d2_forbidden.csv,/home/g24021555/uwrmaxsat/build/release/bin/uwrmaxsat,8c68c8a386d3d7847b50d315143c2bab60e3514e59510e84a649db83cb303876,/home/g24021555/uwrmaxsat/build/release/bin/uwrmaxsat -m /tmp/b2b_uwrmaxsat_lbla_1qj/tic-13.forb0007.wcnf,,process exit code=20,,,maxsat,uwrmaxsat,,/home/g24021555/uwrmaxsat/build/release/bin/uwrmaxsat,staircase,sparse_suffix+distance_closure,,45,"1,3,4,5,6,7,8,9,10,11,12,13,14,15,16,17,18,19,20,21,22,23,24,25,26,27,28,29,30,31,32,33,34,35,36,37,38,40,41,42,43,44,45,46,47",1772,28,9,9,,,,,"journal objective family: bg_d2 | F-selected distance-labelled E* domain propagation and cycle detection | precedence configuration: F=distance_closure, P=sparse_suffix, G=distance_closure | Full Domain MxT schedule variables + explicit unary exclusions | (20),(22)-(27) exactly once over full domains | (22)-(27) session/fixed/forbidden exclusions as hard unit clauses | (19) participant atMost-one per slot | (46),(47) clustered table capacity with compact forward channeling | (28) SparseSuffix precedence over distance_closure distance-labelled relations | exact break-group ends and unary break-group thresholds | exact schedule <-> usedSlot channeling | (43) exactly |Mp| full usedSlot variables | (44) atMost 2|L| busy participants per slot | (45) exact even number of busy participants | historical hard cap Delta_G <= 2",,,result
,,,,,,,,,tic-13.forb0007,b2b-374c58fa947a88ba,b2b-lineage-tic-13,forbidden,R-PW-DE-ST-BGD2-IS-CD-IC12P,Reduced,Filter-E*,Pairwise,Direct-E,SpanThreshold,BreakGroupsD2,IncrementalSAT,IC12+,UNSAT,UNSAT,,,bg_d2,,,,,,,,0.106439,False,39.848,,,,Compact,Compact/Reduced,project_implementation,incremental multi-phase SAT with persistent solver state,25560,,,,,,,64650,0,64650,1763,23797,156355,46,cfg5__m-reduced__p-pairwise__g-direct__b-span_threshold__o-break_groups_d2__s-incrementalsat__i-imp12plus__backend-cadical,cfg5__m-reduced__p-pairwise__g-direct__b-span_threshold__o-break_groups_d2__s-incrementalsat__i-imp12plus__backend-cadical,reduced,distance_closure,pairwise,direct,IncrementalSAT,CaDiCaL,1.5.3,imp12+,span_threshold,total_break_groups_subject_to_range_at_most_2,BGD2,IC12P,156355,0,0,263,43525,17404,3455,,0,180,1,,,,,,0,0,0,0,0,,,"formalism-specific model size: SAT/MaxSAT reports base CNF and soft clauses, MIP reports variables/linear constraints/nonzeros, and CP reports integer variables plus linear/global constraints; SAT bound/totalizer overhead remains separate in optimizer_added_*",1800,1772,1763,1763,0,0,0,0,0,0,0,1,0.018732,0.002506,0.083679,,0.086185,0.020253,"wall-clock from immediately before reading/parsing the .dzn instance through model construction, optimization, solution decoding, and independent validation; excludes worker-process startup and result-file export",,,,,,,peak_process_tree_rss_mb,374c58fa947a88bab923bd35a804a1fe7b42eebb4e26988ec2767cbcc430dbb5,forb0007,data_table06_forb/tic-13.forb0007.dzn,1,../noves/tic-13.forb0007.dzn,1,data_table06_forb/tic-13.forb0007.dzn,https://imae.udg.edu/Recerca/LAI/,https://ima.udg.edu/Recerca/lai/b2b/b2b.zip,ee1f440ab3f6db27ab712300ad3a54a31ffd5ec1e06f81a9ac37cb7202c56528,2026-08-10T10:42:19+00:00,7200.0,,ee80a6fbd8b513f7c010668495c39621a371266a,True,3.10.12,1.8.dev25,instance-20260810-085803,Linux-6.8.0-1064-gcp-x86_64-with-glibc2.35,x86_64,4,8,15988.059,1,0,/home/g24021555/Business-Meeting-Scheduling-Problem/.venv/bin/python3 /home/g24021555/Business-Meeting-Scheduling-Problem/src/Main.py --manifest instances_manifest.csv --family forbidden --solver sat_all --objective-mode bg_d2 --domain-mode both --domain-filter-graph both --precedence-encoding both --precedence-graph both --encoding-variant imp12+ --sat-backend cadical --maxsat-backend uwrmaxsat --uwrmaxsat-bin /home/g24021555/uwrmaxsat/build/release/bin/uwrmaxsat --timeout 7200 --csv output/full_matrix_bg_d2_forbidden.csv,,,,,,,,incremental,,cadical,,traditional,pairwise+direct,,45,"1,3,4,5,6,7,8,9,10,11,12,13,14,15,16,17,18,19,20,21,22,23,24,25,26,27,28,29,30,31,32,33,34,35,36,37,38,40,41,42,43,44,45,46,47",1772,28,9,9,,,,,"journal objective family: bg_d2 | F-selected distance-labelled E* domain propagation and cycle detection | precedence configuration: F=distance_closure, P=pairwise, G=direct | Reduced Domain variables after unary filtering + matching GAC + slot saturation | (20),(22)-(27) exactly once over reduced domains | (19) participant atMost-one per slot | (46),(47) clustered table capacity with compact forward channeling | (28) Pairwise precedence over direct distance-labelled relations | exact break-group ends and unary break-group thresholds | exact schedule <-> usedSlot channeling | (43) exactly |Mp| reduced usedSlot variables | (44) atMost 2|L| busy participants per slot | (45) exact even number of busy participants | historical hard cap Delta_G <= 2",,,result
,,,,,,,,,tic-13.forb0007,b2b-374c58fa947a88ba,b2b-lineage-tic-13,forbidden,R-PW-DE-ST-BGD2-NIS-CD-IC12P,Reduced,Filter-E*,Pairwise,Direct-E,SpanThreshold,BreakGroupsD2,NonIncrementalSAT,IC12+,UNSAT,UNSAT,,,bg_d2,,,,,,,,0.112311,False,38.52,,,,Compact,Compact/Reduced,project_implementation,restart-based multi-phase SAT,25560,,,,,,,64650,0,64650,1763,23797,156355,46,cfg5__m-reduced__p-pairwise__g-direct__b-span_threshold__o-break_groups_d2__s-nonincrementalsat__i-imp12plus__backend-cadical,cfg5__m-reduced__p-pairwise__g-direct__b-span_threshold__o-break_groups_d2__s-nonincrementalsat__i-imp12plus__backend-cadical,reduced,distance_closure,pairwise,direct,NonIncrementalSAT,CaDiCaL,1.5.3,imp12+,span_threshold,total_break_groups_subject_to_range_at_most_2,BGD2,IC12P,156355,0,0,263,43525,17404,3455,,0,180,1,,,,,,0,0,0,0,0,,,"formalism-specific model size: SAT/MaxSAT reports base CNF and soft clauses, MIP reports variables/linear constraints/nonzeros, and CP reports integer variables plus linear/global constraints; SAT bound/totalizer overhead remains separate in optimizer_added_*",1800,1772,1763,1763,0,0,0,0,0,0,0,1,0.020266,0.002502,0.090541,,0.093043,0.019268,"wall-clock from immediately before reading/parsing the .dzn instance through model construction, optimization, solution decoding, and independent validation; excludes worker-process startup and result-file export",,,,,,,peak_process_tree_rss_mb,374c58fa947a88bab923bd35a804a1fe7b42eebb4e26988ec2767cbcc430dbb5,forb0007,data_table06_forb/tic-13.forb0007.dzn,1,../noves/tic-13.forb0007.dzn,1,data_table06_forb/tic-13.forb0007.dzn,https://imae.udg.edu/Recerca/LAI/,https://ima.udg.edu/Recerca/lai/b2b/b2b.zip,ee1f440ab3f6db27ab712300ad3a54a31ffd5ec1e06f81a9ac37cb7202c56528,2026-08-10T10:42:19+00:00,7200.0,,ee80a6fbd8b513f7c010668495c39621a371266a,True,3.10.12,1.8.dev25,instance-20260810-085803,Linux-6.8.0-1064-gcp-x86_64-with-glibc2.35,x86_64,4,8,15988.059,1,0,/home/g24021555/Business-Meeting-Scheduling-Problem/.venv/bin/python3 /home/g24021555/Business-Meeting-Scheduling-Problem/src/Main.py --manifest instances_manifest.csv --family forbidden --solver sat_all --objective-mode bg_d2 --domain-mode both --domain-filter-graph both --precedence-encoding both --precedence-graph both --encoding-variant imp12+ --sat-backend cadical --maxsat-backend uwrmaxsat --uwrmaxsat-bin /home/g24021555/uwrmaxsat/build/release/bin/uwrmaxsat --timeout 7200 --csv output/full_matrix_bg_d2_forbidden.csv,,,,,,,,multiple,,cadical,,traditional,pairwise+direct,,45,"1,3,4,5,6,7,8,9,10,11,12,13,14,15,16,17,18,19,20,21,22,23,24,25,26,27,28,29,30,31,32,33,34,35,36,37,38,40,41,42,43,44,45,46,47",1772,28,9,9,,,,,"journal objective family: bg_d2 | F-selected distance-labelled E* domain propagation and cycle detection | precedence configuration: F=distance_closure, P=pairwise, G=direct | Reduced Domain variables after unary filtering + matching GAC + slot saturation | (20),(22)-(27) exactly once over reduced domains | (19) participant atMost-one per slot | (46),(47) clustered table capacity with compact forward channeling | (28) Pairwise precedence over direct distance-labelled relations | exact break-group ends and unary break-group thresholds | exact schedule <-> usedSlot channeling | (43) exactly |Mp| reduced usedSlot variables | (44) atMost 2|L| busy participants per slot | (45) exact even number of busy participants | historical hard cap Delta_G <= 2",,,result
,,,,,,,,,tic-13.forb0007,b2b-374c58fa947a88ba,b2b-lineage-tic-13,forbidden,R-PW-DE-ST-BGD2-UW-IC12P,Reduced,Filter-E*,Pairwise,Direct-E,SpanThreshold,BreakGroupsD2,UWrMaxSAT,IC12+,UNSAT,UNSAT,,,bg_d2,,,,,,,1,0.215884,False,45.57,,,,Compact,Compact/Reduced,project_implementation,one-shot weighted MaxSAT,25560,,,,,,,64650,180,64830,1763,23797,156535,46,cfg5__m-reduced__p-pairwise__g-direct__b-span_threshold__o-break_groups_d2__s-uwrmaxsat__i-imp12plus__backend-uwrmaxsat,cfg5__m-reduced__p-pairwise__g-direct__b-span_threshold__o-break_groups_d2__s-uwrmaxsat__i-imp12plus__backend-uwrmaxsat,reduced,distance_closure,pairwise,direct,UWrMaxSAT,UWrMaxSAT,binary-sha256:8c68c8a386d3d7847b50d315143c2bab60e3514e59510e84a649db83cb303876,imp12+,span_threshold,total_break_groups_subject_to_range_at_most_2,BGD2,IC12P,156355,180,1,263,43525,17404,3455,1,180,180,1,,,,,,0,0,0,0,0,,,"formalism-specific model size: SAT/MaxSAT reports base CNF and soft clauses, MIP reports variables/linear constraints/nonzeros, and CP reports integer variables plus linear/global constraints; SAT bound/totalizer overhead remains separate in optimizer_added_*",1800,1772,1763,1763,0,0,0,0,0,0,0,1,0.018957,0.002195,0.088734,,0.090929,0.124956,"wall-clock from immediately before reading/parsing the .dzn instance through model construction, optimization, solution decoding, and independent validation; excludes worker-process startup and result-file export",,,,,,,peak_process_tree_rss_mb,374c58fa947a88bab923bd35a804a1fe7b42eebb4e26988ec2767cbcc430dbb5,forb0007,data_table06_forb/tic-13.forb0007.dzn,1,../noves/tic-13.forb0007.dzn,1,data_table06_forb/tic-13.forb0007.dzn,https://imae.udg.edu/Recerca/LAI/,https://ima.udg.edu/Recerca/lai/b2b/b2b.zip,ee1f440ab3f6db27ab712300ad3a54a31ffd5ec1e06f81a9ac37cb7202c56528,2026-08-10T10:42:19+00:00,7200.0,,ee80a6fbd8b513f7c010668495c39621a371266a,True,3.10.12,1.8.dev25,instance-20260810-085803,Linux-6.8.0-1064-gcp-x86_64-with-glibc2.35,x86_64,4,8,15988.059,1,0,/home/g24021555/Business-Meeting-Scheduling-Problem/.venv/bin/python3 /home/g24021555/Business-Meeting-Scheduling-Problem/src/Main.py --manifest instances_manifest.csv --family forbidden --solver sat_all --objective-mode bg_d2 --domain-mode both --domain-filter-graph both --precedence-encoding both --precedence-graph both --encoding-variant imp12+ --sat-backend cadical --maxsat-backend uwrmaxsat --uwrmaxsat-bin /home/g24021555/uwrmaxsat/build/release/bin/uwrmaxsat --timeout 7200 --csv output/full_matrix_bg_d2_forbidden.csv,/home/g24021555/uwrmaxsat/build/release/bin/uwrmaxsat,8c68c8a386d3d7847b50d315143c2bab60e3514e59510e84a649db83cb303876,/home/g24021555/uwrmaxsat/build/release/bin/uwrmaxsat -m /tmp/b2b_uwrmaxsat_7sg3au8t/tic-13.forb0007.wcnf,,process exit code=20,,,maxsat,uwrmaxsat,,/home/g24021555/uwrmaxsat/build/release/bin/uwrmaxsat,traditional,pairwise+direct,,45,"1,3,4,5,6,7,8,9,10,11,12,13,14,15,16,17,18,19,20,21,22,23,24,25,26,27,28,29,30,31,32,33,34,35,36,37,38,40,41,42,43,44,45,46,47",1772,28,9,9,,,,,"journal objective family: bg_d2 | F-selected distance-labelled E* domain propagation and cycle detection | precedence configuration: F=distance_closure, P=pairwise, G=direct | Reduced Domain variables after unary filtering + matching GAC + slot saturation | (20),(22)-(27) exactly once over reduced domains | (19) participant atMost-one per slot | (46),(47) clustered table capacity with compact forward channeling | (28) Pairwise precedence over direct distance-labelled relations | exact break-group ends and unary break-group thresholds | exact schedule <-> usedSlot channeling | (43) exactly |Mp| reduced usedSlot variables | (44) atMost 2|L| busy participants per slot | (45) exact even number of busy participants | historical hard cap Delta_G <= 2",,,result
,,,,,,,,,tic-13.forb0007,b2b-374c58fa947a88ba,b2b-lineage-tic-13,forbidden,R-PW-DC-ST-BGD2-IS-CD-IC12P,Reduced,Filter-E*,Pairwise,DistanceClosure-E*,SpanThreshold,BreakGroupsD2,IncrementalSAT,IC12+,UNSAT,UNSAT,,,bg_d2,,,,,,,,0.109149,False,39.562,,,,Compact,Compact/Reduced,project_implementation,incremental multi-phase SAT with persistent solver state,25560,,,,,,,64650,0,64650,1763,23797,156355,46,cfg5__m-reduced__p-pairwise__g-distance_closure__b-span_threshold__o-break_groups_d2__s-incrementalsat__i-imp12plus__backend-cadical,cfg5__m-reduced__p-pairwise__g-distance_closure__b-span_threshold__o-break_groups_d2__s-incrementalsat__i-imp12plus__backend-cadical,reduced,distance_closure,pairwise,distance_closure,IncrementalSAT,CaDiCaL,1.5.3,imp12+,span_threshold,total_break_groups_subject_to_range_at_most_2,BGD2,IC12P,156355,0,0,263,43525,17404,3455,,0,180,1,,,,,,0,0,0,0,0,,,"formalism-specific model size: SAT/MaxSAT reports base CNF and soft clauses, MIP reports variables/linear constraints/nonzeros, and CP reports integer variables plus linear/global constraints; SAT bound/totalizer overhead remains separate in optimizer_added_*",1800,1772,1763,1763,0,0,0,0,0,0,0,1,0.019539,0.002206,0.08677,,0.088976,0.020173,"wall-clock from immediately before reading/parsing the .dzn instance through model construction, optimization, solution decoding, and independent validation; excludes worker-process startup and result-file export",,,,,,,peak_process_tree_rss_mb,374c58fa947a88bab923bd35a804a1fe7b42eebb4e26988ec2767cbcc430dbb5,forb0007,data_table06_forb/tic-13.forb0007.dzn,1,../noves/tic-13.forb0007.dzn,1,data_table06_forb/tic-13.forb0007.dzn,https://imae.udg.edu/Recerca/LAI/,https://ima.udg.edu/Recerca/lai/b2b/b2b.zip,ee1f440ab3f6db27ab712300ad3a54a31ffd5ec1e06f81a9ac37cb7202c56528,2026-08-10T10:42:19+00:00,7200.0,,ee80a6fbd8b513f7c010668495c39621a371266a,True,3.10.12,1.8.dev25,instance-20260810-085803,Linux-6.8.0-1064-gcp-x86_64-with-glibc2.35,x86_64,4,8,15988.059,1,0,/home/g24021555/Business-Meeting-Scheduling-Problem/.venv/bin/python3 /home/g24021555/Business-Meeting-Scheduling-Problem/src/Main.py --manifest instances_manifest.csv --family forbidden --solver sat_all --objective-mode bg_d2 --domain-mode both --domain-filter-graph both --precedence-encoding both --precedence-graph both --encoding-variant imp12+ --sat-backend cadical --maxsat-backend uwrmaxsat --uwrmaxsat-bin /home/g24021555/uwrmaxsat/build/release/bin/uwrmaxsat --timeout 7200 --csv output/full_matrix_bg_d2_forbidden.csv,,,,,,,,incremental,,cadical,,factorial,pairwise+distance_closure,,45,"1,3,4,5,6,7,8,9,10,11,12,13,14,15,16,17,18,19,20,21,22,23,24,25,26,27,28,29,30,31,32,33,34,35,36,37,38,40,41,42,43,44,45,46,47",1772,28,9,9,,,,,"journal objective family: bg_d2 | F-selected distance-labelled E* domain propagation and cycle detection | precedence configuration: F=distance_closure, P=pairwise, G=distance_closure | Reduced Domain variables after unary filtering + matching GAC + slot saturation | (20),(22)-(27) exactly once over reduced domains | (19) participant atMost-one per slot | (46),(47) clustered table capacity with compact forward channeling | (28) Pairwise precedence over distance_closure distance-labelled relations | exact break-group ends and unary break-group thresholds | exact schedule <-> usedSlot channeling | (43) exactly |Mp| reduced usedSlot variables | (44) atMost 2|L| busy participants per slot | (45) exact even number of busy participants | historical hard cap Delta_G <= 2",,,result
,,,,,,,,,tic-13.forb0007,b2b-374c58fa947a88ba,b2b-lineage-tic-13,forbidden,R-PW-DC-ST-BGD2-NIS-CD-IC12P,Reduced,Filter-E*,Pairwise,DistanceClosure-E*,SpanThreshold,BreakGroupsD2,NonIncrementalSAT,IC12+,UNSAT,UNSAT,,,bg_d2,,,,,,,,0.10779,False,40.074,,,,Compact,Compact/Reduced,project_implementation,restart-based multi-phase SAT,25560,,,,,,,64650,0,64650,1763,23797,156355,46,cfg5__m-reduced__p-pairwise__g-distance_closure__b-span_threshold__o-break_groups_d2__s-nonincrementalsat__i-imp12plus__backend-cadical,cfg5__m-reduced__p-pairwise__g-distance_closure__b-span_threshold__o-break_groups_d2__s-nonincrementalsat__i-imp12plus__backend-cadical,reduced,distance_closure,pairwise,distance_closure,NonIncrementalSAT,CaDiCaL,1.5.3,imp12+,span_threshold,total_break_groups_subject_to_range_at_most_2,BGD2,IC12P,156355,0,0,263,43525,17404,3455,,0,180,1,,,,,,0,0,0,0,0,,,"formalism-specific model size: SAT/MaxSAT reports base CNF and soft clauses, MIP reports variables/linear constraints/nonzeros, and CP reports integer variables plus linear/global constraints; SAT bound/totalizer overhead remains separate in optimizer_added_*",1800,1772,1763,1763,0,0,0,0,0,0,0,1,0.017838,0.002205,0.085137,,0.087342,0.020448,"wall-clock from immediately before reading/parsing the .dzn instance through model construction, optimization, solution decoding, and independent validation; excludes worker-process startup and result-file export",,,,,,,peak_process_tree_rss_mb,374c58fa947a88bab923bd35a804a1fe7b42eebb4e26988ec2767cbcc430dbb5,forb0007,data_table06_forb/tic-13.forb0007.dzn,1,../noves/tic-13.forb0007.dzn,1,data_table06_forb/tic-13.forb0007.dzn,https://imae.udg.edu/Recerca/LAI/,https://ima.udg.edu/Recerca/lai/b2b/b2b.zip,ee1f440ab3f6db27ab712300ad3a54a31ffd5ec1e06f81a9ac37cb7202c56528,2026-08-10T10:42:19+00:00,7200.0,,ee80a6fbd8b513f7c010668495c39621a371266a,True,3.10.12,1.8.dev25,instance-20260810-085803,Linux-6.8.0-1064-gcp-x86_64-with-glibc2.35,x86_64,4,8,15988.059,1,0,/home/g24021555/Business-Meeting-Scheduling-Problem/.venv/bin/python3 /home/g24021555/Business-Meeting-Scheduling-Problem/src/Main.py --manifest instances_manifest.csv --family forbidden --solver sat_all --objective-mode bg_d2 --domain-mode both --domain-filter-graph both --precedence-encoding both --precedence-graph both --encoding-variant imp12+ --sat-backend cadical --maxsat-backend uwrmaxsat --uwrmaxsat-bin /home/g24021555/uwrmaxsat/build/release/bin/uwrmaxsat --timeout 7200 --csv output/full_matrix_bg_d2_forbidden.csv,,,,,,,,multiple,,cadical,,factorial,pairwise+distance_closure,,45,"1,3,4,5,6,7,8,9,10,11,12,13,14,15,16,17,18,19,20,21,22,23,24,25,26,27,28,29,30,31,32,33,34,35,36,37,38,40,41,42,43,44,45,46,47",1772,28,9,9,,,,,"journal objective family: bg_d2 | F-selected distance-labelled E* domain propagation and cycle detection | precedence configuration: F=distance_closure, P=pairwise, G=distance_closure | Reduced Domain variables after unary filtering + matching GAC + slot saturation | (20),(22)-(27) exactly once over reduced domains | (19) participant atMost-one per slot | (46),(47) clustered table capacity with compact forward channeling | (28) Pairwise precedence over distance_closure distance-labelled relations | exact break-group ends and unary break-group thresholds | exact schedule <-> usedSlot channeling | (43) exactly |Mp| reduced usedSlot variables | (44) atMost 2|L| busy participants per slot | (45) exact even number of busy participants | historical hard cap Delta_G <= 2",,,result
,,,,,,,,,tic-13.forb0007,b2b-374c58fa947a88ba,b2b-lineage-tic-13,forbidden,R-PW-DC-ST-BGD2-UW-IC12P,Reduced,Filter-E*,Pairwise,DistanceClosure-E*,SpanThreshold,BreakGroupsD2,UWrMaxSAT,IC12+,UNSAT,UNSAT,,,bg_d2,,,,,,,1,0.217385,False,45.641,,,,Compact,Compact/Reduced,project_implementation,one-shot weighted MaxSAT,25560,,,,,,,64650,180,64830,1763,23797,156535,46,cfg5__m-reduced__p-pairwise__g-distance_closure__b-span_threshold__o-break_groups_d2__s-uwrmaxsat__i-imp12plus__backend-uwrmaxsat,cfg5__m-reduced__p-pairwise__g-distance_closure__b-span_threshold__o-break_groups_d2__s-uwrmaxsat__i-imp12plus__backend-uwrmaxsat,reduced,distance_closure,pairwise,distance_closure,UWrMaxSAT,UWrMaxSAT,binary-sha256:8c68c8a386d3d7847b50d315143c2bab60e3514e59510e84a649db83cb303876,imp12+,span_threshold,total_break_groups_subject_to_range_at_most_2,BGD2,IC12P,156355,180,1,263,43525,17404,3455,1,180,180,1,,,,,,0,0,0,0,0,,,"formalism-specific model size: SAT/MaxSAT reports base CNF and soft clauses, MIP reports variables/linear constraints/nonzeros, and CP reports integer variables plus linear/global constraints; SAT bound/totalizer overhead remains separate in optimizer_added_*",1800,1772,1763,1763,0,0,0,0,0,0,0,1,0.018838,0.002174,0.086852,,0.089026,0.128359,"wall-clock from immediately before reading/parsing the .dzn instance through model construction, optimization, solution decoding, and independent validation; excludes worker-process startup and result-file export",,,,,,,peak_process_tree_rss_mb,374c58fa947a88bab923bd35a804a1fe7b42eebb4e26988ec2767cbcc430dbb5,forb0007,data_table06_forb/tic-13.forb0007.dzn,1,../noves/tic-13.forb0007.dzn,1,data_table06_forb/tic-13.forb0007.dzn,https://imae.udg.edu/Recerca/LAI/,https://ima.udg.edu/Recerca/lai/b2b/b2b.zip,ee1f440ab3f6db27ab712300ad3a54a31ffd5ec1e06f81a9ac37cb7202c56528,2026-08-10T10:42:19+00:00,7200.0,,ee80a6fbd8b513f7c010668495c39621a371266a,True,3.10.12,1.8.dev25,instance-20260810-085803,Linux-6.8.0-1064-gcp-x86_64-with-glibc2.35,x86_64,4,8,15988.059,1,0,/home/g24021555/Business-Meeting-Scheduling-Problem/.venv/bin/python3 /home/g24021555/Business-Meeting-Scheduling-Problem/src/Main.py --manifest instances_manifest.csv --family forbidden --solver sat_all --objective-mode bg_d2 --domain-mode both --domain-filter-graph both --precedence-encoding both --precedence-graph both --encoding-variant imp12+ --sat-backend cadical --maxsat-backend uwrmaxsat --uwrmaxsat-bin /home/g24021555/uwrmaxsat/build/release/bin/uwrmaxsat --timeout 7200 --csv output/full_matrix_bg_d2_forbidden.csv,/home/g24021555/uwrmaxsat/build/release/bin/uwrmaxsat,8c68c8a386d3d7847b50d315143c2bab60e3514e59510e84a649db83cb303876,/home/g24021555/uwrmaxsat/build/release/bin/uwrmaxsat -m /tmp/b2b_uwrmaxsat_okggccq_/tic-13.forb0007.wcnf,,process exit code=20,,,maxsat,uwrmaxsat,,/home/g24021555/uwrmaxsat/build/release/bin/uwrmaxsat,factorial,pairwise+distance_closure,,45,"1,3,4,5,6,7,8,9,10,11,12,13,14,15,16,17,18,19,20,21,22,23,24,25,26,27,28,29,30,31,32,33,34,35,36,37,38,40,41,42,43,44,45,46,47",1772,28,9,9,,,,,"journal objective family: bg_d2 | F-selected distance-labelled E* domain propagation and cycle detection | precedence configuration: F=distance_closure, P=pairwise, G=distance_closure | Reduced Domain variables after unary filtering + matching GAC + slot saturation | (20),(22)-(27) exactly once over reduced domains | (19) participant atMost-one per slot | (46),(47) clustered table capacity with compact forward channeling | (28) Pairwise precedence over distance_closure distance-labelled relations | exact break-group ends and unary break-group thresholds | exact schedule <-> usedSlot channeling | (43) exactly |Mp| reduced usedSlot variables | (44) atMost 2|L| busy participants per slot | (45) exact even number of busy participants | historical hard cap Delta_G <= 2",,,result
,,,,,,,,,tic-13.forb0007,b2b-374c58fa947a88ba,b2b-lineage-tic-13,forbidden,R-SS-DE-ST-BGD2-IS-CD-IC12P,Reduced,Filter-E*,SparseSuffix,Direct-E,SpanThreshold,BreakGroupsD2,IncrementalSAT,IC12+,UNSAT,UNSAT,,,bg_d2,,,,,,,,0.10603,False,39.855,,,,Compact,Compact/Reduced,project_implementation,incremental multi-phase SAT with persistent solver state,25560,,,,,,,64650,0,64650,1763,23797,156355,46,cfg5__m-reduced__p-sparse_suffix__g-direct__b-span_threshold__o-break_groups_d2__s-incrementalsat__i-imp12plus__backend-cadical,cfg5__m-reduced__p-sparse_suffix__g-direct__b-span_threshold__o-break_groups_d2__s-incrementalsat__i-imp12plus__backend-cadical,reduced,distance_closure,sparse_suffix,direct,IncrementalSAT,CaDiCaL,1.5.3,imp12+,span_threshold,total_break_groups_subject_to_range_at_most_2,BGD2,IC12P,156355,0,0,263,43525,17404,3455,,0,180,1,,,,,,0,0,0,0,0,,,"formalism-specific model size: SAT/MaxSAT reports base CNF and soft clauses, MIP reports variables/linear constraints/nonzeros, and CP reports integer variables plus linear/global constraints; SAT bound/totalizer overhead remains separate in optimizer_added_*",1800,1772,1763,1763,0,0,0,0,0,0,0,1,0.019269,0.002506,0.084453,,0.086959,0.019072,"wall-clock from immediately before reading/parsing the .dzn instance through model construction, optimization, solution decoding, and independent validation; excludes worker-process startup and result-file export",,,,,,,peak_process_tree_rss_mb,374c58fa947a88bab923bd35a804a1fe7b42eebb4e26988ec2767cbcc430dbb5,forb0007,data_table06_forb/tic-13.forb0007.dzn,1,../noves/tic-13.forb0007.dzn,1,data_table06_forb/tic-13.forb0007.dzn,https://imae.udg.edu/Recerca/LAI/,https://ima.udg.edu/Recerca/lai/b2b/b2b.zip,ee1f440ab3f6db27ab712300ad3a54a31ffd5ec1e06f81a9ac37cb7202c56528,2026-08-10T10:42:19+00:00,7200.0,,ee80a6fbd8b513f7c010668495c39621a371266a,True,3.10.12,1.8.dev25,instance-20260810-085803,Linux-6.8.0-1064-gcp-x86_64-with-glibc2.35,x86_64,4,8,15988.059,1,0,/home/g24021555/Business-Meeting-Scheduling-Problem/.venv/bin/python3 /home/g24021555/Business-Meeting-Scheduling-Problem/src/Main.py --manifest instances_manifest.csv --family forbidden --solver sat_all --objective-mode bg_d2 --domain-mode both --domain-filter-graph both --precedence-encoding both --precedence-graph both --encoding-variant imp12+ --sat-backend cadical --maxsat-backend uwrmaxsat --uwrmaxsat-bin /home/g24021555/uwrmaxsat/build/release/bin/uwrmaxsat --timeout 7200 --csv output/full_matrix_bg_d2_forbidden.csv,,,,,,,,incremental,,cadical,,factorial,sparse_suffix+direct,,45,"1,3,4,5,6,7,8,9,10,11,12,13,14,15,16,17,18,19,20,21,22,23,24,25,26,27,28,29,30,31,32,33,34,35,36,37,38,40,41,42,43,44,45,46,47",1772,28,9,9,,,,,"journal objective family: bg_d2 | F-selected distance-labelled E* domain propagation and cycle detection | precedence configuration: F=distance_closure, P=sparse_suffix, G=direct | Reduced Domain variables after unary filtering + matching GAC + slot saturation | (20),(22)-(27) exactly once over reduced domains | (19) participant atMost-one per slot | (46),(47) clustered table capacity with compact forward channeling | (28) SparseSuffix precedence over direct distance-labelled relations | exact break-group ends and unary break-group thresholds | exact schedule <-> usedSlot channeling | (43) exactly |Mp| reduced usedSlot variables | (44) atMost 2|L| busy participants per slot | (45) exact even number of busy participants | historical hard cap Delta_G <= 2",,,result
,,,,,,,,,tic-13.forb0007,b2b-374c58fa947a88ba,b2b-lineage-tic-13,forbidden,R-SS-DE-ST-BGD2-NIS-CD-IC12P,Reduced,Filter-E*,SparseSuffix,Direct-E,SpanThreshold,BreakGroupsD2,NonIncrementalSAT,IC12+,UNSAT,UNSAT,,,bg_d2,,,,,,,,0.107045,False,39.66,,,,Compact,Compact/Reduced,project_implementation,restart-based multi-phase SAT,25560,,,,,,,64650,0,64650,1763,23797,156355,46,cfg5__m-reduced__p-sparse_suffix__g-direct__b-span_threshold__o-break_groups_d2__s-nonincrementalsat__i-imp12plus__backend-cadical,cfg5__m-reduced__p-sparse_suffix__g-direct__b-span_threshold__o-break_groups_d2__s-nonincrementalsat__i-imp12plus__backend-cadical,reduced,distance_closure,sparse_suffix,direct,NonIncrementalSAT,CaDiCaL,1.5.3,imp12+,span_threshold,total_break_groups_subject_to_range_at_most_2,BGD2,IC12P,156355,0,0,263,43525,17404,3455,,0,180,1,,,,,,0,0,0,0,0,,,"formalism-specific model size: SAT/MaxSAT reports base CNF and soft clauses, MIP reports variables/linear constraints/nonzeros, and CP reports integer variables plus linear/global constraints; SAT bound/totalizer overhead remains separate in optimizer_added_*",1800,1772,1763,1763,0,0,0,0,0,0,0,1,0.018616,0.002525,0.08489,,0.087416,0.019629,"wall-clock from immediately before reading/parsing the .dzn instance through model construction, optimization, solution decoding, and independent validation; excludes worker-process startup and result-file export",,,,,,,peak_process_tree_rss_mb,374c58fa947a88bab923bd35a804a1fe7b42eebb4e26988ec2767cbcc430dbb5,forb0007,data_table06_forb/tic-13.forb0007.dzn,1,../noves/tic-13.forb0007.dzn,1,data_table06_forb/tic-13.forb0007.dzn,https://imae.udg.edu/Recerca/LAI/,https://ima.udg.edu/Recerca/lai/b2b/b2b.zip,ee1f440ab3f6db27ab712300ad3a54a31ffd5ec1e06f81a9ac37cb7202c56528,2026-08-10T10:42:19+00:00,7200.0,,ee80a6fbd8b513f7c010668495c39621a371266a,True,3.10.12,1.8.dev25,instance-20260810-085803,Linux-6.8.0-1064-gcp-x86_64-with-glibc2.35,x86_64,4,8,15988.059,1,0,/home/g24021555/Business-Meeting-Scheduling-Problem/.venv/bin/python3 /home/g24021555/Business-Meeting-Scheduling-Problem/src/Main.py --manifest instances_manifest.csv --family forbidden --solver sat_all --objective-mode bg_d2 --domain-mode both --domain-filter-graph both --precedence-encoding both --precedence-graph both --encoding-variant imp12+ --sat-backend cadical --maxsat-backend uwrmaxsat --uwrmaxsat-bin /home/g24021555/uwrmaxsat/build/release/bin/uwrmaxsat --timeout 7200 --csv output/full_matrix_bg_d2_forbidden.csv,,,,,,,,multiple,,cadical,,factorial,sparse_suffix+direct,,45,"1,3,4,5,6,7,8,9,10,11,12,13,14,15,16,17,18,19,20,21,22,23,24,25,26,27,28,29,30,31,32,33,34,35,36,37,38,40,41,42,43,44,45,46,47",1772,28,9,9,,,,,"journal objective family: bg_d2 | F-selected distance-labelled E* domain propagation and cycle detection | precedence configuration: F=distance_closure, P=sparse_suffix, G=direct | Reduced Domain variables after unary filtering + matching GAC + slot saturation | (20),(22)-(27) exactly once over reduced domains | (19) participant atMost-one per slot | (46),(47) clustered table capacity with compact forward channeling | (28) SparseSuffix precedence over direct distance-labelled relations | exact break-group ends and unary break-group thresholds | exact schedule <-> usedSlot channeling | (43) exactly |Mp| reduced usedSlot variables | (44) atMost 2|L| busy participants per slot | (45) exact even number of busy participants | historical hard cap Delta_G <= 2",,,result
,,,,,,,,,tic-13.forb0007,b2b-374c58fa947a88ba,b2b-lineage-tic-13,forbidden,R-SS-DE-ST-BGD2-UW-IC12P,Reduced,Filter-E*,SparseSuffix,Direct-E,SpanThreshold,BreakGroupsD2,UWrMaxSAT,IC12+,UNSAT,UNSAT,,,bg_d2,,,,,,,1,0.217671,False,45.52,,,,Compact,Compact/Reduced,project_implementation,one-shot weighted MaxSAT,25560,,,,,,,64650,180,64830,1763,23797,156535,46,cfg5__m-reduced__p-sparse_suffix__g-direct__b-span_threshold__o-break_groups_d2__s-uwrmaxsat__i-imp12plus__backend-uwrmaxsat,cfg5__m-reduced__p-sparse_suffix__g-direct__b-span_threshold__o-break_groups_d2__s-uwrmaxsat__i-imp12plus__backend-uwrmaxsat,reduced,distance_closure,sparse_suffix,direct,UWrMaxSAT,UWrMaxSAT,binary-sha256:8c68c8a386d3d7847b50d315143c2bab60e3514e59510e84a649db83cb303876,imp12+,span_threshold,total_break_groups_subject_to_range_at_most_2,BGD2,IC12P,156355,180,1,263,43525,17404,3455,1,180,180,1,,,,,,0,0,0,0,0,,,"formalism-specific model size: SAT/MaxSAT reports base CNF and soft clauses, MIP reports variables/linear constraints/nonzeros, and CP reports integer variables plus linear/global constraints; SAT bound/totalizer overhead remains separate in optimizer_added_*",1800,1772,1763,1763,0,0,0,0,0,0,0,1,0.019947,0.002202,0.088619,,0.090822,0.126849,"wall-clock from immediately before reading/parsing the .dzn instance through model construction, optimization, solution decoding, and independent validation; excludes worker-process startup and result-file export",,,,,,,peak_process_tree_rss_mb,374c58fa947a88bab923bd35a804a1fe7b42eebb4e26988ec2767cbcc430dbb5,forb0007,data_table06_forb/tic-13.forb0007.dzn,1,../noves/tic-13.forb0007.dzn,1,data_table06_forb/tic-13.forb0007.dzn,https://imae.udg.edu/Recerca/LAI/,https://ima.udg.edu/Recerca/lai/b2b/b2b.zip,ee1f440ab3f6db27ab712300ad3a54a31ffd5ec1e06f81a9ac37cb7202c56528,2026-08-10T10:42:19+00:00,7200.0,,ee80a6fbd8b513f7c010668495c39621a371266a,True,3.10.12,1.8.dev25,instance-20260810-085803,Linux-6.8.0-1064-gcp-x86_64-with-glibc2.35,x86_64,4,8,15988.059,1,0,/home/g24021555/Business-Meeting-Scheduling-Problem/.venv/bin/python3 /home/g24021555/Business-Meeting-Scheduling-Problem/src/Main.py --manifest instances_manifest.csv --family forbidden --solver sat_all --objective-mode bg_d2 --domain-mode both --domain-filter-graph both --precedence-encoding both --precedence-graph both --encoding-variant imp12+ --sat-backend cadical --maxsat-backend uwrmaxsat --uwrmaxsat-bin /home/g24021555/uwrmaxsat/build/release/bin/uwrmaxsat --timeout 7200 --csv output/full_matrix_bg_d2_forbidden.csv,/home/g24021555/uwrmaxsat/build/release/bin/uwrmaxsat,8c68c8a386d3d7847b50d315143c2bab60e3514e59510e84a649db83cb303876,/home/g24021555/uwrmaxsat/build/release/bin/uwrmaxsat -m /tmp/b2b_uwrmaxsat_aqkv83dv/tic-13.forb0007.wcnf,,process exit code=20,,,maxsat,uwrmaxsat,,/home/g24021555/uwrmaxsat/build/release/bin/uwrmaxsat,factorial,sparse_suffix+direct,,45,"1,3,4,5,6,7,8,9,10,11,12,13,14,15,16,17,18,19,20,21,22,23,24,25,26,27,28,29,30,31,32,33,34,35,36,37,38,40,41,42,43,44,45,46,47",1772,28,9,9,,,,,"journal objective family: bg_d2 | F-selected distance-labelled E* domain propagation and cycle detection | precedence configuration: F=distance_closure, P=sparse_suffix, G=direct | Reduced Domain variables after unary filtering + matching GAC + slot saturation | (20),(22)-(27) exactly once over reduced domains | (19) participant atMost-one per slot | (46),(47) clustered table capacity with compact forward channeling | (28) SparseSuffix precedence over direct distance-labelled relations | exact break-group ends and unary break-group thresholds | exact schedule <-> usedSlot channeling | (43) exactly |Mp| reduced usedSlot variables | (44) atMost 2|L| busy participants per slot | (45) exact even number of busy participants | historical hard cap Delta_G <= 2",,,result
,,,,,,,,,tic-13.forb0007,b2b-374c58fa947a88ba,b2b-lineage-tic-13,forbidden,R-SS-DC-ST-BGD2-IS-CD-IC12P,Reduced,Filter-E*,SparseSuffix,DistanceClosure-E*,SpanThreshold,BreakGroupsD2,IncrementalSAT,IC12+,UNSAT,UNSAT,,,bg_d2,,,,,,,,0.104549,False,39.477,,,,Compact,Compact/Reduced,project_implementation,incremental multi-phase SAT with persistent solver state,25560,,,,,,,64650,0,64650,1763,23797,156355,46,cfg5__m-reduced__p-sparse_suffix__g-distance_closure__b-span_threshold__o-break_groups_d2__s-incrementalsat__i-imp12plus__backend-cadical,cfg5__m-reduced__p-sparse_suffix__g-distance_closure__b-span_threshold__o-break_groups_d2__s-incrementalsat__i-imp12plus__backend-cadical,reduced,distance_closure,sparse_suffix,distance_closure,IncrementalSAT,CaDiCaL,1.5.3,imp12+,span_threshold,total_break_groups_subject_to_range_at_most_2,BGD2,IC12P,156355,0,0,263,43525,17404,3455,,0,180,1,,,,,,0,0,0,0,0,,,"formalism-specific model size: SAT/MaxSAT reports base CNF and soft clauses, MIP reports variables/linear constraints/nonzeros, and CP reports integer variables plus linear/global constraints; SAT bound/totalizer overhead remains separate in optimizer_added_*",1800,1772,1763,1763,0,0,0,0,0,0,0,1,0.017739,0.002465,0.082701,,0.085166,0.019382,"wall-clock from immediately before reading/parsing the .dzn instance through model construction, optimization, solution decoding, and independent validation; excludes worker-process startup and result-file export",,,,,,,peak_process_tree_rss_mb,374c58fa947a88bab923bd35a804a1fe7b42eebb4e26988ec2767cbcc430dbb5,forb0007,data_table06_forb/tic-13.forb0007.dzn,1,../noves/tic-13.forb0007.dzn,1,data_table06_forb/tic-13.forb0007.dzn,https://imae.udg.edu/Recerca/LAI/,https://ima.udg.edu/Recerca/lai/b2b/b2b.zip,ee1f440ab3f6db27ab712300ad3a54a31ffd5ec1e06f81a9ac37cb7202c56528,2026-08-10T10:42:19+00:00,7200.0,,ee80a6fbd8b513f7c010668495c39621a371266a,True,3.10.12,1.8.dev25,instance-20260810-085803,Linux-6.8.0-1064-gcp-x86_64-with-glibc2.35,x86_64,4,8,15988.059,1,0,/home/g24021555/Business-Meeting-Scheduling-Problem/.venv/bin/python3 /home/g24021555/Business-Meeting-Scheduling-Problem/src/Main.py --manifest instances_manifest.csv --family forbidden --solver sat_all --objective-mode bg_d2 --domain-mode both --domain-filter-graph both --precedence-encoding both --precedence-graph both --encoding-variant imp12+ --sat-backend cadical --maxsat-backend uwrmaxsat --uwrmaxsat-bin /home/g24021555/uwrmaxsat/build/release/bin/uwrmaxsat --timeout 7200 --csv output/full_matrix_bg_d2_forbidden.csv,,,,,,,,incremental,,cadical,,staircase,sparse_suffix+distance_closure,,45,"1,3,4,5,6,7,8,9,10,11,12,13,14,15,16,17,18,19,20,21,22,23,24,25,26,27,28,29,30,31,32,33,34,35,36,37,38,40,41,42,43,44,45,46,47",1772,28,9,9,,,,,"journal objective family: bg_d2 | F-selected distance-labelled E* domain propagation and cycle detection | precedence configuration: F=distance_closure, P=sparse_suffix, G=distance_closure | Reduced Domain variables after unary filtering + matching GAC + slot saturation | (20),(22)-(27) exactly once over reduced domains | (19) participant atMost-one per slot | (46),(47) clustered table capacity with compact forward channeling | (28) SparseSuffix precedence over distance_closure distance-labelled relations | exact break-group ends and unary break-group thresholds | exact schedule <-> usedSlot channeling | (43) exactly |Mp| reduced usedSlot variables | (44) atMost 2|L| busy participants per slot | (45) exact even number of busy participants | historical hard cap Delta_G <= 2",,,result
,,,,,,,,,tic-13.forb0007,b2b-374c58fa947a88ba,b2b-lineage-tic-13,forbidden,R-SS-DC-ST-BGD2-NIS-CD-IC12P,Reduced,Filter-E*,SparseSuffix,DistanceClosure-E*,SpanThreshold,BreakGroupsD2,NonIncrementalSAT,IC12+,UNSAT,UNSAT,,,bg_d2,,,,,,,,0.105994,False,39.793,,,,Compact,Compact/Reduced,project_implementation,restart-based multi-phase SAT,25560,,,,,,,64650,0,64650,1763,23797,156355,46,cfg5__m-reduced__p-sparse_suffix__g-distance_closure__b-span_threshold__o-break_groups_d2__s-nonincrementalsat__i-imp12plus__backend-cadical,cfg5__m-reduced__p-sparse_suffix__g-distance_closure__b-span_threshold__o-break_groups_d2__s-nonincrementalsat__i-imp12plus__backend-cadical,reduced,distance_closure,sparse_suffix,distance_closure,NonIncrementalSAT,CaDiCaL,1.5.3,imp12+,span_threshold,total_break_groups_subject_to_range_at_most_2,BGD2,IC12P,156355,0,0,263,43525,17404,3455,,0,180,1,,,,,,0,0,0,0,0,,,"formalism-specific model size: SAT/MaxSAT reports base CNF and soft clauses, MIP reports variables/linear constraints/nonzeros, and CP reports integer variables plus linear/global constraints; SAT bound/totalizer overhead remains separate in optimizer_added_*",1800,1772,1763,1763,0,0,0,0,0,0,0,1,0.01947,0.002167,0.085122,,0.087289,0.018705,"wall-clock from immediately before reading/parsing the .dzn instance through model construction, optimization, solution decoding, and independent validation; excludes worker-process startup and result-file export",,,,,,,peak_process_tree_rss_mb,374c58fa947a88bab923bd35a804a1fe7b42eebb4e26988ec2767cbcc430dbb5,forb0007,data_table06_forb/tic-13.forb0007.dzn,1,../noves/tic-13.forb0007.dzn,1,data_table06_forb/tic-13.forb0007.dzn,https://imae.udg.edu/Recerca/LAI/,https://ima.udg.edu/Recerca/lai/b2b/b2b.zip,ee1f440ab3f6db27ab712300ad3a54a31ffd5ec1e06f81a9ac37cb7202c56528,2026-08-10T10:42:19+00:00,7200.0,,ee80a6fbd8b513f7c010668495c39621a371266a,True,3.10.12,1.8.dev25,instance-20260810-085803,Linux-6.8.0-1064-gcp-x86_64-with-glibc2.35,x86_64,4,8,15988.059,1,0,/home/g24021555/Business-Meeting-Scheduling-Problem/.venv/bin/python3 /home/g24021555/Business-Meeting-Scheduling-Problem/src/Main.py --manifest instances_manifest.csv --family forbidden --solver sat_all --objective-mode bg_d2 --domain-mode both --domain-filter-graph both --precedence-encoding both --precedence-graph both --encoding-variant imp12+ --sat-backend cadical --maxsat-backend uwrmaxsat --uwrmaxsat-bin /home/g24021555/uwrmaxsat/build/release/bin/uwrmaxsat --timeout 7200 --csv output/full_matrix_bg_d2_forbidden.csv,,,,,,,,multiple,,cadical,,staircase,sparse_suffix+distance_closure,,45,"1,3,4,5,6,7,8,9,10,11,12,13,14,15,16,17,18,19,20,21,22,23,24,25,26,27,28,29,30,31,32,33,34,35,36,37,38,40,41,42,43,44,45,46,47",1772,28,9,9,,,,,"journal objective family: bg_d2 | F-selected distance-labelled E* domain propagation and cycle detection | precedence configuration: F=distance_closure, P=sparse_suffix, G=distance_closure | Reduced Domain variables after unary filtering + matching GAC + slot saturation | (20),(22)-(27) exactly once over reduced domains | (19) participant atMost-one per slot | (46),(47) clustered table capacity with compact forward channeling | (28) SparseSuffix precedence over distance_closure distance-labelled relations | exact break-group ends and unary break-group thresholds | exact schedule <-> usedSlot channeling | (43) exactly |Mp| reduced usedSlot variables | (44) atMost 2|L| busy participants per slot | (45) exact even number of busy participants | historical hard cap Delta_G <= 2",,,result
,,,,,,,,,tic-13.forb0007,b2b-374c58fa947a88ba,b2b-lineage-tic-13,forbidden,R-SS-DC-ST-BGD2-UW-IC12P,Reduced,Filter-E*,SparseSuffix,DistanceClosure-E*,SpanThreshold,BreakGroupsD2,UWrMaxSAT,IC12+,UNSAT,UNSAT,,,bg_d2,,,,,,,1,0.218504,False,45.531,,,,Compact,Compact/Reduced,project_implementation,one-shot weighted MaxSAT,25560,,,,,,,64650,180,64830,1763,23797,156535,46,cfg5__m-reduced__p-sparse_suffix__g-distance_closure__b-span_threshold__o-break_groups_d2__s-uwrmaxsat__i-imp12plus__backend-uwrmaxsat,cfg5__m-reduced__p-sparse_suffix__g-distance_closure__b-span_threshold__o-break_groups_d2__s-uwrmaxsat__i-imp12plus__backend-uwrmaxsat,reduced,distance_closure,sparse_suffix,distance_closure,UWrMaxSAT,UWrMaxSAT,binary-sha256:8c68c8a386d3d7847b50d315143c2bab60e3514e59510e84a649db83cb303876,imp12+,span_threshold,total_break_groups_subject_to_range_at_most_2,BGD2,IC12P,156355,180,1,263,43525,17404,3455,1,180,180,1,,,,,,0,0,0,0,0,,,"formalism-specific model size: SAT/MaxSAT reports base CNF and soft clauses, MIP reports variables/linear constraints/nonzeros, and CP reports integer variables plus linear/global constraints; SAT bound/totalizer overhead remains separate in optimizer_added_*",1800,1772,1763,1763,0,0,0,0,0,0,0,1,0.019176,0.002177,0.089015,,0.091192,0.127312,"wall-clock from immediately before reading/parsing the .dzn instance through model construction, optimization, solution decoding, and independent validation; excludes worker-process startup and result-file export",,,,,,,peak_process_tree_rss_mb,374c58fa947a88bab923bd35a804a1fe7b42eebb4e26988ec2767cbcc430dbb5,forb0007,data_table06_forb/tic-13.forb0007.dzn,1,../noves/tic-13.forb0007.dzn,1,data_table06_forb/tic-13.forb0007.dzn,https://imae.udg.edu/Recerca/LAI/,https://ima.udg.edu/Recerca/lai/b2b/b2b.zip,ee1f440ab3f6db27ab712300ad3a54a31ffd5ec1e06f81a9ac37cb7202c56528,2026-08-10T10:42:19+00:00,7200.0,,ee80a6fbd8b513f7c010668495c39621a371266a,True,3.10.12,1.8.dev25,instance-20260810-085803,Linux-6.8.0-1064-gcp-x86_64-with-glibc2.35,x86_64,4,8,15988.059,1,0,/home/g24021555/Business-Meeting-Scheduling-Problem/.venv/bin/python3 /home/g24021555/Business-Meeting-Scheduling-Problem/src/Main.py --manifest instances_manifest.csv --family forbidden --solver sat_all --objective-mode bg_d2 --domain-mode both --domain-filter-graph both --precedence-encoding both --precedence-graph both --encoding-variant imp12+ --sat-backend cadical --maxsat-backend uwrmaxsat --uwrmaxsat-bin /home/g24021555/uwrmaxsat/build/release/bin/uwrmaxsat --timeout 7200 --csv output/full_matrix_bg_d2_forbidden.csv,/home/g24021555/uwrmaxsat/build/release/bin/uwrmaxsat,8c68c8a386d3d7847b50d315143c2bab60e3514e59510e84a649db83cb303876,/home/g24021555/uwrmaxsat/build/release/bin/uwrmaxsat -m /tmp/b2b_uwrmaxsat_8o8xxba0/tic-13.forb0007.wcnf,,process exit code=20,,,maxsat,uwrmaxsat,,/home/g24021555/uwrmaxsat/build/release/bin/uwrmaxsat,staircase,sparse_suffix+distance_closure,,45,"1,3,4,5,6,7,8,9,10,11,12,13,14,15,16,17,18,19,20,21,22,23,24,25,26,27,28,29,30,31,32,33,34,35,36,37,38,40,41,42,43,44,45,46,47",1772,28,9,9,,,,,"journal objective family: bg_d2 | F-selected distance-labelled E* domain propagation and cycle detection | precedence configuration: F=distance_closure, P=sparse_suffix, G=distance_closure | Reduced Domain variables after unary filtering + matching GAC + slot saturation | (20),(22)-(27) exactly once over reduced domains | (19) participant atMost-one per slot | (46),(47) clustered table capacity with compact forward channeling | (28) SparseSuffix precedence over distance_closure distance-labelled relations | exact break-group ends and unary break-group thresholds | exact schedule <-> usedSlot channeling | (43) exactly |Mp| reduced usedSlot variables | (44) atMost 2|L| busy participants per slot | (45) exact even number of busy participants | historical hard cap Delta_G <= 2",,,result
,,,,,,,,,forumt-14.forb0007,b2b-41aa8bf2170d5150,b2b-lineage-forumt-14,forbidden,F-PW-DE-ST-BGD2-IS-CD-IC12P,Full,Filter-E*,Pairwise,Direct-E,SpanThreshold,BreakGroupsD2,IncrementalSAT,IC12+,UNSAT,UNSAT,,,bg_d2,,,,,,,,0.124781,False,49.121,,,,Compact,Compact/Full,project_implementation,incremental multi-phase SAT with persistent solver state,31446,,,,,,,83714,0,83714,2370,29076,202373,60,cfg5__m-full__p-pairwise__g-direct__b-span_threshold__o-break_groups_d2__s-incrementalsat__i-imp12plus__backend-cadical,cfg5__m-full__p-pairwise__g-direct__b-span_threshold__o-break_groups_d2__s-incrementalsat__i-imp12plus__backend-cadical,full,distance_closure,pairwise,direct,IncrementalSAT,CaDiCaL,1.5.3,imp12+,span_threshold,total_break_groups_subject_to_range_at_most_2,BGD2,IC12P,202373,0,0,448,56417,22294,4555,,0,236,1,,,,,,0,0,0,0,0,,,"formalism-specific model size: SAT/MaxSAT reports base CNF and soft clauses, MIP reports variables/linear constraints/nonzeros, and CP reports integer variables plus linear/global constraints; SAT bound/totalizer overhead remains separate in optimizer_added_*",2370,2340,2331,2370,0,0,0,0,0,0,0,1,0.002611,0.003035,0.090654,,0.093689,0.031092,"wall-clock from immediately before reading/parsing the .dzn instance through model construction, optimization, solution decoding, and independent validation; excludes worker-process startup and result-file export",,,,,,,peak_process_tree_rss_mb,41aa8bf2170d515092e362ca4e9bcdd3c58d3ed4f53f635fc06e2838dc5ed521,forb0007,data_table06_forb/forumt-14.forb0007.dzn,2,../noves/forumt-14.forb0007.dzn | ../noves/tic-14crafa.forb0007.dzn,2,data_table06_forb/forumt-14.forb0007.dzn | data_table06_forb/tic-14crafa.forb0007.dzn,https://imae.udg.edu/Recerca/LAI/,https://ima.udg.edu/Recerca/lai/b2b/b2b.zip,ee1f440ab3f6db27ab712300ad3a54a31ffd5ec1e06f81a9ac37cb7202c56528,2026-08-10T10:42:19+00:00,7200.0,,ee80a6fbd8b513f7c010668495c39621a371266a,True,3.10.12,1.8.dev25,instance-20260810-085803,Linux-6.8.0-1064-gcp-x86_64-with-glibc2.35,x86_64,4,8,15988.059,1,0,/home/g24021555/Business-Meeting-Scheduling-Problem/.venv/bin/python3 /home/g24021555/Business-Meeting-Scheduling-Problem/src/Main.py --manifest instances_manifest.csv --family forbidden --solver sat_all --objective-mode bg_d2 --domain-mode both --domain-filter-graph both --precedence-encoding both --precedence-graph both --encoding-variant imp12+ --sat-backend cadical --maxsat-backend uwrmaxsat --uwrmaxsat-bin /home/g24021555/uwrmaxsat/build/release/bin/uwrmaxsat --timeout 7200 --csv output/full_matrix_bg_d2_forbidden.csv,,,,,,,,incremental,,cadical,,traditional,pairwise+direct,,59,"1,2,3,4,5,6,7,8,9,10,11,12,13,14,15,16,17,18,20,21,22,23,24,25,26,27,28,29,30,31,32,33,34,35,36,37,38,39,40,41,42,43,44,45,46,47,48,49,50,51,52,53,54,55,56,57,58,59,60",2340,30,9,9,,,,,"journal objective family: bg_d2 | F-selected distance-labelled E* domain propagation and cycle detection | precedence configuration: F=distance_closure, P=pairwise, G=direct | Full Domain MxT schedule variables + explicit unary exclusions | (20),(22)-(27) exactly once over full domains | (22)-(27) session/fixed/forbidden exclusions as hard unit clauses | (19) participant atMost-one per slot | (46),(47) clustered table capacity with compact forward channeling | (28) Pairwise precedence over direct distance-labelled relations | exact break-group ends and unary break-group thresholds | exact schedule <-> usedSlot channeling | (43) exactly |Mp| full usedSlot variables | (44) atMost 2|L| busy participants per slot | (45) exact even number of busy participants | historical hard cap Delta_G <= 2",,,result
,,,,,,,,,forumt-14.forb0007,b2b-41aa8bf2170d5150,b2b-lineage-forumt-14,forbidden,F-PW-DE-ST-BGD2-NIS-CD-IC12P,Full,Filter-E*,Pairwise,Direct-E,SpanThreshold,BreakGroupsD2,NonIncrementalSAT,IC12+,UNSAT,UNSAT,,,bg_d2,,,,,,,,0.120659,False,47.332,,,,Compact,Compact/Full,project_implementation,restart-based multi-phase SAT,31446,,,,,,,83714,0,83714,2370,29076,202373,60,cfg5__m-full__p-pairwise__g-direct__b-span_threshold__o-break_groups_d2__s-nonincrementalsat__i-imp12plus__backend-cadical,cfg5__m-full__p-pairwise__g-direct__b-span_threshold__o-break_groups_d2__s-nonincrementalsat__i-imp12plus__backend-cadical,full,distance_closure,pairwise,direct,NonIncrementalSAT,CaDiCaL,1.5.3,imp12+,span_threshold,total_break_groups_subject_to_range_at_most_2,BGD2,IC12P,202373,0,0,448,56417,22294,4555,,0,236,1,,,,,,0,0,0,0,0,,,"formalism-specific model size: SAT/MaxSAT reports base CNF and soft clauses, MIP reports variables/linear constraints/nonzeros, and CP reports integer variables plus linear/global constraints; SAT bound/totalizer overhead remains separate in optimizer_added_*",2370,2340,2331,2370,0,0,0,0,0,0,0,1,0.002761,0.002989,0.087334,,0.090322,0.030337,"wall-clock from immediately before reading/parsing the .dzn instance through model construction, optimization, solution decoding, and independent validation; excludes worker-process startup and result-file export",,,,,,,peak_process_tree_rss_mb,41aa8bf2170d515092e362ca4e9bcdd3c58d3ed4f53f635fc06e2838dc5ed521,forb0007,data_table06_forb/forumt-14.forb0007.dzn,2,../noves/forumt-14.forb0007.dzn | ../noves/tic-14crafa.forb0007.dzn,2,data_table06_forb/forumt-14.forb0007.dzn | data_table06_forb/tic-14crafa.forb0007.dzn,https://imae.udg.edu/Recerca/LAI/,https://ima.udg.edu/Recerca/lai/b2b/b2b.zip,ee1f440ab3f6db27ab712300ad3a54a31ffd5ec1e06f81a9ac37cb7202c56528,2026-08-10T10:42:19+00:00,7200.0,,ee80a6fbd8b513f7c010668495c39621a371266a,True,3.10.12,1.8.dev25,instance-20260810-085803,Linux-6.8.0-1064-gcp-x86_64-with-glibc2.35,x86_64,4,8,15988.059,1,0,/home/g24021555/Business-Meeting-Scheduling-Problem/.venv/bin/python3 /home/g24021555/Business-Meeting-Scheduling-Problem/src/Main.py --manifest instances_manifest.csv --family forbidden --solver sat_all --objective-mode bg_d2 --domain-mode both --domain-filter-graph both --precedence-encoding both --precedence-graph both --encoding-variant imp12+ --sat-backend cadical --maxsat-backend uwrmaxsat --uwrmaxsat-bin /home/g24021555/uwrmaxsat/build/release/bin/uwrmaxsat --timeout 7200 --csv output/full_matrix_bg_d2_forbidden.csv,,,,,,,,multiple,,cadical,,traditional,pairwise+direct,,59,"1,2,3,4,5,6,7,8,9,10,11,12,13,14,15,16,17,18,20,21,22,23,24,25,26,27,28,29,30,31,32,33,34,35,36,37,38,39,40,41,42,43,44,45,46,47,48,49,50,51,52,53,54,55,56,57,58,59,60",2340,30,9,9,,,,,"journal objective family: bg_d2 | F-selected distance-labelled E* domain propagation and cycle detection | precedence configuration: F=distance_closure, P=pairwise, G=direct | Full Domain MxT schedule variables + explicit unary exclusions | (20),(22)-(27) exactly once over full domains | (22)-(27) session/fixed/forbidden exclusions as hard unit clauses | (19) participant atMost-one per slot | (46),(47) clustered table capacity with compact forward channeling | (28) Pairwise precedence over direct distance-labelled relations | exact break-group ends and unary break-group thresholds | exact schedule <-> usedSlot channeling | (43) exactly |Mp| full usedSlot variables | (44) atMost 2|L| busy participants per slot | (45) exact even number of busy participants | historical hard cap Delta_G <= 2",,,result
,,,,,,,,,forumt-14.forb0007,b2b-41aa8bf2170d5150,b2b-lineage-forumt-14,forbidden,F-PW-DE-ST-BGD2-UW-IC12P,Full,Filter-E*,Pairwise,Direct-E,SpanThreshold,BreakGroupsD2,UWrMaxSAT,IC12+,UNSAT,UNSAT,,,bg_d2,,,,,,,1,0.252506,False,65.426,,,,Compact,Compact/Full,project_implementation,one-shot weighted MaxSAT,31446,,,,,,,83714,236,83950,2370,29076,202609,60,cfg5__m-full__p-pairwise__g-direct__b-span_threshold__o-break_groups_d2__s-uwrmaxsat__i-imp12plus__backend-uwrmaxsat,cfg5__m-full__p-pairwise__g-direct__b-span_threshold__o-break_groups_d2__s-uwrmaxsat__i-imp12plus__backend-uwrmaxsat,full,distance_closure,pairwise,direct,UWrMaxSAT,UWrMaxSAT,binary-sha256:8c68c8a386d3d7847b50d315143c2bab60e3514e59510e84a649db83cb303876,imp12+,span_threshold,total_break_groups_subject_to_range_at_most_2,BGD2,IC12P,202373,236,1,448,56417,22294,4555,1,236,236,1,,,,,,0,0,0,0,0,,,"formalism-specific model size: SAT/MaxSAT reports base CNF and soft clauses, MIP reports variables/linear constraints/nonzeros, and CP reports integer variables plus linear/global constraints; SAT bound/totalizer overhead remains separate in optimizer_added_*",2370,2340,2331,2370,0,0,0,0,0,0,0,1,0.002434,0.002616,0.088102,,0.090718,0.161788,"wall-clock from immediately before reading/parsing the .dzn instance through model construction, optimization, solution decoding, and independent validation; excludes worker-process startup and result-file export",,,,,,,peak_process_tree_rss_mb,41aa8bf2170d515092e362ca4e9bcdd3c58d3ed4f53f635fc06e2838dc5ed521,forb0007,data_table06_forb/forumt-14.forb0007.dzn,2,../noves/forumt-14.forb0007.dzn | ../noves/tic-14crafa.forb0007.dzn,2,data_table06_forb/forumt-14.forb0007.dzn | data_table06_forb/tic-14crafa.forb0007.dzn,https://imae.udg.edu/Recerca/LAI/,https://ima.udg.edu/Recerca/lai/b2b/b2b.zip,ee1f440ab3f6db27ab712300ad3a54a31ffd5ec1e06f81a9ac37cb7202c56528,2026-08-10T10:42:19+00:00,7200.0,,ee80a6fbd8b513f7c010668495c39621a371266a,True,3.10.12,1.8.dev25,instance-20260810-085803,Linux-6.8.0-1064-gcp-x86_64-with-glibc2.35,x86_64,4,8,15988.059,1,0,/home/g24021555/Business-Meeting-Scheduling-Problem/.venv/bin/python3 /home/g24021555/Business-Meeting-Scheduling-Problem/src/Main.py --manifest instances_manifest.csv --family forbidden --solver sat_all --objective-mode bg_d2 --domain-mode both --domain-filter-graph both --precedence-encoding both --precedence-graph both --encoding-variant imp12+ --sat-backend cadical --maxsat-backend uwrmaxsat --uwrmaxsat-bin /home/g24021555/uwrmaxsat/build/release/bin/uwrmaxsat --timeout 7200 --csv output/full_matrix_bg_d2_forbidden.csv,/home/g24021555/uwrmaxsat/build/release/bin/uwrmaxsat,8c68c8a386d3d7847b50d315143c2bab60e3514e59510e84a649db83cb303876,/home/g24021555/uwrmaxsat/build/release/bin/uwrmaxsat -m /tmp/b2b_uwrmaxsat_0eo1oqvd/forumt-14.forb0007.wcnf,,process exit code=20,,,maxsat,uwrmaxsat,,/home/g24021555/uwrmaxsat/build/release/bin/uwrmaxsat,traditional,pairwise+direct,,59,"1,2,3,4,5,6,7,8,9,10,11,12,13,14,15,16,17,18,20,21,22,23,24,25,26,27,28,29,30,31,32,33,34,35,36,37,38,39,40,41,42,43,44,45,46,47,48,49,50,51,52,53,54,55,56,57,58,59,60",2340,30,9,9,,,,,"journal objective family: bg_d2 | F-selected distance-labelled E* domain propagation and cycle detection | precedence configuration: F=distance_closure, P=pairwise, G=direct | Full Domain MxT schedule variables + explicit unary exclusions | (20),(22)-(27) exactly once over full domains | (22)-(27) session/fixed/forbidden exclusions as hard unit clauses | (19) participant atMost-one per slot | (46),(47) clustered table capacity with compact forward channeling | (28) Pairwise precedence over direct distance-labelled relations | exact break-group ends and unary break-group thresholds | exact schedule <-> usedSlot channeling | (43) exactly |Mp| full usedSlot variables | (44) atMost 2|L| busy participants per slot | (45) exact even number of busy participants | historical hard cap Delta_G <= 2",,,result
,,,,,,,,,forumt-14.forb0007,b2b-41aa8bf2170d5150,b2b-lineage-forumt-14,forbidden,F-PW-DC-ST-BGD2-IS-CD-IC12P,Full,Filter-E*,Pairwise,DistanceClosure-E*,SpanThreshold,BreakGroupsD2,IncrementalSAT,IC12+,UNSAT,UNSAT,,,bg_d2,,,,,,,,0.118718,False,45.262,,,,Compact,Compact/Full,project_implementation,incremental multi-phase SAT with persistent solver state,31446,,,,,,,83714,0,83714,2370,29076,202373,60,cfg5__m-full__p-pairwise__g-distance_closure__b-span_threshold__o-break_groups_d2__s-incrementalsat__i-imp12plus__backend-cadical,cfg5__m-full__p-pairwise__g-distance_closure__b-span_threshold__o-break_groups_d2__s-incrementalsat__i-imp12plus__backend-cadical,full,distance_closure,pairwise,distance_closure,IncrementalSAT,CaDiCaL,1.5.3,imp12+,span_threshold,total_break_groups_subject_to_range_at_most_2,BGD2,IC12P,202373,0,0,448,56417,22294,4555,,0,236,1,,,,,,0,0,0,0,0,,,"formalism-specific model size: SAT/MaxSAT reports base CNF and soft clauses, MIP reports variables/linear constraints/nonzeros, and CP reports integer variables plus linear/global constraints; SAT bound/totalizer overhead remains separate in optimizer_added_*",2370,2340,2331,2370,0,0,0,0,0,0,0,1,0.002735,0.002638,0.086456,,0.089094,0.029624,"wall-clock from immediately before reading/parsing the .dzn instance through model construction, optimization, solution decoding, and independent validation; excludes worker-process startup and result-file export",,,,,,,peak_process_tree_rss_mb,41aa8bf2170d515092e362ca4e9bcdd3c58d3ed4f53f635fc06e2838dc5ed521,forb0007,data_table06_forb/forumt-14.forb0007.dzn,2,../noves/forumt-14.forb0007.dzn | ../noves/tic-14crafa.forb0007.dzn,2,data_table06_forb/forumt-14.forb0007.dzn | data_table06_forb/tic-14crafa.forb0007.dzn,https://imae.udg.edu/Recerca/LAI/,https://ima.udg.edu/Recerca/lai/b2b/b2b.zip,ee1f440ab3f6db27ab712300ad3a54a31ffd5ec1e06f81a9ac37cb7202c56528,2026-08-10T10:42:19+00:00,7200.0,,ee80a6fbd8b513f7c010668495c39621a371266a,True,3.10.12,1.8.dev25,instance-20260810-085803,Linux-6.8.0-1064-gcp-x86_64-with-glibc2.35,x86_64,4,8,15988.059,1,0,/home/g24021555/Business-Meeting-Scheduling-Problem/.venv/bin/python3 /home/g24021555/Business-Meeting-Scheduling-Problem/src/Main.py --manifest instances_manifest.csv --family forbidden --solver sat_all --objective-mode bg_d2 --domain-mode both --domain-filter-graph both --precedence-encoding both --precedence-graph both --encoding-variant imp12+ --sat-backend cadical --maxsat-backend uwrmaxsat --uwrmaxsat-bin /home/g24021555/uwrmaxsat/build/release/bin/uwrmaxsat --timeout 7200 --csv output/full_matrix_bg_d2_forbidden.csv,,,,,,,,incremental,,cadical,,factorial,pairwise+distance_closure,,59,"1,2,3,4,5,6,7,8,9,10,11,12,13,14,15,16,17,18,20,21,22,23,24,25,26,27,28,29,30,31,32,33,34,35,36,37,38,39,40,41,42,43,44,45,46,47,48,49,50,51,52,53,54,55,56,57,58,59,60",2340,30,9,9,,,,,"journal objective family: bg_d2 | F-selected distance-labelled E* domain propagation and cycle detection | precedence configuration: F=distance_closure, P=pairwise, G=distance_closure | Full Domain MxT schedule variables + explicit unary exclusions | (20),(22)-(27) exactly once over full domains | (22)-(27) session/fixed/forbidden exclusions as hard unit clauses | (19) participant atMost-one per slot | (46),(47) clustered table capacity with compact forward channeling | (28) Pairwise precedence over distance_closure distance-labelled relations | exact break-group ends and unary break-group thresholds | exact schedule <-> usedSlot channeling | (43) exactly |Mp| full usedSlot variables | (44) atMost 2|L| busy participants per slot | (45) exact even number of busy participants | historical hard cap Delta_G <= 2",,,result
,,,,,,,,,forumt-14.forb0007,b2b-41aa8bf2170d5150,b2b-lineage-forumt-14,forbidden,F-PW-DC-ST-BGD2-NIS-CD-IC12P,Full,Filter-E*,Pairwise,DistanceClosure-E*,SpanThreshold,BreakGroupsD2,NonIncrementalSAT,IC12+,UNSAT,UNSAT,,,bg_d2,,,,,,,,0.120862,False,48.273,,,,Compact,Compact/Full,project_implementation,restart-based multi-phase SAT,31446,,,,,,,83714,0,83714,2370,29076,202373,60,cfg5__m-full__p-pairwise__g-distance_closure__b-span_threshold__o-break_groups_d2__s-nonincrementalsat__i-imp12plus__backend-cadical,cfg5__m-full__p-pairwise__g-distance_closure__b-span_threshold__o-break_groups_d2__s-nonincrementalsat__i-imp12plus__backend-cadical,full,distance_closure,pairwise,distance_closure,NonIncrementalSAT,CaDiCaL,1.5.3,imp12+,span_threshold,total_break_groups_subject_to_range_at_most_2,BGD2,IC12P,202373,0,0,448,56417,22294,4555,,0,236,1,,,,,,0,0,0,0,0,,,"formalism-specific model size: SAT/MaxSAT reports base CNF and soft clauses, MIP reports variables/linear constraints/nonzeros, and CP reports integer variables plus linear/global constraints; SAT bound/totalizer overhead remains separate in optimizer_added_*",2370,2340,2331,2370,0,0,0,0,0,0,0,1,0.002448,0.00286,0.087324,,0.090185,0.030678,"wall-clock from immediately before reading/parsing the .dzn instance through model construction, optimization, solution decoding, and independent validation; excludes worker-process startup and result-file export",,,,,,,peak_process_tree_rss_mb,41aa8bf2170d515092e362ca4e9bcdd3c58d3ed4f53f635fc06e2838dc5ed521,forb0007,data_table06_forb/forumt-14.forb0007.dzn,2,../noves/forumt-14.forb0007.dzn | ../noves/tic-14crafa.forb0007.dzn,2,data_table06_forb/forumt-14.forb0007.dzn | data_table06_forb/tic-14crafa.forb0007.dzn,https://imae.udg.edu/Recerca/LAI/,https://ima.udg.edu/Recerca/lai/b2b/b2b.zip,ee1f440ab3f6db27ab712300ad3a54a31ffd5ec1e06f81a9ac37cb7202c56528,2026-08-10T10:42:19+00:00,7200.0,,ee80a6fbd8b513f7c010668495c39621a371266a,True,3.10.12,1.8.dev25,instance-20260810-085803,Linux-6.8.0-1064-gcp-x86_64-with-glibc2.35,x86_64,4,8,15988.059,1,0,/home/g24021555/Business-Meeting-Scheduling-Problem/.venv/bin/python3 /home/g24021555/Business-Meeting-Scheduling-Problem/src/Main.py --manifest instances_manifest.csv --family forbidden --solver sat_all --objective-mode bg_d2 --domain-mode both --domain-filter-graph both --precedence-encoding both --precedence-graph both --encoding-variant imp12+ --sat-backend cadical --maxsat-backend uwrmaxsat --uwrmaxsat-bin /home/g24021555/uwrmaxsat/build/release/bin/uwrmaxsat --timeout 7200 --csv output/full_matrix_bg_d2_forbidden.csv,,,,,,,,multiple,,cadical,,factorial,pairwise+distance_closure,,59,"1,2,3,4,5,6,7,8,9,10,11,12,13,14,15,16,17,18,20,21,22,23,24,25,26,27,28,29,30,31,32,33,34,35,36,37,38,39,40,41,42,43,44,45,46,47,48,49,50,51,52,53,54,55,56,57,58,59,60",2340,30,9,9,,,,,"journal objective family: bg_d2 | F-selected distance-labelled E* domain propagation and cycle detection | precedence configuration: F=distance_closure, P=pairwise, G=distance_closure | Full Domain MxT schedule variables + explicit unary exclusions | (20),(22)-(27) exactly once over full domains | (22)-(27) session/fixed/forbidden exclusions as hard unit clauses | (19) participant atMost-one per slot | (46),(47) clustered table capacity with compact forward channeling | (28) Pairwise precedence over distance_closure distance-labelled relations | exact break-group ends and unary break-group thresholds | exact schedule <-> usedSlot channeling | (43) exactly |Mp| full usedSlot variables | (44) atMost 2|L| busy participants per slot | (45) exact even number of busy participants | historical hard cap Delta_G <= 2",,,result
,,,,,,,,,forumt-14.forb0007,b2b-41aa8bf2170d5150,b2b-lineage-forumt-14,forbidden,F-PW-DC-ST-BGD2-UW-IC12P,Full,Filter-E*,Pairwise,DistanceClosure-E*,SpanThreshold,BreakGroupsD2,UWrMaxSAT,IC12+,UNSAT,UNSAT,,,bg_d2,,,,,,,1,0.260373,False,64.406,,,,Compact,Compact/Full,project_implementation,one-shot weighted MaxSAT,31446,,,,,,,83714,236,83950,2370,29076,202609,60,cfg5__m-full__p-pairwise__g-distance_closure__b-span_threshold__o-break_groups_d2__s-uwrmaxsat__i-imp12plus__backend-uwrmaxsat,cfg5__m-full__p-pairwise__g-distance_closure__b-span_threshold__o-break_groups_d2__s-uwrmaxsat__i-imp12plus__backend-uwrmaxsat,full,distance_closure,pairwise,distance_closure,UWrMaxSAT,UWrMaxSAT,binary-sha256:8c68c8a386d3d7847b50d315143c2bab60e3514e59510e84a649db83cb303876,imp12+,span_threshold,total_break_groups_subject_to_range_at_most_2,BGD2,IC12P,202373,236,1,448,56417,22294,4555,1,236,236,1,,,,,,0,0,0,0,0,,,"formalism-specific model size: SAT/MaxSAT reports base CNF and soft clauses, MIP reports variables/linear constraints/nonzeros, and CP reports integer variables plus linear/global constraints; SAT bound/totalizer overhead remains separate in optimizer_added_*",2370,2340,2331,2370,0,0,0,0,0,0,0,1,0.002479,0.002782,0.093362,,0.096144,0.164228,"wall-clock from immediately before reading/parsing the .dzn instance through model construction, optimization, solution decoding, and independent validation; excludes worker-process startup and result-file export",,,,,,,peak_process_tree_rss_mb,41aa8bf2170d515092e362ca4e9bcdd3c58d3ed4f53f635fc06e2838dc5ed521,forb0007,data_table06_forb/forumt-14.forb0007.dzn,2,../noves/forumt-14.forb0007.dzn | ../noves/tic-14crafa.forb0007.dzn,2,data_table06_forb/forumt-14.forb0007.dzn | data_table06_forb/tic-14crafa.forb0007.dzn,https://imae.udg.edu/Recerca/LAI/,https://ima.udg.edu/Recerca/lai/b2b/b2b.zip,ee1f440ab3f6db27ab712300ad3a54a31ffd5ec1e06f81a9ac37cb7202c56528,2026-08-10T10:42:19+00:00,7200.0,,ee80a6fbd8b513f7c010668495c39621a371266a,True,3.10.12,1.8.dev25,instance-20260810-085803,Linux-6.8.0-1064-gcp-x86_64-with-glibc2.35,x86_64,4,8,15988.059,1,0,/home/g24021555/Business-Meeting-Scheduling-Problem/.venv/bin/python3 /home/g24021555/Business-Meeting-Scheduling-Problem/src/Main.py --manifest instances_manifest.csv --family forbidden --solver sat_all --objective-mode bg_d2 --domain-mode both --domain-filter-graph both --precedence-encoding both --precedence-graph both --encoding-variant imp12+ --sat-backend cadical --maxsat-backend uwrmaxsat --uwrmaxsat-bin /home/g24021555/uwrmaxsat/build/release/bin/uwrmaxsat --timeout 7200 --csv output/full_matrix_bg_d2_forbidden.csv,/home/g24021555/uwrmaxsat/build/release/bin/uwrmaxsat,8c68c8a386d3d7847b50d315143c2bab60e3514e59510e84a649db83cb303876,/home/g24021555/uwrmaxsat/build/release/bin/uwrmaxsat -m /tmp/b2b_uwrmaxsat_mgq8bjo3/forumt-14.forb0007.wcnf,,process exit code=20,,,maxsat,uwrmaxsat,,/home/g24021555/uwrmaxsat/build/release/bin/uwrmaxsat,factorial,pairwise+distance_closure,,59,"1,2,3,4,5,6,7,8,9,10,11,12,13,14,15,16,17,18,20,21,22,23,24,25,26,27,28,29,30,31,32,33,34,35,36,37,38,39,40,41,42,43,44,45,46,47,48,49,50,51,52,53,54,55,56,57,58,59,60",2340,30,9,9,,,,,"journal objective family: bg_d2 | F-selected distance-labelled E* domain propagation and cycle detection | precedence configuration: F=distance_closure, P=pairwise, G=distance_closure | Full Domain MxT schedule variables + explicit unary exclusions | (20),(22)-(27) exactly once over full domains | (22)-(27) session/fixed/forbidden exclusions as hard unit clauses | (19) participant atMost-one per slot | (46),(47) clustered table capacity with compact forward channeling | (28) Pairwise precedence over distance_closure distance-labelled relations | exact break-group ends and unary break-group thresholds | exact schedule <-> usedSlot channeling | (43) exactly |Mp| full usedSlot variables | (44) atMost 2|L| busy participants per slot | (45) exact even number of busy participants | historical hard cap Delta_G <= 2",,,result
,,,,,,,,,forumt-14.forb0007,b2b-41aa8bf2170d5150,b2b-lineage-forumt-14,forbidden,F-SS-DE-ST-BGD2-IS-CD-IC12P,Full,Filter-E*,SparseSuffix,Direct-E,SpanThreshold,BreakGroupsD2,IncrementalSAT,IC12+,UNSAT,UNSAT,,,bg_d2,,,,,,,,0.12272,False,49.152,,,,Compact,Compact/Full,project_implementation,incremental multi-phase SAT with persistent solver state,31446,,,,,,,83714,0,83714,2370,29076,202373,60,cfg5__m-full__p-sparse_suffix__g-direct__b-span_threshold__o-break_groups_d2__s-incrementalsat__i-imp12plus__backend-cadical,cfg5__m-full__p-sparse_suffix__g-direct__b-span_threshold__o-break_groups_d2__s-incrementalsat__i-imp12plus__backend-cadical,full,distance_closure,sparse_suffix,direct,IncrementalSAT,CaDiCaL,1.5.3,imp12+,span_threshold,total_break_groups_subject_to_range_at_most_2,BGD2,IC12P,202373,0,0,448,56417,22294,4555,,0,236,1,,,,,,0,0,0,0,0,,,"formalism-specific model size: SAT/MaxSAT reports base CNF and soft clauses, MIP reports variables/linear constraints/nonzeros, and CP reports integer variables plus linear/global constraints; SAT bound/totalizer overhead remains separate in optimizer_added_*",2370,2340,2331,2370,0,0,0,0,0,0,0,1,0.002811,0.00279,0.088761,,0.091552,0.031168,"wall-clock from immediately before reading/parsing the .dzn instance through model construction, optimization, solution decoding, and independent validation; excludes worker-process startup and result-file export",,,,,,,peak_process_tree_rss_mb,41aa8bf2170d515092e362ca4e9bcdd3c58d3ed4f53f635fc06e2838dc5ed521,forb0007,data_table06_forb/forumt-14.forb0007.dzn,2,../noves/forumt-14.forb0007.dzn | ../noves/tic-14crafa.forb0007.dzn,2,data_table06_forb/forumt-14.forb0007.dzn | data_table06_forb/tic-14crafa.forb0007.dzn,https://imae.udg.edu/Recerca/LAI/,https://ima.udg.edu/Recerca/lai/b2b/b2b.zip,ee1f440ab3f6db27ab712300ad3a54a31ffd5ec1e06f81a9ac37cb7202c56528,2026-08-10T10:42:19+00:00,7200.0,,ee80a6fbd8b513f7c010668495c39621a371266a,True,3.10.12,1.8.dev25,instance-20260810-085803,Linux-6.8.0-1064-gcp-x86_64-with-glibc2.35,x86_64,4,8,15988.059,1,0,/home/g24021555/Business-Meeting-Scheduling-Problem/.venv/bin/python3 /home/g24021555/Business-Meeting-Scheduling-Problem/src/Main.py --manifest instances_manifest.csv --family forbidden --solver sat_all --objective-mode bg_d2 --domain-mode both --domain-filter-graph both --precedence-encoding both --precedence-graph both --encoding-variant imp12+ --sat-backend cadical --maxsat-backend uwrmaxsat --uwrmaxsat-bin /home/g24021555/uwrmaxsat/build/release/bin/uwrmaxsat --timeout 7200 --csv output/full_matrix_bg_d2_forbidden.csv,,,,,,,,incremental,,cadical,,factorial,sparse_suffix+direct,,59,"1,2,3,4,5,6,7,8,9,10,11,12,13,14,15,16,17,18,20,21,22,23,24,25,26,27,28,29,30,31,32,33,34,35,36,37,38,39,40,41,42,43,44,45,46,47,48,49,50,51,52,53,54,55,56,57,58,59,60",2340,30,9,9,,,,,"journal objective family: bg_d2 | F-selected distance-labelled E* domain propagation and cycle detection | precedence configuration: F=distance_closure, P=sparse_suffix, G=direct | Full Domain MxT schedule variables + explicit unary exclusions | (20),(22)-(27) exactly once over full domains | (22)-(27) session/fixed/forbidden exclusions as hard unit clauses | (19) participant atMost-one per slot | (46),(47) clustered table capacity with compact forward channeling | (28) SparseSuffix precedence over direct distance-labelled relations | exact break-group ends and unary break-group thresholds | exact schedule <-> usedSlot channeling | (43) exactly |Mp| full usedSlot variables | (44) atMost 2|L| busy participants per slot | (45) exact even number of busy participants | historical hard cap Delta_G <= 2",,,result
,,,,,,,,,forumt-14.forb0007,b2b-41aa8bf2170d5150,b2b-lineage-forumt-14,forbidden,F-SS-DE-ST-BGD2-NIS-CD-IC12P,Full,Filter-E*,SparseSuffix,Direct-E,SpanThreshold,BreakGroupsD2,NonIncrementalSAT,IC12+,UNSAT,UNSAT,,,bg_d2,,,,,,,,0.123197,False,49.141,,,,Compact,Compact/Full,project_implementation,restart-based multi-phase SAT,31446,,,,,,,83714,0,83714,2370,29076,202373,60,cfg5__m-full__p-sparse_suffix__g-direct__b-span_threshold__o-break_groups_d2__s-nonincrementalsat__i-imp12plus__backend-cadical,cfg5__m-full__p-sparse_suffix__g-direct__b-span_threshold__o-break_groups_d2__s-nonincrementalsat__i-imp12plus__backend-cadical,full,distance_closure,sparse_suffix,direct,NonIncrementalSAT,CaDiCaL,1.5.3,imp12+,span_threshold,total_break_groups_subject_to_range_at_most_2,BGD2,IC12P,202373,0,0,448,56417,22294,4555,,0,236,1,,,,,,0,0,0,0,0,,,"formalism-specific model size: SAT/MaxSAT reports base CNF and soft clauses, MIP reports variables/linear constraints/nonzeros, and CP reports integer variables plus linear/global constraints; SAT bound/totalizer overhead remains separate in optimizer_added_*",2370,2340,2331,2370,0,0,0,0,0,0,0,1,0.002824,0.002653,0.08913,,0.091783,0.031414,"wall-clock from immediately before reading/parsing the .dzn instance through model construction, optimization, solution decoding, and independent validation; excludes worker-process startup and result-file export",,,,,,,peak_process_tree_rss_mb,41aa8bf2170d515092e362ca4e9bcdd3c58d3ed4f53f635fc06e2838dc5ed521,forb0007,data_table06_forb/forumt-14.forb0007.dzn,2,../noves/forumt-14.forb0007.dzn | ../noves/tic-14crafa.forb0007.dzn,2,data_table06_forb/forumt-14.forb0007.dzn | data_table06_forb/tic-14crafa.forb0007.dzn,https://imae.udg.edu/Recerca/LAI/,https://ima.udg.edu/Recerca/lai/b2b/b2b.zip,ee1f440ab3f6db27ab712300ad3a54a31ffd5ec1e06f81a9ac37cb7202c56528,2026-08-10T10:42:19+00:00,7200.0,,ee80a6fbd8b513f7c010668495c39621a371266a,True,3.10.12,1.8.dev25,instance-20260810-085803,Linux-6.8.0-1064-gcp-x86_64-with-glibc2.35,x86_64,4,8,15988.059,1,0,/home/g24021555/Business-Meeting-Scheduling-Problem/.venv/bin/python3 /home/g24021555/Business-Meeting-Scheduling-Problem/src/Main.py --manifest instances_manifest.csv --family forbidden --solver sat_all --objective-mode bg_d2 --domain-mode both --domain-filter-graph both --precedence-encoding both --precedence-graph both --encoding-variant imp12+ --sat-backend cadical --maxsat-backend uwrmaxsat --uwrmaxsat-bin /home/g24021555/uwrmaxsat/build/release/bin/uwrmaxsat --timeout 7200 --csv output/full_matrix_bg_d2_forbidden.csv,,,,,,,,multiple,,cadical,,factorial,sparse_suffix+direct,,59,"1,2,3,4,5,6,7,8,9,10,11,12,13,14,15,16,17,18,20,21,22,23,24,25,26,27,28,29,30,31,32,33,34,35,36,37,38,39,40,41,42,43,44,45,46,47,48,49,50,51,52,53,54,55,56,57,58,59,60",2340,30,9,9,,,,,"journal objective family: bg_d2 | F-selected distance-labelled E* domain propagation and cycle detection | precedence configuration: F=distance_closure, P=sparse_suffix, G=direct | Full Domain MxT schedule variables + explicit unary exclusions | (20),(22)-(27) exactly once over full domains | (22)-(27) session/fixed/forbidden exclusions as hard unit clauses | (19) participant atMost-one per slot | (46),(47) clustered table capacity with compact forward channeling | (28) SparseSuffix precedence over direct distance-labelled relations | exact break-group ends and unary break-group thresholds | exact schedule <-> usedSlot channeling | (43) exactly |Mp| full usedSlot variables | (44) atMost 2|L| busy participants per slot | (45) exact even number of busy participants | historical hard cap Delta_G <= 2",,,result
,,,,,,,,,forumt-14.forb0007,b2b-41aa8bf2170d5150,b2b-lineage-forumt-14,forbidden,F-SS-DE-ST-BGD2-UW-IC12P,Full,Filter-E*,SparseSuffix,Direct-E,SpanThreshold,BreakGroupsD2,UWrMaxSAT,IC12+,UNSAT,UNSAT,,,bg_d2,,,,,,,1,0.258084,False,64.496,,,,Compact,Compact/Full,project_implementation,one-shot weighted MaxSAT,31446,,,,,,,83714,236,83950,2370,29076,202609,60,cfg5__m-full__p-sparse_suffix__g-direct__b-span_threshold__o-break_groups_d2__s-uwrmaxsat__i-imp12plus__backend-uwrmaxsat,cfg5__m-full__p-sparse_suffix__g-direct__b-span_threshold__o-break_groups_d2__s-uwrmaxsat__i-imp12plus__backend-uwrmaxsat,full,distance_closure,sparse_suffix,direct,UWrMaxSAT,UWrMaxSAT,binary-sha256:8c68c8a386d3d7847b50d315143c2bab60e3514e59510e84a649db83cb303876,imp12+,span_threshold,total_break_groups_subject_to_range_at_most_2,BGD2,IC12P,202373,236,1,448,56417,22294,4555,1,236,236,1,,,,,,0,0,0,0,0,,,"formalism-specific model size: SAT/MaxSAT reports base CNF and soft clauses, MIP reports variables/linear constraints/nonzeros, and CP reports integer variables plus linear/global constraints; SAT bound/totalizer overhead remains separate in optimizer_added_*",2370,2340,2331,2370,0,0,0,0,0,0,0,1,0.002813,0.003035,0.095964,,0.098999,0.159085,"wall-clock from immediately before reading/parsing the .dzn instance through model construction, optimization, solution decoding, and independent validation; excludes worker-process startup and result-file export",,,,,,,peak_process_tree_rss_mb,41aa8bf2170d515092e362ca4e9bcdd3c58d3ed4f53f635fc06e2838dc5ed521,forb0007,data_table06_forb/forumt-14.forb0007.dzn,2,../noves/forumt-14.forb0007.dzn | ../noves/tic-14crafa.forb0007.dzn,2,data_table06_forb/forumt-14.forb0007.dzn | data_table06_forb/tic-14crafa.forb0007.dzn,https://imae.udg.edu/Recerca/LAI/,https://ima.udg.edu/Recerca/lai/b2b/b2b.zip,ee1f440ab3f6db27ab712300ad3a54a31ffd5ec1e06f81a9ac37cb7202c56528,2026-08-10T10:42:19+00:00,7200.0,,ee80a6fbd8b513f7c010668495c39621a371266a,True,3.10.12,1.8.dev25,instance-20260810-085803,Linux-6.8.0-1064-gcp-x86_64-with-glibc2.35,x86_64,4,8,15988.059,1,0,/home/g24021555/Business-Meeting-Scheduling-Problem/.venv/bin/python3 /home/g24021555/Business-Meeting-Scheduling-Problem/src/Main.py --manifest instances_manifest.csv --family forbidden --solver sat_all --objective-mode bg_d2 --domain-mode both --domain-filter-graph both --precedence-encoding both --precedence-graph both --encoding-variant imp12+ --sat-backend cadical --maxsat-backend uwrmaxsat --uwrmaxsat-bin /home/g24021555/uwrmaxsat/build/release/bin/uwrmaxsat --timeout 7200 --csv output/full_matrix_bg_d2_forbidden.csv,/home/g24021555/uwrmaxsat/build/release/bin/uwrmaxsat,8c68c8a386d3d7847b50d315143c2bab60e3514e59510e84a649db83cb303876,/home/g24021555/uwrmaxsat/build/release/bin/uwrmaxsat -m /tmp/b2b_uwrmaxsat_anzcqrua/forumt-14.forb0007.wcnf,,process exit code=20,,,maxsat,uwrmaxsat,,/home/g24021555/uwrmaxsat/build/release/bin/uwrmaxsat,factorial,sparse_suffix+direct,,59,"1,2,3,4,5,6,7,8,9,10,11,12,13,14,15,16,17,18,20,21,22,23,24,25,26,27,28,29,30,31,32,33,34,35,36,37,38,39,40,41,42,43,44,45,46,47,48,49,50,51,52,53,54,55,56,57,58,59,60",2340,30,9,9,,,,,"journal objective family: bg_d2 | F-selected distance-labelled E* domain propagation and cycle detection | precedence configuration: F=distance_closure, P=sparse_suffix, G=direct | Full Domain MxT schedule variables + explicit unary exclusions | (20),(22)-(27) exactly once over full domains | (22)-(27) session/fixed/forbidden exclusions as hard unit clauses | (19) participant atMost-one per slot | (46),(47) clustered table capacity with compact forward channeling | (28) SparseSuffix precedence over direct distance-labelled relations | exact break-group ends and unary break-group thresholds | exact schedule <-> usedSlot channeling | (43) exactly |Mp| full usedSlot variables | (44) atMost 2|L| busy participants per slot | (45) exact even number of busy participants | historical hard cap Delta_G <= 2",,,result
,,,,,,,,,forumt-14.forb0007,b2b-41aa8bf2170d5150,b2b-lineage-forumt-14,forbidden,F-SS-DC-ST-BGD2-IS-CD-IC12P,Full,Filter-E*,SparseSuffix,DistanceClosure-E*,SpanThreshold,BreakGroupsD2,IncrementalSAT,IC12+,UNSAT,UNSAT,,,bg_d2,,,,,,,,0.117717,False,48.266,,,,Compact,Compact/Full,project_implementation,incremental multi-phase SAT with persistent solver state,31446,,,,,,,83714,0,83714,2370,29076,202373,60,cfg5__m-full__p-sparse_suffix__g-distance_closure__b-span_threshold__o-break_groups_d2__s-incrementalsat__i-imp12plus__backend-cadical,cfg5__m-full__p-sparse_suffix__g-distance_closure__b-span_threshold__o-break_groups_d2__s-incrementalsat__i-imp12plus__backend-cadical,full,distance_closure,sparse_suffix,distance_closure,IncrementalSAT,CaDiCaL,1.5.3,imp12+,span_threshold,total_break_groups_subject_to_range_at_most_2,BGD2,IC12P,202373,0,0,448,56417,22294,4555,,0,236,1,,,,,,0,0,0,0,0,,,"formalism-specific model size: SAT/MaxSAT reports base CNF and soft clauses, MIP reports variables/linear constraints/nonzeros, and CP reports integer variables plus linear/global constraints; SAT bound/totalizer overhead remains separate in optimizer_added_*",2370,2340,2331,2370,0,0,0,0,0,0,0,1,0.002462,0.003061,0.086578,,0.089638,0.028078,"wall-clock from immediately before reading/parsing the .dzn instance through model construction, optimization, solution decoding, and independent validation; excludes worker-process startup and result-file export",,,,,,,peak_process_tree_rss_mb,41aa8bf2170d515092e362ca4e9bcdd3c58d3ed4f53f635fc06e2838dc5ed521,forb0007,data_table06_forb/forumt-14.forb0007.dzn,2,../noves/forumt-14.forb0007.dzn | ../noves/tic-14crafa.forb0007.dzn,2,data_table06_forb/forumt-14.forb0007.dzn | data_table06_forb/tic-14crafa.forb0007.dzn,https://imae.udg.edu/Recerca/LAI/,https://ima.udg.edu/Recerca/lai/b2b/b2b.zip,ee1f440ab3f6db27ab712300ad3a54a31ffd5ec1e06f81a9ac37cb7202c56528,2026-08-10T10:42:19+00:00,7200.0,,ee80a6fbd8b513f7c010668495c39621a371266a,True,3.10.12,1.8.dev25,instance-20260810-085803,Linux-6.8.0-1064-gcp-x86_64-with-glibc2.35,x86_64,4,8,15988.059,1,0,/home/g24021555/Business-Meeting-Scheduling-Problem/.venv/bin/python3 /home/g24021555/Business-Meeting-Scheduling-Problem/src/Main.py --manifest instances_manifest.csv --family forbidden --solver sat_all --objective-mode bg_d2 --domain-mode both --domain-filter-graph both --precedence-encoding both --precedence-graph both --encoding-variant imp12+ --sat-backend cadical --maxsat-backend uwrmaxsat --uwrmaxsat-bin /home/g24021555/uwrmaxsat/build/release/bin/uwrmaxsat --timeout 7200 --csv output/full_matrix_bg_d2_forbidden.csv,,,,,,,,incremental,,cadical,,staircase,sparse_suffix+distance_closure,,59,"1,2,3,4,5,6,7,8,9,10,11,12,13,14,15,16,17,18,20,21,22,23,24,25,26,27,28,29,30,31,32,33,34,35,36,37,38,39,40,41,42,43,44,45,46,47,48,49,50,51,52,53,54,55,56,57,58,59,60",2340,30,9,9,,,,,"journal objective family: bg_d2 | F-selected distance-labelled E* domain propagation and cycle detection | precedence configuration: F=distance_closure, P=sparse_suffix, G=distance_closure | Full Domain MxT schedule variables + explicit unary exclusions | (20),(22)-(27) exactly once over full domains | (22)-(27) session/fixed/forbidden exclusions as hard unit clauses | (19) participant atMost-one per slot | (46),(47) clustered table capacity with compact forward channeling | (28) SparseSuffix precedence over distance_closure distance-labelled relations | exact break-group ends and unary break-group thresholds | exact schedule <-> usedSlot channeling | (43) exactly |Mp| full usedSlot variables | (44) atMost 2|L| busy participants per slot | (45) exact even number of busy participants | historical hard cap Delta_G <= 2",,,result
,,,,,,,,,forumt-14.forb0007,b2b-41aa8bf2170d5150,b2b-lineage-forumt-14,forbidden,F-SS-DC-ST-BGD2-NIS-CD-IC12P,Full,Filter-E*,SparseSuffix,DistanceClosure-E*,SpanThreshold,BreakGroupsD2,NonIncrementalSAT,IC12+,UNSAT,UNSAT,,,bg_d2,,,,,,,,0.138403,False,48.723,,,,Compact,Compact/Full,project_implementation,restart-based multi-phase SAT,31446,,,,,,,83714,0,83714,2370,29076,202373,60,cfg5__m-full__p-sparse_suffix__g-distance_closure__b-span_threshold__o-break_groups_d2__s-nonincrementalsat__i-imp12plus__backend-cadical,cfg5__m-full__p-sparse_suffix__g-distance_closure__b-span_threshold__o-break_groups_d2__s-nonincrementalsat__i-imp12plus__backend-cadical,full,distance_closure,sparse_suffix,distance_closure,NonIncrementalSAT,CaDiCaL,1.5.3,imp12+,span_threshold,total_break_groups_subject_to_range_at_most_2,BGD2,IC12P,202373,0,0,448,56417,22294,4555,,0,236,1,,,,,,0,0,0,0,0,,,"formalism-specific model size: SAT/MaxSAT reports base CNF and soft clauses, MIP reports variables/linear constraints/nonzeros, and CP reports integer variables plus linear/global constraints; SAT bound/totalizer overhead remains separate in optimizer_added_*",2370,2340,2331,2370,0,0,0,0,0,0,0,1,0.002854,0.00345,0.103659,,0.107109,0.031295,"wall-clock from immediately before reading/parsing the .dzn instance through model construction, optimization, solution decoding, and independent validation; excludes worker-process startup and result-file export",,,,,,,peak_process_tree_rss_mb,41aa8bf2170d515092e362ca4e9bcdd3c58d3ed4f53f635fc06e2838dc5ed521,forb0007,data_table06_forb/forumt-14.forb0007.dzn,2,../noves/forumt-14.forb0007.dzn | ../noves/tic-14crafa.forb0007.dzn,2,data_table06_forb/forumt-14.forb0007.dzn | data_table06_forb/tic-14crafa.forb0007.dzn,https://imae.udg.edu/Recerca/LAI/,https://ima.udg.edu/Recerca/lai/b2b/b2b.zip,ee1f440ab3f6db27ab712300ad3a54a31ffd5ec1e06f81a9ac37cb7202c56528,2026-08-10T10:42:19+00:00,7200.0,,ee80a6fbd8b513f7c010668495c39621a371266a,True,3.10.12,1.8.dev25,instance-20260810-085803,Linux-6.8.0-1064-gcp-x86_64-with-glibc2.35,x86_64,4,8,15988.059,1,0,/home/g24021555/Business-Meeting-Scheduling-Problem/.venv/bin/python3 /home/g24021555/Business-Meeting-Scheduling-Problem/src/Main.py --manifest instances_manifest.csv --family forbidden --solver sat_all --objective-mode bg_d2 --domain-mode both --domain-filter-graph both --precedence-encoding both --precedence-graph both --encoding-variant imp12+ --sat-backend cadical --maxsat-backend uwrmaxsat --uwrmaxsat-bin /home/g24021555/uwrmaxsat/build/release/bin/uwrmaxsat --timeout 7200 --csv output/full_matrix_bg_d2_forbidden.csv,,,,,,,,multiple,,cadical,,staircase,sparse_suffix+distance_closure,,59,"1,2,3,4,5,6,7,8,9,10,11,12,13,14,15,16,17,18,20,21,22,23,24,25,26,27,28,29,30,31,32,33,34,35,36,37,38,39,40,41,42,43,44,45,46,47,48,49,50,51,52,53,54,55,56,57,58,59,60",2340,30,9,9,,,,,"journal objective family: bg_d2 | F-selected distance-labelled E* domain propagation and cycle detection | precedence configuration: F=distance_closure, P=sparse_suffix, G=distance_closure | Full Domain MxT schedule variables + explicit unary exclusions | (20),(22)-(27) exactly once over full domains | (22)-(27) session/fixed/forbidden exclusions as hard unit clauses | (19) participant atMost-one per slot | (46),(47) clustered table capacity with compact forward channeling | (28) SparseSuffix precedence over distance_closure distance-labelled relations | exact break-group ends and unary break-group thresholds | exact schedule <-> usedSlot channeling | (43) exactly |Mp| full usedSlot variables | (44) atMost 2|L| busy participants per slot | (45) exact even number of busy participants | historical hard cap Delta_G <= 2",,,result
,,,,,,,,,forumt-14.forb0007,b2b-41aa8bf2170d5150,b2b-lineage-forumt-14,forbidden,F-SS-DC-ST-BGD2-UW-IC12P,Full,Filter-E*,SparseSuffix,DistanceClosure-E*,SpanThreshold,BreakGroupsD2,UWrMaxSAT,IC12+,UNSAT,UNSAT,,,bg_d2,,,,,,,1,0.26406,False,64.059,,,,Compact,Compact/Full,project_implementation,one-shot weighted MaxSAT,31446,,,,,,,83714,236,83950,2370,29076,202609,60,cfg5__m-full__p-sparse_suffix__g-distance_closure__b-span_threshold__o-break_groups_d2__s-uwrmaxsat__i-imp12plus__backend-uwrmaxsat,cfg5__m-full__p-sparse_suffix__g-distance_closure__b-span_threshold__o-break_groups_d2__s-uwrmaxsat__i-imp12plus__backend-uwrmaxsat,full,distance_closure,sparse_suffix,distance_closure,UWrMaxSAT,UWrMaxSAT,binary-sha256:8c68c8a386d3d7847b50d315143c2bab60e3514e59510e84a649db83cb303876,imp12+,span_threshold,total_break_groups_subject_to_range_at_most_2,BGD2,IC12P,202373,236,1,448,56417,22294,4555,1,236,236,1,,,,,,0,0,0,0,0,,,"formalism-specific model size: SAT/MaxSAT reports base CNF and soft clauses, MIP reports variables/linear constraints/nonzeros, and CP reports integer variables plus linear/global constraints; SAT bound/totalizer overhead remains separate in optimizer_added_*",2370,2340,2331,2370,0,0,0,0,0,0,0,1,0.002567,0.003037,0.093236,,0.096273,0.167786,"wall-clock from immediately before reading/parsing the .dzn instance through model construction, optimization, solution decoding, and independent validation; excludes worker-process startup and result-file export",,,,,,,peak_process_tree_rss_mb,41aa8bf2170d515092e362ca4e9bcdd3c58d3ed4f53f635fc06e2838dc5ed521,forb0007,data_table06_forb/forumt-14.forb0007.dzn,2,../noves/forumt-14.forb0007.dzn | ../noves/tic-14crafa.forb0007.dzn,2,data_table06_forb/forumt-14.forb0007.dzn | data_table06_forb/tic-14crafa.forb0007.dzn,https://imae.udg.edu/Recerca/LAI/,https://ima.udg.edu/Recerca/lai/b2b/b2b.zip,ee1f440ab3f6db27ab712300ad3a54a31ffd5ec1e06f81a9ac37cb7202c56528,2026-08-10T10:42:19+00:00,7200.0,,ee80a6fbd8b513f7c010668495c39621a371266a,True,3.10.12,1.8.dev25,instance-20260810-085803,Linux-6.8.0-1064-gcp-x86_64-with-glibc2.35,x86_64,4,8,15988.059,1,0,/home/g24021555/Business-Meeting-Scheduling-Problem/.venv/bin/python3 /home/g24021555/Business-Meeting-Scheduling-Problem/src/Main.py --manifest instances_manifest.csv --family forbidden --solver sat_all --objective-mode bg_d2 --domain-mode both --domain-filter-graph both --precedence-encoding both --precedence-graph both --encoding-variant imp12+ --sat-backend cadical --maxsat-backend uwrmaxsat --uwrmaxsat-bin /home/g24021555/uwrmaxsat/build/release/bin/uwrmaxsat --timeout 7200 --csv output/full_matrix_bg_d2_forbidden.csv,/home/g24021555/uwrmaxsat/build/release/bin/uwrmaxsat,8c68c8a386d3d7847b50d315143c2bab60e3514e59510e84a649db83cb303876,/home/g24021555/uwrmaxsat/build/release/bin/uwrmaxsat -m /tmp/b2b_uwrmaxsat_nm_3yt2e/forumt-14.forb0007.wcnf,,process exit code=20,,,maxsat,uwrmaxsat,,/home/g24021555/uwrmaxsat/build/release/bin/uwrmaxsat,staircase,sparse_suffix+distance_closure,,59,"1,2,3,4,5,6,7,8,9,10,11,12,13,14,15,16,17,18,20,21,22,23,24,25,26,27,28,29,30,31,32,33,34,35,36,37,38,39,40,41,42,43,44,45,46,47,48,49,50,51,52,53,54,55,56,57,58,59,60",2340,30,9,9,,,,,"journal objective family: bg_d2 | F-selected distance-labelled E* domain propagation and cycle detection | precedence configuration: F=distance_closure, P=sparse_suffix, G=distance_closure | Full Domain MxT schedule variables + explicit unary exclusions | (20),(22)-(27) exactly once over full domains | (22)-(27) session/fixed/forbidden exclusions as hard unit clauses | (19) participant atMost-one per slot | (46),(47) clustered table capacity with compact forward channeling | (28) SparseSuffix precedence over distance_closure distance-labelled relations | exact break-group ends and unary break-group thresholds | exact schedule <-> usedSlot channeling | (43) exactly |Mp| full usedSlot variables | (44) atMost 2|L| busy participants per slot | (45) exact even number of busy participants | historical hard cap Delta_G <= 2",,,result
,,,,,,,,,forumt-14.forb0007,b2b-41aa8bf2170d5150,b2b-lineage-forumt-14,forbidden,R-PW-DE-ST-BGD2-IS-CD-IC12P,Reduced,Filter-E*,Pairwise,Direct-E,SpanThreshold,BreakGroupsD2,IncrementalSAT,IC12+,UNSAT,UNSAT,,,bg_d2,,,,,,,,0.118198,False,42.402,,,,Compact,Compact/Reduced,project_implementation,incremental multi-phase SAT with persistent solver state,31125,,,,,,,82465,0,82465,2331,28794,199536,60,cfg5__m-reduced__p-pairwise__g-direct__b-span_threshold__o-break_groups_d2__s-incrementalsat__i-imp12plus__backend-cadical,cfg5__m-reduced__p-pairwise__g-direct__b-span_threshold__o-break_groups_d2__s-incrementalsat__i-imp12plus__backend-cadical,reduced,distance_closure,pairwise,direct,IncrementalSAT,CaDiCaL,1.5.3,imp12+,span_threshold,total_break_groups_subject_to_range_at_most_2,BGD2,IC12P,199536,0,0,406,55485,22053,4519,,0,236,1,,,,,,0,0,0,0,0,,,"formalism-specific model size: SAT/MaxSAT reports base CNF and soft clauses, MIP reports variables/linear constraints/nonzeros, and CP reports integer variables plus linear/global constraints; SAT bound/totalizer overhead remains separate in optimizer_added_*",2370,2340,2331,2331,0,0,0,0,0,0,0,1,0.002827,0.003049,0.090495,,0.093544,0.024654,"wall-clock from immediately before reading/parsing the .dzn instance through model construction, optimization, solution decoding, and independent validation; excludes worker-process startup and result-file export",,,,,,,peak_process_tree_rss_mb,41aa8bf2170d515092e362ca4e9bcdd3c58d3ed4f53f635fc06e2838dc5ed521,forb0007,data_table06_forb/forumt-14.forb0007.dzn,2,../noves/forumt-14.forb0007.dzn | ../noves/tic-14crafa.forb0007.dzn,2,data_table06_forb/forumt-14.forb0007.dzn | data_table06_forb/tic-14crafa.forb0007.dzn,https://imae.udg.edu/Recerca/LAI/,https://ima.udg.edu/Recerca/lai/b2b/b2b.zip,ee1f440ab3f6db27ab712300ad3a54a31ffd5ec1e06f81a9ac37cb7202c56528,2026-08-10T10:42:19+00:00,7200.0,,ee80a6fbd8b513f7c010668495c39621a371266a,True,3.10.12,1.8.dev25,instance-20260810-085803,Linux-6.8.0-1064-gcp-x86_64-with-glibc2.35,x86_64,4,8,15988.059,1,0,/home/g24021555/Business-Meeting-Scheduling-Problem/.venv/bin/python3 /home/g24021555/Business-Meeting-Scheduling-Problem/src/Main.py --manifest instances_manifest.csv --family forbidden --solver sat_all --objective-mode bg_d2 --domain-mode both --domain-filter-graph both --precedence-encoding both --precedence-graph both --encoding-variant imp12+ --sat-backend cadical --maxsat-backend uwrmaxsat --uwrmaxsat-bin /home/g24021555/uwrmaxsat/build/release/bin/uwrmaxsat --timeout 7200 --csv output/full_matrix_bg_d2_forbidden.csv,,,,,,,,incremental,,cadical,,traditional,pairwise+direct,,59,"1,2,3,4,5,6,7,8,9,10,11,12,13,14,15,16,17,18,20,21,22,23,24,25,26,27,28,29,30,31,32,33,34,35,36,37,38,39,40,41,42,43,44,45,46,47,48,49,50,51,52,53,54,55,56,57,58,59,60",2340,30,9,9,,,,,"journal objective family: bg_d2 | F-selected distance-labelled E* domain propagation and cycle detection | precedence configuration: F=distance_closure, P=pairwise, G=direct | Reduced Domain variables after unary filtering + matching GAC + slot saturation | (20),(22)-(27) exactly once over reduced domains | (19) participant atMost-one per slot | (46),(47) clustered table capacity with compact forward channeling | (28) Pairwise precedence over direct distance-labelled relations | exact break-group ends and unary break-group thresholds | exact schedule <-> usedSlot channeling | (43) exactly |Mp| reduced usedSlot variables | (44) atMost 2|L| busy participants per slot | (45) exact even number of busy participants | historical hard cap Delta_G <= 2",,,result
,,,,,,,,,forumt-14.forb0007,b2b-41aa8bf2170d5150,b2b-lineage-forumt-14,forbidden,R-PW-DE-ST-BGD2-NIS-CD-IC12P,Reduced,Filter-E*,Pairwise,Direct-E,SpanThreshold,BreakGroupsD2,NonIncrementalSAT,IC12+,UNSAT,UNSAT,,,bg_d2,,,,,,,,0.115697,False,42.699,,,,Compact,Compact/Reduced,project_implementation,restart-based multi-phase SAT,31125,,,,,,,82465,0,82465,2331,28794,199536,60,cfg5__m-reduced__p-pairwise__g-direct__b-span_threshold__o-break_groups_d2__s-nonincrementalsat__i-imp12plus__backend-cadical,cfg5__m-reduced__p-pairwise__g-direct__b-span_threshold__o-break_groups_d2__s-nonincrementalsat__i-imp12plus__backend-cadical,reduced,distance_closure,pairwise,direct,NonIncrementalSAT,CaDiCaL,1.5.3,imp12+,span_threshold,total_break_groups_subject_to_range_at_most_2,BGD2,IC12P,199536,0,0,406,55485,22053,4519,,0,236,1,,,,,,0,0,0,0,0,,,"formalism-specific model size: SAT/MaxSAT reports base CNF and soft clauses, MIP reports variables/linear constraints/nonzeros, and CP reports integer variables plus linear/global constraints; SAT bound/totalizer overhead remains separate in optimizer_added_*",2370,2340,2331,2331,0,0,0,0,0,0,0,1,0.002786,0.003229,0.087976,,0.091205,0.024492,"wall-clock from immediately before reading/parsing the .dzn instance through model construction, optimization, solution decoding, and independent validation; excludes worker-process startup and result-file export",,,,,,,peak_process_tree_rss_mb,41aa8bf2170d515092e362ca4e9bcdd3c58d3ed4f53f635fc06e2838dc5ed521,forb0007,data_table06_forb/forumt-14.forb0007.dzn,2,../noves/forumt-14.forb0007.dzn | ../noves/tic-14crafa.forb0007.dzn,2,data_table06_forb/forumt-14.forb0007.dzn | data_table06_forb/tic-14crafa.forb0007.dzn,https://imae.udg.edu/Recerca/LAI/,https://ima.udg.edu/Recerca/lai/b2b/b2b.zip,ee1f440ab3f6db27ab712300ad3a54a31ffd5ec1e06f81a9ac37cb7202c56528,2026-08-10T10:42:19+00:00,7200.0,,ee80a6fbd8b513f7c010668495c39621a371266a,True,3.10.12,1.8.dev25,instance-20260810-085803,Linux-6.8.0-1064-gcp-x86_64-with-glibc2.35,x86_64,4,8,15988.059,1,0,/home/g24021555/Business-Meeting-Scheduling-Problem/.venv/bin/python3 /home/g24021555/Business-Meeting-Scheduling-Problem/src/Main.py --manifest instances_manifest.csv --family forbidden --solver sat_all --objective-mode bg_d2 --domain-mode both --domain-filter-graph both --precedence-encoding both --precedence-graph both --encoding-variant imp12+ --sat-backend cadical --maxsat-backend uwrmaxsat --uwrmaxsat-bin /home/g24021555/uwrmaxsat/build/release/bin/uwrmaxsat --timeout 7200 --csv output/full_matrix_bg_d2_forbidden.csv,,,,,,,,multiple,,cadical,,traditional,pairwise+direct,,59,"1,2,3,4,5,6,7,8,9,10,11,12,13,14,15,16,17,18,20,21,22,23,24,25,26,27,28,29,30,31,32,33,34,35,36,37,38,39,40,41,42,43,44,45,46,47,48,49,50,51,52,53,54,55,56,57,58,59,60",2340,30,9,9,,,,,"journal objective family: bg_d2 | F-selected distance-labelled E* domain propagation and cycle detection | precedence configuration: F=distance_closure, P=pairwise, G=direct | Reduced Domain variables after unary filtering + matching GAC + slot saturation | (20),(22)-(27) exactly once over reduced domains | (19) participant atMost-one per slot | (46),(47) clustered table capacity with compact forward channeling | (28) Pairwise precedence over direct distance-labelled relations | exact break-group ends and unary break-group thresholds | exact schedule <-> usedSlot channeling | (43) exactly |Mp| reduced usedSlot variables | (44) atMost 2|L| busy participants per slot | (45) exact even number of busy participants | historical hard cap Delta_G <= 2",,,result
,,,,,,,,,forumt-14.forb0007,b2b-41aa8bf2170d5150,b2b-lineage-forumt-14,forbidden,R-PW-DE-ST-BGD2-UW-IC12P,Reduced,Filter-E*,Pairwise,Direct-E,SpanThreshold,BreakGroupsD2,UWrMaxSAT,IC12+,UNSAT,UNSAT,,,bg_d2,,,,,,,1,0.264715,False,61.195,,,,Compact,Compact/Reduced,project_implementation,one-shot weighted MaxSAT,31125,,,,,,,82465,236,82701,2331,28794,199772,60,cfg5__m-reduced__p-pairwise__g-direct__b-span_threshold__o-break_groups_d2__s-uwrmaxsat__i-imp12plus__backend-uwrmaxsat,cfg5__m-reduced__p-pairwise__g-direct__b-span_threshold__o-break_groups_d2__s-uwrmaxsat__i-imp12plus__backend-uwrmaxsat,reduced,distance_closure,pairwise,direct,UWrMaxSAT,UWrMaxSAT,binary-sha256:8c68c8a386d3d7847b50d315143c2bab60e3514e59510e84a649db83cb303876,imp12+,span_threshold,total_break_groups_subject_to_range_at_most_2,BGD2,IC12P,199536,236,1,406,55485,22053,4519,1,236,236,1,,,,,,0,0,0,0,0,,,"formalism-specific model size: SAT/MaxSAT reports base CNF and soft clauses, MIP reports variables/linear constraints/nonzeros, and CP reports integer variables plus linear/global constraints; SAT bound/totalizer overhead remains separate in optimizer_added_*",2370,2340,2331,2331,0,0,0,0,0,0,0,1,0.002418,0.003011,0.094483,,0.097494,0.167222,"wall-clock from immediately before reading/parsing the .dzn instance through model construction, optimization, solution decoding, and independent validation; excludes worker-process startup and result-file export",,,,,,,peak_process_tree_rss_mb,41aa8bf2170d515092e362ca4e9bcdd3c58d3ed4f53f635fc06e2838dc5ed521,forb0007,data_table06_forb/forumt-14.forb0007.dzn,2,../noves/forumt-14.forb0007.dzn | ../noves/tic-14crafa.forb0007.dzn,2,data_table06_forb/forumt-14.forb0007.dzn | data_table06_forb/tic-14crafa.forb0007.dzn,https://imae.udg.edu/Recerca/LAI/,https://ima.udg.edu/Recerca/lai/b2b/b2b.zip,ee1f440ab3f6db27ab712300ad3a54a31ffd5ec1e06f81a9ac37cb7202c56528,2026-08-10T10:42:19+00:00,7200.0,,ee80a6fbd8b513f7c010668495c39621a371266a,True,3.10.12,1.8.dev25,instance-20260810-085803,Linux-6.8.0-1064-gcp-x86_64-with-glibc2.35,x86_64,4,8,15988.059,1,0,/home/g24021555/Business-Meeting-Scheduling-Problem/.venv/bin/python3 /home/g24021555/Business-Meeting-Scheduling-Problem/src/Main.py --manifest instances_manifest.csv --family forbidden --solver sat_all --objective-mode bg_d2 --domain-mode both --domain-filter-graph both --precedence-encoding both --precedence-graph both --encoding-variant imp12+ --sat-backend cadical --maxsat-backend uwrmaxsat --uwrmaxsat-bin /home/g24021555/uwrmaxsat/build/release/bin/uwrmaxsat --timeout 7200 --csv output/full_matrix_bg_d2_forbidden.csv,/home/g24021555/uwrmaxsat/build/release/bin/uwrmaxsat,8c68c8a386d3d7847b50d315143c2bab60e3514e59510e84a649db83cb303876,/home/g24021555/uwrmaxsat/build/release/bin/uwrmaxsat -m /tmp/b2b_uwrmaxsat_6v5plhze/forumt-14.forb0007.wcnf,,process exit code=20,,,maxsat,uwrmaxsat,,/home/g24021555/uwrmaxsat/build/release/bin/uwrmaxsat,traditional,pairwise+direct,,59,"1,2,3,4,5,6,7,8,9,10,11,12,13,14,15,16,17,18,20,21,22,23,24,25,26,27,28,29,30,31,32,33,34,35,36,37,38,39,40,41,42,43,44,45,46,47,48,49,50,51,52,53,54,55,56,57,58,59,60",2340,30,9,9,,,,,"journal objective family: bg_d2 | F-selected distance-labelled E* domain propagation and cycle detection | precedence configuration: F=distance_closure, P=pairwise, G=direct | Reduced Domain variables after unary filtering + matching GAC + slot saturation | (20),(22)-(27) exactly once over reduced domains | (19) participant atMost-one per slot | (46),(47) clustered table capacity with compact forward channeling | (28) Pairwise precedence over direct distance-labelled relations | exact break-group ends and unary break-group thresholds | exact schedule <-> usedSlot channeling | (43) exactly |Mp| reduced usedSlot variables | (44) atMost 2|L| busy participants per slot | (45) exact even number of busy participants | historical hard cap Delta_G <= 2",,,result
,,,,,,,,,forumt-14.forb0007,b2b-41aa8bf2170d5150,b2b-lineage-forumt-14,forbidden,R-PW-DC-ST-BGD2-IS-CD-IC12P,Reduced,Filter-E*,Pairwise,DistanceClosure-E*,SpanThreshold,BreakGroupsD2,IncrementalSAT,IC12+,UNSAT,UNSAT,,,bg_d2,,,,,,,,0.11835,False,41.793,,,,Compact,Compact/Reduced,project_implementation,incremental multi-phase SAT with persistent solver state,31125,,,,,,,82465,0,82465,2331,28794,199536,60,cfg5__m-reduced__p-pairwise__g-distance_closure__b-span_threshold__o-break_groups_d2__s-incrementalsat__i-imp12plus__backend-cadical,cfg5__m-reduced__p-pairwise__g-distance_closure__b-span_threshold__o-break_groups_d2__s-incrementalsat__i-imp12plus__backend-cadical,reduced,distance_closure,pairwise,distance_closure,IncrementalSAT,CaDiCaL,1.5.3,imp12+,span_threshold,total_break_groups_subject_to_range_at_most_2,BGD2,IC12P,199536,0,0,406,55485,22053,4519,,0,236,1,,,,,,0,0,0,0,0,,,"formalism-specific model size: SAT/MaxSAT reports base CNF and soft clauses, MIP reports variables/linear constraints/nonzeros, and CP reports integer variables plus linear/global constraints; SAT bound/totalizer overhead remains separate in optimizer_added_*",2370,2340,2331,2331,0,0,0,0,0,0,0,1,0.002824,0.003068,0.090729,,0.093797,0.024553,"wall-clock from immediately before reading/parsing the .dzn instance through model construction, optimization, solution decoding, and independent validation; excludes worker-process startup and result-file export",,,,,,,peak_process_tree_rss_mb,41aa8bf2170d515092e362ca4e9bcdd3c58d3ed4f53f635fc06e2838dc5ed521,forb0007,data_table06_forb/forumt-14.forb0007.dzn,2,../noves/forumt-14.forb0007.dzn | ../noves/tic-14crafa.forb0007.dzn,2,data_table06_forb/forumt-14.forb0007.dzn | data_table06_forb/tic-14crafa.forb0007.dzn,https://imae.udg.edu/Recerca/LAI/,https://ima.udg.edu/Recerca/lai/b2b/b2b.zip,ee1f440ab3f6db27ab712300ad3a54a31ffd5ec1e06f81a9ac37cb7202c56528,2026-08-10T10:42:19+00:00,7200.0,,ee80a6fbd8b513f7c010668495c39621a371266a,True,3.10.12,1.8.dev25,instance-20260810-085803,Linux-6.8.0-1064-gcp-x86_64-with-glibc2.35,x86_64,4,8,15988.059,1,0,/home/g24021555/Business-Meeting-Scheduling-Problem/.venv/bin/python3 /home/g24021555/Business-Meeting-Scheduling-Problem/src/Main.py --manifest instances_manifest.csv --family forbidden --solver sat_all --objective-mode bg_d2 --domain-mode both --domain-filter-graph both --precedence-encoding both --precedence-graph both --encoding-variant imp12+ --sat-backend cadical --maxsat-backend uwrmaxsat --uwrmaxsat-bin /home/g24021555/uwrmaxsat/build/release/bin/uwrmaxsat --timeout 7200 --csv output/full_matrix_bg_d2_forbidden.csv,,,,,,,,incremental,,cadical,,factorial,pairwise+distance_closure,,59,"1,2,3,4,5,6,7,8,9,10,11,12,13,14,15,16,17,18,20,21,22,23,24,25,26,27,28,29,30,31,32,33,34,35,36,37,38,39,40,41,42,43,44,45,46,47,48,49,50,51,52,53,54,55,56,57,58,59,60",2340,30,9,9,,,,,"journal objective family: bg_d2 | F-selected distance-labelled E* domain propagation and cycle detection | precedence configuration: F=distance_closure, P=pairwise, G=distance_closure | Reduced Domain variables after unary filtering + matching GAC + slot saturation | (20),(22)-(27) exactly once over reduced domains | (19) participant atMost-one per slot | (46),(47) clustered table capacity with compact forward channeling | (28) Pairwise precedence over distance_closure distance-labelled relations | exact break-group ends and unary break-group thresholds | exact schedule <-> usedSlot channeling | (43) exactly |Mp| reduced usedSlot variables | (44) atMost 2|L| busy participants per slot | (45) exact even number of busy participants | historical hard cap Delta_G <= 2",,,result
,,,,,,,,,forumt-14.forb0007,b2b-41aa8bf2170d5150,b2b-lineage-forumt-14,forbidden,R-PW-DC-ST-BGD2-NIS-CD-IC12P,Reduced,Filter-E*,Pairwise,DistanceClosure-E*,SpanThreshold,BreakGroupsD2,NonIncrementalSAT,IC12+,UNSAT,UNSAT,,,bg_d2,,,,,,,,0.113741,False,42.965,,,,Compact,Compact/Reduced,project_implementation,restart-based multi-phase SAT,31125,,,,,,,82465,0,82465,2331,28794,199536,60,cfg5__m-reduced__p-pairwise__g-distance_closure__b-span_threshold__o-break_groups_d2__s-nonincrementalsat__i-imp12plus__backend-cadical,cfg5__m-reduced__p-pairwise__g-distance_closure__b-span_threshold__o-break_groups_d2__s-nonincrementalsat__i-imp12plus__backend-cadical,reduced,distance_closure,pairwise,distance_closure,NonIncrementalSAT,CaDiCaL,1.5.3,imp12+,span_threshold,total_break_groups_subject_to_range_at_most_2,BGD2,IC12P,199536,0,0,406,55485,22053,4519,,0,236,1,,,,,,0,0,0,0,0,,,"formalism-specific model size: SAT/MaxSAT reports base CNF and soft clauses, MIP reports variables/linear constraints/nonzeros, and CP reports integer variables plus linear/global constraints; SAT bound/totalizer overhead remains separate in optimizer_added_*",2370,2340,2331,2331,0,0,0,0,0,0,0,1,0.002452,0.002623,0.086581,,0.089204,0.024537,"wall-clock from immediately before reading/parsing the .dzn instance through model construction, optimization, solution decoding, and independent validation; excludes worker-process startup and result-file export",,,,,,,peak_process_tree_rss_mb,41aa8bf2170d515092e362ca4e9bcdd3c58d3ed4f53f635fc06e2838dc5ed521,forb0007,data_table06_forb/forumt-14.forb0007.dzn,2,../noves/forumt-14.forb0007.dzn | ../noves/tic-14crafa.forb0007.dzn,2,data_table06_forb/forumt-14.forb0007.dzn | data_table06_forb/tic-14crafa.forb0007.dzn,https://imae.udg.edu/Recerca/LAI/,https://ima.udg.edu/Recerca/lai/b2b/b2b.zip,ee1f440ab3f6db27ab712300ad3a54a31ffd5ec1e06f81a9ac37cb7202c56528,2026-08-10T10:42:19+00:00,7200.0,,ee80a6fbd8b513f7c010668495c39621a371266a,True,3.10.12,1.8.dev25,instance-20260810-085803,Linux-6.8.0-1064-gcp-x86_64-with-glibc2.35,x86_64,4,8,15988.059,1,0,/home/g24021555/Business-Meeting-Scheduling-Problem/.venv/bin/python3 /home/g24021555/Business-Meeting-Scheduling-Problem/src/Main.py --manifest instances_manifest.csv --family forbidden --solver sat_all --objective-mode bg_d2 --domain-mode both --domain-filter-graph both --precedence-encoding both --precedence-graph both --encoding-variant imp12+ --sat-backend cadical --maxsat-backend uwrmaxsat --uwrmaxsat-bin /home/g24021555/uwrmaxsat/build/release/bin/uwrmaxsat --timeout 7200 --csv output/full_matrix_bg_d2_forbidden.csv,,,,,,,,multiple,,cadical,,factorial,pairwise+distance_closure,,59,"1,2,3,4,5,6,7,8,9,10,11,12,13,14,15,16,17,18,20,21,22,23,24,25,26,27,28,29,30,31,32,33,34,35,36,37,38,39,40,41,42,43,44,45,46,47,48,49,50,51,52,53,54,55,56,57,58,59,60",2340,30,9,9,,,,,"journal objective family: bg_d2 | F-selected distance-labelled E* domain propagation and cycle detection | precedence configuration: F=distance_closure, P=pairwise, G=distance_closure | Reduced Domain variables after unary filtering + matching GAC + slot saturation | (20),(22)-(27) exactly once over reduced domains | (19) participant atMost-one per slot | (46),(47) clustered table capacity with compact forward channeling | (28) Pairwise precedence over distance_closure distance-labelled relations | exact break-group ends and unary break-group thresholds | exact schedule <-> usedSlot channeling | (43) exactly |Mp| reduced usedSlot variables | (44) atMost 2|L| busy participants per slot | (45) exact even number of busy participants | historical hard cap Delta_G <= 2",,,result
,,,,,,,,,forumt-14.forb0007,b2b-41aa8bf2170d5150,b2b-lineage-forumt-14,forbidden,R-PW-DC-ST-BGD2-UW-IC12P,Reduced,Filter-E*,Pairwise,DistanceClosure-E*,SpanThreshold,BreakGroupsD2,UWrMaxSAT,IC12+,UNSAT,UNSAT,,,bg_d2,,,,,,,1,0.250186,False,61.34,,,,Compact,Compact/Reduced,project_implementation,one-shot weighted MaxSAT,31125,,,,,,,82465,236,82701,2331,28794,199772,60,cfg5__m-reduced__p-pairwise__g-distance_closure__b-span_threshold__o-break_groups_d2__s-uwrmaxsat__i-imp12plus__backend-uwrmaxsat,cfg5__m-reduced__p-pairwise__g-distance_closure__b-span_threshold__o-break_groups_d2__s-uwrmaxsat__i-imp12plus__backend-uwrmaxsat,reduced,distance_closure,pairwise,distance_closure,UWrMaxSAT,UWrMaxSAT,binary-sha256:8c68c8a386d3d7847b50d315143c2bab60e3514e59510e84a649db83cb303876,imp12+,span_threshold,total_break_groups_subject_to_range_at_most_2,BGD2,IC12P,199536,236,1,406,55485,22053,4519,1,236,236,1,,,,,,0,0,0,0,0,,,"formalism-specific model size: SAT/MaxSAT reports base CNF and soft clauses, MIP reports variables/linear constraints/nonzeros, and CP reports integer variables plus linear/global constraints; SAT bound/totalizer overhead remains separate in optimizer_added_*",2370,2340,2331,2331,0,0,0,0,0,0,0,1,0.00279,0.002613,0.090746,,0.093359,0.156828,"wall-clock from immediately before reading/parsing the .dzn instance through model construction, optimization, solution decoding, and independent validation; excludes worker-process startup and result-file export",,,,,,,peak_process_tree_rss_mb,41aa8bf2170d515092e362ca4e9bcdd3c58d3ed4f53f635fc06e2838dc5ed521,forb0007,data_table06_forb/forumt-14.forb0007.dzn,2,../noves/forumt-14.forb0007.dzn | ../noves/tic-14crafa.forb0007.dzn,2,data_table06_forb/forumt-14.forb0007.dzn | data_table06_forb/tic-14crafa.forb0007.dzn,https://imae.udg.edu/Recerca/LAI/,https://ima.udg.edu/Recerca/lai/b2b/b2b.zip,ee1f440ab3f6db27ab712300ad3a54a31ffd5ec1e06f81a9ac37cb7202c56528,2026-08-10T10:42:19+00:00,7200.0,,ee80a6fbd8b513f7c010668495c39621a371266a,True,3.10.12,1.8.dev25,instance-20260810-085803,Linux-6.8.0-1064-gcp-x86_64-with-glibc2.35,x86_64,4,8,15988.059,1,0,/home/g24021555/Business-Meeting-Scheduling-Problem/.venv/bin/python3 /home/g24021555/Business-Meeting-Scheduling-Problem/src/Main.py --manifest instances_manifest.csv --family forbidden --solver sat_all --objective-mode bg_d2 --domain-mode both --domain-filter-graph both --precedence-encoding both --precedence-graph both --encoding-variant imp12+ --sat-backend cadical --maxsat-backend uwrmaxsat --uwrmaxsat-bin /home/g24021555/uwrmaxsat/build/release/bin/uwrmaxsat --timeout 7200 --csv output/full_matrix_bg_d2_forbidden.csv,/home/g24021555/uwrmaxsat/build/release/bin/uwrmaxsat,8c68c8a386d3d7847b50d315143c2bab60e3514e59510e84a649db83cb303876,/home/g24021555/uwrmaxsat/build/release/bin/uwrmaxsat -m /tmp/b2b_uwrmaxsat_furjed57/forumt-14.forb0007.wcnf,,process exit code=20,,,maxsat,uwrmaxsat,,/home/g24021555/uwrmaxsat/build/release/bin/uwrmaxsat,factorial,pairwise+distance_closure,,59,"1,2,3,4,5,6,7,8,9,10,11,12,13,14,15,16,17,18,20,21,22,23,24,25,26,27,28,29,30,31,32,33,34,35,36,37,38,39,40,41,42,43,44,45,46,47,48,49,50,51,52,53,54,55,56,57,58,59,60",2340,30,9,9,,,,,"journal objective family: bg_d2 | F-selected distance-labelled E* domain propagation and cycle detection | precedence configuration: F=distance_closure, P=pairwise, G=distance_closure | Reduced Domain variables after unary filtering + matching GAC + slot saturation | (20),(22)-(27) exactly once over reduced domains | (19) participant atMost-one per slot | (46),(47) clustered table capacity with compact forward channeling | (28) Pairwise precedence over distance_closure distance-labelled relations | exact break-group ends and unary break-group thresholds | exact schedule <-> usedSlot channeling | (43) exactly |Mp| reduced usedSlot variables | (44) atMost 2|L| busy participants per slot | (45) exact even number of busy participants | historical hard cap Delta_G <= 2",,,result
,,,,,,,,,forumt-14.forb0007,b2b-41aa8bf2170d5150,b2b-lineage-forumt-14,forbidden,R-SS-DE-ST-BGD2-IS-CD-IC12P,Reduced,Filter-E*,SparseSuffix,Direct-E,SpanThreshold,BreakGroupsD2,IncrementalSAT,IC12+,UNSAT,UNSAT,,,bg_d2,,,,,,,,0.111291,False,43.445,,,,Compact,Compact/Reduced,project_implementation,incremental multi-phase SAT with persistent solver state,31125,,,,,,,82465,0,82465,2331,28794,199536,60,cfg5__m-reduced__p-sparse_suffix__g-direct__b-span_threshold__o-break_groups_d2__s-incrementalsat__i-imp12plus__backend-cadical,cfg5__m-reduced__p-sparse_suffix__g-direct__b-span_threshold__o-break_groups_d2__s-incrementalsat__i-imp12plus__backend-cadical,reduced,distance_closure,sparse_suffix,direct,IncrementalSAT,CaDiCaL,1.5.3,imp12+,span_threshold,total_break_groups_subject_to_range_at_most_2,BGD2,IC12P,199536,0,0,406,55485,22053,4519,,0,236,1,,,,,,0,0,0,0,0,,,"formalism-specific model size: SAT/MaxSAT reports base CNF and soft clauses, MIP reports variables/linear constraints/nonzeros, and CP reports integer variables plus linear/global constraints; SAT bound/totalizer overhead remains separate in optimizer_added_*",2370,2340,2331,2331,0,0,0,0,0,0,0,1,0.002455,0.002727,0.085009,,0.087735,0.023555,"wall-clock from immediately before reading/parsing the .dzn instance through model construction, optimization, solution decoding, and independent validation; excludes worker-process startup and result-file export",,,,,,,peak_process_tree_rss_mb,41aa8bf2170d515092e362ca4e9bcdd3c58d3ed4f53f635fc06e2838dc5ed521,forb0007,data_table06_forb/forumt-14.forb0007.dzn,2,../noves/forumt-14.forb0007.dzn | ../noves/tic-14crafa.forb0007.dzn,2,data_table06_forb/forumt-14.forb0007.dzn | data_table06_forb/tic-14crafa.forb0007.dzn,https://imae.udg.edu/Recerca/LAI/,https://ima.udg.edu/Recerca/lai/b2b/b2b.zip,ee1f440ab3f6db27ab712300ad3a54a31ffd5ec1e06f81a9ac37cb7202c56528,2026-08-10T10:42:19+00:00,7200.0,,ee80a6fbd8b513f7c010668495c39621a371266a,True,3.10.12,1.8.dev25,instance-20260810-085803,Linux-6.8.0-1064-gcp-x86_64-with-glibc2.35,x86_64,4,8,15988.059,1,0,/home/g24021555/Business-Meeting-Scheduling-Problem/.venv/bin/python3 /home/g24021555/Business-Meeting-Scheduling-Problem/src/Main.py --manifest instances_manifest.csv --family forbidden --solver sat_all --objective-mode bg_d2 --domain-mode both --domain-filter-graph both --precedence-encoding both --precedence-graph both --encoding-variant imp12+ --sat-backend cadical --maxsat-backend uwrmaxsat --uwrmaxsat-bin /home/g24021555/uwrmaxsat/build/release/bin/uwrmaxsat --timeout 7200 --csv output/full_matrix_bg_d2_forbidden.csv,,,,,,,,incremental,,cadical,,factorial,sparse_suffix+direct,,59,"1,2,3,4,5,6,7,8,9,10,11,12,13,14,15,16,17,18,20,21,22,23,24,25,26,27,28,29,30,31,32,33,34,35,36,37,38,39,40,41,42,43,44,45,46,47,48,49,50,51,52,53,54,55,56,57,58,59,60",2340,30,9,9,,,,,"journal objective family: bg_d2 | F-selected distance-labelled E* domain propagation and cycle detection | precedence configuration: F=distance_closure, P=sparse_suffix, G=direct | Reduced Domain variables after unary filtering + matching GAC + slot saturation | (20),(22)-(27) exactly once over reduced domains | (19) participant atMost-one per slot | (46),(47) clustered table capacity with compact forward channeling | (28) SparseSuffix precedence over direct distance-labelled relations | exact break-group ends and unary break-group thresholds | exact schedule <-> usedSlot channeling | (43) exactly |Mp| reduced usedSlot variables | (44) atMost 2|L| busy participants per slot | (45) exact even number of busy participants | historical hard cap Delta_G <= 2",,,result
,,,,,,,,,forumt-14.forb0007,b2b-41aa8bf2170d5150,b2b-lineage-forumt-14,forbidden,R-SS-DE-ST-BGD2-NIS-CD-IC12P,Reduced,Filter-E*,SparseSuffix,Direct-E,SpanThreshold,BreakGroupsD2,NonIncrementalSAT,IC12+,UNSAT,UNSAT,,,bg_d2,,,,,,,,0.111042,False,43.02,,,,Compact,Compact/Reduced,project_implementation,restart-based multi-phase SAT,31125,,,,,,,82465,0,82465,2331,28794,199536,60,cfg5__m-reduced__p-sparse_suffix__g-direct__b-span_threshold__o-break_groups_d2__s-nonincrementalsat__i-imp12plus__backend-cadical,cfg5__m-reduced__p-sparse_suffix__g-direct__b-span_threshold__o-break_groups_d2__s-nonincrementalsat__i-imp12plus__backend-cadical,reduced,distance_closure,sparse_suffix,direct,NonIncrementalSAT,CaDiCaL,1.5.3,imp12+,span_threshold,total_break_groups_subject_to_range_at_most_2,BGD2,IC12P,199536,0,0,406,55485,22053,4519,,0,236,1,,,,,,0,0,0,0,0,,,"formalism-specific model size: SAT/MaxSAT reports base CNF and soft clauses, MIP reports variables/linear constraints/nonzeros, and CP reports integer variables plus linear/global constraints; SAT bound/totalizer overhead remains separate in optimizer_added_*",2370,2340,2331,2331,0,0,0,0,0,0,0,1,0.002446,0.002679,0.086067,,0.088746,0.022296,"wall-clock from immediately before reading/parsing the .dzn instance through model construction, optimization, solution decoding, and independent validation; excludes worker-process startup and result-file export",,,,,,,peak_process_tree_rss_mb,41aa8bf2170d515092e362ca4e9bcdd3c58d3ed4f53f635fc06e2838dc5ed521,forb0007,data_table06_forb/forumt-14.forb0007.dzn,2,../noves/forumt-14.forb0007.dzn | ../noves/tic-14crafa.forb0007.dzn,2,data_table06_forb/forumt-14.forb0007.dzn | data_table06_forb/tic-14crafa.forb0007.dzn,https://imae.udg.edu/Recerca/LAI/,https://ima.udg.edu/Recerca/lai/b2b/b2b.zip,ee1f440ab3f6db27ab712300ad3a54a31ffd5ec1e06f81a9ac37cb7202c56528,2026-08-10T10:42:19+00:00,7200.0,,ee80a6fbd8b513f7c010668495c39621a371266a,True,3.10.12,1.8.dev25,instance-20260810-085803,Linux-6.8.0-1064-gcp-x86_64-with-glibc2.35,x86_64,4,8,15988.059,1,0,/home/g24021555/Business-Meeting-Scheduling-Problem/.venv/bin/python3 /home/g24021555/Business-Meeting-Scheduling-Problem/src/Main.py --manifest instances_manifest.csv --family forbidden --solver sat_all --objective-mode bg_d2 --domain-mode both --domain-filter-graph both --precedence-encoding both --precedence-graph both --encoding-variant imp12+ --sat-backend cadical --maxsat-backend uwrmaxsat --uwrmaxsat-bin /home/g24021555/uwrmaxsat/build/release/bin/uwrmaxsat --timeout 7200 --csv output/full_matrix_bg_d2_forbidden.csv,,,,,,,,multiple,,cadical,,factorial,sparse_suffix+direct,,59,"1,2,3,4,5,6,7,8,9,10,11,12,13,14,15,16,17,18,20,21,22,23,24,25,26,27,28,29,30,31,32,33,34,35,36,37,38,39,40,41,42,43,44,45,46,47,48,49,50,51,52,53,54,55,56,57,58,59,60",2340,30,9,9,,,,,"journal objective family: bg_d2 | F-selected distance-labelled E* domain propagation and cycle detection | precedence configuration: F=distance_closure, P=sparse_suffix, G=direct | Reduced Domain variables after unary filtering + matching GAC + slot saturation | (20),(22)-(27) exactly once over reduced domains | (19) participant atMost-one per slot | (46),(47) clustered table capacity with compact forward channeling | (28) SparseSuffix precedence over direct distance-labelled relations | exact break-group ends and unary break-group thresholds | exact schedule <-> usedSlot channeling | (43) exactly |Mp| reduced usedSlot variables | (44) atMost 2|L| busy participants per slot | (45) exact even number of busy participants | historical hard cap Delta_G <= 2",,,result
,,,,,,,,,forumt-14.forb0007,b2b-41aa8bf2170d5150,b2b-lineage-forumt-14,forbidden,R-SS-DE-ST-BGD2-UW-IC12P,Reduced,Filter-E*,SparseSuffix,Direct-E,SpanThreshold,BreakGroupsD2,UWrMaxSAT,IC12+,UNSAT,UNSAT,,,bg_d2,,,,,,,1,0.247192,False,61.406,,,,Compact,Compact/Reduced,project_implementation,one-shot weighted MaxSAT,31125,,,,,,,82465,236,82701,2331,28794,199772,60,cfg5__m-reduced__p-sparse_suffix__g-direct__b-span_threshold__o-break_groups_d2__s-uwrmaxsat__i-imp12plus__backend-uwrmaxsat,cfg5__m-reduced__p-sparse_suffix__g-direct__b-span_threshold__o-break_groups_d2__s-uwrmaxsat__i-imp12plus__backend-uwrmaxsat,reduced,distance_closure,sparse_suffix,direct,UWrMaxSAT,UWrMaxSAT,binary-sha256:8c68c8a386d3d7847b50d315143c2bab60e3514e59510e84a649db83cb303876,imp12+,span_threshold,total_break_groups_subject_to_range_at_most_2,BGD2,IC12P,199536,236,1,406,55485,22053,4519,1,236,236,1,,,,,,0,0,0,0,0,,,"formalism-specific model size: SAT/MaxSAT reports base CNF and soft clauses, MIP reports variables/linear constraints/nonzeros, and CP reports integer variables plus linear/global constraints; SAT bound/totalizer overhead remains separate in optimizer_added_*",2370,2340,2331,2331,0,0,0,0,0,0,0,1,0.002797,0.002987,0.089295,,0.092282,0.15491,"wall-clock from immediately before reading/parsing the .dzn instance through model construction, optimization, solution decoding, and independent validation; excludes worker-process startup and result-file export",,,,,,,peak_process_tree_rss_mb,41aa8bf2170d515092e362ca4e9bcdd3c58d3ed4f53f635fc06e2838dc5ed521,forb0007,data_table06_forb/forumt-14.forb0007.dzn,2,../noves/forumt-14.forb0007.dzn | ../noves/tic-14crafa.forb0007.dzn,2,data_table06_forb/forumt-14.forb0007.dzn | data_table06_forb/tic-14crafa.forb0007.dzn,https://imae.udg.edu/Recerca/LAI/,https://ima.udg.edu/Recerca/lai/b2b/b2b.zip,ee1f440ab3f6db27ab712300ad3a54a31ffd5ec1e06f81a9ac37cb7202c56528,2026-08-10T10:42:19+00:00,7200.0,,ee80a6fbd8b513f7c010668495c39621a371266a,True,3.10.12,1.8.dev25,instance-20260810-085803,Linux-6.8.0-1064-gcp-x86_64-with-glibc2.35,x86_64,4,8,15988.059,1,0,/home/g24021555/Business-Meeting-Scheduling-Problem/.venv/bin/python3 /home/g24021555/Business-Meeting-Scheduling-Problem/src/Main.py --manifest instances_manifest.csv --family forbidden --solver sat_all --objective-mode bg_d2 --domain-mode both --domain-filter-graph both --precedence-encoding both --precedence-graph both --encoding-variant imp12+ --sat-backend cadical --maxsat-backend uwrmaxsat --uwrmaxsat-bin /home/g24021555/uwrmaxsat/build/release/bin/uwrmaxsat --timeout 7200 --csv output/full_matrix_bg_d2_forbidden.csv,/home/g24021555/uwrmaxsat/build/release/bin/uwrmaxsat,8c68c8a386d3d7847b50d315143c2bab60e3514e59510e84a649db83cb303876,/home/g24021555/uwrmaxsat/build/release/bin/uwrmaxsat -m /tmp/b2b_uwrmaxsat_ky3s9rmr/forumt-14.forb0007.wcnf,,process exit code=20,,,maxsat,uwrmaxsat,,/home/g24021555/uwrmaxsat/build/release/bin/uwrmaxsat,factorial,sparse_suffix+direct,,59,"1,2,3,4,5,6,7,8,9,10,11,12,13,14,15,16,17,18,20,21,22,23,24,25,26,27,28,29,30,31,32,33,34,35,36,37,38,39,40,41,42,43,44,45,46,47,48,49,50,51,52,53,54,55,56,57,58,59,60",2340,30,9,9,,,,,"journal objective family: bg_d2 | F-selected distance-labelled E* domain propagation and cycle detection | precedence configuration: F=distance_closure, P=sparse_suffix, G=direct | Reduced Domain variables after unary filtering + matching GAC + slot saturation | (20),(22)-(27) exactly once over reduced domains | (19) participant atMost-one per slot | (46),(47) clustered table capacity with compact forward channeling | (28) SparseSuffix precedence over direct distance-labelled relations | exact break-group ends and unary break-group thresholds | exact schedule <-> usedSlot channeling | (43) exactly |Mp| reduced usedSlot variables | (44) atMost 2|L| busy participants per slot | (45) exact even number of busy participants | historical hard cap Delta_G <= 2",,,result
,,,,,,,,,forumt-14.forb0007,b2b-41aa8bf2170d5150,b2b-lineage-forumt-14,forbidden,R-SS-DC-ST-BGD2-IS-CD-IC12P,Reduced,Filter-E*,SparseSuffix,DistanceClosure-E*,SpanThreshold,BreakGroupsD2,IncrementalSAT,IC12+,UNSAT,UNSAT,,,bg_d2,,,,,,,,0.113196,False,43.52,,,,Compact,Compact/Reduced,project_implementation,incremental multi-phase SAT with persistent solver state,31125,,,,,,,82465,0,82465,2331,28794,199536,60,cfg5__m-reduced__p-sparse_suffix__g-distance_closure__b-span_threshold__o-break_groups_d2__s-incrementalsat__i-imp12plus__backend-cadical,cfg5__m-reduced__p-sparse_suffix__g-distance_closure__b-span_threshold__o-break_groups_d2__s-incrementalsat__i-imp12plus__backend-cadical,reduced,distance_closure,sparse_suffix,distance_closure,IncrementalSAT,CaDiCaL,1.5.3,imp12+,span_threshold,total_break_groups_subject_to_range_at_most_2,BGD2,IC12P,199536,0,0,406,55485,22053,4519,,0,236,1,,,,,,0,0,0,0,0,,,"formalism-specific model size: SAT/MaxSAT reports base CNF and soft clauses, MIP reports variables/linear constraints/nonzeros, and CP reports integer variables plus linear/global constraints; SAT bound/totalizer overhead remains separate in optimizer_added_*",2370,2340,2331,2331,0,0,0,0,0,0,0,1,0.002787,0.002985,0.086276,,0.089261,0.023935,"wall-clock from immediately before reading/parsing the .dzn instance through model construction, optimization, solution decoding, and independent validation; excludes worker-process startup and result-file export",,,,,,,peak_process_tree_rss_mb,41aa8bf2170d515092e362ca4e9bcdd3c58d3ed4f53f635fc06e2838dc5ed521,forb0007,data_table06_forb/forumt-14.forb0007.dzn,2,../noves/forumt-14.forb0007.dzn | ../noves/tic-14crafa.forb0007.dzn,2,data_table06_forb/forumt-14.forb0007.dzn | data_table06_forb/tic-14crafa.forb0007.dzn,https://imae.udg.edu/Recerca/LAI/,https://ima.udg.edu/Recerca/lai/b2b/b2b.zip,ee1f440ab3f6db27ab712300ad3a54a31ffd5ec1e06f81a9ac37cb7202c56528,2026-08-10T10:42:19+00:00,7200.0,,ee80a6fbd8b513f7c010668495c39621a371266a,True,3.10.12,1.8.dev25,instance-20260810-085803,Linux-6.8.0-1064-gcp-x86_64-with-glibc2.35,x86_64,4,8,15988.059,1,0,/home/g24021555/Business-Meeting-Scheduling-Problem/.venv/bin/python3 /home/g24021555/Business-Meeting-Scheduling-Problem/src/Main.py --manifest instances_manifest.csv --family forbidden --solver sat_all --objective-mode bg_d2 --domain-mode both --domain-filter-graph both --precedence-encoding both --precedence-graph both --encoding-variant imp12+ --sat-backend cadical --maxsat-backend uwrmaxsat --uwrmaxsat-bin /home/g24021555/uwrmaxsat/build/release/bin/uwrmaxsat --timeout 7200 --csv output/full_matrix_bg_d2_forbidden.csv,,,,,,,,incremental,,cadical,,staircase,sparse_suffix+distance_closure,,59,"1,2,3,4,5,6,7,8,9,10,11,12,13,14,15,16,17,18,20,21,22,23,24,25,26,27,28,29,30,31,32,33,34,35,36,37,38,39,40,41,42,43,44,45,46,47,48,49,50,51,52,53,54,55,56,57,58,59,60",2340,30,9,9,,,,,"journal objective family: bg_d2 | F-selected distance-labelled E* domain propagation and cycle detection | precedence configuration: F=distance_closure, P=sparse_suffix, G=distance_closure | Reduced Domain variables after unary filtering + matching GAC + slot saturation | (20),(22)-(27) exactly once over reduced domains | (19) participant atMost-one per slot | (46),(47) clustered table capacity with compact forward channeling | (28) SparseSuffix precedence over distance_closure distance-labelled relations | exact break-group ends and unary break-group thresholds | exact schedule <-> usedSlot channeling | (43) exactly |Mp| reduced usedSlot variables | (44) atMost 2|L| busy participants per slot | (45) exact even number of busy participants | historical hard cap Delta_G <= 2",,,result
,,,,,,,,,forumt-14.forb0007,b2b-41aa8bf2170d5150,b2b-lineage-forumt-14,forbidden,R-SS-DC-ST-BGD2-NIS-CD-IC12P,Reduced,Filter-E*,SparseSuffix,DistanceClosure-E*,SpanThreshold,BreakGroupsD2,NonIncrementalSAT,IC12+,UNSAT,UNSAT,,,bg_d2,,,,,,,,0.111598,False,43.594,,,,Compact,Compact/Reduced,project_implementation,restart-based multi-phase SAT,31125,,,,,,,82465,0,82465,2331,28794,199536,60,cfg5__m-reduced__p-sparse_suffix__g-distance_closure__b-span_threshold__o-break_groups_d2__s-nonincrementalsat__i-imp12plus__backend-cadical,cfg5__m-reduced__p-sparse_suffix__g-distance_closure__b-span_threshold__o-break_groups_d2__s-nonincrementalsat__i-imp12plus__backend-cadical,reduced,distance_closure,sparse_suffix,distance_closure,NonIncrementalSAT,CaDiCaL,1.5.3,imp12+,span_threshold,total_break_groups_subject_to_range_at_most_2,BGD2,IC12P,199536,0,0,406,55485,22053,4519,,0,236,1,,,,,,0,0,0,0,0,,,"formalism-specific model size: SAT/MaxSAT reports base CNF and soft clauses, MIP reports variables/linear constraints/nonzeros, and CP reports integer variables plus linear/global constraints; SAT bound/totalizer overhead remains separate in optimizer_added_*",2370,2340,2331,2331,0,0,0,0,0,0,0,1,0.002438,0.002899,0.085485,,0.088384,0.023214,"wall-clock from immediately before reading/parsing the .dzn instance through model construction, optimization, solution decoding, and independent validation; excludes worker-process startup and result-file export",,,,,,,peak_process_tree_rss_mb,41aa8bf2170d515092e362ca4e9bcdd3c58d3ed4f53f635fc06e2838dc5ed521,forb0007,data_table06_forb/forumt-14.forb0007.dzn,2,../noves/forumt-14.forb0007.dzn | ../noves/tic-14crafa.forb0007.dzn,2,data_table06_forb/forumt-14.forb0007.dzn | data_table06_forb/tic-14crafa.forb0007.dzn,https://imae.udg.edu/Recerca/LAI/,https://ima.udg.edu/Recerca/lai/b2b/b2b.zip,ee1f440ab3f6db27ab712300ad3a54a31ffd5ec1e06f81a9ac37cb7202c56528,2026-08-10T10:42:19+00:00,7200.0,,ee80a6fbd8b513f7c010668495c39621a371266a,True,3.10.12,1.8.dev25,instance-20260810-085803,Linux-6.8.0-1064-gcp-x86_64-with-glibc2.35,x86_64,4,8,15988.059,1,0,/home/g24021555/Business-Meeting-Scheduling-Problem/.venv/bin/python3 /home/g24021555/Business-Meeting-Scheduling-Problem/src/Main.py --manifest instances_manifest.csv --family forbidden --solver sat_all --objective-mode bg_d2 --domain-mode both --domain-filter-graph both --precedence-encoding both --precedence-graph both --encoding-variant imp12+ --sat-backend cadical --maxsat-backend uwrmaxsat --uwrmaxsat-bin /home/g24021555/uwrmaxsat/build/release/bin/uwrmaxsat --timeout 7200 --csv output/full_matrix_bg_d2_forbidden.csv,,,,,,,,multiple,,cadical,,staircase,sparse_suffix+distance_closure,,59,"1,2,3,4,5,6,7,8,9,10,11,12,13,14,15,16,17,18,20,21,22,23,24,25,26,27,28,29,30,31,32,33,34,35,36,37,38,39,40,41,42,43,44,45,46,47,48,49,50,51,52,53,54,55,56,57,58,59,60",2340,30,9,9,,,,,"journal objective family: bg_d2 | F-selected distance-labelled E* domain propagation and cycle detection | precedence configuration: F=distance_closure, P=sparse_suffix, G=distance_closure | Reduced Domain variables after unary filtering + matching GAC + slot saturation | (20),(22)-(27) exactly once over reduced domains | (19) participant atMost-one per slot | (46),(47) clustered table capacity with compact forward channeling | (28) SparseSuffix precedence over distance_closure distance-labelled relations | exact break-group ends and unary break-group thresholds | exact schedule <-> usedSlot channeling | (43) exactly |Mp| reduced usedSlot variables | (44) atMost 2|L| busy participants per slot | (45) exact even number of busy participants | historical hard cap Delta_G <= 2",,,result
,,,,,,,,,forumt-14.forb0007,b2b-41aa8bf2170d5150,b2b-lineage-forumt-14,forbidden,R-SS-DC-ST-BGD2-UW-IC12P,Reduced,Filter-E*,SparseSuffix,DistanceClosure-E*,SpanThreshold,BreakGroupsD2,UWrMaxSAT,IC12+,UNSAT,UNSAT,,,bg_d2,,,,,,,1,0.248344,False,61.195,,,,Compact,Compact/Reduced,project_implementation,one-shot weighted MaxSAT,31125,,,,,,,82465,236,82701,2331,28794,199772,60,cfg5__m-reduced__p-sparse_suffix__g-distance_closure__b-span_threshold__o-break_groups_d2__s-uwrmaxsat__i-imp12plus__backend-uwrmaxsat,cfg5__m-reduced__p-sparse_suffix__g-distance_closure__b-span_threshold__o-break_groups_d2__s-uwrmaxsat__i-imp12plus__backend-uwrmaxsat,reduced,distance_closure,sparse_suffix,distance_closure,UWrMaxSAT,UWrMaxSAT,binary-sha256:8c68c8a386d3d7847b50d315143c2bab60e3514e59510e84a649db83cb303876,imp12+,span_threshold,total_break_groups_subject_to_range_at_most_2,BGD2,IC12P,199536,236,1,406,55485,22053,4519,1,236,236,1,,,,,,0,0,0,0,0,,,"formalism-specific model size: SAT/MaxSAT reports base CNF and soft clauses, MIP reports variables/linear constraints/nonzeros, and CP reports integer variables plus linear/global constraints; SAT bound/totalizer overhead remains separate in optimizer_added_*",2370,2340,2331,2331,0,0,0,0,0,0,0,1,0.002461,0.003004,0.092595,,0.095599,0.152745,"wall-clock from immediately before reading/parsing the .dzn instance through model construction, optimization, solution decoding, and independent validation; excludes worker-process startup and result-file export",,,,,,,peak_process_tree_rss_mb,41aa8bf2170d515092e362ca4e9bcdd3c58d3ed4f53f635fc06e2838dc5ed521,forb0007,data_table06_forb/forumt-14.forb0007.dzn,2,../noves/forumt-14.forb0007.dzn | ../noves/tic-14crafa.forb0007.dzn,2,data_table06_forb/forumt-14.forb0007.dzn | data_table06_forb/tic-14crafa.forb0007.dzn,https://imae.udg.edu/Recerca/LAI/,https://ima.udg.edu/Recerca/lai/b2b/b2b.zip,ee1f440ab3f6db27ab712300ad3a54a31ffd5ec1e06f81a9ac37cb7202c56528,2026-08-10T10:42:19+00:00,7200.0,,ee80a6fbd8b513f7c010668495c39621a371266a,True,3.10.12,1.8.dev25,instance-20260810-085803,Linux-6.8.0-1064-gcp-x86_64-with-glibc2.35,x86_64,4,8,15988.059,1,0,/home/g24021555/Business-Meeting-Scheduling-Problem/.venv/bin/python3 /home/g24021555/Business-Meeting-Scheduling-Problem/src/Main.py --manifest instances_manifest.csv --family forbidden --solver sat_all --objective-mode bg_d2 --domain-mode both --domain-filter-graph both --precedence-encoding both --precedence-graph both --encoding-variant imp12+ --sat-backend cadical --maxsat-backend uwrmaxsat --uwrmaxsat-bin /home/g24021555/uwrmaxsat/build/release/bin/uwrmaxsat --timeout 7200 --csv output/full_matrix_bg_d2_forbidden.csv,/home/g24021555/uwrmaxsat/build/release/bin/uwrmaxsat,8c68c8a386d3d7847b50d315143c2bab60e3514e59510e84a649db83cb303876,/home/g24021555/uwrmaxsat/build/release/bin/uwrmaxsat -m /tmp/b2b_uwrmaxsat_nsfopxzr/forumt-14.forb0007.wcnf,,process exit code=20,,,maxsat,uwrmaxsat,,/home/g24021555/uwrmaxsat/build/release/bin/uwrmaxsat,staircase,sparse_suffix+distance_closure,,59,"1,2,3,4,5,6,7,8,9,10,11,12,13,14,15,16,17,18,20,21,22,23,24,25,26,27,28,29,30,31,32,33,34,35,36,37,38,39,40,41,42,43,44,45,46,47,48,49,50,51,52,53,54,55,56,57,58,59,60",2340,30,9,9,,,,,"journal objective family: bg_d2 | F-selected distance-labelled E* domain propagation and cycle detection | precedence configuration: F=distance_closure, P=sparse_suffix, G=distance_closure | Reduced Domain variables after unary filtering + matching GAC + slot saturation | (20),(22)-(27) exactly once over reduced domains | (19) participant atMost-one per slot | (46),(47) clustered table capacity with compact forward channeling | (28) SparseSuffix precedence over distance_closure distance-labelled relations | exact break-group ends and unary break-group thresholds | exact schedule <-> usedSlot channeling | (43) exactly |Mp| reduced usedSlot variables | (44) atMost 2|L| busy participants per slot | (45) exact even number of busy participants | historical hard cap Delta_G <= 2",,,result
,,,,,,,,,tic-13crafb.forb0007,b2b-4fa7c70b89245b62,b2b-lineage-tic-13crafb,forbidden,F-PW-DE-ST-BGD2-IS-CD-IC12P,Full,Filter-E*,Pairwise,Direct-E,SpanThreshold,BreakGroupsD2,IncrementalSAT,IC12+,UNSAT,UNSAT,,,bg_d2,,,,,,,,0.143054,False,43.805,,,,Compact,Compact/Full,project_implementation,incremental multi-phase SAT with persistent solver state,25544,,,,,,,66463,0,66463,1840,23704,159923,45,cfg5__m-full__p-pairwise__g-direct__b-span_threshold__o-break_groups_d2__s-incrementalsat__i-imp12plus__backend-cadical,cfg5__m-full__p-pairwise__g-direct__b-span_threshold__o-break_groups_d2__s-incrementalsat__i-imp12plus__backend-cadical,full,distance_closure,pairwise,direct,IncrementalSAT,CaDiCaL,1.5.3,imp12+,span_threshold,total_break_groups_subject_to_range_at_most_2,BGD2,IC12P,159923,0,0,347,45324,17388,3404,,0,176,1,,,,,,0,0,0,0,0,,,"formalism-specific model size: SAT/MaxSAT reports base CNF and soft clauses, MIP reports variables/linear constraints/nonzeros, and CP reports integer variables plus linear/global constraints; SAT bound/totalizer overhead remains separate in optimizer_added_*",1840,1815,1806,1840,0,0,0,0,0,0,0,1,0.046959,0.002211,0.114467,,0.116678,0.026376,"wall-clock from immediately before reading/parsing the .dzn instance through model construction, optimization, solution decoding, and independent validation; excludes worker-process startup and result-file export",,,,,,,peak_process_tree_rss_mb,4fa7c70b89245b622fdf439fff74f209e9f80153704d9421baa6b210956f4878,forb0007,data_table06_forb/tic-13crafb.forb0007.dzn,1,../noves/tic-13crafb.forb0007.dzn,1,data_table06_forb/tic-13crafb.forb0007.dzn,https://imae.udg.edu/Recerca/LAI/,https://ima.udg.edu/Recerca/lai/b2b/b2b.zip,ee1f440ab3f6db27ab712300ad3a54a31ffd5ec1e06f81a9ac37cb7202c56528,2026-08-10T10:42:19+00:00,7200.0,,ee80a6fbd8b513f7c010668495c39621a371266a,True,3.10.12,1.8.dev25,instance-20260810-085803,Linux-6.8.0-1064-gcp-x86_64-with-glibc2.35,x86_64,4,8,15988.059,1,0,/home/g24021555/Business-Meeting-Scheduling-Problem/.venv/bin/python3 /home/g24021555/Business-Meeting-Scheduling-Problem/src/Main.py --manifest instances_manifest.csv --family forbidden --solver sat_all --objective-mode bg_d2 --domain-mode both --domain-filter-graph both --precedence-encoding both --precedence-graph both --encoding-variant imp12+ --sat-backend cadical --maxsat-backend uwrmaxsat --uwrmaxsat-bin /home/g24021555/uwrmaxsat/build/release/bin/uwrmaxsat --timeout 7200 --csv output/full_matrix_bg_d2_forbidden.csv,,,,,,,,incremental,,cadical,,traditional,pairwise+direct,,44,"1,2,3,4,5,6,7,8,9,10,11,12,13,14,15,16,17,18,19,20,21,22,24,25,26,27,28,29,30,31,32,33,34,35,36,37,38,40,41,42,43,44,45,46",1815,25,9,9,,,,,"journal objective family: bg_d2 | F-selected distance-labelled E* domain propagation and cycle detection | precedence configuration: F=distance_closure, P=pairwise, G=direct | Full Domain MxT schedule variables + explicit unary exclusions | (20),(22)-(27) exactly once over full domains | (22)-(27) session/fixed/forbidden exclusions as hard unit clauses | (19) participant atMost-one per slot | (46),(47) clustered table capacity with compact forward channeling | (28) Pairwise precedence over direct distance-labelled relations | exact break-group ends and unary break-group thresholds | exact schedule <-> usedSlot channeling | (43) exactly |Mp| full usedSlot variables | (44) atMost 2|L| busy participants per slot | (45) exact even number of busy participants | historical hard cap Delta_G <= 2",,,result
,,,,,,,,,tic-13crafb.forb0007,b2b-4fa7c70b89245b62,b2b-lineage-tic-13crafb,forbidden,F-PW-DE-ST-BGD2-NIS-CD-IC12P,Full,Filter-E*,Pairwise,Direct-E,SpanThreshold,BreakGroupsD2,NonIncrementalSAT,IC12+,UNSAT,UNSAT,,,bg_d2,,,,,,,,0.139274,False,45.09,,,,Compact,Compact/Full,project_implementation,restart-based multi-phase SAT,25544,,,,,,,66463,0,66463,1840,23704,159923,45,cfg5__m-full__p-pairwise__g-direct__b-span_threshold__o-break_groups_d2__s-nonincrementalsat__i-imp12plus__backend-cadical,cfg5__m-full__p-pairwise__g-direct__b-span_threshold__o-break_groups_d2__s-nonincrementalsat__i-imp12plus__backend-cadical,full,distance_closure,pairwise,direct,NonIncrementalSAT,CaDiCaL,1.5.3,imp12+,span_threshold,total_break_groups_subject_to_range_at_most_2,BGD2,IC12P,159923,0,0,347,45324,17388,3404,,0,176,1,,,,,,0,0,0,0,0,,,"formalism-specific model size: SAT/MaxSAT reports base CNF and soft clauses, MIP reports variables/linear constraints/nonzeros, and CP reports integer variables plus linear/global constraints; SAT bound/totalizer overhead remains separate in optimizer_added_*",1840,1815,1806,1840,0,0,0,0,0,0,0,1,0.046174,0.002307,0.112986,,0.115293,0.023981,"wall-clock from immediately before reading/parsing the .dzn instance through model construction, optimization, solution decoding, and independent validation; excludes worker-process startup and result-file export",,,,,,,peak_process_tree_rss_mb,4fa7c70b89245b622fdf439fff74f209e9f80153704d9421baa6b210956f4878,forb0007,data_table06_forb/tic-13crafb.forb0007.dzn,1,../noves/tic-13crafb.forb0007.dzn,1,data_table06_forb/tic-13crafb.forb0007.dzn,https://imae.udg.edu/Recerca/LAI/,https://ima.udg.edu/Recerca/lai/b2b/b2b.zip,ee1f440ab3f6db27ab712300ad3a54a31ffd5ec1e06f81a9ac37cb7202c56528,2026-08-10T10:42:19+00:00,7200.0,,ee80a6fbd8b513f7c010668495c39621a371266a,True,3.10.12,1.8.dev25,instance-20260810-085803,Linux-6.8.0-1064-gcp-x86_64-with-glibc2.35,x86_64,4,8,15988.059,1,0,/home/g24021555/Business-Meeting-Scheduling-Problem/.venv/bin/python3 /home/g24021555/Business-Meeting-Scheduling-Problem/src/Main.py --manifest instances_manifest.csv --family forbidden --solver sat_all --objective-mode bg_d2 --domain-mode both --domain-filter-graph both --precedence-encoding both --precedence-graph both --encoding-variant imp12+ --sat-backend cadical --maxsat-backend uwrmaxsat --uwrmaxsat-bin /home/g24021555/uwrmaxsat/build/release/bin/uwrmaxsat --timeout 7200 --csv output/full_matrix_bg_d2_forbidden.csv,,,,,,,,multiple,,cadical,,traditional,pairwise+direct,,44,"1,2,3,4,5,6,7,8,9,10,11,12,13,14,15,16,17,18,19,20,21,22,24,25,26,27,28,29,30,31,32,33,34,35,36,37,38,40,41,42,43,44,45,46",1815,25,9,9,,,,,"journal objective family: bg_d2 | F-selected distance-labelled E* domain propagation and cycle detection | precedence configuration: F=distance_closure, P=pairwise, G=direct | Full Domain MxT schedule variables + explicit unary exclusions | (20),(22)-(27) exactly once over full domains | (22)-(27) session/fixed/forbidden exclusions as hard unit clauses | (19) participant atMost-one per slot | (46),(47) clustered table capacity with compact forward channeling | (28) Pairwise precedence over direct distance-labelled relations | exact break-group ends and unary break-group thresholds | exact schedule <-> usedSlot channeling | (43) exactly |Mp| full usedSlot variables | (44) atMost 2|L| busy participants per slot | (45) exact even number of busy participants | historical hard cap Delta_G <= 2",,,result
,,,,,,,,,tic-13crafb.forb0007,b2b-4fa7c70b89245b62,b2b-lineage-tic-13crafb,forbidden,F-PW-DE-ST-BGD2-UW-IC12P,Full,Filter-E*,Pairwise,Direct-E,SpanThreshold,BreakGroupsD2,UWrMaxSAT,IC12+,UNSAT,UNSAT,,,bg_d2,,,,,,,1,0.258442,False,56.871,,,,Compact,Compact/Full,project_implementation,one-shot weighted MaxSAT,25544,,,,,,,66463,176,66639,1840,23704,160099,45,cfg5__m-full__p-pairwise__g-direct__b-span_threshold__o-break_groups_d2__s-uwrmaxsat__i-imp12plus__backend-uwrmaxsat,cfg5__m-full__p-pairwise__g-direct__b-span_threshold__o-break_groups_d2__s-uwrmaxsat__i-imp12plus__backend-uwrmaxsat,full,distance_closure,pairwise,direct,UWrMaxSAT,UWrMaxSAT,binary-sha256:8c68c8a386d3d7847b50d315143c2bab60e3514e59510e84a649db83cb303876,imp12+,span_threshold,total_break_groups_subject_to_range_at_most_2,BGD2,IC12P,159923,176,1,347,45324,17388,3404,1,176,176,1,,,,,,0,0,0,0,0,,,"formalism-specific model size: SAT/MaxSAT reports base CNF and soft clauses, MIP reports variables/linear constraints/nonzeros, and CP reports integer variables plus linear/global constraints; SAT bound/totalizer overhead remains separate in optimizer_added_*",1840,1815,1806,1840,0,0,0,0,0,0,0,1,0.050409,0.002337,0.123476,,0.125813,0.132629,"wall-clock from immediately before reading/parsing the .dzn instance through model construction, optimization, solution decoding, and independent validation; excludes worker-process startup and result-file export",,,,,,,peak_process_tree_rss_mb,4fa7c70b89245b622fdf439fff74f209e9f80153704d9421baa6b210956f4878,forb0007,data_table06_forb/tic-13crafb.forb0007.dzn,1,../noves/tic-13crafb.forb0007.dzn,1,data_table06_forb/tic-13crafb.forb0007.dzn,https://imae.udg.edu/Recerca/LAI/,https://ima.udg.edu/Recerca/lai/b2b/b2b.zip,ee1f440ab3f6db27ab712300ad3a54a31ffd5ec1e06f81a9ac37cb7202c56528,2026-08-10T10:42:19+00:00,7200.0,,ee80a6fbd8b513f7c010668495c39621a371266a,True,3.10.12,1.8.dev25,instance-20260810-085803,Linux-6.8.0-1064-gcp-x86_64-with-glibc2.35,x86_64,4,8,15988.059,1,0,/home/g24021555/Business-Meeting-Scheduling-Problem/.venv/bin/python3 /home/g24021555/Business-Meeting-Scheduling-Problem/src/Main.py --manifest instances_manifest.csv --family forbidden --solver sat_all --objective-mode bg_d2 --domain-mode both --domain-filter-graph both --precedence-encoding both --precedence-graph both --encoding-variant imp12+ --sat-backend cadical --maxsat-backend uwrmaxsat --uwrmaxsat-bin /home/g24021555/uwrmaxsat/build/release/bin/uwrmaxsat --timeout 7200 --csv output/full_matrix_bg_d2_forbidden.csv,/home/g24021555/uwrmaxsat/build/release/bin/uwrmaxsat,8c68c8a386d3d7847b50d315143c2bab60e3514e59510e84a649db83cb303876,/home/g24021555/uwrmaxsat/build/release/bin/uwrmaxsat -m /tmp/b2b_uwrmaxsat_5aghb_8g/tic-13crafb.forb0007.wcnf,,process exit code=20,,,maxsat,uwrmaxsat,,/home/g24021555/uwrmaxsat/build/release/bin/uwrmaxsat,traditional,pairwise+direct,,44,"1,2,3,4,5,6,7,8,9,10,11,12,13,14,15,16,17,18,19,20,21,22,24,25,26,27,28,29,30,31,32,33,34,35,36,37,38,40,41,42,43,44,45,46",1815,25,9,9,,,,,"journal objective family: bg_d2 | F-selected distance-labelled E* domain propagation and cycle detection | precedence configuration: F=distance_closure, P=pairwise, G=direct | Full Domain MxT schedule variables + explicit unary exclusions | (20),(22)-(27) exactly once over full domains | (22)-(27) session/fixed/forbidden exclusions as hard unit clauses | (19) participant atMost-one per slot | (46),(47) clustered table capacity with compact forward channeling | (28) Pairwise precedence over direct distance-labelled relations | exact break-group ends and unary break-group thresholds | exact schedule <-> usedSlot channeling | (43) exactly |Mp| full usedSlot variables | (44) atMost 2|L| busy participants per slot | (45) exact even number of busy participants | historical hard cap Delta_G <= 2",,,result
,,,,,,,,,tic-13crafb.forb0007,b2b-4fa7c70b89245b62,b2b-lineage-tic-13crafb,forbidden,F-PW-DC-ST-BGD2-IS-CD-IC12P,Full,Filter-E*,Pairwise,DistanceClosure-E*,SpanThreshold,BreakGroupsD2,IncrementalSAT,IC12+,UNSAT,UNSAT,,,bg_d2,,,,,,,,0.142747,False,44.898,,,,Compact,Compact/Full,project_implementation,incremental multi-phase SAT with persistent solver state,25544,,,,,,,66463,0,66463,1840,23704,159923,45,cfg5__m-full__p-pairwise__g-distance_closure__b-span_threshold__o-break_groups_d2__s-incrementalsat__i-imp12plus__backend-cadical,cfg5__m-full__p-pairwise__g-distance_closure__b-span_threshold__o-break_groups_d2__s-incrementalsat__i-imp12plus__backend-cadical,full,distance_closure,pairwise,distance_closure,IncrementalSAT,CaDiCaL,1.5.3,imp12+,span_threshold,total_break_groups_subject_to_range_at_most_2,BGD2,IC12P,159923,0,0,347,45324,17388,3404,,0,176,1,,,,,,0,0,0,0,0,,,"formalism-specific model size: SAT/MaxSAT reports base CNF and soft clauses, MIP reports variables/linear constraints/nonzeros, and CP reports integer variables plus linear/global constraints; SAT bound/totalizer overhead remains separate in optimizer_added_*",1840,1815,1806,1840,0,0,0,0,0,0,0,1,0.047244,0.002194,0.11492,,0.117113,0.025634,"wall-clock from immediately before reading/parsing the .dzn instance through model construction, optimization, solution decoding, and independent validation; excludes worker-process startup and result-file export",,,,,,,peak_process_tree_rss_mb,4fa7c70b89245b622fdf439fff74f209e9f80153704d9421baa6b210956f4878,forb0007,data_table06_forb/tic-13crafb.forb0007.dzn,1,../noves/tic-13crafb.forb0007.dzn,1,data_table06_forb/tic-13crafb.forb0007.dzn,https://imae.udg.edu/Recerca/LAI/,https://ima.udg.edu/Recerca/lai/b2b/b2b.zip,ee1f440ab3f6db27ab712300ad3a54a31ffd5ec1e06f81a9ac37cb7202c56528,2026-08-10T10:42:19+00:00,7200.0,,ee80a6fbd8b513f7c010668495c39621a371266a,True,3.10.12,1.8.dev25,instance-20260810-085803,Linux-6.8.0-1064-gcp-x86_64-with-glibc2.35,x86_64,4,8,15988.059,1,0,/home/g24021555/Business-Meeting-Scheduling-Problem/.venv/bin/python3 /home/g24021555/Business-Meeting-Scheduling-Problem/src/Main.py --manifest instances_manifest.csv --family forbidden --solver sat_all --objective-mode bg_d2 --domain-mode both --domain-filter-graph both --precedence-encoding both --precedence-graph both --encoding-variant imp12+ --sat-backend cadical --maxsat-backend uwrmaxsat --uwrmaxsat-bin /home/g24021555/uwrmaxsat/build/release/bin/uwrmaxsat --timeout 7200 --csv output/full_matrix_bg_d2_forbidden.csv,,,,,,,,incremental,,cadical,,factorial,pairwise+distance_closure,,44,"1,2,3,4,5,6,7,8,9,10,11,12,13,14,15,16,17,18,19,20,21,22,24,25,26,27,28,29,30,31,32,33,34,35,36,37,38,40,41,42,43,44,45,46",1815,25,9,9,,,,,"journal objective family: bg_d2 | F-selected distance-labelled E* domain propagation and cycle detection | precedence configuration: F=distance_closure, P=pairwise, G=distance_closure | Full Domain MxT schedule variables + explicit unary exclusions | (20),(22)-(27) exactly once over full domains | (22)-(27) session/fixed/forbidden exclusions as hard unit clauses | (19) participant atMost-one per slot | (46),(47) clustered table capacity with compact forward channeling | (28) Pairwise precedence over distance_closure distance-labelled relations | exact break-group ends and unary break-group thresholds | exact schedule <-> usedSlot channeling | (43) exactly |Mp| full usedSlot variables | (44) atMost 2|L| busy participants per slot | (45) exact even number of busy participants | historical hard cap Delta_G <= 2",,,result
,,,,,,,,,tic-13crafb.forb0007,b2b-4fa7c70b89245b62,b2b-lineage-tic-13crafb,forbidden,F-PW-DC-ST-BGD2-NIS-CD-IC12P,Full,Filter-E*,Pairwise,DistanceClosure-E*,SpanThreshold,BreakGroupsD2,NonIncrementalSAT,IC12+,UNSAT,UNSAT,,,bg_d2,,,,,,,,0.141358,False,45.043,,,,Compact,Compact/Full,project_implementation,restart-based multi-phase SAT,25544,,,,,,,66463,0,66463,1840,23704,159923,45,cfg5__m-full__p-pairwise__g-distance_closure__b-span_threshold__o-break_groups_d2__s-nonincrementalsat__i-imp12plus__backend-cadical,cfg5__m-full__p-pairwise__g-distance_closure__b-span_threshold__o-break_groups_d2__s-nonincrementalsat__i-imp12plus__backend-cadical,full,distance_closure,pairwise,distance_closure,NonIncrementalSAT,CaDiCaL,1.5.3,imp12+,span_threshold,total_break_groups_subject_to_range_at_most_2,BGD2,IC12P,159923,0,0,347,45324,17388,3404,,0,176,1,,,,,,0,0,0,0,0,,,"formalism-specific model size: SAT/MaxSAT reports base CNF and soft clauses, MIP reports variables/linear constraints/nonzeros, and CP reports integer variables plus linear/global constraints; SAT bound/totalizer overhead remains separate in optimizer_added_*",1840,1815,1806,1840,0,0,0,0,0,0,0,1,0.045543,0.002223,0.113413,,0.115637,0.025722,"wall-clock from immediately before reading/parsing the .dzn instance through model construction, optimization, solution decoding, and independent validation; excludes worker-process startup and result-file export",,,,,,,peak_process_tree_rss_mb,4fa7c70b89245b622fdf439fff74f209e9f80153704d9421baa6b210956f4878,forb0007,data_table06_forb/tic-13crafb.forb0007.dzn,1,../noves/tic-13crafb.forb0007.dzn,1,data_table06_forb/tic-13crafb.forb0007.dzn,https://imae.udg.edu/Recerca/LAI/,https://ima.udg.edu/Recerca/lai/b2b/b2b.zip,ee1f440ab3f6db27ab712300ad3a54a31ffd5ec1e06f81a9ac37cb7202c56528,2026-08-10T10:42:19+00:00,7200.0,,ee80a6fbd8b513f7c010668495c39621a371266a,True,3.10.12,1.8.dev25,instance-20260810-085803,Linux-6.8.0-1064-gcp-x86_64-with-glibc2.35,x86_64,4,8,15988.059,1,0,/home/g24021555/Business-Meeting-Scheduling-Problem/.venv/bin/python3 /home/g24021555/Business-Meeting-Scheduling-Problem/src/Main.py --manifest instances_manifest.csv --family forbidden --solver sat_all --objective-mode bg_d2 --domain-mode both --domain-filter-graph both --precedence-encoding both --precedence-graph both --encoding-variant imp12+ --sat-backend cadical --maxsat-backend uwrmaxsat --uwrmaxsat-bin /home/g24021555/uwrmaxsat/build/release/bin/uwrmaxsat --timeout 7200 --csv output/full_matrix_bg_d2_forbidden.csv,,,,,,,,multiple,,cadical,,factorial,pairwise+distance_closure,,44,"1,2,3,4,5,6,7,8,9,10,11,12,13,14,15,16,17,18,19,20,21,22,24,25,26,27,28,29,30,31,32,33,34,35,36,37,38,40,41,42,43,44,45,46",1815,25,9,9,,,,,"journal objective family: bg_d2 | F-selected distance-labelled E* domain propagation and cycle detection | precedence configuration: F=distance_closure, P=pairwise, G=distance_closure | Full Domain MxT schedule variables + explicit unary exclusions | (20),(22)-(27) exactly once over full domains | (22)-(27) session/fixed/forbidden exclusions as hard unit clauses | (19) participant atMost-one per slot | (46),(47) clustered table capacity with compact forward channeling | (28) Pairwise precedence over distance_closure distance-labelled relations | exact break-group ends and unary break-group thresholds | exact schedule <-> usedSlot channeling | (43) exactly |Mp| full usedSlot variables | (44) atMost 2|L| busy participants per slot | (45) exact even number of busy participants | historical hard cap Delta_G <= 2",,,result
,,,,,,,,,tic-13crafb.forb0007,b2b-4fa7c70b89245b62,b2b-lineage-tic-13crafb,forbidden,F-PW-DC-ST-BGD2-UW-IC12P,Full,Filter-E*,Pairwise,DistanceClosure-E*,SpanThreshold,BreakGroupsD2,UWrMaxSAT,IC12+,UNSAT,UNSAT,,,bg_d2,,,,,,,1,0.247963,False,58.699,,,,Compact,Compact/Full,project_implementation,one-shot weighted MaxSAT,25544,,,,,,,66463,176,66639,1840,23704,160099,45,cfg5__m-full__p-pairwise__g-distance_closure__b-span_threshold__o-break_groups_d2__s-uwrmaxsat__i-imp12plus__backend-uwrmaxsat,cfg5__m-full__p-pairwise__g-distance_closure__b-span_threshold__o-break_groups_d2__s-uwrmaxsat__i-imp12plus__backend-uwrmaxsat,full,distance_closure,pairwise,distance_closure,UWrMaxSAT,UWrMaxSAT,binary-sha256:8c68c8a386d3d7847b50d315143c2bab60e3514e59510e84a649db83cb303876,imp12+,span_threshold,total_break_groups_subject_to_range_at_most_2,BGD2,IC12P,159923,176,1,347,45324,17388,3404,1,176,176,1,,,,,,0,0,0,0,0,,,"formalism-specific model size: SAT/MaxSAT reports base CNF and soft clauses, MIP reports variables/linear constraints/nonzeros, and CP reports integer variables plus linear/global constraints; SAT bound/totalizer overhead remains separate in optimizer_added_*",1840,1815,1806,1840,0,0,0,0,0,0,0,1,0.04819,0.0022,0.11637,,0.11857,0.129393,"wall-clock from immediately before reading/parsing the .dzn instance through model construction, optimization, solution decoding, and independent validation; excludes worker-process startup and result-file export",,,,,,,peak_process_tree_rss_mb,4fa7c70b89245b622fdf439fff74f209e9f80153704d9421baa6b210956f4878,forb0007,data_table06_forb/tic-13crafb.forb0007.dzn,1,../noves/tic-13crafb.forb0007.dzn,1,data_table06_forb/tic-13crafb.forb0007.dzn,https://imae.udg.edu/Recerca/LAI/,https://ima.udg.edu/Recerca/lai/b2b/b2b.zip,ee1f440ab3f6db27ab712300ad3a54a31ffd5ec1e06f81a9ac37cb7202c56528,2026-08-10T10:42:19+00:00,7200.0,,ee80a6fbd8b513f7c010668495c39621a371266a,True,3.10.12,1.8.dev25,instance-20260810-085803,Linux-6.8.0-1064-gcp-x86_64-with-glibc2.35,x86_64,4,8,15988.059,1,0,/home/g24021555/Business-Meeting-Scheduling-Problem/.venv/bin/python3 /home/g24021555/Business-Meeting-Scheduling-Problem/src/Main.py --manifest instances_manifest.csv --family forbidden --solver sat_all --objective-mode bg_d2 --domain-mode both --domain-filter-graph both --precedence-encoding both --precedence-graph both --encoding-variant imp12+ --sat-backend cadical --maxsat-backend uwrmaxsat --uwrmaxsat-bin /home/g24021555/uwrmaxsat/build/release/bin/uwrmaxsat --timeout 7200 --csv output/full_matrix_bg_d2_forbidden.csv,/home/g24021555/uwrmaxsat/build/release/bin/uwrmaxsat,8c68c8a386d3d7847b50d315143c2bab60e3514e59510e84a649db83cb303876,/home/g24021555/uwrmaxsat/build/release/bin/uwrmaxsat -m /tmp/b2b_uwrmaxsat_9nlls4wx/tic-13crafb.forb0007.wcnf,,process exit code=20,,,maxsat,uwrmaxsat,,/home/g24021555/uwrmaxsat/build/release/bin/uwrmaxsat,factorial,pairwise+distance_closure,,44,"1,2,3,4,5,6,7,8,9,10,11,12,13,14,15,16,17,18,19,20,21,22,24,25,26,27,28,29,30,31,32,33,34,35,36,37,38,40,41,42,43,44,45,46",1815,25,9,9,,,,,"journal objective family: bg_d2 | F-selected distance-labelled E* domain propagation and cycle detection | precedence configuration: F=distance_closure, P=pairwise, G=distance_closure | Full Domain MxT schedule variables + explicit unary exclusions | (20),(22)-(27) exactly once over full domains | (22)-(27) session/fixed/forbidden exclusions as hard unit clauses | (19) participant atMost-one per slot | (46),(47) clustered table capacity with compact forward channeling | (28) Pairwise precedence over distance_closure distance-labelled relations | exact break-group ends and unary break-group thresholds | exact schedule <-> usedSlot channeling | (43) exactly |Mp| full usedSlot variables | (44) atMost 2|L| busy participants per slot | (45) exact even number of busy participants | historical hard cap Delta_G <= 2",,,result
,,,,,,,,,tic-13crafb.forb0007,b2b-4fa7c70b89245b62,b2b-lineage-tic-13crafb,forbidden,F-SS-DE-ST-BGD2-IS-CD-IC12P,Full,Filter-E*,SparseSuffix,Direct-E,SpanThreshold,BreakGroupsD2,IncrementalSAT,IC12+,UNSAT,UNSAT,,,bg_d2,,,,,,,,0.138898,False,45.145,,,,Compact,Compact/Full,project_implementation,incremental multi-phase SAT with persistent solver state,25544,,,,,,,66463,0,66463,1840,23704,159923,45,cfg5__m-full__p-sparse_suffix__g-direct__b-span_threshold__o-break_groups_d2__s-incrementalsat__i-imp12plus__backend-cadical,cfg5__m-full__p-sparse_suffix__g-direct__b-span_threshold__o-break_groups_d2__s-incrementalsat__i-imp12plus__backend-cadical,full,distance_closure,sparse_suffix,direct,IncrementalSAT,CaDiCaL,1.5.3,imp12+,span_threshold,total_break_groups_subject_to_range_at_most_2,BGD2,IC12P,159923,0,0,347,45324,17388,3404,,0,176,1,,,,,,0,0,0,0,0,,,"formalism-specific model size: SAT/MaxSAT reports base CNF and soft clauses, MIP reports variables/linear constraints/nonzeros, and CP reports integer variables plus linear/global constraints; SAT bound/totalizer overhead remains separate in optimizer_added_*",1840,1815,1806,1840,0,0,0,0,0,0,0,1,0.045874,0.00219,0.112906,,0.115096,0.023802,"wall-clock from immediately before reading/parsing the .dzn instance through model construction, optimization, solution decoding, and independent validation; excludes worker-process startup and result-file export",,,,,,,peak_process_tree_rss_mb,4fa7c70b89245b622fdf439fff74f209e9f80153704d9421baa6b210956f4878,forb0007,data_table06_forb/tic-13crafb.forb0007.dzn,1,../noves/tic-13crafb.forb0007.dzn,1,data_table06_forb/tic-13crafb.forb0007.dzn,https://imae.udg.edu/Recerca/LAI/,https://ima.udg.edu/Recerca/lai/b2b/b2b.zip,ee1f440ab3f6db27ab712300ad3a54a31ffd5ec1e06f81a9ac37cb7202c56528,2026-08-10T10:42:19+00:00,7200.0,,ee80a6fbd8b513f7c010668495c39621a371266a,True,3.10.12,1.8.dev25,instance-20260810-085803,Linux-6.8.0-1064-gcp-x86_64-with-glibc2.35,x86_64,4,8,15988.059,1,0,/home/g24021555/Business-Meeting-Scheduling-Problem/.venv/bin/python3 /home/g24021555/Business-Meeting-Scheduling-Problem/src/Main.py --manifest instances_manifest.csv --family forbidden --solver sat_all --objective-mode bg_d2 --domain-mode both --domain-filter-graph both --precedence-encoding both --precedence-graph both --encoding-variant imp12+ --sat-backend cadical --maxsat-backend uwrmaxsat --uwrmaxsat-bin /home/g24021555/uwrmaxsat/build/release/bin/uwrmaxsat --timeout 7200 --csv output/full_matrix_bg_d2_forbidden.csv,,,,,,,,incremental,,cadical,,factorial,sparse_suffix+direct,,44,"1,2,3,4,5,6,7,8,9,10,11,12,13,14,15,16,17,18,19,20,21,22,24,25,26,27,28,29,30,31,32,33,34,35,36,37,38,40,41,42,43,44,45,46",1815,25,9,9,,,,,"journal objective family: bg_d2 | F-selected distance-labelled E* domain propagation and cycle detection | precedence configuration: F=distance_closure, P=sparse_suffix, G=direct | Full Domain MxT schedule variables + explicit unary exclusions | (20),(22)-(27) exactly once over full domains | (22)-(27) session/fixed/forbidden exclusions as hard unit clauses | (19) participant atMost-one per slot | (46),(47) clustered table capacity with compact forward channeling | (28) SparseSuffix precedence over direct distance-labelled relations | exact break-group ends and unary break-group thresholds | exact schedule <-> usedSlot channeling | (43) exactly |Mp| full usedSlot variables | (44) atMost 2|L| busy participants per slot | (45) exact even number of busy participants | historical hard cap Delta_G <= 2",,,result
,,,,,,,,,tic-13crafb.forb0007,b2b-4fa7c70b89245b62,b2b-lineage-tic-13crafb,forbidden,F-SS-DE-ST-BGD2-NIS-CD-IC12P,Full,Filter-E*,SparseSuffix,Direct-E,SpanThreshold,BreakGroupsD2,NonIncrementalSAT,IC12+,UNSAT,UNSAT,,,bg_d2,,,,,,,,0.137847,False,45.129,,,,Compact,Compact/Full,project_implementation,restart-based multi-phase SAT,25544,,,,,,,66463,0,66463,1840,23704,159923,45,cfg5__m-full__p-sparse_suffix__g-direct__b-span_threshold__o-break_groups_d2__s-nonincrementalsat__i-imp12plus__backend-cadical,cfg5__m-full__p-sparse_suffix__g-direct__b-span_threshold__o-break_groups_d2__s-nonincrementalsat__i-imp12plus__backend-cadical,full,distance_closure,sparse_suffix,direct,NonIncrementalSAT,CaDiCaL,1.5.3,imp12+,span_threshold,total_break_groups_subject_to_range_at_most_2,BGD2,IC12P,159923,0,0,347,45324,17388,3404,,0,176,1,,,,,,0,0,0,0,0,,,"formalism-specific model size: SAT/MaxSAT reports base CNF and soft clauses, MIP reports variables/linear constraints/nonzeros, and CP reports integer variables plus linear/global constraints; SAT bound/totalizer overhead remains separate in optimizer_added_*",1840,1815,1806,1840,0,0,0,0,0,0,0,1,0.045255,0.002186,0.11127,,0.113456,0.024392,"wall-clock from immediately before reading/parsing the .dzn instance through model construction, optimization, solution decoding, and independent validation; excludes worker-process startup and result-file export",,,,,,,peak_process_tree_rss_mb,4fa7c70b89245b622fdf439fff74f209e9f80153704d9421baa6b210956f4878,forb0007,data_table06_forb/tic-13crafb.forb0007.dzn,1,../noves/tic-13crafb.forb0007.dzn,1,data_table06_forb/tic-13crafb.forb0007.dzn,https://imae.udg.edu/Recerca/LAI/,https://ima.udg.edu/Recerca/lai/b2b/b2b.zip,ee1f440ab3f6db27ab712300ad3a54a31ffd5ec1e06f81a9ac37cb7202c56528,2026-08-10T10:42:19+00:00,7200.0,,ee80a6fbd8b513f7c010668495c39621a371266a,True,3.10.12,1.8.dev25,instance-20260810-085803,Linux-6.8.0-1064-gcp-x86_64-with-glibc2.35,x86_64,4,8,15988.059,1,0,/home/g24021555/Business-Meeting-Scheduling-Problem/.venv/bin/python3 /home/g24021555/Business-Meeting-Scheduling-Problem/src/Main.py --manifest instances_manifest.csv --family forbidden --solver sat_all --objective-mode bg_d2 --domain-mode both --domain-filter-graph both --precedence-encoding both --precedence-graph both --encoding-variant imp12+ --sat-backend cadical --maxsat-backend uwrmaxsat --uwrmaxsat-bin /home/g24021555/uwrmaxsat/build/release/bin/uwrmaxsat --timeout 7200 --csv output/full_matrix_bg_d2_forbidden.csv,,,,,,,,multiple,,cadical,,factorial,sparse_suffix+direct,,44,"1,2,3,4,5,6,7,8,9,10,11,12,13,14,15,16,17,18,19,20,21,22,24,25,26,27,28,29,30,31,32,33,34,35,36,37,38,40,41,42,43,44,45,46",1815,25,9,9,,,,,"journal objective family: bg_d2 | F-selected distance-labelled E* domain propagation and cycle detection | precedence configuration: F=distance_closure, P=sparse_suffix, G=direct | Full Domain MxT schedule variables + explicit unary exclusions | (20),(22)-(27) exactly once over full domains | (22)-(27) session/fixed/forbidden exclusions as hard unit clauses | (19) participant atMost-one per slot | (46),(47) clustered table capacity with compact forward channeling | (28) SparseSuffix precedence over direct distance-labelled relations | exact break-group ends and unary break-group thresholds | exact schedule <-> usedSlot channeling | (43) exactly |Mp| full usedSlot variables | (44) atMost 2|L| busy participants per slot | (45) exact even number of busy participants | historical hard cap Delta_G <= 2",,,result
,,,,,,,,,tic-13crafb.forb0007,b2b-4fa7c70b89245b62,b2b-lineage-tic-13crafb,forbidden,F-SS-DE-ST-BGD2-UW-IC12P,Full,Filter-E*,SparseSuffix,Direct-E,SpanThreshold,BreakGroupsD2,UWrMaxSAT,IC12+,UNSAT,UNSAT,,,bg_d2,,,,,,,1,0.245095,False,58.816,,,,Compact,Compact/Full,project_implementation,one-shot weighted MaxSAT,25544,,,,,,,66463,176,66639,1840,23704,160099,45,cfg5__m-full__p-sparse_suffix__g-direct__b-span_threshold__o-break_groups_d2__s-uwrmaxsat__i-imp12plus__backend-uwrmaxsat,cfg5__m-full__p-sparse_suffix__g-direct__b-span_threshold__o-break_groups_d2__s-uwrmaxsat__i-imp12plus__backend-uwrmaxsat,full,distance_closure,sparse_suffix,direct,UWrMaxSAT,UWrMaxSAT,binary-sha256:8c68c8a386d3d7847b50d315143c2bab60e3514e59510e84a649db83cb303876,imp12+,span_threshold,total_break_groups_subject_to_range_at_most_2,BGD2,IC12P,159923,176,1,347,45324,17388,3404,1,176,176,1,,,,,,0,0,0,0,0,,,"formalism-specific model size: SAT/MaxSAT reports base CNF and soft clauses, MIP reports variables/linear constraints/nonzeros, and CP reports integer variables plus linear/global constraints; SAT bound/totalizer overhead remains separate in optimizer_added_*",1840,1815,1806,1840,0,0,0,0,0,0,0,1,0.047024,0.002208,0.115421,,0.117628,0.127467,"wall-clock from immediately before reading/parsing the .dzn instance through model construction, optimization, solution decoding, and independent validation; excludes worker-process startup and result-file export",,,,,,,peak_process_tree_rss_mb,4fa7c70b89245b622fdf439fff74f209e9f80153704d9421baa6b210956f4878,forb0007,data_table06_forb/tic-13crafb.forb0007.dzn,1,../noves/tic-13crafb.forb0007.dzn,1,data_table06_forb/tic-13crafb.forb0007.dzn,https://imae.udg.edu/Recerca/LAI/,https://ima.udg.edu/Recerca/lai/b2b/b2b.zip,ee1f440ab3f6db27ab712300ad3a54a31ffd5ec1e06f81a9ac37cb7202c56528,2026-08-10T10:42:19+00:00,7200.0,,ee80a6fbd8b513f7c010668495c39621a371266a,True,3.10.12,1.8.dev25,instance-20260810-085803,Linux-6.8.0-1064-gcp-x86_64-with-glibc2.35,x86_64,4,8,15988.059,1,0,/home/g24021555/Business-Meeting-Scheduling-Problem/.venv/bin/python3 /home/g24021555/Business-Meeting-Scheduling-Problem/src/Main.py --manifest instances_manifest.csv --family forbidden --solver sat_all --objective-mode bg_d2 --domain-mode both --domain-filter-graph both --precedence-encoding both --precedence-graph both --encoding-variant imp12+ --sat-backend cadical --maxsat-backend uwrmaxsat --uwrmaxsat-bin /home/g24021555/uwrmaxsat/build/release/bin/uwrmaxsat --timeout 7200 --csv output/full_matrix_bg_d2_forbidden.csv,/home/g24021555/uwrmaxsat/build/release/bin/uwrmaxsat,8c68c8a386d3d7847b50d315143c2bab60e3514e59510e84a649db83cb303876,/home/g24021555/uwrmaxsat/build/release/bin/uwrmaxsat -m /tmp/b2b_uwrmaxsat_j5y6afi5/tic-13crafb.forb0007.wcnf,,process exit code=20,,,maxsat,uwrmaxsat,,/home/g24021555/uwrmaxsat/build/release/bin/uwrmaxsat,factorial,sparse_suffix+direct,,44,"1,2,3,4,5,6,7,8,9,10,11,12,13,14,15,16,17,18,19,20,21,22,24,25,26,27,28,29,30,31,32,33,34,35,36,37,38,40,41,42,43,44,45,46",1815,25,9,9,,,,,"journal objective family: bg_d2 | F-selected distance-labelled E* domain propagation and cycle detection | precedence configuration: F=distance_closure, P=sparse_suffix, G=direct | Full Domain MxT schedule variables + explicit unary exclusions | (20),(22)-(27) exactly once over full domains | (22)-(27) session/fixed/forbidden exclusions as hard unit clauses | (19) participant atMost-one per slot | (46),(47) clustered table capacity with compact forward channeling | (28) SparseSuffix precedence over direct distance-labelled relations | exact break-group ends and unary break-group thresholds | exact schedule <-> usedSlot channeling | (43) exactly |Mp| full usedSlot variables | (44) atMost 2|L| busy participants per slot | (45) exact even number of busy participants | historical hard cap Delta_G <= 2",,,result
,,,,,,,,,tic-13crafb.forb0007,b2b-4fa7c70b89245b62,b2b-lineage-tic-13crafb,forbidden,F-SS-DC-ST-BGD2-IS-CD-IC12P,Full,Filter-E*,SparseSuffix,DistanceClosure-E*,SpanThreshold,BreakGroupsD2,IncrementalSAT,IC12+,UNSAT,UNSAT,,,bg_d2,,,,,,,,0.140132,False,45.102,,,,Compact,Compact/Full,project_implementation,incremental multi-phase SAT with persistent solver state,25544,,,,,,,66463,0,66463,1840,23704,159923,45,cfg5__m-full__p-sparse_suffix__g-distance_closure__b-span_threshold__o-break_groups_d2__s-incrementalsat__i-imp12plus__backend-cadical,cfg5__m-full__p-sparse_suffix__g-distance_closure__b-span_threshold__o-break_groups_d2__s-incrementalsat__i-imp12plus__backend-cadical,full,distance_closure,sparse_suffix,distance_closure,IncrementalSAT,CaDiCaL,1.5.3,imp12+,span_threshold,total_break_groups_subject_to_range_at_most_2,BGD2,IC12P,159923,0,0,347,45324,17388,3404,,0,176,1,,,,,,0,0,0,0,0,,,"formalism-specific model size: SAT/MaxSAT reports base CNF and soft clauses, MIP reports variables/linear constraints/nonzeros, and CP reports integer variables plus linear/global constraints; SAT bound/totalizer overhead remains separate in optimizer_added_*",1840,1815,1806,1840,0,0,0,0,0,0,0,1,0.048082,0.002517,0.112621,,0.115138,0.024994,"wall-clock from immediately before reading/parsing the .dzn instance through model construction, optimization, solution decoding, and independent validation; excludes worker-process startup and result-file export",,,,,,,peak_process_tree_rss_mb,4fa7c70b89245b622fdf439fff74f209e9f80153704d9421baa6b210956f4878,forb0007,data_table06_forb/tic-13crafb.forb0007.dzn,1,../noves/tic-13crafb.forb0007.dzn,1,data_table06_forb/tic-13crafb.forb0007.dzn,https://imae.udg.edu/Recerca/LAI/,https://ima.udg.edu/Recerca/lai/b2b/b2b.zip,ee1f440ab3f6db27ab712300ad3a54a31ffd5ec1e06f81a9ac37cb7202c56528,2026-08-10T10:42:19+00:00,7200.0,,ee80a6fbd8b513f7c010668495c39621a371266a,True,3.10.12,1.8.dev25,instance-20260810-085803,Linux-6.8.0-1064-gcp-x86_64-with-glibc2.35,x86_64,4,8,15988.059,1,0,/home/g24021555/Business-Meeting-Scheduling-Problem/.venv/bin/python3 /home/g24021555/Business-Meeting-Scheduling-Problem/src/Main.py --manifest instances_manifest.csv --family forbidden --solver sat_all --objective-mode bg_d2 --domain-mode both --domain-filter-graph both --precedence-encoding both --precedence-graph both --encoding-variant imp12+ --sat-backend cadical --maxsat-backend uwrmaxsat --uwrmaxsat-bin /home/g24021555/uwrmaxsat/build/release/bin/uwrmaxsat --timeout 7200 --csv output/full_matrix_bg_d2_forbidden.csv,,,,,,,,incremental,,cadical,,staircase,sparse_suffix+distance_closure,,44,"1,2,3,4,5,6,7,8,9,10,11,12,13,14,15,16,17,18,19,20,21,22,24,25,26,27,28,29,30,31,32,33,34,35,36,37,38,40,41,42,43,44,45,46",1815,25,9,9,,,,,"journal objective family: bg_d2 | F-selected distance-labelled E* domain propagation and cycle detection | precedence configuration: F=distance_closure, P=sparse_suffix, G=distance_closure | Full Domain MxT schedule variables + explicit unary exclusions | (20),(22)-(27) exactly once over full domains | (22)-(27) session/fixed/forbidden exclusions as hard unit clauses | (19) participant atMost-one per slot | (46),(47) clustered table capacity with compact forward channeling | (28) SparseSuffix precedence over distance_closure distance-labelled relations | exact break-group ends and unary break-group thresholds | exact schedule <-> usedSlot channeling | (43) exactly |Mp| full usedSlot variables | (44) atMost 2|L| busy participants per slot | (45) exact even number of busy participants | historical hard cap Delta_G <= 2",,,result
,,,,,,,,,tic-13crafb.forb0007,b2b-4fa7c70b89245b62,b2b-lineage-tic-13crafb,forbidden,F-SS-DC-ST-BGD2-NIS-CD-IC12P,Full,Filter-E*,SparseSuffix,DistanceClosure-E*,SpanThreshold,BreakGroupsD2,NonIncrementalSAT,IC12+,UNSAT,UNSAT,,,bg_d2,,,,,,,,0.138217,False,47.457,,,,Compact,Compact/Full,project_implementation,restart-based multi-phase SAT,25544,,,,,,,66463,0,66463,1840,23704,159923,45,cfg5__m-full__p-sparse_suffix__g-distance_closure__b-span_threshold__o-break_groups_d2__s-nonincrementalsat__i-imp12plus__backend-cadical,cfg5__m-full__p-sparse_suffix__g-distance_closure__b-span_threshold__o-break_groups_d2__s-nonincrementalsat__i-imp12plus__backend-cadical,full,distance_closure,sparse_suffix,distance_closure,NonIncrementalSAT,CaDiCaL,1.5.3,imp12+,span_threshold,total_break_groups_subject_to_range_at_most_2,BGD2,IC12P,159923,0,0,347,45324,17388,3404,,0,176,1,,,,,,0,0,0,0,0,,,"formalism-specific model size: SAT/MaxSAT reports base CNF and soft clauses, MIP reports variables/linear constraints/nonzeros, and CP reports integer variables plus linear/global constraints; SAT bound/totalizer overhead remains separate in optimizer_added_*",1840,1815,1806,1840,0,0,0,0,0,0,0,1,0.045833,0.002207,0.110039,,0.112246,0.025971,"wall-clock from immediately before reading/parsing the .dzn instance through model construction, optimization, solution decoding, and independent validation; excludes worker-process startup and result-file export",,,,,,,peak_process_tree_rss_mb,4fa7c70b89245b622fdf439fff74f209e9f80153704d9421baa6b210956f4878,forb0007,data_table06_forb/tic-13crafb.forb0007.dzn,1,../noves/tic-13crafb.forb0007.dzn,1,data_table06_forb/tic-13crafb.forb0007.dzn,https://imae.udg.edu/Recerca/LAI/,https://ima.udg.edu/Recerca/lai/b2b/b2b.zip,ee1f440ab3f6db27ab712300ad3a54a31ffd5ec1e06f81a9ac37cb7202c56528,2026-08-10T10:42:19+00:00,7200.0,,ee80a6fbd8b513f7c010668495c39621a371266a,True,3.10.12,1.8.dev25,instance-20260810-085803,Linux-6.8.0-1064-gcp-x86_64-with-glibc2.35,x86_64,4,8,15988.059,1,0,/home/g24021555/Business-Meeting-Scheduling-Problem/.venv/bin/python3 /home/g24021555/Business-Meeting-Scheduling-Problem/src/Main.py --manifest instances_manifest.csv --family forbidden --solver sat_all --objective-mode bg_d2 --domain-mode both --domain-filter-graph both --precedence-encoding both --precedence-graph both --encoding-variant imp12+ --sat-backend cadical --maxsat-backend uwrmaxsat --uwrmaxsat-bin /home/g24021555/uwrmaxsat/build/release/bin/uwrmaxsat --timeout 7200 --csv output/full_matrix_bg_d2_forbidden.csv,,,,,,,,multiple,,cadical,,staircase,sparse_suffix+distance_closure,,44,"1,2,3,4,5,6,7,8,9,10,11,12,13,14,15,16,17,18,19,20,21,22,24,25,26,27,28,29,30,31,32,33,34,35,36,37,38,40,41,42,43,44,45,46",1815,25,9,9,,,,,"journal objective family: bg_d2 | F-selected distance-labelled E* domain propagation and cycle detection | precedence configuration: F=distance_closure, P=sparse_suffix, G=distance_closure | Full Domain MxT schedule variables + explicit unary exclusions | (20),(22)-(27) exactly once over full domains | (22)-(27) session/fixed/forbidden exclusions as hard unit clauses | (19) participant atMost-one per slot | (46),(47) clustered table capacity with compact forward channeling | (28) SparseSuffix precedence over distance_closure distance-labelled relations | exact break-group ends and unary break-group thresholds | exact schedule <-> usedSlot channeling | (43) exactly |Mp| full usedSlot variables | (44) atMost 2|L| busy participants per slot | (45) exact even number of busy participants | historical hard cap Delta_G <= 2",,,result
,,,,,,,,,tic-13crafb.forb0007,b2b-4fa7c70b89245b62,b2b-lineage-tic-13crafb,forbidden,F-SS-DC-ST-BGD2-UW-IC12P,Full,Filter-E*,SparseSuffix,DistanceClosure-E*,SpanThreshold,BreakGroupsD2,UWrMaxSAT,IC12+,UNSAT,UNSAT,,,bg_d2,,,,,,,1,0.242757,False,58.797,,,,Compact,Compact/Full,project_implementation,one-shot weighted MaxSAT,25544,,,,,,,66463,176,66639,1840,23704,160099,45,cfg5__m-full__p-sparse_suffix__g-distance_closure__b-span_threshold__o-break_groups_d2__s-uwrmaxsat__i-imp12plus__backend-uwrmaxsat,cfg5__m-full__p-sparse_suffix__g-distance_closure__b-span_threshold__o-break_groups_d2__s-uwrmaxsat__i-imp12plus__backend-uwrmaxsat,full,distance_closure,sparse_suffix,distance_closure,UWrMaxSAT,UWrMaxSAT,binary-sha256:8c68c8a386d3d7847b50d315143c2bab60e3514e59510e84a649db83cb303876,imp12+,span_threshold,total_break_groups_subject_to_range_at_most_2,BGD2,IC12P,159923,176,1,347,45324,17388,3404,1,176,176,1,,,,,,0,0,0,0,0,,,"formalism-specific model size: SAT/MaxSAT reports base CNF and soft clauses, MIP reports variables/linear constraints/nonzeros, and CP reports integer variables plus linear/global constraints; SAT bound/totalizer overhead remains separate in optimizer_added_*",1840,1815,1806,1840,0,0,0,0,0,0,0,1,0.04537,0.002221,0.112824,,0.115045,0.127712,"wall-clock from immediately before reading/parsing the .dzn instance through model construction, optimization, solution decoding, and independent validation; excludes worker-process startup and result-file export",,,,,,,peak_process_tree_rss_mb,4fa7c70b89245b622fdf439fff74f209e9f80153704d9421baa6b210956f4878,forb0007,data_table06_forb/tic-13crafb.forb0007.dzn,1,../noves/tic-13crafb.forb0007.dzn,1,data_table06_forb/tic-13crafb.forb0007.dzn,https://imae.udg.edu/Recerca/LAI/,https://ima.udg.edu/Recerca/lai/b2b/b2b.zip,ee1f440ab3f6db27ab712300ad3a54a31ffd5ec1e06f81a9ac37cb7202c56528,2026-08-10T10:42:19+00:00,7200.0,,ee80a6fbd8b513f7c010668495c39621a371266a,True,3.10.12,1.8.dev25,instance-20260810-085803,Linux-6.8.0-1064-gcp-x86_64-with-glibc2.35,x86_64,4,8,15988.059,1,0,/home/g24021555/Business-Meeting-Scheduling-Problem/.venv/bin/python3 /home/g24021555/Business-Meeting-Scheduling-Problem/src/Main.py --manifest instances_manifest.csv --family forbidden --solver sat_all --objective-mode bg_d2 --domain-mode both --domain-filter-graph both --precedence-encoding both --precedence-graph both --encoding-variant imp12+ --sat-backend cadical --maxsat-backend uwrmaxsat --uwrmaxsat-bin /home/g24021555/uwrmaxsat/build/release/bin/uwrmaxsat --timeout 7200 --csv output/full_matrix_bg_d2_forbidden.csv,/home/g24021555/uwrmaxsat/build/release/bin/uwrmaxsat,8c68c8a386d3d7847b50d315143c2bab60e3514e59510e84a649db83cb303876,/home/g24021555/uwrmaxsat/build/release/bin/uwrmaxsat -m /tmp/b2b_uwrmaxsat_jcadxzo6/tic-13crafb.forb0007.wcnf,,process exit code=20,,,maxsat,uwrmaxsat,,/home/g24021555/uwrmaxsat/build/release/bin/uwrmaxsat,staircase,sparse_suffix+distance_closure,,44,"1,2,3,4,5,6,7,8,9,10,11,12,13,14,15,16,17,18,19,20,21,22,24,25,26,27,28,29,30,31,32,33,34,35,36,37,38,40,41,42,43,44,45,46",1815,25,9,9,,,,,"journal objective family: bg_d2 | F-selected distance-labelled E* domain propagation and cycle detection | precedence configuration: F=distance_closure, P=sparse_suffix, G=distance_closure | Full Domain MxT schedule variables + explicit unary exclusions | (20),(22)-(27) exactly once over full domains | (22)-(27) session/fixed/forbidden exclusions as hard unit clauses | (19) participant atMost-one per slot | (46),(47) clustered table capacity with compact forward channeling | (28) SparseSuffix precedence over distance_closure distance-labelled relations | exact break-group ends and unary break-group thresholds | exact schedule <-> usedSlot channeling | (43) exactly |Mp| full usedSlot variables | (44) atMost 2|L| busy participants per slot | (45) exact even number of busy participants | historical hard cap Delta_G <= 2",,,result
,,,,,,,,,tic-13crafb.forb0007,b2b-4fa7c70b89245b62,b2b-lineage-tic-13crafb,forbidden,R-PW-DE-ST-BGD2-IS-CD-IC12P,Reduced,Filter-E*,Pairwise,Direct-E,SpanThreshold,BreakGroupsD2,IncrementalSAT,IC12+,UNSAT,UNSAT,,,bg_d2,,,,,,,,0.128545,False,42.551,,,,Compact,Compact/Reduced,project_implementation,incremental multi-phase SAT with persistent solver state,24244,,,,,,,63845,0,63845,1806,22438,153935,45,cfg5__m-reduced__p-pairwise__g-direct__b-span_threshold__o-break_groups_d2__s-incrementalsat__i-imp12plus__backend-cadical,cfg5__m-reduced__p-pairwise__g-direct__b-span_threshold__o-break_groups_d2__s-incrementalsat__i-imp12plus__backend-cadical,reduced,distance_closure,pairwise,direct,IncrementalSAT,CaDiCaL,1.5.3,imp12+,span_threshold,total_break_groups_subject_to_range_at_most_2,BGD2,IC12P,153935,0,0,318,43460,16682,3383,,0,176,1,,,,,,0,0,0,0,0,,,"formalism-specific model size: SAT/MaxSAT reports base CNF and soft clauses, MIP reports variables/linear constraints/nonzeros, and CP reports integer variables plus linear/global constraints; SAT bound/totalizer overhead remains separate in optimizer_added_*",1840,1815,1806,1806,0,0,0,0,0,0,0,1,0.045476,0.002184,0.10625,,0.108435,0.020111,"wall-clock from immediately before reading/parsing the .dzn instance through model construction, optimization, solution decoding, and independent validation; excludes worker-process startup and result-file export",,,,,,,peak_process_tree_rss_mb,4fa7c70b89245b622fdf439fff74f209e9f80153704d9421baa6b210956f4878,forb0007,data_table06_forb/tic-13crafb.forb0007.dzn,1,../noves/tic-13crafb.forb0007.dzn,1,data_table06_forb/tic-13crafb.forb0007.dzn,https://imae.udg.edu/Recerca/LAI/,https://ima.udg.edu/Recerca/lai/b2b/b2b.zip,ee1f440ab3f6db27ab712300ad3a54a31ffd5ec1e06f81a9ac37cb7202c56528,2026-08-10T10:42:19+00:00,7200.0,,ee80a6fbd8b513f7c010668495c39621a371266a,True,3.10.12,1.8.dev25,instance-20260810-085803,Linux-6.8.0-1064-gcp-x86_64-with-glibc2.35,x86_64,4,8,15988.059,1,0,/home/g24021555/Business-Meeting-Scheduling-Problem/.venv/bin/python3 /home/g24021555/Business-Meeting-Scheduling-Problem/src/Main.py --manifest instances_manifest.csv --family forbidden --solver sat_all --objective-mode bg_d2 --domain-mode both --domain-filter-graph both --precedence-encoding both --precedence-graph both --encoding-variant imp12+ --sat-backend cadical --maxsat-backend uwrmaxsat --uwrmaxsat-bin /home/g24021555/uwrmaxsat/build/release/bin/uwrmaxsat --timeout 7200 --csv output/full_matrix_bg_d2_forbidden.csv,,,,,,,,incremental,,cadical,,traditional,pairwise+direct,,44,"1,2,3,4,5,6,7,8,9,10,11,12,13,14,15,16,17,18,19,20,21,22,24,25,26,27,28,29,30,31,32,33,34,35,36,37,38,40,41,42,43,44,45,46",1815,25,9,9,,,,,"journal objective family: bg_d2 | F-selected distance-labelled E* domain propagation and cycle detection | precedence configuration: F=distance_closure, P=pairwise, G=direct | Reduced Domain variables after unary filtering + matching GAC + slot saturation | (20),(22)-(27) exactly once over reduced domains | (19) participant atMost-one per slot | (46),(47) clustered table capacity with compact forward channeling | (28) Pairwise precedence over direct distance-labelled relations | exact break-group ends and unary break-group thresholds | exact schedule <-> usedSlot channeling | (43) exactly |Mp| reduced usedSlot variables | (44) atMost 2|L| busy participants per slot | (45) exact even number of busy participants | historical hard cap Delta_G <= 2",,,result
,,,,,,,,,tic-13crafb.forb0007,b2b-4fa7c70b89245b62,b2b-lineage-tic-13crafb,forbidden,R-PW-DE-ST-BGD2-NIS-CD-IC12P,Reduced,Filter-E*,Pairwise,Direct-E,SpanThreshold,BreakGroupsD2,NonIncrementalSAT,IC12+,UNSAT,UNSAT,,,bg_d2,,,,,,,,0.131306,False,42.945,,,,Compact,Compact/Reduced,project_implementation,restart-based multi-phase SAT,24244,,,,,,,63845,0,63845,1806,22438,153935,45,cfg5__m-reduced__p-pairwise__g-direct__b-span_threshold__o-break_groups_d2__s-nonincrementalsat__i-imp12plus__backend-cadical,cfg5__m-reduced__p-pairwise__g-direct__b-span_threshold__o-break_groups_d2__s-nonincrementalsat__i-imp12plus__backend-cadical,reduced,distance_closure,pairwise,direct,NonIncrementalSAT,CaDiCaL,1.5.3,imp12+,span_threshold,total_break_groups_subject_to_range_at_most_2,BGD2,IC12P,153935,0,0,318,43460,16682,3383,,0,176,1,,,,,,0,0,0,0,0,,,"formalism-specific model size: SAT/MaxSAT reports base CNF and soft clauses, MIP reports variables/linear constraints/nonzeros, and CP reports integer variables plus linear/global constraints; SAT bound/totalizer overhead remains separate in optimizer_added_*",1840,1815,1806,1806,0,0,0,0,0,0,0,1,0.047916,0.002222,0.109418,,0.111639,0.019667,"wall-clock from immediately before reading/parsing the .dzn instance through model construction, optimization, solution decoding, and independent validation; excludes worker-process startup and result-file export",,,,,,,peak_process_tree_rss_mb,4fa7c70b89245b622fdf439fff74f209e9f80153704d9421baa6b210956f4878,forb0007,data_table06_forb/tic-13crafb.forb0007.dzn,1,../noves/tic-13crafb.forb0007.dzn,1,data_table06_forb/tic-13crafb.forb0007.dzn,https://imae.udg.edu/Recerca/LAI/,https://ima.udg.edu/Recerca/lai/b2b/b2b.zip,ee1f440ab3f6db27ab712300ad3a54a31ffd5ec1e06f81a9ac37cb7202c56528,2026-08-10T10:42:19+00:00,7200.0,,ee80a6fbd8b513f7c010668495c39621a371266a,True,3.10.12,1.8.dev25,instance-20260810-085803,Linux-6.8.0-1064-gcp-x86_64-with-glibc2.35,x86_64,4,8,15988.059,1,0,/home/g24021555/Business-Meeting-Scheduling-Problem/.venv/bin/python3 /home/g24021555/Business-Meeting-Scheduling-Problem/src/Main.py --manifest instances_manifest.csv --family forbidden --solver sat_all --objective-mode bg_d2 --domain-mode both --domain-filter-graph both --precedence-encoding both --precedence-graph both --encoding-variant imp12+ --sat-backend cadical --maxsat-backend uwrmaxsat --uwrmaxsat-bin /home/g24021555/uwrmaxsat/build/release/bin/uwrmaxsat --timeout 7200 --csv output/full_matrix_bg_d2_forbidden.csv,,,,,,,,multiple,,cadical,,traditional,pairwise+direct,,44,"1,2,3,4,5,6,7,8,9,10,11,12,13,14,15,16,17,18,19,20,21,22,24,25,26,27,28,29,30,31,32,33,34,35,36,37,38,40,41,42,43,44,45,46",1815,25,9,9,,,,,"journal objective family: bg_d2 | F-selected distance-labelled E* domain propagation and cycle detection | precedence configuration: F=distance_closure, P=pairwise, G=direct | Reduced Domain variables after unary filtering + matching GAC + slot saturation | (20),(22)-(27) exactly once over reduced domains | (19) participant atMost-one per slot | (46),(47) clustered table capacity with compact forward channeling | (28) Pairwise precedence over direct distance-labelled relations | exact break-group ends and unary break-group thresholds | exact schedule <-> usedSlot channeling | (43) exactly |Mp| reduced usedSlot variables | (44) atMost 2|L| busy participants per slot | (45) exact even number of busy participants | historical hard cap Delta_G <= 2",,,result
,,,,,,,,,tic-13crafb.forb0007,b2b-4fa7c70b89245b62,b2b-lineage-tic-13crafb,forbidden,R-PW-DE-ST-BGD2-UW-IC12P,Reduced,Filter-E*,Pairwise,Direct-E,SpanThreshold,BreakGroupsD2,UWrMaxSAT,IC12+,UNSAT,UNSAT,,,bg_d2,,,,,,,1,0.238382,False,55.324,,,,Compact,Compact/Reduced,project_implementation,one-shot weighted MaxSAT,24244,,,,,,,63845,176,64021,1806,22438,154111,45,cfg5__m-reduced__p-pairwise__g-direct__b-span_threshold__o-break_groups_d2__s-uwrmaxsat__i-imp12plus__backend-uwrmaxsat,cfg5__m-reduced__p-pairwise__g-direct__b-span_threshold__o-break_groups_d2__s-uwrmaxsat__i-imp12plus__backend-uwrmaxsat,reduced,distance_closure,pairwise,direct,UWrMaxSAT,UWrMaxSAT,binary-sha256:8c68c8a386d3d7847b50d315143c2bab60e3514e59510e84a649db83cb303876,imp12+,span_threshold,total_break_groups_subject_to_range_at_most_2,BGD2,IC12P,153935,176,1,318,43460,16682,3383,1,176,176,1,,,,,,0,0,0,0,0,,,"formalism-specific model size: SAT/MaxSAT reports base CNF and soft clauses, MIP reports variables/linear constraints/nonzeros, and CP reports integer variables plus linear/global constraints; SAT bound/totalizer overhead remains separate in optimizer_added_*",1840,1815,1806,1806,0,0,0,0,0,0,0,1,0.045265,0.002532,0.113241,,0.115772,0.12261,"wall-clock from immediately before reading/parsing the .dzn instance through model construction, optimization, solution decoding, and independent validation; excludes worker-process startup and result-file export",,,,,,,peak_process_tree_rss_mb,4fa7c70b89245b622fdf439fff74f209e9f80153704d9421baa6b210956f4878,forb0007,data_table06_forb/tic-13crafb.forb0007.dzn,1,../noves/tic-13crafb.forb0007.dzn,1,data_table06_forb/tic-13crafb.forb0007.dzn,https://imae.udg.edu/Recerca/LAI/,https://ima.udg.edu/Recerca/lai/b2b/b2b.zip,ee1f440ab3f6db27ab712300ad3a54a31ffd5ec1e06f81a9ac37cb7202c56528,2026-08-10T10:42:19+00:00,7200.0,,ee80a6fbd8b513f7c010668495c39621a371266a,True,3.10.12,1.8.dev25,instance-20260810-085803,Linux-6.8.0-1064-gcp-x86_64-with-glibc2.35,x86_64,4,8,15988.059,1,0,/home/g24021555/Business-Meeting-Scheduling-Problem/.venv/bin/python3 /home/g24021555/Business-Meeting-Scheduling-Problem/src/Main.py --manifest instances_manifest.csv --family forbidden --solver sat_all --objective-mode bg_d2 --domain-mode both --domain-filter-graph both --precedence-encoding both --precedence-graph both --encoding-variant imp12+ --sat-backend cadical --maxsat-backend uwrmaxsat --uwrmaxsat-bin /home/g24021555/uwrmaxsat/build/release/bin/uwrmaxsat --timeout 7200 --csv output/full_matrix_bg_d2_forbidden.csv,/home/g24021555/uwrmaxsat/build/release/bin/uwrmaxsat,8c68c8a386d3d7847b50d315143c2bab60e3514e59510e84a649db83cb303876,/home/g24021555/uwrmaxsat/build/release/bin/uwrmaxsat -m /tmp/b2b_uwrmaxsat_1e0e3c3h/tic-13crafb.forb0007.wcnf,,process exit code=20,,,maxsat,uwrmaxsat,,/home/g24021555/uwrmaxsat/build/release/bin/uwrmaxsat,traditional,pairwise+direct,,44,"1,2,3,4,5,6,7,8,9,10,11,12,13,14,15,16,17,18,19,20,21,22,24,25,26,27,28,29,30,31,32,33,34,35,36,37,38,40,41,42,43,44,45,46",1815,25,9,9,,,,,"journal objective family: bg_d2 | F-selected distance-labelled E* domain propagation and cycle detection | precedence configuration: F=distance_closure, P=pairwise, G=direct | Reduced Domain variables after unary filtering + matching GAC + slot saturation | (20),(22)-(27) exactly once over reduced domains | (19) participant atMost-one per slot | (46),(47) clustered table capacity with compact forward channeling | (28) Pairwise precedence over direct distance-labelled relations | exact break-group ends and unary break-group thresholds | exact schedule <-> usedSlot channeling | (43) exactly |Mp| reduced usedSlot variables | (44) atMost 2|L| busy participants per slot | (45) exact even number of busy participants | historical hard cap Delta_G <= 2",,,result
,,,,,,,,,tic-13crafb.forb0007,b2b-4fa7c70b89245b62,b2b-lineage-tic-13crafb,forbidden,R-PW-DC-ST-BGD2-IS-CD-IC12P,Reduced,Filter-E*,Pairwise,DistanceClosure-E*,SpanThreshold,BreakGroupsD2,IncrementalSAT,IC12+,UNSAT,UNSAT,,,bg_d2,,,,,,,,0.130975,False,42.445,,,,Compact,Compact/Reduced,project_implementation,incremental multi-phase SAT with persistent solver state,24244,,,,,,,63845,0,63845,1806,22438,153935,45,cfg5__m-reduced__p-pairwise__g-distance_closure__b-span_threshold__o-break_groups_d2__s-incrementalsat__i-imp12plus__backend-cadical,cfg5__m-reduced__p-pairwise__g-distance_closure__b-span_threshold__o-break_groups_d2__s-incrementalsat__i-imp12plus__backend-cadical,reduced,distance_closure,pairwise,distance_closure,IncrementalSAT,CaDiCaL,1.5.3,imp12+,span_threshold,total_break_groups_subject_to_range_at_most_2,BGD2,IC12P,153935,0,0,318,43460,16682,3383,,0,176,1,,,,,,0,0,0,0,0,,,"formalism-specific model size: SAT/MaxSAT reports base CNF and soft clauses, MIP reports variables/linear constraints/nonzeros, and CP reports integer variables plus linear/global constraints; SAT bound/totalizer overhead remains separate in optimizer_added_*",1840,1815,1806,1806,0,0,0,0,0,0,0,1,0.046021,0.002173,0.108742,,0.110915,0.020059,"wall-clock from immediately before reading/parsing the .dzn instance through model construction, optimization, solution decoding, and independent validation; excludes worker-process startup and result-file export",,,,,,,peak_process_tree_rss_mb,4fa7c70b89245b622fdf439fff74f209e9f80153704d9421baa6b210956f4878,forb0007,data_table06_forb/tic-13crafb.forb0007.dzn,1,../noves/tic-13crafb.forb0007.dzn,1,data_table06_forb/tic-13crafb.forb0007.dzn,https://imae.udg.edu/Recerca/LAI/,https://ima.udg.edu/Recerca/lai/b2b/b2b.zip,ee1f440ab3f6db27ab712300ad3a54a31ffd5ec1e06f81a9ac37cb7202c56528,2026-08-10T10:42:19+00:00,7200.0,,ee80a6fbd8b513f7c010668495c39621a371266a,True,3.10.12,1.8.dev25,instance-20260810-085803,Linux-6.8.0-1064-gcp-x86_64-with-glibc2.35,x86_64,4,8,15988.059,1,0,/home/g24021555/Business-Meeting-Scheduling-Problem/.venv/bin/python3 /home/g24021555/Business-Meeting-Scheduling-Problem/src/Main.py --manifest instances_manifest.csv --family forbidden --solver sat_all --objective-mode bg_d2 --domain-mode both --domain-filter-graph both --precedence-encoding both --precedence-graph both --encoding-variant imp12+ --sat-backend cadical --maxsat-backend uwrmaxsat --uwrmaxsat-bin /home/g24021555/uwrmaxsat/build/release/bin/uwrmaxsat --timeout 7200 --csv output/full_matrix_bg_d2_forbidden.csv,,,,,,,,incremental,,cadical,,factorial,pairwise+distance_closure,,44,"1,2,3,4,5,6,7,8,9,10,11,12,13,14,15,16,17,18,19,20,21,22,24,25,26,27,28,29,30,31,32,33,34,35,36,37,38,40,41,42,43,44,45,46",1815,25,9,9,,,,,"journal objective family: bg_d2 | F-selected distance-labelled E* domain propagation and cycle detection | precedence configuration: F=distance_closure, P=pairwise, G=distance_closure | Reduced Domain variables after unary filtering + matching GAC + slot saturation | (20),(22)-(27) exactly once over reduced domains | (19) participant atMost-one per slot | (46),(47) clustered table capacity with compact forward channeling | (28) Pairwise precedence over distance_closure distance-labelled relations | exact break-group ends and unary break-group thresholds | exact schedule <-> usedSlot channeling | (43) exactly |Mp| reduced usedSlot variables | (44) atMost 2|L| busy participants per slot | (45) exact even number of busy participants | historical hard cap Delta_G <= 2",,,result
,,,,,,,,,tic-13crafb.forb0007,b2b-4fa7c70b89245b62,b2b-lineage-tic-13crafb,forbidden,R-PW-DC-ST-BGD2-NIS-CD-IC12P,Reduced,Filter-E*,Pairwise,DistanceClosure-E*,SpanThreshold,BreakGroupsD2,NonIncrementalSAT,IC12+,UNSAT,UNSAT,,,bg_d2,,,,,,,,0.136256,False,44.195,,,,Compact,Compact/Reduced,project_implementation,restart-based multi-phase SAT,24244,,,,,,,63845,0,63845,1806,22438,153935,45,cfg5__m-reduced__p-pairwise__g-distance_closure__b-span_threshold__o-break_groups_d2__s-nonincrementalsat__i-imp12plus__backend-cadical,cfg5__m-reduced__p-pairwise__g-distance_closure__b-span_threshold__o-break_groups_d2__s-nonincrementalsat__i-imp12plus__backend-cadical,reduced,distance_closure,pairwise,distance_closure,NonIncrementalSAT,CaDiCaL,1.5.3,imp12+,span_threshold,total_break_groups_subject_to_range_at_most_2,BGD2,IC12P,153935,0,0,318,43460,16682,3383,,0,176,1,,,,,,0,0,0,0,0,,,"formalism-specific model size: SAT/MaxSAT reports base CNF and soft clauses, MIP reports variables/linear constraints/nonzeros, and CP reports integer variables plus linear/global constraints; SAT bound/totalizer overhead remains separate in optimizer_added_*",1840,1815,1806,1806,0,0,0,0,0,0,0,1,0.048772,0.002199,0.113256,,0.115456,0.0208,"wall-clock from immediately before reading/parsing the .dzn instance through model construction, optimization, solution decoding, and independent validation; excludes worker-process startup and result-file export",,,,,,,peak_process_tree_rss_mb,4fa7c70b89245b622fdf439fff74f209e9f80153704d9421baa6b210956f4878,forb0007,data_table06_forb/tic-13crafb.forb0007.dzn,1,../noves/tic-13crafb.forb0007.dzn,1,data_table06_forb/tic-13crafb.forb0007.dzn,https://imae.udg.edu/Recerca/LAI/,https://ima.udg.edu/Recerca/lai/b2b/b2b.zip,ee1f440ab3f6db27ab712300ad3a54a31ffd5ec1e06f81a9ac37cb7202c56528,2026-08-10T10:42:19+00:00,7200.0,,ee80a6fbd8b513f7c010668495c39621a371266a,True,3.10.12,1.8.dev25,instance-20260810-085803,Linux-6.8.0-1064-gcp-x86_64-with-glibc2.35,x86_64,4,8,15988.059,1,0,/home/g24021555/Business-Meeting-Scheduling-Problem/.venv/bin/python3 /home/g24021555/Business-Meeting-Scheduling-Problem/src/Main.py --manifest instances_manifest.csv --family forbidden --solver sat_all --objective-mode bg_d2 --domain-mode both --domain-filter-graph both --precedence-encoding both --precedence-graph both --encoding-variant imp12+ --sat-backend cadical --maxsat-backend uwrmaxsat --uwrmaxsat-bin /home/g24021555/uwrmaxsat/build/release/bin/uwrmaxsat --timeout 7200 --csv output/full_matrix_bg_d2_forbidden.csv,,,,,,,,multiple,,cadical,,factorial,pairwise+distance_closure,,44,"1,2,3,4,5,6,7,8,9,10,11,12,13,14,15,16,17,18,19,20,21,22,24,25,26,27,28,29,30,31,32,33,34,35,36,37,38,40,41,42,43,44,45,46",1815,25,9,9,,,,,"journal objective family: bg_d2 | F-selected distance-labelled E* domain propagation and cycle detection | precedence configuration: F=distance_closure, P=pairwise, G=distance_closure | Reduced Domain variables after unary filtering + matching GAC + slot saturation | (20),(22)-(27) exactly once over reduced domains | (19) participant atMost-one per slot | (46),(47) clustered table capacity with compact forward channeling | (28) Pairwise precedence over distance_closure distance-labelled relations | exact break-group ends and unary break-group thresholds | exact schedule <-> usedSlot channeling | (43) exactly |Mp| reduced usedSlot variables | (44) atMost 2|L| busy participants per slot | (45) exact even number of busy participants | historical hard cap Delta_G <= 2",,,result
,,,,,,,,,tic-13crafb.forb0007,b2b-4fa7c70b89245b62,b2b-lineage-tic-13crafb,forbidden,R-PW-DC-ST-BGD2-UW-IC12P,Reduced,Filter-E*,Pairwise,DistanceClosure-E*,SpanThreshold,BreakGroupsD2,UWrMaxSAT,IC12+,UNSAT,UNSAT,,,bg_d2,,,,,,,1,0.251008,False,55.234,,,,Compact,Compact/Reduced,project_implementation,one-shot weighted MaxSAT,24244,,,,,,,63845,176,64021,1806,22438,154111,45,cfg5__m-reduced__p-pairwise__g-distance_closure__b-span_threshold__o-break_groups_d2__s-uwrmaxsat__i-imp12plus__backend-uwrmaxsat,cfg5__m-reduced__p-pairwise__g-distance_closure__b-span_threshold__o-break_groups_d2__s-uwrmaxsat__i-imp12plus__backend-uwrmaxsat,reduced,distance_closure,pairwise,distance_closure,UWrMaxSAT,UWrMaxSAT,binary-sha256:8c68c8a386d3d7847b50d315143c2bab60e3514e59510e84a649db83cb303876,imp12+,span_threshold,total_break_groups_subject_to_range_at_most_2,BGD2,IC12P,153935,176,1,318,43460,16682,3383,1,176,176,1,,,,,,0,0,0,0,0,,,"formalism-specific model size: SAT/MaxSAT reports base CNF and soft clauses, MIP reports variables/linear constraints/nonzeros, and CP reports integer variables plus linear/global constraints; SAT bound/totalizer overhead remains separate in optimizer_added_*",1840,1815,1806,1806,0,0,0,0,0,0,0,1,0.047688,0.002535,0.118547,,0.121082,0.129926,"wall-clock from immediately before reading/parsing the .dzn instance through model construction, optimization, solution decoding, and independent validation; excludes worker-process startup and result-file export",,,,,,,peak_process_tree_rss_mb,4fa7c70b89245b622fdf439fff74f209e9f80153704d9421baa6b210956f4878,forb0007,data_table06_forb/tic-13crafb.forb0007.dzn,1,../noves/tic-13crafb.forb0007.dzn,1,data_table06_forb/tic-13crafb.forb0007.dzn,https://imae.udg.edu/Recerca/LAI/,https://ima.udg.edu/Recerca/lai/b2b/b2b.zip,ee1f440ab3f6db27ab712300ad3a54a31ffd5ec1e06f81a9ac37cb7202c56528,2026-08-10T10:42:19+00:00,7200.0,,ee80a6fbd8b513f7c010668495c39621a371266a,True,3.10.12,1.8.dev25,instance-20260810-085803,Linux-6.8.0-1064-gcp-x86_64-with-glibc2.35,x86_64,4,8,15988.059,1,0,/home/g24021555/Business-Meeting-Scheduling-Problem/.venv/bin/python3 /home/g24021555/Business-Meeting-Scheduling-Problem/src/Main.py --manifest instances_manifest.csv --family forbidden --solver sat_all --objective-mode bg_d2 --domain-mode both --domain-filter-graph both --precedence-encoding both --precedence-graph both --encoding-variant imp12+ --sat-backend cadical --maxsat-backend uwrmaxsat --uwrmaxsat-bin /home/g24021555/uwrmaxsat/build/release/bin/uwrmaxsat --timeout 7200 --csv output/full_matrix_bg_d2_forbidden.csv,/home/g24021555/uwrmaxsat/build/release/bin/uwrmaxsat,8c68c8a386d3d7847b50d315143c2bab60e3514e59510e84a649db83cb303876,/home/g24021555/uwrmaxsat/build/release/bin/uwrmaxsat -m /tmp/b2b_uwrmaxsat_6yfesh_v/tic-13crafb.forb0007.wcnf,,process exit code=20,,,maxsat,uwrmaxsat,,/home/g24021555/uwrmaxsat/build/release/bin/uwrmaxsat,factorial,pairwise+distance_closure,,44,"1,2,3,4,5,6,7,8,9,10,11,12,13,14,15,16,17,18,19,20,21,22,24,25,26,27,28,29,30,31,32,33,34,35,36,37,38,40,41,42,43,44,45,46",1815,25,9,9,,,,,"journal objective family: bg_d2 | F-selected distance-labelled E* domain propagation and cycle detection | precedence configuration: F=distance_closure, P=pairwise, G=distance_closure | Reduced Domain variables after unary filtering + matching GAC + slot saturation | (20),(22)-(27) exactly once over reduced domains | (19) participant atMost-one per slot | (46),(47) clustered table capacity with compact forward channeling | (28) Pairwise precedence over distance_closure distance-labelled relations | exact break-group ends and unary break-group thresholds | exact schedule <-> usedSlot channeling | (43) exactly |Mp| reduced usedSlot variables | (44) atMost 2|L| busy participants per slot | (45) exact even number of busy participants | historical hard cap Delta_G <= 2",,,result
,,,,,,,,,tic-13crafb.forb0007,b2b-4fa7c70b89245b62,b2b-lineage-tic-13crafb,forbidden,R-SS-DE-ST-BGD2-IS-CD-IC12P,Reduced,Filter-E*,SparseSuffix,Direct-E,SpanThreshold,BreakGroupsD2,IncrementalSAT,IC12+,UNSAT,UNSAT,,,bg_d2,,,,,,,,0.134827,False,44.367,,,,Compact,Compact/Reduced,project_implementation,incremental multi-phase SAT with persistent solver state,24244,,,,,,,63845,0,63845,1806,22438,153935,45,cfg5__m-reduced__p-sparse_suffix__g-direct__b-span_threshold__o-break_groups_d2__s-incrementalsat__i-imp12plus__backend-cadical,cfg5__m-reduced__p-sparse_suffix__g-direct__b-span_threshold__o-break_groups_d2__s-incrementalsat__i-imp12plus__backend-cadical,reduced,distance_closure,sparse_suffix,direct,IncrementalSAT,CaDiCaL,1.5.3,imp12+,span_threshold,total_break_groups_subject_to_range_at_most_2,BGD2,IC12P,153935,0,0,318,43460,16682,3383,,0,176,1,,,,,,0,0,0,0,0,,,"formalism-specific model size: SAT/MaxSAT reports base CNF and soft clauses, MIP reports variables/linear constraints/nonzeros, and CP reports integer variables plus linear/global constraints; SAT bound/totalizer overhead remains separate in optimizer_added_*",1840,1815,1806,1806,0,0,0,0,0,0,0,1,0.046251,0.002204,0.112661,,0.114864,0.019962,"wall-clock from immediately before reading/parsing the .dzn instance through model construction, optimization, solution decoding, and independent validation; excludes worker-process startup and result-file export",,,,,,,peak_process_tree_rss_mb,4fa7c70b89245b622fdf439fff74f209e9f80153704d9421baa6b210956f4878,forb0007,data_table06_forb/tic-13crafb.forb0007.dzn,1,../noves/tic-13crafb.forb0007.dzn,1,data_table06_forb/tic-13crafb.forb0007.dzn,https://imae.udg.edu/Recerca/LAI/,https://ima.udg.edu/Recerca/lai/b2b/b2b.zip,ee1f440ab3f6db27ab712300ad3a54a31ffd5ec1e06f81a9ac37cb7202c56528,2026-08-10T10:42:19+00:00,7200.0,,ee80a6fbd8b513f7c010668495c39621a371266a,True,3.10.12,1.8.dev25,instance-20260810-085803,Linux-6.8.0-1064-gcp-x86_64-with-glibc2.35,x86_64,4,8,15988.059,1,0,/home/g24021555/Business-Meeting-Scheduling-Problem/.venv/bin/python3 /home/g24021555/Business-Meeting-Scheduling-Problem/src/Main.py --manifest instances_manifest.csv --family forbidden --solver sat_all --objective-mode bg_d2 --domain-mode both --domain-filter-graph both --precedence-encoding both --precedence-graph both --encoding-variant imp12+ --sat-backend cadical --maxsat-backend uwrmaxsat --uwrmaxsat-bin /home/g24021555/uwrmaxsat/build/release/bin/uwrmaxsat --timeout 7200 --csv output/full_matrix_bg_d2_forbidden.csv,,,,,,,,incremental,,cadical,,factorial,sparse_suffix+direct,,44,"1,2,3,4,5,6,7,8,9,10,11,12,13,14,15,16,17,18,19,20,21,22,24,25,26,27,28,29,30,31,32,33,34,35,36,37,38,40,41,42,43,44,45,46",1815,25,9,9,,,,,"journal objective family: bg_d2 | F-selected distance-labelled E* domain propagation and cycle detection | precedence configuration: F=distance_closure, P=sparse_suffix, G=direct | Reduced Domain variables after unary filtering + matching GAC + slot saturation | (20),(22)-(27) exactly once over reduced domains | (19) participant atMost-one per slot | (46),(47) clustered table capacity with compact forward channeling | (28) SparseSuffix precedence over direct distance-labelled relations | exact break-group ends and unary break-group thresholds | exact schedule <-> usedSlot channeling | (43) exactly |Mp| reduced usedSlot variables | (44) atMost 2|L| busy participants per slot | (45) exact even number of busy participants | historical hard cap Delta_G <= 2",,,result
,,,,,,,,,tic-13crafb.forb0007,b2b-4fa7c70b89245b62,b2b-lineage-tic-13crafb,forbidden,R-SS-DE-ST-BGD2-NIS-CD-IC12P,Reduced,Filter-E*,SparseSuffix,Direct-E,SpanThreshold,BreakGroupsD2,NonIncrementalSAT,IC12+,UNSAT,UNSAT,,,bg_d2,,,,,,,,0.134521,False,44.5,,,,Compact,Compact/Reduced,project_implementation,restart-based multi-phase SAT,24244,,,,,,,63845,0,63845,1806,22438,153935,45,cfg5__m-reduced__p-sparse_suffix__g-direct__b-span_threshold__o-break_groups_d2__s-nonincrementalsat__i-imp12plus__backend-cadical,cfg5__m-reduced__p-sparse_suffix__g-direct__b-span_threshold__o-break_groups_d2__s-nonincrementalsat__i-imp12plus__backend-cadical,reduced,distance_closure,sparse_suffix,direct,NonIncrementalSAT,CaDiCaL,1.5.3,imp12+,span_threshold,total_break_groups_subject_to_range_at_most_2,BGD2,IC12P,153935,0,0,318,43460,16682,3383,,0,176,1,,,,,,0,0,0,0,0,,,"formalism-specific model size: SAT/MaxSAT reports base CNF and soft clauses, MIP reports variables/linear constraints/nonzeros, and CP reports integer variables plus linear/global constraints; SAT bound/totalizer overhead remains separate in optimizer_added_*",1840,1815,1806,1806,0,0,0,0,0,0,0,1,0.045544,0.002538,0.112227,,0.114765,0.019756,"wall-clock from immediately before reading/parsing the .dzn instance through model construction, optimization, solution decoding, and independent validation; excludes worker-process startup and result-file export",,,,,,,peak_process_tree_rss_mb,4fa7c70b89245b622fdf439fff74f209e9f80153704d9421baa6b210956f4878,forb0007,data_table06_forb/tic-13crafb.forb0007.dzn,1,../noves/tic-13crafb.forb0007.dzn,1,data_table06_forb/tic-13crafb.forb0007.dzn,https://imae.udg.edu/Recerca/LAI/,https://ima.udg.edu/Recerca/lai/b2b/b2b.zip,ee1f440ab3f6db27ab712300ad3a54a31ffd5ec1e06f81a9ac37cb7202c56528,2026-08-10T10:42:19+00:00,7200.0,,ee80a6fbd8b513f7c010668495c39621a371266a,True,3.10.12,1.8.dev25,instance-20260810-085803,Linux-6.8.0-1064-gcp-x86_64-with-glibc2.35,x86_64,4,8,15988.059,1,0,/home/g24021555/Business-Meeting-Scheduling-Problem/.venv/bin/python3 /home/g24021555/Business-Meeting-Scheduling-Problem/src/Main.py --manifest instances_manifest.csv --family forbidden --solver sat_all --objective-mode bg_d2 --domain-mode both --domain-filter-graph both --precedence-encoding both --precedence-graph both --encoding-variant imp12+ --sat-backend cadical --maxsat-backend uwrmaxsat --uwrmaxsat-bin /home/g24021555/uwrmaxsat/build/release/bin/uwrmaxsat --timeout 7200 --csv output/full_matrix_bg_d2_forbidden.csv,,,,,,,,multiple,,cadical,,factorial,sparse_suffix+direct,,44,"1,2,3,4,5,6,7,8,9,10,11,12,13,14,15,16,17,18,19,20,21,22,24,25,26,27,28,29,30,31,32,33,34,35,36,37,38,40,41,42,43,44,45,46",1815,25,9,9,,,,,"journal objective family: bg_d2 | F-selected distance-labelled E* domain propagation and cycle detection | precedence configuration: F=distance_closure, P=sparse_suffix, G=direct | Reduced Domain variables after unary filtering + matching GAC + slot saturation | (20),(22)-(27) exactly once over reduced domains | (19) participant atMost-one per slot | (46),(47) clustered table capacity with compact forward channeling | (28) SparseSuffix precedence over direct distance-labelled relations | exact break-group ends and unary break-group thresholds | exact schedule <-> usedSlot channeling | (43) exactly |Mp| reduced usedSlot variables | (44) atMost 2|L| busy participants per slot | (45) exact even number of busy participants | historical hard cap Delta_G <= 2",,,result
,,,,,,,,,tic-13crafb.forb0007,b2b-4fa7c70b89245b62,b2b-lineage-tic-13crafb,forbidden,R-SS-DE-ST-BGD2-UW-IC12P,Reduced,Filter-E*,SparseSuffix,Direct-E,SpanThreshold,BreakGroupsD2,UWrMaxSAT,IC12+,UNSAT,UNSAT,,,bg_d2,,,,,,,1,0.23807,False,55.074,,,,Compact,Compact/Reduced,project_implementation,one-shot weighted MaxSAT,24244,,,,,,,63845,176,64021,1806,22438,154111,45,cfg5__m-reduced__p-sparse_suffix__g-direct__b-span_threshold__o-break_groups_d2__s-uwrmaxsat__i-imp12plus__backend-uwrmaxsat,cfg5__m-reduced__p-sparse_suffix__g-direct__b-span_threshold__o-break_groups_d2__s-uwrmaxsat__i-imp12plus__backend-uwrmaxsat,reduced,distance_closure,sparse_suffix,direct,UWrMaxSAT,UWrMaxSAT,binary-sha256:8c68c8a386d3d7847b50d315143c2bab60e3514e59510e84a649db83cb303876,imp12+,span_threshold,total_break_groups_subject_to_range_at_most_2,BGD2,IC12P,153935,176,1,318,43460,16682,3383,1,176,176,1,,,,,,0,0,0,0,0,,,"formalism-specific model size: SAT/MaxSAT reports base CNF and soft clauses, MIP reports variables/linear constraints/nonzeros, and CP reports integer variables plus linear/global constraints; SAT bound/totalizer overhead remains separate in optimizer_added_*",1840,1815,1806,1806,0,0,0,0,0,0,0,1,0.047941,0.002436,0.113985,,0.116421,0.121649,"wall-clock from immediately before reading/parsing the .dzn instance through model construction, optimization, solution decoding, and independent validation; excludes worker-process startup and result-file export",,,,,,,peak_process_tree_rss_mb,4fa7c70b89245b622fdf439fff74f209e9f80153704d9421baa6b210956f4878,forb0007,data_table06_forb/tic-13crafb.forb0007.dzn,1,../noves/tic-13crafb.forb0007.dzn,1,data_table06_forb/tic-13crafb.forb0007.dzn,https://imae.udg.edu/Recerca/LAI/,https://ima.udg.edu/Recerca/lai/b2b/b2b.zip,ee1f440ab3f6db27ab712300ad3a54a31ffd5ec1e06f81a9ac37cb7202c56528,2026-08-10T10:42:19+00:00,7200.0,,ee80a6fbd8b513f7c010668495c39621a371266a,True,3.10.12,1.8.dev25,instance-20260810-085803,Linux-6.8.0-1064-gcp-x86_64-with-glibc2.35,x86_64,4,8,15988.059,1,0,/home/g24021555/Business-Meeting-Scheduling-Problem/.venv/bin/python3 /home/g24021555/Business-Meeting-Scheduling-Problem/src/Main.py --manifest instances_manifest.csv --family forbidden --solver sat_all --objective-mode bg_d2 --domain-mode both --domain-filter-graph both --precedence-encoding both --precedence-graph both --encoding-variant imp12+ --sat-backend cadical --maxsat-backend uwrmaxsat --uwrmaxsat-bin /home/g24021555/uwrmaxsat/build/release/bin/uwrmaxsat --timeout 7200 --csv output/full_matrix_bg_d2_forbidden.csv,/home/g24021555/uwrmaxsat/build/release/bin/uwrmaxsat,8c68c8a386d3d7847b50d315143c2bab60e3514e59510e84a649db83cb303876,/home/g24021555/uwrmaxsat/build/release/bin/uwrmaxsat -m /tmp/b2b_uwrmaxsat_a51yq2kv/tic-13crafb.forb0007.wcnf,,process exit code=20,,,maxsat,uwrmaxsat,,/home/g24021555/uwrmaxsat/build/release/bin/uwrmaxsat,factorial,sparse_suffix+direct,,44,"1,2,3,4,5,6,7,8,9,10,11,12,13,14,15,16,17,18,19,20,21,22,24,25,26,27,28,29,30,31,32,33,34,35,36,37,38,40,41,42,43,44,45,46",1815,25,9,9,,,,,"journal objective family: bg_d2 | F-selected distance-labelled E* domain propagation and cycle detection | precedence configuration: F=distance_closure, P=sparse_suffix, G=direct | Reduced Domain variables after unary filtering + matching GAC + slot saturation | (20),(22)-(27) exactly once over reduced domains | (19) participant atMost-one per slot | (46),(47) clustered table capacity with compact forward channeling | (28) SparseSuffix precedence over direct distance-labelled relations | exact break-group ends and unary break-group thresholds | exact schedule <-> usedSlot channeling | (43) exactly |Mp| reduced usedSlot variables | (44) atMost 2|L| busy participants per slot | (45) exact even number of busy participants | historical hard cap Delta_G <= 2",,,result
,,,,,,,,,tic-13crafb.forb0007,b2b-4fa7c70b89245b62,b2b-lineage-tic-13crafb,forbidden,R-SS-DC-ST-BGD2-IS-CD-IC12P,Reduced,Filter-E*,SparseSuffix,DistanceClosure-E*,SpanThreshold,BreakGroupsD2,IncrementalSAT,IC12+,UNSAT,UNSAT,,,bg_d2,,,,,,,,0.129659,False,42.57,,,,Compact,Compact/Reduced,project_implementation,incremental multi-phase SAT with persistent solver state,24244,,,,,,,63845,0,63845,1806,22438,153935,45,cfg5__m-reduced__p-sparse_suffix__g-distance_closure__b-span_threshold__o-break_groups_d2__s-incrementalsat__i-imp12plus__backend-cadical,cfg5__m-reduced__p-sparse_suffix__g-distance_closure__b-span_threshold__o-break_groups_d2__s-incrementalsat__i-imp12plus__backend-cadical,reduced,distance_closure,sparse_suffix,distance_closure,IncrementalSAT,CaDiCaL,1.5.3,imp12+,span_threshold,total_break_groups_subject_to_range_at_most_2,BGD2,IC12P,153935,0,0,318,43460,16682,3383,,0,176,1,,,,,,0,0,0,0,0,,,"formalism-specific model size: SAT/MaxSAT reports base CNF and soft clauses, MIP reports variables/linear constraints/nonzeros, and CP reports integer variables plus linear/global constraints; SAT bound/totalizer overhead remains separate in optimizer_added_*",1840,1815,1806,1806,0,0,0,0,0,0,0,1,0.045388,0.002272,0.109046,,0.111318,0.018341,"wall-clock from immediately before reading/parsing the .dzn instance through model construction, optimization, solution decoding, and independent validation; excludes worker-process startup and result-file export",,,,,,,peak_process_tree_rss_mb,4fa7c70b89245b622fdf439fff74f209e9f80153704d9421baa6b210956f4878,forb0007,data_table06_forb/tic-13crafb.forb0007.dzn,1,../noves/tic-13crafb.forb0007.dzn,1,data_table06_forb/tic-13crafb.forb0007.dzn,https://imae.udg.edu/Recerca/LAI/,https://ima.udg.edu/Recerca/lai/b2b/b2b.zip,ee1f440ab3f6db27ab712300ad3a54a31ffd5ec1e06f81a9ac37cb7202c56528,2026-08-10T10:42:19+00:00,7200.0,,ee80a6fbd8b513f7c010668495c39621a371266a,True,3.10.12,1.8.dev25,instance-20260810-085803,Linux-6.8.0-1064-gcp-x86_64-with-glibc2.35,x86_64,4,8,15988.059,1,0,/home/g24021555/Business-Meeting-Scheduling-Problem/.venv/bin/python3 /home/g24021555/Business-Meeting-Scheduling-Problem/src/Main.py --manifest instances_manifest.csv --family forbidden --solver sat_all --objective-mode bg_d2 --domain-mode both --domain-filter-graph both --precedence-encoding both --precedence-graph both --encoding-variant imp12+ --sat-backend cadical --maxsat-backend uwrmaxsat --uwrmaxsat-bin /home/g24021555/uwrmaxsat/build/release/bin/uwrmaxsat --timeout 7200 --csv output/full_matrix_bg_d2_forbidden.csv,,,,,,,,incremental,,cadical,,staircase,sparse_suffix+distance_closure,,44,"1,2,3,4,5,6,7,8,9,10,11,12,13,14,15,16,17,18,19,20,21,22,24,25,26,27,28,29,30,31,32,33,34,35,36,37,38,40,41,42,43,44,45,46",1815,25,9,9,,,,,"journal objective family: bg_d2 | F-selected distance-labelled E* domain propagation and cycle detection | precedence configuration: F=distance_closure, P=sparse_suffix, G=distance_closure | Reduced Domain variables after unary filtering + matching GAC + slot saturation | (20),(22)-(27) exactly once over reduced domains | (19) participant atMost-one per slot | (46),(47) clustered table capacity with compact forward channeling | (28) SparseSuffix precedence over distance_closure distance-labelled relations | exact break-group ends and unary break-group thresholds | exact schedule <-> usedSlot channeling | (43) exactly |Mp| reduced usedSlot variables | (44) atMost 2|L| busy participants per slot | (45) exact even number of busy participants | historical hard cap Delta_G <= 2",,,result
,,,,,,,,,tic-13crafb.forb0007,b2b-4fa7c70b89245b62,b2b-lineage-tic-13crafb,forbidden,R-SS-DC-ST-BGD2-NIS-CD-IC12P,Reduced,Filter-E*,SparseSuffix,DistanceClosure-E*,SpanThreshold,BreakGroupsD2,NonIncrementalSAT,IC12+,UNSAT,UNSAT,,,bg_d2,,,,,,,,0.128996,False,42.707,,,,Compact,Compact/Reduced,project_implementation,restart-based multi-phase SAT,24244,,,,,,,63845,0,63845,1806,22438,153935,45,cfg5__m-reduced__p-sparse_suffix__g-distance_closure__b-span_threshold__o-break_groups_d2__s-nonincrementalsat__i-imp12plus__backend-cadical,cfg5__m-reduced__p-sparse_suffix__g-distance_closure__b-span_threshold__o-break_groups_d2__s-nonincrementalsat__i-imp12plus__backend-cadical,reduced,distance_closure,sparse_suffix,distance_closure,NonIncrementalSAT,CaDiCaL,1.5.3,imp12+,span_threshold,total_break_groups_subject_to_range_at_most_2,BGD2,IC12P,153935,0,0,318,43460,16682,3383,,0,176,1,,,,,,0,0,0,0,0,,,"formalism-specific model size: SAT/MaxSAT reports base CNF and soft clauses, MIP reports variables/linear constraints/nonzeros, and CP reports integer variables plus linear/global constraints; SAT bound/totalizer overhead remains separate in optimizer_added_*",1840,1815,1806,1806,0,0,0,0,0,0,0,1,0.045821,0.002496,0.108934,,0.11143,0.017566,"wall-clock from immediately before reading/parsing the .dzn instance through model construction, optimization, solution decoding, and independent validation; excludes worker-process startup and result-file export",,,,,,,peak_process_tree_rss_mb,4fa7c70b89245b622fdf439fff74f209e9f80153704d9421baa6b210956f4878,forb0007,data_table06_forb/tic-13crafb.forb0007.dzn,1,../noves/tic-13crafb.forb0007.dzn,1,data_table06_forb/tic-13crafb.forb0007.dzn,https://imae.udg.edu/Recerca/LAI/,https://ima.udg.edu/Recerca/lai/b2b/b2b.zip,ee1f440ab3f6db27ab712300ad3a54a31ffd5ec1e06f81a9ac37cb7202c56528,2026-08-10T10:42:19+00:00,7200.0,,ee80a6fbd8b513f7c010668495c39621a371266a,True,3.10.12,1.8.dev25,instance-20260810-085803,Linux-6.8.0-1064-gcp-x86_64-with-glibc2.35,x86_64,4,8,15988.059,1,0,/home/g24021555/Business-Meeting-Scheduling-Problem/.venv/bin/python3 /home/g24021555/Business-Meeting-Scheduling-Problem/src/Main.py --manifest instances_manifest.csv --family forbidden --solver sat_all --objective-mode bg_d2 --domain-mode both --domain-filter-graph both --precedence-encoding both --precedence-graph both --encoding-variant imp12+ --sat-backend cadical --maxsat-backend uwrmaxsat --uwrmaxsat-bin /home/g24021555/uwrmaxsat/build/release/bin/uwrmaxsat --timeout 7200 --csv output/full_matrix_bg_d2_forbidden.csv,,,,,,,,multiple,,cadical,,staircase,sparse_suffix+distance_closure,,44,"1,2,3,4,5,6,7,8,9,10,11,12,13,14,15,16,17,18,19,20,21,22,24,25,26,27,28,29,30,31,32,33,34,35,36,37,38,40,41,42,43,44,45,46",1815,25,9,9,,,,,"journal objective family: bg_d2 | F-selected distance-labelled E* domain propagation and cycle detection | precedence configuration: F=distance_closure, P=sparse_suffix, G=distance_closure | Reduced Domain variables after unary filtering + matching GAC + slot saturation | (20),(22)-(27) exactly once over reduced domains | (19) participant atMost-one per slot | (46),(47) clustered table capacity with compact forward channeling | (28) SparseSuffix precedence over distance_closure distance-labelled relations | exact break-group ends and unary break-group thresholds | exact schedule <-> usedSlot channeling | (43) exactly |Mp| reduced usedSlot variables | (44) atMost 2|L| busy participants per slot | (45) exact even number of busy participants | historical hard cap Delta_G <= 2",,,result
,,,,,,,,,tic-13crafb.forb0007,b2b-4fa7c70b89245b62,b2b-lineage-tic-13crafb,forbidden,R-SS-DC-ST-BGD2-UW-IC12P,Reduced,Filter-E*,SparseSuffix,DistanceClosure-E*,SpanThreshold,BreakGroupsD2,UWrMaxSAT,IC12+,UNSAT,UNSAT,,,bg_d2,,,,,,,1,0.24399,False,55.328,,,,Compact,Compact/Reduced,project_implementation,one-shot weighted MaxSAT,24244,,,,,,,63845,176,64021,1806,22438,154111,45,cfg5__m-reduced__p-sparse_suffix__g-distance_closure__b-span_threshold__o-break_groups_d2__s-uwrmaxsat__i-imp12plus__backend-uwrmaxsat,cfg5__m-reduced__p-sparse_suffix__g-distance_closure__b-span_threshold__o-break_groups_d2__s-uwrmaxsat__i-imp12plus__backend-uwrmaxsat,reduced,distance_closure,sparse_suffix,distance_closure,UWrMaxSAT,UWrMaxSAT,binary-sha256:8c68c8a386d3d7847b50d315143c2bab60e3514e59510e84a649db83cb303876,imp12+,span_threshold,total_break_groups_subject_to_range_at_most_2,BGD2,IC12P,153935,176,1,318,43460,16682,3383,1,176,176,1,,,,,,0,0,0,0,0,,,"formalism-specific model size: SAT/MaxSAT reports base CNF and soft clauses, MIP reports variables/linear constraints/nonzeros, and CP reports integer variables plus linear/global constraints; SAT bound/totalizer overhead remains separate in optimizer_added_*",1840,1815,1806,1806,0,0,0,0,0,0,0,1,0.046832,0.002443,0.115302,,0.117745,0.126245,"wall-clock from immediately before reading/parsing the .dzn instance through model construction, optimization, solution decoding, and independent validation; excludes worker-process startup and result-file export",,,,,,,peak_process_tree_rss_mb,4fa7c70b89245b622fdf439fff74f209e9f80153704d9421baa6b210956f4878,forb0007,data_table06_forb/tic-13crafb.forb0007.dzn,1,../noves/tic-13crafb.forb0007.dzn,1,data_table06_forb/tic-13crafb.forb0007.dzn,https://imae.udg.edu/Recerca/LAI/,https://ima.udg.edu/Recerca/lai/b2b/b2b.zip,ee1f440ab3f6db27ab712300ad3a54a31ffd5ec1e06f81a9ac37cb7202c56528,2026-08-10T10:42:19+00:00,7200.0,,ee80a6fbd8b513f7c010668495c39621a371266a,True,3.10.12,1.8.dev25,instance-20260810-085803,Linux-6.8.0-1064-gcp-x86_64-with-glibc2.35,x86_64,4,8,15988.059,1,0,/home/g24021555/Business-Meeting-Scheduling-Problem/.venv/bin/python3 /home/g24021555/Business-Meeting-Scheduling-Problem/src/Main.py --manifest instances_manifest.csv --family forbidden --solver sat_all --objective-mode bg_d2 --domain-mode both --domain-filter-graph both --precedence-encoding both --precedence-graph both --encoding-variant imp12+ --sat-backend cadical --maxsat-backend uwrmaxsat --uwrmaxsat-bin /home/g24021555/uwrmaxsat/build/release/bin/uwrmaxsat --timeout 7200 --csv output/full_matrix_bg_d2_forbidden.csv,/home/g24021555/uwrmaxsat/build/release/bin/uwrmaxsat,8c68c8a386d3d7847b50d315143c2bab60e3514e59510e84a649db83cb303876,/home/g24021555/uwrmaxsat/build/release/bin/uwrmaxsat -m /tmp/b2b_uwrmaxsat_4sf2fk5b/tic-13crafb.forb0007.wcnf,,process exit code=20,,,maxsat,uwrmaxsat,,/home/g24021555/uwrmaxsat/build/release/bin/uwrmaxsat,staircase,sparse_suffix+distance_closure,,44,"1,2,3,4,5,6,7,8,9,10,11,12,13,14,15,16,17,18,19,20,21,22,24,25,26,27,28,29,30,31,32,33,34,35,36,37,38,40,41,42,43,44,45,46",1815,25,9,9,,,,,"journal objective family: bg_d2 | F-selected distance-labelled E* domain propagation and cycle detection | precedence configuration: F=distance_closure, P=sparse_suffix, G=distance_closure | Reduced Domain variables after unary filtering + matching GAC + slot saturation | (20),(22)-(27) exactly once over reduced domains | (19) participant atMost-one per slot | (46),(47) clustered table capacity with compact forward channeling | (28) SparseSuffix precedence over distance_closure distance-labelled relations | exact break-group ends and unary break-group thresholds | exact schedule <-> usedSlot channeling | (43) exactly |Mp| reduced usedSlot variables | (44) atMost 2|L| busy participants per slot | (45) exact even number of busy participants | historical hard cap Delta_G <= 2",,,result
,,,,,,,,,forum-13crafc.forb0003,b2b-602195d241378f80,b2b-lineage-forum-13crafc,forbidden,F-PW-DE-ST-BGD2-IS-CD-IC12P,Full,Filter-E*,Pairwise,Direct-E,SpanThreshold,BreakGroupsD2,IncrementalSAT,IC12+,OPTIMAL,SAT,1,1,bg_d2,1,1,1,,,,,10.752181,False,216.957,,,,Compact,Compact/Full,project_implementation,incremental multi-phase SAT with persistent solver state,152339,,,,,,,308738,0,308738,3234,149105,873957,59,cfg5__m-full__p-pairwise__g-direct__b-span_threshold__o-break_groups_d2__s-incrementalsat__i-imp12plus__backend-cadical,cfg5__m-full__p-pairwise__g-direct__b-span_threshold__o-break_groups_d2__s-incrementalsat__i-imp12plus__backend-cadical,full,distance_closure,pairwise,direct,IncrementalSAT,CaDiCaL,1.5.3,imp12+,span_threshold,total_break_groups_subject_to_range_at_most_2,BGD2,IC12P,873957,0,0,1117,118371,126238,63012,,0,580,7,,,,,,1,4248,54788,159631,54788,9.98119166900051,6,"formalism-specific model size: SAT/MaxSAT reports base CNF and soft clauses, MIP reports variables/linear constraints/nonzeros, and CP reports integer variables plus linear/global constraints; SAT bound/totalizer overhead remains separate in optimizer_added_*",3234,2446,2446,3234,0,0,0,0,0,0,0,1,0.075452,0.002448,0.418403,,0.42085,10.331331,"wall-clock from immediately before reading/parsing the .dzn instance through model construction, optimization, solution decoding, and independent validation; excludes worker-process startup and result-file export",7,7,7,1,1,"0,0,0,0,0,0,0,0,0,0,0,0,0,0,0,0,0,0,0,0,0,0,0,0,0,0,0,0,0,0,0,0,0,0,0,0,0,0,0,0,0,0,0,0,0,0,0,0,0,0,0,0,0,0,0,0,0,0,0,0,0,0,0,0,0,0,0,0,0,1",peak_process_tree_rss_mb,602195d241378f80b778c9aec1ba1afde3b4b8b55fb017dd735bd4baf3f0a0e7,forb0003,data_table06_forb/forum-13crafc.forb0003.dzn,2,../noves/forum-13crafc.forb0003.dzn | ../noves/ticf-13crafc.forb0003.dzn,2,data_table06_forb/forum-13crafc.forb0003.dzn | data_table06_forb/ticf-13crafc.forb0003.dzn,https://imae.udg.edu/Recerca/LAI/,https://ima.udg.edu/Recerca/lai/b2b/b2b.zip,ee1f440ab3f6db27ab712300ad3a54a31ffd5ec1e06f81a9ac37cb7202c56528,2026-08-10T10:42:19+00:00,7200.0,,ee80a6fbd8b513f7c010668495c39621a371266a,True,3.10.12,1.8.dev25,instance-20260810-085803,Linux-6.8.0-1064-gcp-x86_64-with-glibc2.35,x86_64,4,8,15988.059,1,0,/home/g24021555/Business-Meeting-Scheduling-Problem/.venv/bin/python3 /home/g24021555/Business-Meeting-Scheduling-Problem/src/Main.py --manifest instances_manifest.csv --family forbidden --solver sat_all --objective-mode bg_d2 --domain-mode both --domain-filter-graph both --precedence-encoding both --precedence-graph both --encoding-variant imp12+ --sat-backend cadical --maxsat-backend uwrmaxsat --uwrmaxsat-bin /home/g24021555/uwrmaxsat/build/release/bin/uwrmaxsat --timeout 7200 --csv output/full_matrix_bg_d2_forbidden.csv,,,,,,,,incremental,,cadical,,traditional,pairwise+direct,1,58,"1,2,3,4,5,6,7,8,9,10,11,12,13,14,15,16,18,19,23,24,25,26,27,28,29,30,31,32,33,34,35,36,37,38,39,40,41,42,44,45,46,47,48,49,50,52,53,54,56,57,59,60,62,63,64,65,66,70",2446,788,0,0,"0,0,0,0,0,0,0,0,0,0,0,0,0,0,0,0,0,0,0,0,0,0,0,0,0,0,0,0,0,0,0,0,0,0,0,0,0,0,0,0,0,0,0,0,0,0,0,0,0,0,0,0,0,0,0,0,0,0,0,0,0,0,0,0,0,0,0,0,0,7","12,14,22,24,24,24,24,24,24,24,24,24,22,10,6,4,2,0,0,0,0","3,7,4,8,9,2,5,1,6,14,12,11,14,10,17,16,15,13,2,5,3,1,4,6,3,8,10,6,9,11,5,8,7,8,10,12,7,9,13,11,12,13,14,16,15,11,7,12,4,6,7,5,10,3,11,8,9,10,13,12,11,13,2,3,5,6,4,5,2,9,10,3,8,7,6,4,1,10,6,12,11,13,3,4,9,5,7,8,5,9,8,12,4,6,11,13,10,7,13,8,9,12,10,11,7,10,9,12,4,8,11,6,5,7,9,4,5,2,6,3,1,13,5,12,14,10,4,9,3,6,11,7,8,4,11,8,3,6,9,15,12,1,10,2,7,13,5,14,13,3,4,12,2,1",1:M8 M22 M77 M121 M142 M154 | 2:M6 M19 M63 M69 M118 M144 M153 | 3:M1 M21 M25 M54 M64 M72 M83 M120 M129 M137 M150 | 4:M3 M23 M49 M67 M76 M84 M93 M109 M116 M127 M134 M151 | 5:M7 M20 M31 M52 M65 M68 M86 M89 M113 M117 M123 M147 | 6:M9 M24 M28 M50 M66 M75 M79 M94 M112 M119 M130 M138 | 7:M2 M33 M37 M47 M51 M74 M87 M98 M105 M114 M132 M145 | 8:M4 M26 M32 M34 M56 M73 M88 M91 M100 M110 M133 M136 | 9:M5 M29 M38 M57 M70 M85 M90 M101 M107 M115 M128 M139 | 10:M14 M27 M35 M53 M58 M71 M78 M97 M103 M106 M126 M143 | 11:M12 M30 M40 M46 M55 M61 M81 M95 M104 M111 M131 M135 | 12:M11 M36 M41 M48 M60 M80 M92 M102 M108 M124 M141 M152 | 13:M18 M39 M42 M59 M62 M82 M96 M99 M122 M146 M149 | 14:M10 M13 M43 M125 M148 | 15:M17 M45 M140 | 16:M16 M44 | 17:M15 | 18: | 19: | 20: | 21:,"journal objective family: bg_d2 | F-selected distance-labelled E* domain propagation and cycle detection | precedence configuration: F=distance_closure, P=pairwise, G=direct | Full Domain MxT schedule variables + explicit unary exclusions | (20),(22)-(27) exactly once over full domains | (22)-(27) session/fixed/forbidden exclusions as hard unit clauses | (19) participant atMost-one per slot | (46),(47) clustered table capacity with compact forward channeling | (28) Pairwise precedence over direct distance-labelled relations | exact break-group ends and unary break-group thresholds | exact schedule <-> usedSlot channeling | (43) exactly |Mp| full usedSlot variables | (44) atMost 2|L| busy participants per slot | (45) exact even number of busy participants | historical hard cap Delta_G <= 2",1,"(1,)",result
,,,,,,,,,forum-13crafc.forb0003,b2b-602195d241378f80,b2b-lineage-forum-13crafc,forbidden,F-PW-DE-ST-BGD2-NIS-CD-IC12P,Full,Filter-E*,Pairwise,Direct-E,SpanThreshold,BreakGroupsD2,NonIncrementalSAT,IC12+,OPTIMAL,SAT,1,1,bg_d2,1,1,1,,,,,24.33332,False,229.105,,,,Compact,Compact/Full,project_implementation,restart-based multi-phase SAT,152339,,,,,,,308738,0,308738,3234,149105,873957,59,cfg5__m-full__p-pairwise__g-direct__b-span_threshold__o-break_groups_d2__s-nonincrementalsat__i-imp12plus__backend-cadical,cfg5__m-full__p-pairwise__g-direct__b-span_threshold__o-break_groups_d2__s-nonincrementalsat__i-imp12plus__backend-cadical,full,distance_closure,pairwise,direct,NonIncrementalSAT,CaDiCaL,1.5.3,imp12+,span_threshold,total_break_groups_subject_to_range_at_most_2,BGD2,IC12P,873957,0,0,1117,118371,126238,63012,,0,580,7,,,,,,7,24564,49616,123262,95896,23.559002293999583,6,"formalism-specific model size: SAT/MaxSAT reports base CNF and soft clauses, MIP reports variables/linear constraints/nonzeros, and CP reports integer variables plus linear/global constraints; SAT bound/totalizer overhead remains separate in optimizer_added_*",3234,2446,2446,3234,0,0,0,0,0,0,0,1,0.076707,0.002116,0.40692,,0.409036,23.924284,"wall-clock from immediately before reading/parsing the .dzn instance through model construction, optimization, solution decoding, and independent validation; excludes worker-process startup and result-file export",4,4,4,1,1,"0,0,0,0,0,0,0,0,0,0,0,0,0,0,0,0,0,0,0,0,0,0,0,0,0,0,0,0,0,0,0,0,0,0,0,0,0,0,0,0,0,0,0,0,0,0,0,0,0,0,0,0,0,0,0,1,0,0,0,0,0,0,0,0,0,0,0,0,0,0",peak_process_tree_rss_mb,602195d241378f80b778c9aec1ba1afde3b4b8b55fb017dd735bd4baf3f0a0e7,forb0003,data_table06_forb/forum-13crafc.forb0003.dzn,2,../noves/forum-13crafc.forb0003.dzn | ../noves/ticf-13crafc.forb0003.dzn,2,data_table06_forb/forum-13crafc.forb0003.dzn | data_table06_forb/ticf-13crafc.forb0003.dzn,https://imae.udg.edu/Recerca/LAI/,https://ima.udg.edu/Recerca/lai/b2b/b2b.zip,ee1f440ab3f6db27ab712300ad3a54a31ffd5ec1e06f81a9ac37cb7202c56528,2026-08-10T10:42:19+00:00,7200.0,,ee80a6fbd8b513f7c010668495c39621a371266a,True,3.10.12,1.8.dev25,instance-20260810-085803,Linux-6.8.0-1064-gcp-x86_64-with-glibc2.35,x86_64,4,8,15988.059,1,0,/home/g24021555/Business-Meeting-Scheduling-Problem/.venv/bin/python3 /home/g24021555/Business-Meeting-Scheduling-Problem/src/Main.py --manifest instances_manifest.csv --family forbidden --solver sat_all --objective-mode bg_d2 --domain-mode both --domain-filter-graph both --precedence-encoding both --precedence-graph both --encoding-variant imp12+ --sat-backend cadical --maxsat-backend uwrmaxsat --uwrmaxsat-bin /home/g24021555/uwrmaxsat/build/release/bin/uwrmaxsat --timeout 7200 --csv output/full_matrix_bg_d2_forbidden.csv,,,,,,,,multiple,,cadical,,traditional,pairwise+direct,1,58,"1,2,3,4,5,6,7,8,9,10,11,12,13,14,15,16,18,19,23,24,25,26,27,28,29,30,31,32,33,34,35,36,37,38,39,40,41,42,44,45,46,47,48,49,50,52,53,54,56,57,59,60,62,63,64,65,66,70",2446,788,0,0,"0,0,0,0,0,0,0,0,0,0,0,0,0,0,0,0,0,0,0,0,0,0,0,0,0,0,0,0,0,0,0,0,0,0,0,0,0,0,0,0,0,0,0,0,0,0,0,0,0,0,0,0,0,0,0,4,0,0,0,0,0,0,0,0,0,0,0,0,0,0","10,16,24,24,24,24,24,24,24,24,24,24,22,12,4,4,0,0,0,0,0","5,13,9,6,12,10,11,8,7,14,4,3,1,6,2,7,5,8,2,6,3,1,4,5,5,4,11,12,8,13,7,10,9,10,7,11,13,8,12,9,13,12,14,16,15,2,3,4,11,14,9,7,10,8,13,12,6,10,13,12,11,3,5,2,4,6,3,10,9,8,2,6,3,7,1,5,4,9,8,11,12,13,6,7,10,4,5,3,3,12,11,2,4,6,14,13,5,1,13,8,9,12,10,11,8,5,4,9,7,1,3,2,6,7,11,6,3,5,10,4,9,3,10,12,14,13,4,5,6,7,9,11,8,4,14,11,10,6,8,15,12,7,5,3,2,13,9,16,10,9,12,11,8,7",1:M13 M22 M75 M98 M110 | 2:M15 M19 M46 M64 M71 M92 M112 M145 | 3:M12 M21 M47 M62 M67 M73 M88 M89 M111 M117 M122 M144 | 4:M11 M23 M26 M48 M65 M77 M86 M93 M107 M120 M127 M134 | 5:M1 M17 M24 M25 M63 M76 M87 M97 M106 M118 M128 M143 | 6:M4 M14 M20 M57 M66 M72 M83 M94 M113 M116 M129 M138 | 7:M9 M16 M31 M35 M52 M74 M84 M109 M114 M130 M142 M154 | 8:M8 M18 M29 M38 M54 M70 M79 M100 M105 M133 M139 M153 | 9:M3 M33 M40 M51 M69 M78 M101 M108 M121 M131 M147 M150 | 10:M6 M32 M34 M53 M58 M68 M85 M103 M119 M123 M137 M149 | 11:M7 M27 M36 M49 M61 M80 M91 M104 M115 M132 M136 M152 | 12:M5 M28 M39 M42 M56 M60 M81 M90 M102 M124 M141 M151 | 13:M2 M30 M37 M41 M55 M59 M82 M96 M99 M126 M146 | 14:M10 M43 M50 M95 M125 M135 | 15:M45 M140 | 16:M44 M148 | 17: | 18: | 19: | 20: | 21:,"journal objective family: bg_d2 | F-selected distance-labelled E* domain propagation and cycle detection | precedence configuration: F=distance_closure, P=pairwise, G=direct | Full Domain MxT schedule variables + explicit unary exclusions | (20),(22)-(27) exactly once over full domains | (22)-(27) session/fixed/forbidden exclusions as hard unit clauses | (19) participant atMost-one per slot | (46),(47) clustered table capacity with compact forward channeling | (28) Pairwise precedence over direct distance-labelled relations | exact break-group ends and unary break-group thresholds | exact schedule <-> usedSlot channeling | (43) exactly |Mp| full usedSlot variables | (44) atMost 2|L| busy participants per slot | (45) exact even number of busy participants | historical hard cap Delta_G <= 2",1,"(1,)",result
,,,,,,,,,forum-13crafc.forb0003,b2b-602195d241378f80,b2b-lineage-forum-13crafc,forbidden,F-PW-DE-ST-BGD2-UW-IC12P,Full,Filter-E*,Pairwise,Direct-E,SpanThreshold,BreakGroupsD2,UWrMaxSAT,IC12+,OPTIMAL,SAT,1,1,bg_d2,1,1,1,,,1,1,7.032478,False,253.355,,,,Compact,Compact/Full,project_implementation,one-shot weighted MaxSAT,152339,,,,,,,308738,580,309318,3234,149105,874537,59,cfg5__m-full__p-pairwise__g-direct__b-span_threshold__o-break_groups_d2__s-uwrmaxsat__i-imp12plus__backend-uwrmaxsat,cfg5__m-full__p-pairwise__g-direct__b-span_threshold__o-break_groups_d2__s-uwrmaxsat__i-imp12plus__backend-uwrmaxsat,full,distance_closure,pairwise,direct,UWrMaxSAT,UWrMaxSAT,binary-sha256:8c68c8a386d3d7847b50d315143c2bab60e3514e59510e84a649db83cb303876,imp12+,span_threshold,total_break_groups_subject_to_range_at_most_2,BGD2,IC12P,873957,580,1,1117,118371,126238,63012,1,580,580,1,,,,,,0,0,0,0,0,,,"formalism-specific model size: SAT/MaxSAT reports base CNF and soft clauses, MIP reports variables/linear constraints/nonzeros, and CP reports integer variables plus linear/global constraints; SAT bound/totalizer overhead remains separate in optimizer_added_*",3234,2446,2446,3234,0,0,0,0,0,0,0,1,0.077239,0.002138,0.418614,,0.420753,6.611726,"wall-clock from immediately before reading/parsing the .dzn instance through model construction, optimization, solution decoding, and independent validation; excludes worker-process startup and result-file export",5,5,5,1,1,"0,0,0,0,0,0,0,0,0,0,0,0,0,0,0,0,0,0,0,0,0,0,0,0,0,0,1,0,0,0,0,0,0,0,0,0,0,0,0,0,0,0,0,0,0,0,0,0,0,0,0,0,0,0,0,0,0,0,0,0,0,0,0,0,0,0,0,0,0,0",peak_process_tree_rss_mb,602195d241378f80b778c9aec1ba1afde3b4b8b55fb017dd735bd4baf3f0a0e7,forb0003,data_table06_forb/forum-13crafc.forb0003.dzn,2,../noves/forum-13crafc.forb0003.dzn | ../noves/ticf-13crafc.forb0003.dzn,2,data_table06_forb/forum-13crafc.forb0003.dzn | data_table06_forb/ticf-13crafc.forb0003.dzn,https://imae.udg.edu/Recerca/LAI/,https://ima.udg.edu/Recerca/lai/b2b/b2b.zip,ee1f440ab3f6db27ab712300ad3a54a31ffd5ec1e06f81a9ac37cb7202c56528,2026-08-10T10:42:19+00:00,7200.0,,ee80a6fbd8b513f7c010668495c39621a371266a,True,3.10.12,1.8.dev25,instance-20260810-085803,Linux-6.8.0-1064-gcp-x86_64-with-glibc2.35,x86_64,4,8,15988.059,1,0,/home/g24021555/Business-Meeting-Scheduling-Problem/.venv/bin/python3 /home/g24021555/Business-Meeting-Scheduling-Problem/src/Main.py --manifest instances_manifest.csv --family forbidden --solver sat_all --objective-mode bg_d2 --domain-mode both --domain-filter-graph both --precedence-encoding both --precedence-graph both --encoding-variant imp12+ --sat-backend cadical --maxsat-backend uwrmaxsat --uwrmaxsat-bin /home/g24021555/uwrmaxsat/build/release/bin/uwrmaxsat --timeout 7200 --csv output/full_matrix_bg_d2_forbidden.csv,/home/g24021555/uwrmaxsat/build/release/bin/uwrmaxsat,8c68c8a386d3d7847b50d315143c2bab60e3514e59510e84a649db83cb303876,/home/g24021555/uwrmaxsat/build/release/bin/uwrmaxsat -m /tmp/b2b_uwrmaxsat_5kvbbmtf/forum-13crafc.forb0003.wcnf,,process exit code=30,,,maxsat,uwrmaxsat,,/home/g24021555/uwrmaxsat/build/release/bin/uwrmaxsat,traditional,pairwise+direct,1,58,"1,2,3,4,5,6,7,8,9,10,11,12,13,14,15,16,18,19,23,24,25,26,27,28,29,30,31,32,33,34,35,36,37,38,39,40,41,42,44,45,46,47,48,49,50,52,53,54,56,57,59,60,62,63,64,65,66,70",2446,788,0,0,"0,0,0,0,0,0,0,0,0,0,0,0,0,0,0,0,0,0,0,0,0,0,0,0,0,0,5,0,0,0,0,0,0,0,0,0,0,0,0,0,0,0,0,0,0,0,0,0,0,0,0,0,0,0,0,0,0,0,0,0,0,0,0,0,0,0,0,0,0,0","14,18,22,24,24,24,24,24,24,24,24,24,20,10,6,2,0,0,0,0,0","4,5,12,6,11,7,9,8,10,14,3,4,6,5,1,7,8,2,1,6,3,2,5,4,6,7,8,13,7,10,9,12,11,4,5,12,13,3,11,2,12,13,14,16,15,1,3,2,5,10,9,7,6,3,11,8,4,11,13,12,10,2,10,14,12,13,11,10,7,8,5,9,11,12,3,4,6,9,6,12,11,13,8,4,7,10,3,5,3,6,7,5,2,9,10,4,1,8,12,11,8,13,10,9,9,4,6,1,8,5,3,7,2,6,5,9,2,4,7,3,1,7,12,15,14,9,13,10,5,4,11,6,8,2,7,11,9,4,10,13,3,8,6,12,1,14,5,15,13,8,11,12,10,9",1:M15 M19 M46 M97 M108 M121 M145 | 2:M18 M22 M40 M48 M62 M93 M113 M117 M134 | 3:M11 M21 M38 M47 M54 M75 M87 M89 M111 M120 M141 | 4:M1 M12 M24 M34 M57 M76 M84 M96 M106 M118 M130 M138 | 5:M2 M14 M23 M35 M49 M71 M88 M92 M110 M115 M129 M147 | 6:M4 M13 M20 M25 M53 M77 M79 M90 M107 M114 M132 M143 | 7:M6 M16 M26 M29 M52 M69 M85 M91 M112 M119 M122 M135 | 8:M8 M17 M27 M56 M70 M83 M98 M101 M109 M133 M142 M150 | 9:M7 M31 M51 M72 M78 M94 M104 M105 M116 M126 M137 M154 | 10:M9 M30 M50 M61 M63 M68 M86 M95 M103 M128 M139 M153 | 11:M5 M33 M39 M55 M58 M67 M73 M81 M100 M131 M136 M151 | 12:M3 M32 M36 M41 M60 M65 M74 M80 M99 M123 M144 M152 | 13:M28 M37 M42 M59 M66 M82 M102 M127 M140 M149 | 14:M10 M43 M64 M125 M146 | 15:M45 M124 M148 | 16:M44 | 17: | 18: | 19: | 20: | 21:,"journal objective family: bg_d2 | F-selected distance-labelled E* domain propagation and cycle detection | precedence configuration: F=distance_closure, P=pairwise, G=direct | Full Domain MxT schedule variables + explicit unary exclusions | (20),(22)-(27) exactly once over full domains | (22)-(27) session/fixed/forbidden exclusions as hard unit clauses | (19) participant atMost-one per slot | (46),(47) clustered table capacity with compact forward channeling | (28) Pairwise precedence over direct distance-labelled relations | exact break-group ends and unary break-group thresholds | exact schedule <-> usedSlot channeling | (43) exactly |Mp| full usedSlot variables | (44) atMost 2|L| busy participants per slot | (45) exact even number of busy participants | historical hard cap Delta_G <= 2",,,result
,,,,,,,,,forum-13crafc.forb0003,b2b-602195d241378f80,b2b-lineage-forum-13crafc,forbidden,F-PW-DC-ST-BGD2-IS-CD-IC12P,Full,Filter-E*,Pairwise,DistanceClosure-E*,SpanThreshold,BreakGroupsD2,IncrementalSAT,IC12+,OPTIMAL,SAT,1,1,bg_d2,1,1,1,,,,,10.803,False,217.047,,,,Compact,Compact/Full,project_implementation,incremental multi-phase SAT with persistent solver state,152339,,,,,,,308738,0,308738,3234,149105,873957,59,cfg5__m-full__p-pairwise__g-distance_closure__b-span_threshold__o-break_groups_d2__s-incrementalsat__i-imp12plus__backend-cadical,cfg5__m-full__p-pairwise__g-distance_closure__b-span_threshold__o-break_groups_d2__s-incrementalsat__i-imp12plus__backend-cadical,full,distance_closure,pairwise,distance_closure,IncrementalSAT,CaDiCaL,1.5.3,imp12+,span_threshold,total_break_groups_subject_to_range_at_most_2,BGD2,IC12P,873957,0,0,1117,118371,126238,63012,,0,580,7,,,,,,1,4248,54788,159631,54788,10.04113720300029,6,"formalism-specific model size: SAT/MaxSAT reports base CNF and soft clauses, MIP reports variables/linear constraints/nonzeros, and CP reports integer variables plus linear/global constraints; SAT bound/totalizer overhead remains separate in optimizer_added_*",3234,2446,2446,3234,0,0,0,0,0,0,0,1,0.076882,0.002103,0.402997,,0.4051,10.397899,"wall-clock from immediately before reading/parsing the .dzn instance through model construction, optimization, solution decoding, and independent validation; excludes worker-process startup and result-file export",7,7,7,1,1,"0,0,0,0,0,0,0,0,0,0,0,0,0,0,0,0,0,0,0,0,0,0,0,0,0,0,0,0,0,0,0,0,0,0,0,0,0,0,0,0,0,0,0,0,0,0,0,0,0,0,0,0,0,0,0,0,0,0,0,0,0,0,0,0,0,0,0,0,0,1",peak_process_tree_rss_mb,602195d241378f80b778c9aec1ba1afde3b4b8b55fb017dd735bd4baf3f0a0e7,forb0003,data_table06_forb/forum-13crafc.forb0003.dzn,2,../noves/forum-13crafc.forb0003.dzn | ../noves/ticf-13crafc.forb0003.dzn,2,data_table06_forb/forum-13crafc.forb0003.dzn | data_table06_forb/ticf-13crafc.forb0003.dzn,https://imae.udg.edu/Recerca/LAI/,https://ima.udg.edu/Recerca/lai/b2b/b2b.zip,ee1f440ab3f6db27ab712300ad3a54a31ffd5ec1e06f81a9ac37cb7202c56528,2026-08-10T10:42:19+00:00,7200.0,,ee80a6fbd8b513f7c010668495c39621a371266a,True,3.10.12,1.8.dev25,instance-20260810-085803,Linux-6.8.0-1064-gcp-x86_64-with-glibc2.35,x86_64,4,8,15988.059,1,0,/home/g24021555/Business-Meeting-Scheduling-Problem/.venv/bin/python3 /home/g24021555/Business-Meeting-Scheduling-Problem/src/Main.py --manifest instances_manifest.csv --family forbidden --solver sat_all --objective-mode bg_d2 --domain-mode both --domain-filter-graph both --precedence-encoding both --precedence-graph both --encoding-variant imp12+ --sat-backend cadical --maxsat-backend uwrmaxsat --uwrmaxsat-bin /home/g24021555/uwrmaxsat/build/release/bin/uwrmaxsat --timeout 7200 --csv output/full_matrix_bg_d2_forbidden.csv,,,,,,,,incremental,,cadical,,factorial,pairwise+distance_closure,1,58,"1,2,3,4,5,6,7,8,9,10,11,12,13,14,15,16,18,19,23,24,25,26,27,28,29,30,31,32,33,34,35,36,37,38,39,40,41,42,44,45,46,47,48,49,50,52,53,54,56,57,59,60,62,63,64,65,66,70",2446,788,0,0,"0,0,0,0,0,0,0,0,0,0,0,0,0,0,0,0,0,0,0,0,0,0,0,0,0,0,0,0,0,0,0,0,0,0,0,0,0,0,0,0,0,0,0,0,0,0,0,0,0,0,0,0,0,0,0,0,0,0,0,0,0,0,0,0,0,0,0,0,0,7","12,14,22,24,24,24,24,24,24,24,24,24,22,10,6,4,2,0,0,0,0","3,7,4,8,9,2,5,1,6,14,12,11,14,10,17,16,15,13,2,5,3,1,4,6,3,8,10,6,9,11,5,8,7,8,10,12,7,9,13,11,12,13,14,16,15,11,7,12,4,6,7,5,10,3,11,8,9,10,13,12,11,13,2,3,5,6,4,5,2,9,10,3,8,7,6,4,1,10,6,12,11,13,3,4,9,5,7,8,5,9,8,12,4,6,11,13,10,7,13,8,9,12,10,11,7,10,9,12,4,8,11,6,5,7,9,4,5,2,6,3,1,13,5,12,14,10,4,9,3,6,11,7,8,4,11,8,3,6,9,15,12,1,10,2,7,13,5,14,13,3,4,12,2,1",1:M8 M22 M77 M121 M142 M154 | 2:M6 M19 M63 M69 M118 M144 M153 | 3:M1 M21 M25 M54 M64 M72 M83 M120 M129 M137 M150 | 4:M3 M23 M49 M67 M76 M84 M93 M109 M116 M127 M134 M151 | 5:M7 M20 M31 M52 M65 M68 M86 M89 M113 M117 M123 M147 | 6:M9 M24 M28 M50 M66 M75 M79 M94 M112 M119 M130 M138 | 7:M2 M33 M37 M47 M51 M74 M87 M98 M105 M114 M132 M145 | 8:M4 M26 M32 M34 M56 M73 M88 M91 M100 M110 M133 M136 | 9:M5 M29 M38 M57 M70 M85 M90 M101 M107 M115 M128 M139 | 10:M14 M27 M35 M53 M58 M71 M78 M97 M103 M106 M126 M143 | 11:M12 M30 M40 M46 M55 M61 M81 M95 M104 M111 M131 M135 | 12:M11 M36 M41 M48 M60 M80 M92 M102 M108 M124 M141 M152 | 13:M18 M39 M42 M59 M62 M82 M96 M99 M122 M146 M149 | 14:M10 M13 M43 M125 M148 | 15:M17 M45 M140 | 16:M16 M44 | 17:M15 | 18: | 19: | 20: | 21:,"journal objective family: bg_d2 | F-selected distance-labelled E* domain propagation and cycle detection | precedence configuration: F=distance_closure, P=pairwise, G=distance_closure | Full Domain MxT schedule variables + explicit unary exclusions | (20),(22)-(27) exactly once over full domains | (22)-(27) session/fixed/forbidden exclusions as hard unit clauses | (19) participant atMost-one per slot | (46),(47) clustered table capacity with compact forward channeling | (28) Pairwise precedence over distance_closure distance-labelled relations | exact break-group ends and unary break-group thresholds | exact schedule <-> usedSlot channeling | (43) exactly |Mp| full usedSlot variables | (44) atMost 2|L| busy participants per slot | (45) exact even number of busy participants | historical hard cap Delta_G <= 2",1,"(1,)",result
,,,,,,,,,forum-13crafc.forb0003,b2b-602195d241378f80,b2b-lineage-forum-13crafc,forbidden,F-PW-DC-ST-BGD2-NIS-CD-IC12P,Full,Filter-E*,Pairwise,DistanceClosure-E*,SpanThreshold,BreakGroupsD2,NonIncrementalSAT,IC12+,OPTIMAL,SAT,1,1,bg_d2,1,1,1,,,,,24.012978,False,228.168,,,,Compact,Compact/Full,project_implementation,restart-based multi-phase SAT,152339,,,,,,,308738,0,308738,3234,149105,873957,59,cfg5__m-full__p-pairwise__g-distance_closure__b-span_threshold__o-break_groups_d2__s-nonincrementalsat__i-imp12plus__backend-cadical,cfg5__m-full__p-pairwise__g-distance_closure__b-span_threshold__o-break_groups_d2__s-nonincrementalsat__i-imp12plus__backend-cadical,full,distance_closure,pairwise,distance_closure,NonIncrementalSAT,CaDiCaL,1.5.3,imp12+,span_threshold,total_break_groups_subject_to_range_at_most_2,BGD2,IC12P,873957,0,0,1117,118371,126238,63012,,0,580,7,,,,,,7,24564,49616,123262,95896,23.249625113000548,6,"formalism-specific model size: SAT/MaxSAT reports base CNF and soft clauses, MIP reports variables/linear constraints/nonzeros, and CP reports integer variables plus linear/global constraints; SAT bound/totalizer overhead remains separate in optimizer_added_*",3234,2446,2446,3234,0,0,0,0,0,0,0,1,0.074302,0.002236,0.396869,,0.399105,23.613873,"wall-clock from immediately before reading/parsing the .dzn instance through model construction, optimization, solution decoding, and independent validation; excludes worker-process startup and result-file export",4,4,4,1,1,"0,0,0,0,0,0,0,0,0,0,0,0,0,0,0,0,0,0,0,0,0,0,0,0,0,0,0,0,0,0,0,0,0,0,0,0,0,0,0,0,0,0,0,0,0,0,0,0,0,0,0,0,0,0,0,1,0,0,0,0,0,0,0,0,0,0,0,0,0,0",peak_process_tree_rss_mb,602195d241378f80b778c9aec1ba1afde3b4b8b55fb017dd735bd4baf3f0a0e7,forb0003,data_table06_forb/forum-13crafc.forb0003.dzn,2,../noves/forum-13crafc.forb0003.dzn | ../noves/ticf-13crafc.forb0003.dzn,2,data_table06_forb/forum-13crafc.forb0003.dzn | data_table06_forb/ticf-13crafc.forb0003.dzn,https://imae.udg.edu/Recerca/LAI/,https://ima.udg.edu/Recerca/lai/b2b/b2b.zip,ee1f440ab3f6db27ab712300ad3a54a31ffd5ec1e06f81a9ac37cb7202c56528,2026-08-10T10:42:19+00:00,7200.0,,ee80a6fbd8b513f7c010668495c39621a371266a,True,3.10.12,1.8.dev25,instance-20260810-085803,Linux-6.8.0-1064-gcp-x86_64-with-glibc2.35,x86_64,4,8,15988.059,1,0,/home/g24021555/Business-Meeting-Scheduling-Problem/.venv/bin/python3 /home/g24021555/Business-Meeting-Scheduling-Problem/src/Main.py --manifest instances_manifest.csv --family forbidden --solver sat_all --objective-mode bg_d2 --domain-mode both --domain-filter-graph both --precedence-encoding both --precedence-graph both --encoding-variant imp12+ --sat-backend cadical --maxsat-backend uwrmaxsat --uwrmaxsat-bin /home/g24021555/uwrmaxsat/build/release/bin/uwrmaxsat --timeout 7200 --csv output/full_matrix_bg_d2_forbidden.csv,,,,,,,,multiple,,cadical,,factorial,pairwise+distance_closure,1,58,"1,2,3,4,5,6,7,8,9,10,11,12,13,14,15,16,18,19,23,24,25,26,27,28,29,30,31,32,33,34,35,36,37,38,39,40,41,42,44,45,46,47,48,49,50,52,53,54,56,57,59,60,62,63,64,65,66,70",2446,788,0,0,"0,0,0,0,0,0,0,0,0,0,0,0,0,0,0,0,0,0,0,0,0,0,0,0,0,0,0,0,0,0,0,0,0,0,0,0,0,0,0,0,0,0,0,0,0,0,0,0,0,0,0,0,0,0,0,4,0,0,0,0,0,0,0,0,0,0,0,0,0,0","10,16,24,24,24,24,24,24,24,24,24,24,22,12,4,4,0,0,0,0,0","5,13,9,6,12,10,11,8,7,14,4,3,1,6,2,7,5,8,2,6,3,1,4,5,5,4,11,12,8,13,7,10,9,10,7,11,13,8,12,9,13,12,14,16,15,2,3,4,11,14,9,7,10,8,13,12,6,10,13,12,11,3,5,2,4,6,3,10,9,8,2,6,3,7,1,5,4,9,8,11,12,13,6,7,10,4,5,3,3,12,11,2,4,6,14,13,5,1,13,8,9,12,10,11,8,5,4,9,7,1,3,2,6,7,11,6,3,5,10,4,9,3,10,12,14,13,4,5,6,7,9,11,8,4,14,11,10,6,8,15,12,7,5,3,2,13,9,16,10,9,12,11,8,7",1:M13 M22 M75 M98 M110 | 2:M15 M19 M46 M64 M71 M92 M112 M145 | 3:M12 M21 M47 M62 M67 M73 M88 M89 M111 M117 M122 M144 | 4:M11 M23 M26 M48 M65 M77 M86 M93 M107 M120 M127 M134 | 5:M1 M17 M24 M25 M63 M76 M87 M97 M106 M118 M128 M143 | 6:M4 M14 M20 M57 M66 M72 M83 M94 M113 M116 M129 M138 | 7:M9 M16 M31 M35 M52 M74 M84 M109 M114 M130 M142 M154 | 8:M8 M18 M29 M38 M54 M70 M79 M100 M105 M133 M139 M153 | 9:M3 M33 M40 M51 M69 M78 M101 M108 M121 M131 M147 M150 | 10:M6 M32 M34 M53 M58 M68 M85 M103 M119 M123 M137 M149 | 11:M7 M27 M36 M49 M61 M80 M91 M104 M115 M132 M136 M152 | 12:M5 M28 M39 M42 M56 M60 M81 M90 M102 M124 M141 M151 | 13:M2 M30 M37 M41 M55 M59 M82 M96 M99 M126 M146 | 14:M10 M43 M50 M95 M125 M135 | 15:M45 M140 | 16:M44 M148 | 17: | 18: | 19: | 20: | 21:,"journal objective family: bg_d2 | F-selected distance-labelled E* domain propagation and cycle detection | precedence configuration: F=distance_closure, P=pairwise, G=distance_closure | Full Domain MxT schedule variables + explicit unary exclusions | (20),(22)-(27) exactly once over full domains | (22)-(27) session/fixed/forbidden exclusions as hard unit clauses | (19) participant atMost-one per slot | (46),(47) clustered table capacity with compact forward channeling | (28) Pairwise precedence over distance_closure distance-labelled relations | exact break-group ends and unary break-group thresholds | exact schedule <-> usedSlot channeling | (43) exactly |Mp| full usedSlot variables | (44) atMost 2|L| busy participants per slot | (45) exact even number of busy participants | historical hard cap Delta_G <= 2",1,"(1,)",result
,,,,,,,,,forum-13crafc.forb0003,b2b-602195d241378f80,b2b-lineage-forum-13crafc,forbidden,F-PW-DC-ST-BGD2-UW-IC12P,Full,Filter-E*,Pairwise,DistanceClosure-E*,SpanThreshold,BreakGroupsD2,UWrMaxSAT,IC12+,OPTIMAL,SAT,1,1,bg_d2,1,1,1,,,1,1,7.003338,False,253.23,,,,Compact,Compact/Full,project_implementation,one-shot weighted MaxSAT,152339,,,,,,,308738,580,309318,3234,149105,874537,59,cfg5__m-full__p-pairwise__g-distance_closure__b-span_threshold__o-break_groups_d2__s-uwrmaxsat__i-imp12plus__backend-uwrmaxsat,cfg5__m-full__p-pairwise__g-distance_closure__b-span_threshold__o-break_groups_d2__s-uwrmaxsat__i-imp12plus__backend-uwrmaxsat,full,distance_closure,pairwise,distance_closure,UWrMaxSAT,UWrMaxSAT,binary-sha256:8c68c8a386d3d7847b50d315143c2bab60e3514e59510e84a649db83cb303876,imp12+,span_threshold,total_break_groups_subject_to_range_at_most_2,BGD2,IC12P,873957,580,1,1117,118371,126238,63012,1,580,580,1,,,,,,0,0,0,0,0,,,"formalism-specific model size: SAT/MaxSAT reports base CNF and soft clauses, MIP reports variables/linear constraints/nonzeros, and CP reports integer variables plus linear/global constraints; SAT bound/totalizer overhead remains separate in optimizer_added_*",3234,2446,2446,3234,0,0,0,0,0,0,0,1,0.076482,0.002413,0.421348,,0.423761,6.579576,"wall-clock from immediately before reading/parsing the .dzn instance through model construction, optimization, solution decoding, and independent validation; excludes worker-process startup and result-file export",5,5,5,1,1,"0,0,0,0,0,0,0,0,0,0,0,0,0,0,0,0,0,0,0,0,0,0,0,0,0,0,1,0,0,0,0,0,0,0,0,0,0,0,0,0,0,0,0,0,0,0,0,0,0,0,0,0,0,0,0,0,0,0,0,0,0,0,0,0,0,0,0,0,0,0",peak_process_tree_rss_mb,602195d241378f80b778c9aec1ba1afde3b4b8b55fb017dd735bd4baf3f0a0e7,forb0003,data_table06_forb/forum-13crafc.forb0003.dzn,2,../noves/forum-13crafc.forb0003.dzn | ../noves/ticf-13crafc.forb0003.dzn,2,data_table06_forb/forum-13crafc.forb0003.dzn | data_table06_forb/ticf-13crafc.forb0003.dzn,https://imae.udg.edu/Recerca/LAI/,https://ima.udg.edu/Recerca/lai/b2b/b2b.zip,ee1f440ab3f6db27ab712300ad3a54a31ffd5ec1e06f81a9ac37cb7202c56528,2026-08-10T10:42:19+00:00,7200.0,,ee80a6fbd8b513f7c010668495c39621a371266a,True,3.10.12,1.8.dev25,instance-20260810-085803,Linux-6.8.0-1064-gcp-x86_64-with-glibc2.35,x86_64,4,8,15988.059,1,0,/home/g24021555/Business-Meeting-Scheduling-Problem/.venv/bin/python3 /home/g24021555/Business-Meeting-Scheduling-Problem/src/Main.py --manifest instances_manifest.csv --family forbidden --solver sat_all --objective-mode bg_d2 --domain-mode both --domain-filter-graph both --precedence-encoding both --precedence-graph both --encoding-variant imp12+ --sat-backend cadical --maxsat-backend uwrmaxsat --uwrmaxsat-bin /home/g24021555/uwrmaxsat/build/release/bin/uwrmaxsat --timeout 7200 --csv output/full_matrix_bg_d2_forbidden.csv,/home/g24021555/uwrmaxsat/build/release/bin/uwrmaxsat,8c68c8a386d3d7847b50d315143c2bab60e3514e59510e84a649db83cb303876,/home/g24021555/uwrmaxsat/build/release/bin/uwrmaxsat -m /tmp/b2b_uwrmaxsat_pz7bk38l/forum-13crafc.forb0003.wcnf,,process exit code=30,,,maxsat,uwrmaxsat,,/home/g24021555/uwrmaxsat/build/release/bin/uwrmaxsat,factorial,pairwise+distance_closure,1,58,"1,2,3,4,5,6,7,8,9,10,11,12,13,14,15,16,18,19,23,24,25,26,27,28,29,30,31,32,33,34,35,36,37,38,39,40,41,42,44,45,46,47,48,49,50,52,53,54,56,57,59,60,62,63,64,65,66,70",2446,788,0,0,"0,0,0,0,0,0,0,0,0,0,0,0,0,0,0,0,0,0,0,0,0,0,0,0,0,0,5,0,0,0,0,0,0,0,0,0,0,0,0,0,0,0,0,0,0,0,0,0,0,0,0,0,0,0,0,0,0,0,0,0,0,0,0,0,0,0,0,0,0,0","14,18,22,24,24,24,24,24,24,24,24,24,20,10,6,2,0,0,0,0,0","4,5,12,6,11,7,9,8,10,14,3,4,6,5,1,7,8,2,1,6,3,2,5,4,6,7,8,13,7,10,9,12,11,4,5,12,13,3,11,2,12,13,14,16,15,1,3,2,5,10,9,7,6,3,11,8,4,11,13,12,10,2,10,14,12,13,11,10,7,8,5,9,11,12,3,4,6,9,6,12,11,13,8,4,7,10,3,5,3,6,7,5,2,9,10,4,1,8,12,11,8,13,10,9,9,4,6,1,8,5,3,7,2,6,5,9,2,4,7,3,1,7,12,15,14,9,13,10,5,4,11,6,8,2,7,11,9,4,10,13,3,8,6,12,1,14,5,15,13,8,11,12,10,9",1:M15 M19 M46 M97 M108 M121 M145 | 2:M18 M22 M40 M48 M62 M93 M113 M117 M134 | 3:M11 M21 M38 M47 M54 M75 M87 M89 M111 M120 M141 | 4:M1 M12 M24 M34 M57 M76 M84 M96 M106 M118 M130 M138 | 5:M2 M14 M23 M35 M49 M71 M88 M92 M110 M115 M129 M147 | 6:M4 M13 M20 M25 M53 M77 M79 M90 M107 M114 M132 M143 | 7:M6 M16 M26 M29 M52 M69 M85 M91 M112 M119 M122 M135 | 8:M8 M17 M27 M56 M70 M83 M98 M101 M109 M133 M142 M150 | 9:M7 M31 M51 M72 M78 M94 M104 M105 M116 M126 M137 M154 | 10:M9 M30 M50 M61 M63 M68 M86 M95 M103 M128 M139 M153 | 11:M5 M33 M39 M55 M58 M67 M73 M81 M100 M131 M136 M151 | 12:M3 M32 M36 M41 M60 M65 M74 M80 M99 M123 M144 M152 | 13:M28 M37 M42 M59 M66 M82 M102 M127 M140 M149 | 14:M10 M43 M64 M125 M146 | 15:M45 M124 M148 | 16:M44 | 17: | 18: | 19: | 20: | 21:,"journal objective family: bg_d2 | F-selected distance-labelled E* domain propagation and cycle detection | precedence configuration: F=distance_closure, P=pairwise, G=distance_closure | Full Domain MxT schedule variables + explicit unary exclusions | (20),(22)-(27) exactly once over full domains | (22)-(27) session/fixed/forbidden exclusions as hard unit clauses | (19) participant atMost-one per slot | (46),(47) clustered table capacity with compact forward channeling | (28) Pairwise precedence over distance_closure distance-labelled relations | exact break-group ends and unary break-group thresholds | exact schedule <-> usedSlot channeling | (43) exactly |Mp| full usedSlot variables | (44) atMost 2|L| busy participants per slot | (45) exact even number of busy participants | historical hard cap Delta_G <= 2",,,result
,,,,,,,,,forum-13crafc.forb0003,b2b-602195d241378f80,b2b-lineage-forum-13crafc,forbidden,F-SS-DE-ST-BGD2-IS-CD-IC12P,Full,Filter-E*,SparseSuffix,Direct-E,SpanThreshold,BreakGroupsD2,IncrementalSAT,IC12+,OPTIMAL,SAT,1,1,bg_d2,1,1,1,,,,,10.680364,False,215.23,,,,Compact,Compact/Full,project_implementation,incremental multi-phase SAT with persistent solver state,152339,,,,,,,308738,0,308738,3234,149105,873957,59,cfg5__m-full__p-sparse_suffix__g-direct__b-span_threshold__o-break_groups_d2__s-incrementalsat__i-imp12plus__backend-cadical,cfg5__m-full__p-sparse_suffix__g-direct__b-span_threshold__o-break_groups_d2__s-incrementalsat__i-imp12plus__backend-cadical,full,distance_closure,sparse_suffix,direct,IncrementalSAT,CaDiCaL,1.5.3,imp12+,span_threshold,total_break_groups_subject_to_range_at_most_2,BGD2,IC12P,873957,0,0,1117,118371,126238,63012,,0,580,7,,,,,,1,4248,54788,159631,54788,9.899141967000105,6,"formalism-specific model size: SAT/MaxSAT reports base CNF and soft clauses, MIP reports variables/linear constraints/nonzeros, and CP reports integer variables plus linear/global constraints; SAT bound/totalizer overhead remains separate in optimizer_added_*",3234,2446,2446,3234,0,0,0,0,0,0,0,1,0.077286,0.002429,0.423284,,0.425713,10.25465,"wall-clock from immediately before reading/parsing the .dzn instance through model construction, optimization, solution decoding, and independent validation; excludes worker-process startup and result-file export",7,7,7,1,1,"0,0,0,0,0,0,0,0,0,0,0,0,0,0,0,0,0,0,0,0,0,0,0,0,0,0,0,0,0,0,0,0,0,0,0,0,0,0,0,0,0,0,0,0,0,0,0,0,0,0,0,0,0,0,0,0,0,0,0,0,0,0,0,0,0,0,0,0,0,1",peak_process_tree_rss_mb,602195d241378f80b778c9aec1ba1afde3b4b8b55fb017dd735bd4baf3f0a0e7,forb0003,data_table06_forb/forum-13crafc.forb0003.dzn,2,../noves/forum-13crafc.forb0003.dzn | ../noves/ticf-13crafc.forb0003.dzn,2,data_table06_forb/forum-13crafc.forb0003.dzn | data_table06_forb/ticf-13crafc.forb0003.dzn,https://imae.udg.edu/Recerca/LAI/,https://ima.udg.edu/Recerca/lai/b2b/b2b.zip,ee1f440ab3f6db27ab712300ad3a54a31ffd5ec1e06f81a9ac37cb7202c56528,2026-08-10T10:42:19+00:00,7200.0,,ee80a6fbd8b513f7c010668495c39621a371266a,True,3.10.12,1.8.dev25,instance-20260810-085803,Linux-6.8.0-1064-gcp-x86_64-with-glibc2.35,x86_64,4,8,15988.059,1,0,/home/g24021555/Business-Meeting-Scheduling-Problem/.venv/bin/python3 /home/g24021555/Business-Meeting-Scheduling-Problem/src/Main.py --manifest instances_manifest.csv --family forbidden --solver sat_all --objective-mode bg_d2 --domain-mode both --domain-filter-graph both --precedence-encoding both --precedence-graph both --encoding-variant imp12+ --sat-backend cadical --maxsat-backend uwrmaxsat --uwrmaxsat-bin /home/g24021555/uwrmaxsat/build/release/bin/uwrmaxsat --timeout 7200 --csv output/full_matrix_bg_d2_forbidden.csv,,,,,,,,incremental,,cadical,,factorial,sparse_suffix+direct,1,58,"1,2,3,4,5,6,7,8,9,10,11,12,13,14,15,16,18,19,23,24,25,26,27,28,29,30,31,32,33,34,35,36,37,38,39,40,41,42,44,45,46,47,48,49,50,52,53,54,56,57,59,60,62,63,64,65,66,70",2446,788,0,0,"0,0,0,0,0,0,0,0,0,0,0,0,0,0,0,0,0,0,0,0,0,0,0,0,0,0,0,0,0,0,0,0,0,0,0,0,0,0,0,0,0,0,0,0,0,0,0,0,0,0,0,0,0,0,0,0,0,0,0,0,0,0,0,0,0,0,0,0,0,7","12,14,22,24,24,24,24,24,24,24,24,24,22,10,6,4,2,0,0,0,0","3,7,4,8,9,2,5,1,6,14,12,11,14,10,17,16,15,13,2,5,3,1,4,6,3,8,10,6,9,11,5,8,7,8,10,12,7,9,13,11,12,13,14,16,15,11,7,12,4,6,7,5,10,3,11,8,9,10,13,12,11,13,2,3,5,6,4,5,2,9,10,3,8,7,6,4,1,10,6,12,11,13,3,4,9,5,7,8,5,9,8,12,4,6,11,13,10,7,13,8,9,12,10,11,7,10,9,12,4,8,11,6,5,7,9,4,5,2,6,3,1,13,5,12,14,10,4,9,3,6,11,7,8,4,11,8,3,6,9,15,12,1,10,2,7,13,5,14,13,3,4,12,2,1",1:M8 M22 M77 M121 M142 M154 | 2:M6 M19 M63 M69 M118 M144 M153 | 3:M1 M21 M25 M54 M64 M72 M83 M120 M129 M137 M150 | 4:M3 M23 M49 M67 M76 M84 M93 M109 M116 M127 M134 M151 | 5:M7 M20 M31 M52 M65 M68 M86 M89 M113 M117 M123 M147 | 6:M9 M24 M28 M50 M66 M75 M79 M94 M112 M119 M130 M138 | 7:M2 M33 M37 M47 M51 M74 M87 M98 M105 M114 M132 M145 | 8:M4 M26 M32 M34 M56 M73 M88 M91 M100 M110 M133 M136 | 9:M5 M29 M38 M57 M70 M85 M90 M101 M107 M115 M128 M139 | 10:M14 M27 M35 M53 M58 M71 M78 M97 M103 M106 M126 M143 | 11:M12 M30 M40 M46 M55 M61 M81 M95 M104 M111 M131 M135 | 12:M11 M36 M41 M48 M60 M80 M92 M102 M108 M124 M141 M152 | 13:M18 M39 M42 M59 M62 M82 M96 M99 M122 M146 M149 | 14:M10 M13 M43 M125 M148 | 15:M17 M45 M140 | 16:M16 M44 | 17:M15 | 18: | 19: | 20: | 21:,"journal objective family: bg_d2 | F-selected distance-labelled E* domain propagation and cycle detection | precedence configuration: F=distance_closure, P=sparse_suffix, G=direct | Full Domain MxT schedule variables + explicit unary exclusions | (20),(22)-(27) exactly once over full domains | (22)-(27) session/fixed/forbidden exclusions as hard unit clauses | (19) participant atMost-one per slot | (46),(47) clustered table capacity with compact forward channeling | (28) SparseSuffix precedence over direct distance-labelled relations | exact break-group ends and unary break-group thresholds | exact schedule <-> usedSlot channeling | (43) exactly |Mp| full usedSlot variables | (44) atMost 2|L| busy participants per slot | (45) exact even number of busy participants | historical hard cap Delta_G <= 2",1,"(1,)",result
,,,,,,,,,forum-13crafc.forb0003,b2b-602195d241378f80,b2b-lineage-forum-13crafc,forbidden,F-SS-DE-ST-BGD2-NIS-CD-IC12P,Full,Filter-E*,SparseSuffix,Direct-E,SpanThreshold,BreakGroupsD2,NonIncrementalSAT,IC12+,OPTIMAL,SAT,1,1,bg_d2,1,1,1,,,,,23.984412,False,238.363,,,,Compact,Compact/Full,project_implementation,restart-based multi-phase SAT,152339,,,,,,,308738,0,308738,3234,149105,873957,59,cfg5__m-full__p-sparse_suffix__g-direct__b-span_threshold__o-break_groups_d2__s-nonincrementalsat__i-imp12plus__backend-cadical,cfg5__m-full__p-sparse_suffix__g-direct__b-span_threshold__o-break_groups_d2__s-nonincrementalsat__i-imp12plus__backend-cadical,full,distance_closure,sparse_suffix,direct,NonIncrementalSAT,CaDiCaL,1.5.3,imp12+,span_threshold,total_break_groups_subject_to_range_at_most_2,BGD2,IC12P,873957,0,0,1117,118371,126238,63012,,0,580,7,,,,,,7,24564,49616,123262,95896,23.20808045600006,6,"formalism-specific model size: SAT/MaxSAT reports base CNF and soft clauses, MIP reports variables/linear constraints/nonzeros, and CP reports integer variables plus linear/global constraints; SAT bound/totalizer overhead remains separate in optimizer_added_*",3234,2446,2446,3234,0,0,0,0,0,0,0,1,0.07795,0.002151,0.406077,,0.408228,23.576184,"wall-clock from immediately before reading/parsing the .dzn instance through model construction, optimization, solution decoding, and independent validation; excludes worker-process startup and result-file export",4,4,4,1,1,"0,0,0,0,0,0,0,0,0,0,0,0,0,0,0,0,0,0,0,0,0,0,0,0,0,0,0,0,0,0,0,0,0,0,0,0,0,0,0,0,0,0,0,0,0,0,0,0,0,0,0,0,0,0,0,1,0,0,0,0,0,0,0,0,0,0,0,0,0,0",peak_process_tree_rss_mb,602195d241378f80b778c9aec1ba1afde3b4b8b55fb017dd735bd4baf3f0a0e7,forb0003,data_table06_forb/forum-13crafc.forb0003.dzn,2,../noves/forum-13crafc.forb0003.dzn | ../noves/ticf-13crafc.forb0003.dzn,2,data_table06_forb/forum-13crafc.forb0003.dzn | data_table06_forb/ticf-13crafc.forb0003.dzn,https://imae.udg.edu/Recerca/LAI/,https://ima.udg.edu/Recerca/lai/b2b/b2b.zip,ee1f440ab3f6db27ab712300ad3a54a31ffd5ec1e06f81a9ac37cb7202c56528,2026-08-10T10:42:19+00:00,7200.0,,ee80a6fbd8b513f7c010668495c39621a371266a,True,3.10.12,1.8.dev25,instance-20260810-085803,Linux-6.8.0-1064-gcp-x86_64-with-glibc2.35,x86_64,4,8,15988.059,1,0,/home/g24021555/Business-Meeting-Scheduling-Problem/.venv/bin/python3 /home/g24021555/Business-Meeting-Scheduling-Problem/src/Main.py --manifest instances_manifest.csv --family forbidden --solver sat_all --objective-mode bg_d2 --domain-mode both --domain-filter-graph both --precedence-encoding both --precedence-graph both --encoding-variant imp12+ --sat-backend cadical --maxsat-backend uwrmaxsat --uwrmaxsat-bin /home/g24021555/uwrmaxsat/build/release/bin/uwrmaxsat --timeout 7200 --csv output/full_matrix_bg_d2_forbidden.csv,,,,,,,,multiple,,cadical,,factorial,sparse_suffix+direct,1,58,"1,2,3,4,5,6,7,8,9,10,11,12,13,14,15,16,18,19,23,24,25,26,27,28,29,30,31,32,33,34,35,36,37,38,39,40,41,42,44,45,46,47,48,49,50,52,53,54,56,57,59,60,62,63,64,65,66,70",2446,788,0,0,"0,0,0,0,0,0,0,0,0,0,0,0,0,0,0,0,0,0,0,0,0,0,0,0,0,0,0,0,0,0,0,0,0,0,0,0,0,0,0,0,0,0,0,0,0,0,0,0,0,0,0,0,0,0,0,4,0,0,0,0,0,0,0,0,0,0,0,0,0,0","10,16,24,24,24,24,24,24,24,24,24,24,22,12,4,4,0,0,0,0,0","5,13,9,6,12,10,11,8,7,14,4,3,1,6,2,7,5,8,2,6,3,1,4,5,5,4,11,12,8,13,7,10,9,10,7,11,13,8,12,9,13,12,14,16,15,2,3,4,11,14,9,7,10,8,13,12,6,10,13,12,11,3,5,2,4,6,3,10,9,8,2,6,3,7,1,5,4,9,8,11,12,13,6,7,10,4,5,3,3,12,11,2,4,6,14,13,5,1,13,8,9,12,10,11,8,5,4,9,7,1,3,2,6,7,11,6,3,5,10,4,9,3,10,12,14,13,4,5,6,7,9,11,8,4,14,11,10,6,8,15,12,7,5,3,2,13,9,16,10,9,12,11,8,7",1:M13 M22 M75 M98 M110 | 2:M15 M19 M46 M64 M71 M92 M112 M145 | 3:M12 M21 M47 M62 M67 M73 M88 M89 M111 M117 M122 M144 | 4:M11 M23 M26 M48 M65 M77 M86 M93 M107 M120 M127 M134 | 5:M1 M17 M24 M25 M63 M76 M87 M97 M106 M118 M128 M143 | 6:M4 M14 M20 M57 M66 M72 M83 M94 M113 M116 M129 M138 | 7:M9 M16 M31 M35 M52 M74 M84 M109 M114 M130 M142 M154 | 8:M8 M18 M29 M38 M54 M70 M79 M100 M105 M133 M139 M153 | 9:M3 M33 M40 M51 M69 M78 M101 M108 M121 M131 M147 M150 | 10:M6 M32 M34 M53 M58 M68 M85 M103 M119 M123 M137 M149 | 11:M7 M27 M36 M49 M61 M80 M91 M104 M115 M132 M136 M152 | 12:M5 M28 M39 M42 M56 M60 M81 M90 M102 M124 M141 M151 | 13:M2 M30 M37 M41 M55 M59 M82 M96 M99 M126 M146 | 14:M10 M43 M50 M95 M125 M135 | 15:M45 M140 | 16:M44 M148 | 17: | 18: | 19: | 20: | 21:,"journal objective family: bg_d2 | F-selected distance-labelled E* domain propagation and cycle detection | precedence configuration: F=distance_closure, P=sparse_suffix, G=direct | Full Domain MxT schedule variables + explicit unary exclusions | (20),(22)-(27) exactly once over full domains | (22)-(27) session/fixed/forbidden exclusions as hard unit clauses | (19) participant atMost-one per slot | (46),(47) clustered table capacity with compact forward channeling | (28) SparseSuffix precedence over direct distance-labelled relations | exact break-group ends and unary break-group thresholds | exact schedule <-> usedSlot channeling | (43) exactly |Mp| full usedSlot variables | (44) atMost 2|L| busy participants per slot | (45) exact even number of busy participants | historical hard cap Delta_G <= 2",1,"(1,)",result
,,,,,,,,,forum-13crafc.forb0003,b2b-602195d241378f80,b2b-lineage-forum-13crafc,forbidden,F-SS-DE-ST-BGD2-UW-IC12P,Full,Filter-E*,SparseSuffix,Direct-E,SpanThreshold,BreakGroupsD2,UWrMaxSAT,IC12+,OPTIMAL,SAT,1,1,bg_d2,1,1,1,,,1,1,6.907535,False,253.215,,,,Compact,Compact/Full,project_implementation,one-shot weighted MaxSAT,152339,,,,,,,308738,580,309318,3234,149105,874537,59,cfg5__m-full__p-sparse_suffix__g-direct__b-span_threshold__o-break_groups_d2__s-uwrmaxsat__i-imp12plus__backend-uwrmaxsat,cfg5__m-full__p-sparse_suffix__g-direct__b-span_threshold__o-break_groups_d2__s-uwrmaxsat__i-imp12plus__backend-uwrmaxsat,full,distance_closure,sparse_suffix,direct,UWrMaxSAT,UWrMaxSAT,binary-sha256:8c68c8a386d3d7847b50d315143c2bab60e3514e59510e84a649db83cb303876,imp12+,span_threshold,total_break_groups_subject_to_range_at_most_2,BGD2,IC12P,873957,580,1,1117,118371,126238,63012,1,580,580,1,,,,,,0,0,0,0,0,,,"formalism-specific model size: SAT/MaxSAT reports base CNF and soft clauses, MIP reports variables/linear constraints/nonzeros, and CP reports integer variables plus linear/global constraints; SAT bound/totalizer overhead remains separate in optimizer_added_*",3234,2446,2446,3234,0,0,0,0,0,0,0,1,0.075585,0.002433,0.40855,,0.410983,6.496552,"wall-clock from immediately before reading/parsing the .dzn instance through model construction, optimization, solution decoding, and independent validation; excludes worker-process startup and result-file export",5,5,5,1,1,"0,0,0,0,0,0,0,0,0,0,0,0,0,0,0,0,0,0,0,0,0,0,0,0,0,0,1,0,0,0,0,0,0,0,0,0,0,0,0,0,0,0,0,0,0,0,0,0,0,0,0,0,0,0,0,0,0,0,0,0,0,0,0,0,0,0,0,0,0,0",peak_process_tree_rss_mb,602195d241378f80b778c9aec1ba1afde3b4b8b55fb017dd735bd4baf3f0a0e7,forb0003,data_table06_forb/forum-13crafc.forb0003.dzn,2,../noves/forum-13crafc.forb0003.dzn | ../noves/ticf-13crafc.forb0003.dzn,2,data_table06_forb/forum-13crafc.forb0003.dzn | data_table06_forb/ticf-13crafc.forb0003.dzn,https://imae.udg.edu/Recerca/LAI/,https://ima.udg.edu/Recerca/lai/b2b/b2b.zip,ee1f440ab3f6db27ab712300ad3a54a31ffd5ec1e06f81a9ac37cb7202c56528,2026-08-10T10:42:19+00:00,7200.0,,ee80a6fbd8b513f7c010668495c39621a371266a,True,3.10.12,1.8.dev25,instance-20260810-085803,Linux-6.8.0-1064-gcp-x86_64-with-glibc2.35,x86_64,4,8,15988.059,1,0,/home/g24021555/Business-Meeting-Scheduling-Problem/.venv/bin/python3 /home/g24021555/Business-Meeting-Scheduling-Problem/src/Main.py --manifest instances_manifest.csv --family forbidden --solver sat_all --objective-mode bg_d2 --domain-mode both --domain-filter-graph both --precedence-encoding both --precedence-graph both --encoding-variant imp12+ --sat-backend cadical --maxsat-backend uwrmaxsat --uwrmaxsat-bin /home/g24021555/uwrmaxsat/build/release/bin/uwrmaxsat --timeout 7200 --csv output/full_matrix_bg_d2_forbidden.csv,/home/g24021555/uwrmaxsat/build/release/bin/uwrmaxsat,8c68c8a386d3d7847b50d315143c2bab60e3514e59510e84a649db83cb303876,/home/g24021555/uwrmaxsat/build/release/bin/uwrmaxsat -m /tmp/b2b_uwrmaxsat__dp0siu_/forum-13crafc.forb0003.wcnf,,process exit code=30,,,maxsat,uwrmaxsat,,/home/g24021555/uwrmaxsat/build/release/bin/uwrmaxsat,factorial,sparse_suffix+direct,1,58,"1,2,3,4,5,6,7,8,9,10,11,12,13,14,15,16,18,19,23,24,25,26,27,28,29,30,31,32,33,34,35,36,37,38,39,40,41,42,44,45,46,47,48,49,50,52,53,54,56,57,59,60,62,63,64,65,66,70",2446,788,0,0,"0,0,0,0,0,0,0,0,0,0,0,0,0,0,0,0,0,0,0,0,0,0,0,0,0,0,5,0,0,0,0,0,0,0,0,0,0,0,0,0,0,0,0,0,0,0,0,0,0,0,0,0,0,0,0,0,0,0,0,0,0,0,0,0,0,0,0,0,0,0","14,18,22,24,24,24,24,24,24,24,24,24,20,10,6,2,0,0,0,0,0","4,5,12,6,11,7,9,8,10,14,3,4,6,5,1,7,8,2,1,6,3,2,5,4,6,7,8,13,7,10,9,12,11,4,5,12,13,3,11,2,12,13,14,16,15,1,3,2,5,10,9,7,6,3,11,8,4,11,13,12,10,2,10,14,12,13,11,10,7,8,5,9,11,12,3,4,6,9,6,12,11,13,8,4,7,10,3,5,3,6,7,5,2,9,10,4,1,8,12,11,8,13,10,9,9,4,6,1,8,5,3,7,2,6,5,9,2,4,7,3,1,7,12,15,14,9,13,10,5,4,11,6,8,2,7,11,9,4,10,13,3,8,6,12,1,14,5,15,13,8,11,12,10,9",1:M15 M19 M46 M97 M108 M121 M145 | 2:M18 M22 M40 M48 M62 M93 M113 M117 M134 | 3:M11 M21 M38 M47 M54 M75 M87 M89 M111 M120 M141 | 4:M1 M12 M24 M34 M57 M76 M84 M96 M106 M118 M130 M138 | 5:M2 M14 M23 M35 M49 M71 M88 M92 M110 M115 M129 M147 | 6:M4 M13 M20 M25 M53 M77 M79 M90 M107 M114 M132 M143 | 7:M6 M16 M26 M29 M52 M69 M85 M91 M112 M119 M122 M135 | 8:M8 M17 M27 M56 M70 M83 M98 M101 M109 M133 M142 M150 | 9:M7 M31 M51 M72 M78 M94 M104 M105 M116 M126 M137 M154 | 10:M9 M30 M50 M61 M63 M68 M86 M95 M103 M128 M139 M153 | 11:M5 M33 M39 M55 M58 M67 M73 M81 M100 M131 M136 M151 | 12:M3 M32 M36 M41 M60 M65 M74 M80 M99 M123 M144 M152 | 13:M28 M37 M42 M59 M66 M82 M102 M127 M140 M149 | 14:M10 M43 M64 M125 M146 | 15:M45 M124 M148 | 16:M44 | 17: | 18: | 19: | 20: | 21:,"journal objective family: bg_d2 | F-selected distance-labelled E* domain propagation and cycle detection | precedence configuration: F=distance_closure, P=sparse_suffix, G=direct | Full Domain MxT schedule variables + explicit unary exclusions | (20),(22)-(27) exactly once over full domains | (22)-(27) session/fixed/forbidden exclusions as hard unit clauses | (19) participant atMost-one per slot | (46),(47) clustered table capacity with compact forward channeling | (28) SparseSuffix precedence over direct distance-labelled relations | exact break-group ends and unary break-group thresholds | exact schedule <-> usedSlot channeling | (43) exactly |Mp| full usedSlot variables | (44) atMost 2|L| busy participants per slot | (45) exact even number of busy participants | historical hard cap Delta_G <= 2",,,result
,,,,,,,,,forum-13crafc.forb0003,b2b-602195d241378f80,b2b-lineage-forum-13crafc,forbidden,F-SS-DC-ST-BGD2-IS-CD-IC12P,Full,Filter-E*,SparseSuffix,DistanceClosure-E*,SpanThreshold,BreakGroupsD2,IncrementalSAT,IC12+,OPTIMAL,SAT,1,1,bg_d2,1,1,1,,,,,10.88107,False,216.973,,,,Compact,Compact/Full,project_implementation,incremental multi-phase SAT with persistent solver state,152339,,,,,,,308738,0,308738,3234,149105,873957,59,cfg5__m-full__p-sparse_suffix__g-distance_closure__b-span_threshold__o-break_groups_d2__s-incrementalsat__i-imp12plus__backend-cadical,cfg5__m-full__p-sparse_suffix__g-distance_closure__b-span_threshold__o-break_groups_d2__s-incrementalsat__i-imp12plus__backend-cadical,full,distance_closure,sparse_suffix,distance_closure,IncrementalSAT,CaDiCaL,1.5.3,imp12+,span_threshold,total_break_groups_subject_to_range_at_most_2,BGD2,IC12P,873957,0,0,1117,118371,126238,63012,,0,580,7,,,,,,1,4248,54788,159631,54788,10.107903956999507,6,"formalism-specific model size: SAT/MaxSAT reports base CNF and soft clauses, MIP reports variables/linear constraints/nonzeros, and CP reports integer variables plus linear/global constraints; SAT bound/totalizer overhead remains separate in optimizer_added_*",3234,2446,2446,3234,0,0,0,0,0,0,0,1,0.075088,0.002414,0.412646,,0.41506,10.466011,"wall-clock from immediately before reading/parsing the .dzn instance through model construction, optimization, solution decoding, and independent validation; excludes worker-process startup and result-file export",7,7,7,1,1,"0,0,0,0,0,0,0,0,0,0,0,0,0,0,0,0,0,0,0,0,0,0,0,0,0,0,0,0,0,0,0,0,0,0,0,0,0,0,0,0,0,0,0,0,0,0,0,0,0,0,0,0,0,0,0,0,0,0,0,0,0,0,0,0,0,0,0,0,0,1",peak_process_tree_rss_mb,602195d241378f80b778c9aec1ba1afde3b4b8b55fb017dd735bd4baf3f0a0e7,forb0003,data_table06_forb/forum-13crafc.forb0003.dzn,2,../noves/forum-13crafc.forb0003.dzn | ../noves/ticf-13crafc.forb0003.dzn,2,data_table06_forb/forum-13crafc.forb0003.dzn | data_table06_forb/ticf-13crafc.forb0003.dzn,https://imae.udg.edu/Recerca/LAI/,https://ima.udg.edu/Recerca/lai/b2b/b2b.zip,ee1f440ab3f6db27ab712300ad3a54a31ffd5ec1e06f81a9ac37cb7202c56528,2026-08-10T10:42:19+00:00,7200.0,,ee80a6fbd8b513f7c010668495c39621a371266a,True,3.10.12,1.8.dev25,instance-20260810-085803,Linux-6.8.0-1064-gcp-x86_64-with-glibc2.35,x86_64,4,8,15988.059,1,0,/home/g24021555/Business-Meeting-Scheduling-Problem/.venv/bin/python3 /home/g24021555/Business-Meeting-Scheduling-Problem/src/Main.py --manifest instances_manifest.csv --family forbidden --solver sat_all --objective-mode bg_d2 --domain-mode both --domain-filter-graph both --precedence-encoding both --precedence-graph both --encoding-variant imp12+ --sat-backend cadical --maxsat-backend uwrmaxsat --uwrmaxsat-bin /home/g24021555/uwrmaxsat/build/release/bin/uwrmaxsat --timeout 7200 --csv output/full_matrix_bg_d2_forbidden.csv,,,,,,,,incremental,,cadical,,staircase,sparse_suffix+distance_closure,1,58,"1,2,3,4,5,6,7,8,9,10,11,12,13,14,15,16,18,19,23,24,25,26,27,28,29,30,31,32,33,34,35,36,37,38,39,40,41,42,44,45,46,47,48,49,50,52,53,54,56,57,59,60,62,63,64,65,66,70",2446,788,0,0,"0,0,0,0,0,0,0,0,0,0,0,0,0,0,0,0,0,0,0,0,0,0,0,0,0,0,0,0,0,0,0,0,0,0,0,0,0,0,0,0,0,0,0,0,0,0,0,0,0,0,0,0,0,0,0,0,0,0,0,0,0,0,0,0,0,0,0,0,0,7","12,14,22,24,24,24,24,24,24,24,24,24,22,10,6,4,2,0,0,0,0","3,7,4,8,9,2,5,1,6,14,12,11,14,10,17,16,15,13,2,5,3,1,4,6,3,8,10,6,9,11,5,8,7,8,10,12,7,9,13,11,12,13,14,16,15,11,7,12,4,6,7,5,10,3,11,8,9,10,13,12,11,13,2,3,5,6,4,5,2,9,10,3,8,7,6,4,1,10,6,12,11,13,3,4,9,5,7,8,5,9,8,12,4,6,11,13,10,7,13,8,9,12,10,11,7,10,9,12,4,8,11,6,5,7,9,4,5,2,6,3,1,13,5,12,14,10,4,9,3,6,11,7,8,4,11,8,3,6,9,15,12,1,10,2,7,13,5,14,13,3,4,12,2,1",1:M8 M22 M77 M121 M142 M154 | 2:M6 M19 M63 M69 M118 M144 M153 | 3:M1 M21 M25 M54 M64 M72 M83 M120 M129 M137 M150 | 4:M3 M23 M49 M67 M76 M84 M93 M109 M116 M127 M134 M151 | 5:M7 M20 M31 M52 M65 M68 M86 M89 M113 M117 M123 M147 | 6:M9 M24 M28 M50 M66 M75 M79 M94 M112 M119 M130 M138 | 7:M2 M33 M37 M47 M51 M74 M87 M98 M105 M114 M132 M145 | 8:M4 M26 M32 M34 M56 M73 M88 M91 M100 M110 M133 M136 | 9:M5 M29 M38 M57 M70 M85 M90 M101 M107 M115 M128 M139 | 10:M14 M27 M35 M53 M58 M71 M78 M97 M103 M106 M126 M143 | 11:M12 M30 M40 M46 M55 M61 M81 M95 M104 M111 M131 M135 | 12:M11 M36 M41 M48 M60 M80 M92 M102 M108 M124 M141 M152 | 13:M18 M39 M42 M59 M62 M82 M96 M99 M122 M146 M149 | 14:M10 M13 M43 M125 M148 | 15:M17 M45 M140 | 16:M16 M44 | 17:M15 | 18: | 19: | 20: | 21:,"journal objective family: bg_d2 | F-selected distance-labelled E* domain propagation and cycle detection | precedence configuration: F=distance_closure, P=sparse_suffix, G=distance_closure | Full Domain MxT schedule variables + explicit unary exclusions | (20),(22)-(27) exactly once over full domains | (22)-(27) session/fixed/forbidden exclusions as hard unit clauses | (19) participant atMost-one per slot | (46),(47) clustered table capacity with compact forward channeling | (28) SparseSuffix precedence over distance_closure distance-labelled relations | exact break-group ends and unary break-group thresholds | exact schedule <-> usedSlot channeling | (43) exactly |Mp| full usedSlot variables | (44) atMost 2|L| busy participants per slot | (45) exact even number of busy participants | historical hard cap Delta_G <= 2",1,"(1,)",result
,,,,,,,,,forum-13crafc.forb0003,b2b-602195d241378f80,b2b-lineage-forum-13crafc,forbidden,F-SS-DC-ST-BGD2-NIS-CD-IC12P,Full,Filter-E*,SparseSuffix,DistanceClosure-E*,SpanThreshold,BreakGroupsD2,NonIncrementalSAT,IC12+,OPTIMAL,SAT,1,1,bg_d2,1,1,1,,,,,24.633809,False,227.109,,,,Compact,Compact/Full,project_implementation,restart-based multi-phase SAT,152339,,,,,,,308738,0,308738,3234,149105,873957,59,cfg5__m-full__p-sparse_suffix__g-distance_closure__b-span_threshold__o-break_groups_d2__s-nonincrementalsat__i-imp12plus__backend-cadical,cfg5__m-full__p-sparse_suffix__g-distance_closure__b-span_threshold__o-break_groups_d2__s-nonincrementalsat__i-imp12plus__backend-cadical,full,distance_closure,sparse_suffix,distance_closure,NonIncrementalSAT,CaDiCaL,1.5.3,imp12+,span_threshold,total_break_groups_subject_to_range_at_most_2,BGD2,IC12P,873957,0,0,1117,118371,126238,63012,,0,580,7,,,,,,7,24564,49616,123262,95896,23.82799874400007,6,"formalism-specific model size: SAT/MaxSAT reports base CNF and soft clauses, MIP reports variables/linear constraints/nonzeros, and CP reports integer variables plus linear/global constraints; SAT bound/totalizer overhead remains separate in optimizer_added_*",3234,2446,2446,3234,0,0,0,0,0,0,0,1,0.075526,0.002164,0.417771,,0.419935,24.213874,"wall-clock from immediately before reading/parsing the .dzn instance through model construction, optimization, solution decoding, and independent validation; excludes worker-process startup and result-file export",4,4,4,1,1,"0,0,0,0,0,0,0,0,0,0,0,0,0,0,0,0,0,0,0,0,0,0,0,0,0,0,0,0,0,0,0,0,0,0,0,0,0,0,0,0,0,0,0,0,0,0,0,0,0,0,0,0,0,0,0,1,0,0,0,0,0,0,0,0,0,0,0,0,0,0",peak_process_tree_rss_mb,602195d241378f80b778c9aec1ba1afde3b4b8b55fb017dd735bd4baf3f0a0e7,forb0003,data_table06_forb/forum-13crafc.forb0003.dzn,2,../noves/forum-13crafc.forb0003.dzn | ../noves/ticf-13crafc.forb0003.dzn,2,data_table06_forb/forum-13crafc.forb0003.dzn | data_table06_forb/ticf-13crafc.forb0003.dzn,https://imae.udg.edu/Recerca/LAI/,https://ima.udg.edu/Recerca/lai/b2b/b2b.zip,ee1f440ab3f6db27ab712300ad3a54a31ffd5ec1e06f81a9ac37cb7202c56528,2026-08-10T10:42:19+00:00,7200.0,,ee80a6fbd8b513f7c010668495c39621a371266a,True,3.10.12,1.8.dev25,instance-20260810-085803,Linux-6.8.0-1064-gcp-x86_64-with-glibc2.35,x86_64,4,8,15988.059,1,0,/home/g24021555/Business-Meeting-Scheduling-Problem/.venv/bin/python3 /home/g24021555/Business-Meeting-Scheduling-Problem/src/Main.py --manifest instances_manifest.csv --family forbidden --solver sat_all --objective-mode bg_d2 --domain-mode both --domain-filter-graph both --precedence-encoding both --precedence-graph both --encoding-variant imp12+ --sat-backend cadical --maxsat-backend uwrmaxsat --uwrmaxsat-bin /home/g24021555/uwrmaxsat/build/release/bin/uwrmaxsat --timeout 7200 --csv output/full_matrix_bg_d2_forbidden.csv,,,,,,,,multiple,,cadical,,staircase,sparse_suffix+distance_closure,1,58,"1,2,3,4,5,6,7,8,9,10,11,12,13,14,15,16,18,19,23,24,25,26,27,28,29,30,31,32,33,34,35,36,37,38,39,40,41,42,44,45,46,47,48,49,50,52,53,54,56,57,59,60,62,63,64,65,66,70",2446,788,0,0,"0,0,0,0,0,0,0,0,0,0,0,0,0,0,0,0,0,0,0,0,0,0,0,0,0,0,0,0,0,0,0,0,0,0,0,0,0,0,0,0,0,0,0,0,0,0,0,0,0,0,0,0,0,0,0,4,0,0,0,0,0,0,0,0,0,0,0,0,0,0","10,16,24,24,24,24,24,24,24,24,24,24,22,12,4,4,0,0,0,0,0","5,13,9,6,12,10,11,8,7,14,4,3,1,6,2,7,5,8,2,6,3,1,4,5,5,4,11,12,8,13,7,10,9,10,7,11,13,8,12,9,13,12,14,16,15,2,3,4,11,14,9,7,10,8,13,12,6,10,13,12,11,3,5,2,4,6,3,10,9,8,2,6,3,7,1,5,4,9,8,11,12,13,6,7,10,4,5,3,3,12,11,2,4,6,14,13,5,1,13,8,9,12,10,11,8,5,4,9,7,1,3,2,6,7,11,6,3,5,10,4,9,3,10,12,14,13,4,5,6,7,9,11,8,4,14,11,10,6,8,15,12,7,5,3,2,13,9,16,10,9,12,11,8,7",1:M13 M22 M75 M98 M110 | 2:M15 M19 M46 M64 M71 M92 M112 M145 | 3:M12 M21 M47 M62 M67 M73 M88 M89 M111 M117 M122 M144 | 4:M11 M23 M26 M48 M65 M77 M86 M93 M107 M120 M127 M134 | 5:M1 M17 M24 M25 M63 M76 M87 M97 M106 M118 M128 M143 | 6:M4 M14 M20 M57 M66 M72 M83 M94 M113 M116 M129 M138 | 7:M9 M16 M31 M35 M52 M74 M84 M109 M114 M130 M142 M154 | 8:M8 M18 M29 M38 M54 M70 M79 M100 M105 M133 M139 M153 | 9:M3 M33 M40 M51 M69 M78 M101 M108 M121 M131 M147 M150 | 10:M6 M32 M34 M53 M58 M68 M85 M103 M119 M123 M137 M149 | 11:M7 M27 M36 M49 M61 M80 M91 M104 M115 M132 M136 M152 | 12:M5 M28 M39 M42 M56 M60 M81 M90 M102 M124 M141 M151 | 13:M2 M30 M37 M41 M55 M59 M82 M96 M99 M126 M146 | 14:M10 M43 M50 M95 M125 M135 | 15:M45 M140 | 16:M44 M148 | 17: | 18: | 19: | 20: | 21:,"journal objective family: bg_d2 | F-selected distance-labelled E* domain propagation and cycle detection | precedence configuration: F=distance_closure, P=sparse_suffix, G=distance_closure | Full Domain MxT schedule variables + explicit unary exclusions | (20),(22)-(27) exactly once over full domains | (22)-(27) session/fixed/forbidden exclusions as hard unit clauses | (19) participant atMost-one per slot | (46),(47) clustered table capacity with compact forward channeling | (28) SparseSuffix precedence over distance_closure distance-labelled relations | exact break-group ends and unary break-group thresholds | exact schedule <-> usedSlot channeling | (43) exactly |Mp| full usedSlot variables | (44) atMost 2|L| busy participants per slot | (45) exact even number of busy participants | historical hard cap Delta_G <= 2",1,"(1,)",result
,,,,,,,,,forum-13crafc.forb0003,b2b-602195d241378f80,b2b-lineage-forum-13crafc,forbidden,F-SS-DC-ST-BGD2-UW-IC12P,Full,Filter-E*,SparseSuffix,DistanceClosure-E*,SpanThreshold,BreakGroupsD2,UWrMaxSAT,IC12+,OPTIMAL,SAT,1,1,bg_d2,1,1,1,,,1,1,7.055353,False,253.309,,,,Compact,Compact/Full,project_implementation,one-shot weighted MaxSAT,152339,,,,,,,308738,580,309318,3234,149105,874537,59,cfg5__m-full__p-sparse_suffix__g-distance_closure__b-span_threshold__o-break_groups_d2__s-uwrmaxsat__i-imp12plus__backend-uwrmaxsat,cfg5__m-full__p-sparse_suffix__g-distance_closure__b-span_threshold__o-break_groups_d2__s-uwrmaxsat__i-imp12plus__backend-uwrmaxsat,full,distance_closure,sparse_suffix,distance_closure,UWrMaxSAT,UWrMaxSAT,binary-sha256:8c68c8a386d3d7847b50d315143c2bab60e3514e59510e84a649db83cb303876,imp12+,span_threshold,total_break_groups_subject_to_range_at_most_2,BGD2,IC12P,873957,580,1,1117,118371,126238,63012,1,580,580,1,,,,,,0,0,0,0,0,,,"formalism-specific model size: SAT/MaxSAT reports base CNF and soft clauses, MIP reports variables/linear constraints/nonzeros, and CP reports integer variables plus linear/global constraints; SAT bound/totalizer overhead remains separate in optimizer_added_*",3234,2446,2446,3234,0,0,0,0,0,0,0,1,0.075895,0.002286,0.41308,,0.415366,6.639987,"wall-clock from immediately before reading/parsing the .dzn instance through model construction, optimization, solution decoding, and independent validation; excludes worker-process startup and result-file export",5,5,5,1,1,"0,0,0,0,0,0,0,0,0,0,0,0,0,0,0,0,0,0,0,0,0,0,0,0,0,0,1,0,0,0,0,0,0,0,0,0,0,0,0,0,0,0,0,0,0,0,0,0,0,0,0,0,0,0,0,0,0,0,0,0,0,0,0,0,0,0,0,0,0,0",peak_process_tree_rss_mb,602195d241378f80b778c9aec1ba1afde3b4b8b55fb017dd735bd4baf3f0a0e7,forb0003,data_table06_forb/forum-13crafc.forb0003.dzn,2,../noves/forum-13crafc.forb0003.dzn | ../noves/ticf-13crafc.forb0003.dzn,2,data_table06_forb/forum-13crafc.forb0003.dzn | data_table06_forb/ticf-13crafc.forb0003.dzn,https://imae.udg.edu/Recerca/LAI/,https://ima.udg.edu/Recerca/lai/b2b/b2b.zip,ee1f440ab3f6db27ab712300ad3a54a31ffd5ec1e06f81a9ac37cb7202c56528,2026-08-10T10:42:19+00:00,7200.0,,ee80a6fbd8b513f7c010668495c39621a371266a,True,3.10.12,1.8.dev25,instance-20260810-085803,Linux-6.8.0-1064-gcp-x86_64-with-glibc2.35,x86_64,4,8,15988.059,1,0,/home/g24021555/Business-Meeting-Scheduling-Problem/.venv/bin/python3 /home/g24021555/Business-Meeting-Scheduling-Problem/src/Main.py --manifest instances_manifest.csv --family forbidden --solver sat_all --objective-mode bg_d2 --domain-mode both --domain-filter-graph both --precedence-encoding both --precedence-graph both --encoding-variant imp12+ --sat-backend cadical --maxsat-backend uwrmaxsat --uwrmaxsat-bin /home/g24021555/uwrmaxsat/build/release/bin/uwrmaxsat --timeout 7200 --csv output/full_matrix_bg_d2_forbidden.csv,/home/g24021555/uwrmaxsat/build/release/bin/uwrmaxsat,8c68c8a386d3d7847b50d315143c2bab60e3514e59510e84a649db83cb303876,/home/g24021555/uwrmaxsat/build/release/bin/uwrmaxsat -m /tmp/b2b_uwrmaxsat_3oi9oe9i/forum-13crafc.forb0003.wcnf,,process exit code=30,,,maxsat,uwrmaxsat,,/home/g24021555/uwrmaxsat/build/release/bin/uwrmaxsat,staircase,sparse_suffix+distance_closure,1,58,"1,2,3,4,5,6,7,8,9,10,11,12,13,14,15,16,18,19,23,24,25,26,27,28,29,30,31,32,33,34,35,36,37,38,39,40,41,42,44,45,46,47,48,49,50,52,53,54,56,57,59,60,62,63,64,65,66,70",2446,788,0,0,"0,0,0,0,0,0,0,0,0,0,0,0,0,0,0,0,0,0,0,0,0,0,0,0,0,0,5,0,0,0,0,0,0,0,0,0,0,0,0,0,0,0,0,0,0,0,0,0,0,0,0,0,0,0,0,0,0,0,0,0,0,0,0,0,0,0,0,0,0,0","14,18,22,24,24,24,24,24,24,24,24,24,20,10,6,2,0,0,0,0,0","4,5,12,6,11,7,9,8,10,14,3,4,6,5,1,7,8,2,1,6,3,2,5,4,6,7,8,13,7,10,9,12,11,4,5,12,13,3,11,2,12,13,14,16,15,1,3,2,5,10,9,7,6,3,11,8,4,11,13,12,10,2,10,14,12,13,11,10,7,8,5,9,11,12,3,4,6,9,6,12,11,13,8,4,7,10,3,5,3,6,7,5,2,9,10,4,1,8,12,11,8,13,10,9,9,4,6,1,8,5,3,7,2,6,5,9,2,4,7,3,1,7,12,15,14,9,13,10,5,4,11,6,8,2,7,11,9,4,10,13,3,8,6,12,1,14,5,15,13,8,11,12,10,9",1:M15 M19 M46 M97 M108 M121 M145 | 2:M18 M22 M40 M48 M62 M93 M113 M117 M134 | 3:M11 M21 M38 M47 M54 M75 M87 M89 M111 M120 M141 | 4:M1 M12 M24 M34 M57 M76 M84 M96 M106 M118 M130 M138 | 5:M2 M14 M23 M35 M49 M71 M88 M92 M110 M115 M129 M147 | 6:M4 M13 M20 M25 M53 M77 M79 M90 M107 M114 M132 M143 | 7:M6 M16 M26 M29 M52 M69 M85 M91 M112 M119 M122 M135 | 8:M8 M17 M27 M56 M70 M83 M98 M101 M109 M133 M142 M150 | 9:M7 M31 M51 M72 M78 M94 M104 M105 M116 M126 M137 M154 | 10:M9 M30 M50 M61 M63 M68 M86 M95 M103 M128 M139 M153 | 11:M5 M33 M39 M55 M58 M67 M73 M81 M100 M131 M136 M151 | 12:M3 M32 M36 M41 M60 M65 M74 M80 M99 M123 M144 M152 | 13:M28 M37 M42 M59 M66 M82 M102 M127 M140 M149 | 14:M10 M43 M64 M125 M146 | 15:M45 M124 M148 | 16:M44 | 17: | 18: | 19: | 20: | 21:,"journal objective family: bg_d2 | F-selected distance-labelled E* domain propagation and cycle detection | precedence configuration: F=distance_closure, P=sparse_suffix, G=distance_closure | Full Domain MxT schedule variables + explicit unary exclusions | (20),(22)-(27) exactly once over full domains | (22)-(27) session/fixed/forbidden exclusions as hard unit clauses | (19) participant atMost-one per slot | (46),(47) clustered table capacity with compact forward channeling | (28) SparseSuffix precedence over distance_closure distance-labelled relations | exact break-group ends and unary break-group thresholds | exact schedule <-> usedSlot channeling | (43) exactly |Mp| full usedSlot variables | (44) atMost 2|L| busy participants per slot | (45) exact even number of busy participants | historical hard cap Delta_G <= 2",,,result
,,,,,,,,,forum-13crafc.forb0003,b2b-602195d241378f80,b2b-lineage-forum-13crafc,forbidden,R-PW-DE-ST-BGD2-IS-CD-IC12P,Reduced,Filter-E*,Pairwise,Direct-E,SpanThreshold,BreakGroupsD2,IncrementalSAT,IC12+,OPTIMAL,SAT,1,1,bg_d2,1,1,1,,,,,9.653999,False,207.594,,,,Compact,Compact/Reduced,project_implementation,incremental multi-phase SAT with persistent solver state,130422,,,,,,,260781,0,260781,2446,127976,741731,59,cfg5__m-reduced__p-pairwise__g-direct__b-span_threshold__o-break_groups_d2__s-incrementalsat__i-imp12plus__backend-cadical,cfg5__m-reduced__p-pairwise__g-direct__b-span_threshold__o-break_groups_d2__s-incrementalsat__i-imp12plus__backend-cadical,reduced,distance_closure,pairwise,direct,IncrementalSAT,CaDiCaL,1.5.3,imp12+,span_threshold,total_break_groups_subject_to_range_at_most_2,BGD2,IC12P,741731,0,0,341,97677,109110,53653,,0,580,7,,,,,,1,4168,49813,144776,49813,9.049274218999926,6,"formalism-specific model size: SAT/MaxSAT reports base CNF and soft clauses, MIP reports variables/linear constraints/nonzeros, and CP reports integer variables plus linear/global constraints; SAT bound/totalizer overhead remains separate in optimizer_added_*",3234,2446,2446,2446,0,0,0,0,0,0,0,1,0.073836,0.002143,0.351854,,0.353997,9.300002,"wall-clock from immediately before reading/parsing the .dzn instance through model construction, optimization, solution decoding, and independent validation; excludes worker-process startup and result-file export",3,3,3,1,1,"1,0,0,0,0,0,0,0,0,0,0,0,0,0,0,0,0,0,0,0,0,0,0,0,0,0,0,0,0,0,0,0,0,0,0,0,0,0,0,0,0,0,0,0,0,0,0,0,0,0,0,0,0,0,0,0,0,0,0,0,0,0,0,0,0,0,0,0,0,0",peak_process_tree_rss_mb,602195d241378f80b778c9aec1ba1afde3b4b8b55fb017dd735bd4baf3f0a0e7,forb0003,data_table06_forb/forum-13crafc.forb0003.dzn,2,../noves/forum-13crafc.forb0003.dzn | ../noves/ticf-13crafc.forb0003.dzn,2,data_table06_forb/forum-13crafc.forb0003.dzn | data_table06_forb/ticf-13crafc.forb0003.dzn,https://imae.udg.edu/Recerca/LAI/,https://ima.udg.edu/Recerca/lai/b2b/b2b.zip,ee1f440ab3f6db27ab712300ad3a54a31ffd5ec1e06f81a9ac37cb7202c56528,2026-08-10T10:42:19+00:00,7200.0,,ee80a6fbd8b513f7c010668495c39621a371266a,True,3.10.12,1.8.dev25,instance-20260810-085803,Linux-6.8.0-1064-gcp-x86_64-with-glibc2.35,x86_64,4,8,15988.059,1,0,/home/g24021555/Business-Meeting-Scheduling-Problem/.venv/bin/python3 /home/g24021555/Business-Meeting-Scheduling-Problem/src/Main.py --manifest instances_manifest.csv --family forbidden --solver sat_all --objective-mode bg_d2 --domain-mode both --domain-filter-graph both --precedence-encoding both --precedence-graph both --encoding-variant imp12+ --sat-backend cadical --maxsat-backend uwrmaxsat --uwrmaxsat-bin /home/g24021555/uwrmaxsat/build/release/bin/uwrmaxsat --timeout 7200 --csv output/full_matrix_bg_d2_forbidden.csv,,,,,,,,incremental,,cadical,,traditional,pairwise+direct,1,58,"1,2,3,4,5,6,7,8,9,10,11,12,13,14,15,16,18,19,23,24,25,26,27,28,29,30,31,32,33,34,35,36,37,38,39,40,41,42,44,45,46,47,48,49,50,52,53,54,56,57,59,60,62,63,64,65,66,70",2446,788,0,0,"3,0,0,0,0,0,0,0,0,0,0,0,0,0,0,0,0,0,0,0,0,0,0,0,0,0,0,0,0,0,0,0,0,0,0,0,0,0,0,0,0,0,0,0,0,0,0,0,0,0,0,0,0,0,0,0,0,0,0,0,0,0,0,0,0,0,0,0,0,0","16,16,24,24,24,22,24,24,24,24,24,24,22,10,4,2,0,0,0,0,0","3,6,5,12,11,4,13,2,7,14,4,6,1,5,3,8,7,2,5,6,2,1,4,3,5,4,9,8,11,13,7,12,10,8,13,12,10,7,11,9,12,13,14,16,15,3,1,2,5,9,10,3,7,4,11,8,6,11,13,12,10,1,10,14,12,13,11,6,3,8,7,11,10,12,5,9,4,9,6,12,11,13,8,3,7,10,5,4,4,5,9,2,1,7,10,6,3,8,12,11,13,9,8,10,7,2,5,3,8,4,1,9,6,6,5,7,4,3,9,1,2,3,6,13,14,9,12,11,5,4,7,10,8,6,7,4,1,2,9,15,8,12,5,13,3,10,11,14,10,8,11,12,13,9",1:M13 M22 M47 M62 M93 M111 M120 M137 | 2:M8 M18 M21 M48 M92 M106 M121 M138 | 3:M1 M15 M24 M46 M52 M69 M84 M97 M108 M118 M122 M145 | 4:M6 M11 M23 M26 M54 M77 M88 M89 M110 M117 M130 M136 | 5:M3 M14 M19 M25 M49 M75 M87 M90 M107 M115 M129 M143 | 6:M2 M12 M20 M57 M68 M79 M96 M113 M114 M123 M134 | 7:M9 M17 M31 M38 M53 M71 M85 M94 M105 M116 M131 M135 | 8:M16 M28 M34 M56 M70 M83 M98 M103 M109 M133 M141 M150 | 9:M27 M40 M50 M76 M78 M91 M102 M112 M119 M126 M139 M154 | 10:M33 M37 M51 M61 M63 M73 M86 M95 M104 M132 M146 M149 | 11:M5 M29 M39 M55 M58 M67 M72 M81 M100 M128 M147 M151 | 12:M4 M32 M36 M41 M60 M65 M74 M80 M99 M127 M142 M152 | 13:M7 M30 M35 M42 M59 M66 M82 M101 M124 M144 M153 | 14:M10 M43 M64 M125 M148 | 15:M45 M140 | 16:M44 | 17: | 18: | 19: | 20: | 21:,"journal objective family: bg_d2 | F-selected distance-labelled E* domain propagation and cycle detection | precedence configuration: F=distance_closure, P=pairwise, G=direct | Reduced Domain variables after unary filtering + matching GAC + slot saturation | (20),(22)-(27) exactly once over reduced domains | (19) participant atMost-one per slot | (46),(47) clustered table capacity with compact forward channeling | (28) Pairwise precedence over direct distance-labelled relations | exact break-group ends and unary break-group thresholds | exact schedule <-> usedSlot channeling | (43) exactly |Mp| reduced usedSlot variables | (44) atMost 2|L| busy participants per slot | (45) exact even number of busy participants | historical hard cap Delta_G <= 2",1,"(1,)",result
,,,,,,,,,forum-13crafc.forb0003,b2b-602195d241378f80,b2b-lineage-forum-13crafc,forbidden,R-PW-DE-ST-BGD2-NIS-CD-IC12P,Reduced,Filter-E*,Pairwise,Direct-E,SpanThreshold,BreakGroupsD2,NonIncrementalSAT,IC12+,OPTIMAL,SAT,1,1,bg_d2,1,1,1,,,,,24.326958,False,207.969,,,,Compact,Compact/Reduced,project_implementation,restart-based multi-phase SAT,130422,,,,,,,260781,0,260781,2446,127976,741731,59,cfg5__m-reduced__p-pairwise__g-direct__b-span_threshold__o-break_groups_d2__s-nonincrementalsat__i-imp12plus__backend-cadical,cfg5__m-reduced__p-pairwise__g-direct__b-span_threshold__o-break_groups_d2__s-nonincrementalsat__i-imp12plus__backend-cadical,reduced,distance_closure,pairwise,direct,NonIncrementalSAT,CaDiCaL,1.5.3,imp12+,span_threshold,total_break_groups_subject_to_range_at_most_2,BGD2,IC12P,741731,0,0,341,97677,109110,53653,,0,580,7,,,,,,7,22099,44696,110952,87708,23.694371136999507,6,"formalism-specific model size: SAT/MaxSAT reports base CNF and soft clauses, MIP reports variables/linear constraints/nonzeros, and CP reports integer variables plus linear/global constraints; SAT bound/totalizer overhead remains separate in optimizer_added_*",3234,2446,2446,2446,0,0,0,0,0,0,0,1,0.079373,0.002151,0.365652,,0.367803,23.959155,"wall-clock from immediately before reading/parsing the .dzn instance through model construction, optimization, solution decoding, and independent validation; excludes worker-process startup and result-file export",4,4,4,1,1,"0,0,0,0,0,1,0,0,0,0,0,0,0,0,0,0,0,0,0,0,0,0,0,0,0,0,0,0,0,0,0,0,0,0,0,0,0,0,0,0,0,0,0,0,0,0,0,0,0,0,0,0,0,0,0,0,0,0,0,0,0,0,0,0,0,0,0,0,0,0",peak_process_tree_rss_mb,602195d241378f80b778c9aec1ba1afde3b4b8b55fb017dd735bd4baf3f0a0e7,forb0003,data_table06_forb/forum-13crafc.forb0003.dzn,2,../noves/forum-13crafc.forb0003.dzn | ../noves/ticf-13crafc.forb0003.dzn,2,data_table06_forb/forum-13crafc.forb0003.dzn | data_table06_forb/ticf-13crafc.forb0003.dzn,https://imae.udg.edu/Recerca/LAI/,https://ima.udg.edu/Recerca/lai/b2b/b2b.zip,ee1f440ab3f6db27ab712300ad3a54a31ffd5ec1e06f81a9ac37cb7202c56528,2026-08-10T10:42:19+00:00,7200.0,,ee80a6fbd8b513f7c010668495c39621a371266a,True,3.10.12,1.8.dev25,instance-20260810-085803,Linux-6.8.0-1064-gcp-x86_64-with-glibc2.35,x86_64,4,8,15988.059,1,0,/home/g24021555/Business-Meeting-Scheduling-Problem/.venv/bin/python3 /home/g24021555/Business-Meeting-Scheduling-Problem/src/Main.py --manifest instances_manifest.csv --family forbidden --solver sat_all --objective-mode bg_d2 --domain-mode both --domain-filter-graph both --precedence-encoding both --precedence-graph both --encoding-variant imp12+ --sat-backend cadical --maxsat-backend uwrmaxsat --uwrmaxsat-bin /home/g24021555/uwrmaxsat/build/release/bin/uwrmaxsat --timeout 7200 --csv output/full_matrix_bg_d2_forbidden.csv,,,,,,,,multiple,,cadical,,traditional,pairwise+direct,1,58,"1,2,3,4,5,6,7,8,9,10,11,12,13,14,15,16,18,19,23,24,25,26,27,28,29,30,31,32,33,34,35,36,37,38,39,40,41,42,44,45,46,47,48,49,50,52,53,54,56,57,59,60,62,63,64,65,66,70",2446,788,0,0,"0,0,0,0,0,4,0,0,0,0,0,0,0,0,0,0,0,0,0,0,0,0,0,0,0,0,0,0,0,0,0,0,0,0,0,0,0,0,0,0,0,0,0,0,0,0,0,0,0,0,0,0,0,0,0,0,0,0,0,0,0,0,0,0,0,0,0,0,0,0","14,18,24,24,24,24,24,24,24,24,24,22,18,10,6,4,0,0,0,0,0","4,5,3,8,11,6,7,10,9,14,4,5,8,7,6,3,1,2,1,6,2,3,4,5,3,4,3,1,7,5,4,6,2,7,9,12,10,8,13,11,12,13,14,16,15,1,2,3,7,8,10,6,12,5,11,9,4,11,13,12,10,2,12,14,11,13,10,5,11,8,6,9,10,12,3,7,4,6,5,12,11,13,10,4,8,9,7,3,2,6,7,9,3,5,11,10,4,8,13,11,10,9,12,8,4,3,7,1,6,5,2,9,8,6,9,7,2,3,5,1,4,10,7,15,14,11,16,12,5,9,13,6,8,3,4,2,9,5,8,12,13,11,6,15,1,10,7,14,13,8,9,12,10,11",1:M17 M19 M28 M46 M108 M120 M145 | 2:M18 M21 M33 M47 M62 M89 M111 M117 M136 | 3:M3 M16 M22 M25 M27 M48 M75 M88 M93 M106 M118 M134 | 4:M1 M11 M23 M26 M31 M57 M77 M84 M97 M105 M121 M135 | 5:M2 M12 M24 M30 M54 M68 M79 M94 M110 M119 M129 M138 | 6:M6 M15 M20 M32 M52 M71 M78 M90 M109 M114 M132 M143 | 7:M7 M14 M29 M34 M49 M76 M87 M91 M107 M116 M123 M147 | 8:M4 M13 M38 M50 M70 M85 M98 M104 M113 M133 M139 M150 | 9:M9 M35 M56 M72 M86 M92 M102 M112 M115 M130 M137 M151 | 10:M8 M37 M51 M61 M67 M73 M83 M96 M101 M122 M146 M153 | 11:M5 M40 M55 M58 M65 M69 M81 M95 M100 M126 M142 M154 | 12:M36 M41 M53 M60 M63 M74 M80 M103 M128 M140 M152 | 13:M39 M42 M59 M66 M82 M99 M131 M141 M149 | 14:M10 M43 M64 M125 M148 | 15:M45 M124 M144 | 16:M44 M127 | 17: | 18: | 19: | 20: | 21:,"journal objective family: bg_d2 | F-selected distance-labelled E* domain propagation and cycle detection | precedence configuration: F=distance_closure, P=pairwise, G=direct | Reduced Domain variables after unary filtering + matching GAC + slot saturation | (20),(22)-(27) exactly once over reduced domains | (19) participant atMost-one per slot | (46),(47) clustered table capacity with compact forward channeling | (28) Pairwise precedence over direct distance-labelled relations | exact break-group ends and unary break-group thresholds | exact schedule <-> usedSlot channeling | (43) exactly |Mp| reduced usedSlot variables | (44) atMost 2|L| busy participants per slot | (45) exact even number of busy participants | historical hard cap Delta_G <= 2",1,"(1,)",result
,,,,,,,,,forum-13crafc.forb0003,b2b-602195d241378f80,b2b-lineage-forum-13crafc,forbidden,R-PW-DE-ST-BGD2-UW-IC12P,Reduced,Filter-E*,Pairwise,Direct-E,SpanThreshold,BreakGroupsD2,UWrMaxSAT,IC12+,OPTIMAL,SAT,1,1,bg_d2,1,1,1,,,1,1,14.663693,False,208.547,,,,Compact,Compact/Reduced,project_implementation,one-shot weighted MaxSAT,130422,,,,,,,260781,580,261361,2446,127976,742311,59,cfg5__m-reduced__p-pairwise__g-direct__b-span_threshold__o-break_groups_d2__s-uwrmaxsat__i-imp12plus__backend-uwrmaxsat,cfg5__m-reduced__p-pairwise__g-direct__b-span_threshold__o-break_groups_d2__s-uwrmaxsat__i-imp12plus__backend-uwrmaxsat,reduced,distance_closure,pairwise,direct,UWrMaxSAT,UWrMaxSAT,binary-sha256:8c68c8a386d3d7847b50d315143c2bab60e3514e59510e84a649db83cb303876,imp12+,span_threshold,total_break_groups_subject_to_range_at_most_2,BGD2,IC12P,741731,580,1,341,97677,109110,53653,1,580,580,1,,,,,,0,0,0,0,0,,,"formalism-specific model size: SAT/MaxSAT reports base CNF and soft clauses, MIP reports variables/linear constraints/nonzeros, and CP reports integer variables plus linear/global constraints; SAT bound/totalizer overhead remains separate in optimizer_added_*",3234,2446,2446,2446,0,0,0,0,0,0,0,1,0.077735,0.00213,0.358452,,0.360582,14.303111,"wall-clock from immediately before reading/parsing the .dzn instance through model construction, optimization, solution decoding, and independent validation; excludes worker-process startup and result-file export",4,4,4,1,1,"0,0,0,0,0,0,0,0,0,0,0,0,0,0,0,0,0,0,0,0,0,0,0,0,0,0,0,0,0,0,0,0,0,0,0,0,0,0,0,0,0,0,0,0,0,0,0,0,0,0,0,0,0,0,0,1,0,0,0,0,0,0,0,0,0,0,0,0,0,0",peak_process_tree_rss_mb,602195d241378f80b778c9aec1ba1afde3b4b8b55fb017dd735bd4baf3f0a0e7,forb0003,data_table06_forb/forum-13crafc.forb0003.dzn,2,../noves/forum-13crafc.forb0003.dzn | ../noves/ticf-13crafc.forb0003.dzn,2,data_table06_forb/forum-13crafc.forb0003.dzn | data_table06_forb/ticf-13crafc.forb0003.dzn,https://imae.udg.edu/Recerca/LAI/,https://ima.udg.edu/Recerca/lai/b2b/b2b.zip,ee1f440ab3f6db27ab712300ad3a54a31ffd5ec1e06f81a9ac37cb7202c56528,2026-08-10T10:42:19+00:00,7200.0,,ee80a6fbd8b513f7c010668495c39621a371266a,True,3.10.12,1.8.dev25,instance-20260810-085803,Linux-6.8.0-1064-gcp-x86_64-with-glibc2.35,x86_64,4,8,15988.059,1,0,/home/g24021555/Business-Meeting-Scheduling-Problem/.venv/bin/python3 /home/g24021555/Business-Meeting-Scheduling-Problem/src/Main.py --manifest instances_manifest.csv --family forbidden --solver sat_all --objective-mode bg_d2 --domain-mode both --domain-filter-graph both --precedence-encoding both --precedence-graph both --encoding-variant imp12+ --sat-backend cadical --maxsat-backend uwrmaxsat --uwrmaxsat-bin /home/g24021555/uwrmaxsat/build/release/bin/uwrmaxsat --timeout 7200 --csv output/full_matrix_bg_d2_forbidden.csv,/home/g24021555/uwrmaxsat/build/release/bin/uwrmaxsat,8c68c8a386d3d7847b50d315143c2bab60e3514e59510e84a649db83cb303876,/home/g24021555/uwrmaxsat/build/release/bin/uwrmaxsat -m /tmp/b2b_uwrmaxsat_1rozwzd1/forum-13crafc.forb0003.wcnf,,process exit code=30,,,maxsat,uwrmaxsat,,/home/g24021555/uwrmaxsat/build/release/bin/uwrmaxsat,traditional,pairwise+direct,1,58,"1,2,3,4,5,6,7,8,9,10,11,12,13,14,15,16,18,19,23,24,25,26,27,28,29,30,31,32,33,34,35,36,37,38,39,40,41,42,44,45,46,47,48,49,50,52,53,54,56,57,59,60,62,63,64,65,66,70",2446,788,0,0,"0,0,0,0,0,0,0,0,0,0,0,0,0,0,0,0,0,0,0,0,0,0,0,0,0,0,0,0,0,0,0,0,0,0,0,0,0,0,0,0,0,0,0,0,0,0,0,0,0,0,0,0,0,0,0,4,0,0,0,0,0,0,0,0,0,0,0,0,0,0","14,14,24,24,24,24,24,24,24,24,24,24,22,12,4,2,0,0,0,0,0","5,12,4,10,9,6,11,8,7,14,4,7,6,3,2,1,5,8,2,6,1,3,4,5,5,4,11,8,9,13,7,12,10,10,11,12,9,7,13,8,12,13,14,16,15,1,3,2,10,13,9,7,11,8,14,12,6,10,12,13,11,3,7,4,5,6,3,5,9,8,6,10,2,7,4,1,3,10,8,12,11,13,6,7,9,4,3,5,4,13,11,5,2,6,14,12,3,1,12,8,13,11,10,9,6,2,8,9,7,5,1,3,4,6,10,4,3,5,11,7,9,7,9,13,14,10,3,6,4,5,11,12,8,3,14,7,10,6,8,15,9,11,4,5,2,12,13,1,11,9,10,13,12,8",1:M16 M21 M46 M76 M98 M111 M148 | 2:M15 M19 M48 M73 M93 M106 M145 | 3:M14 M22 M47 M62 M67 M77 M87 M97 M112 M117 M127 M134 | 4:M3 M11 M23 M26 M64 M75 M86 M89 M113 M116 M129 M143 | 5:M1 M17 M24 M25 M65 M68 M88 M92 M110 M118 M130 M144 | 6:M6 M13 M20 M57 M66 M71 M83 M94 M105 M114 M128 M138 | 7:M9 M12 M31 M38 M52 M63 M74 M84 M109 M120 M122 M136 | 8:M8 M18 M28 M40 M54 M70 M79 M100 M107 M133 M139 M154 | 9:M5 M29 M37 M51 M69 M85 M104 M108 M121 M123 M141 M150 | 10:M4 M33 M34 M49 M58 M72 M78 M103 M115 M126 M137 M151 | 11:M7 M27 M35 M53 M61 M81 M91 M102 M119 M131 M142 M149 | 12:M2 M32 M36 M41 M56 M59 M80 M96 M99 M132 M146 M153 | 13:M30 M39 M42 M50 M60 M82 M90 M101 M124 M147 M152 | 14:M10 M43 M55 M95 M125 M135 | 15:M45 M140 | 16:M44 | 17: | 18: | 19: | 20: | 21:,"journal objective family: bg_d2 | F-selected distance-labelled E* domain propagation and cycle detection | precedence configuration: F=distance_closure, P=pairwise, G=direct | Reduced Domain variables after unary filtering + matching GAC + slot saturation | (20),(22)-(27) exactly once over reduced domains | (19) participant atMost-one per slot | (46),(47) clustered table capacity with compact forward channeling | (28) Pairwise precedence over direct distance-labelled relations | exact break-group ends and unary break-group thresholds | exact schedule <-> usedSlot channeling | (43) exactly |Mp| reduced usedSlot variables | (44) atMost 2|L| busy participants per slot | (45) exact even number of busy participants | historical hard cap Delta_G <= 2",,,result
,,,,,,,,,forum-13crafc.forb0003,b2b-602195d241378f80,b2b-lineage-forum-13crafc,forbidden,R-PW-DC-ST-BGD2-IS-CD-IC12P,Reduced,Filter-E*,Pairwise,DistanceClosure-E*,SpanThreshold,BreakGroupsD2,IncrementalSAT,IC12+,OPTIMAL,SAT,1,1,bg_d2,1,1,1,,,,,9.838578,False,207.539,,,,Compact,Compact/Reduced,project_implementation,incremental multi-phase SAT with persistent solver state,130422,,,,,,,260781,0,260781,2446,127976,741731,59,cfg5__m-reduced__p-pairwise__g-distance_closure__b-span_threshold__o-break_groups_d2__s-incrementalsat__i-imp12plus__backend-cadical,cfg5__m-reduced__p-pairwise__g-distance_closure__b-span_threshold__o-break_groups_d2__s-incrementalsat__i-imp12plus__backend-cadical,reduced,distance_closure,pairwise,distance_closure,IncrementalSAT,CaDiCaL,1.5.3,imp12+,span_threshold,total_break_groups_subject_to_range_at_most_2,BGD2,IC12P,741731,0,0,341,97677,109110,53653,,0,580,7,,,,,,1,4168,49813,144776,49813,9.214388921000136,6,"formalism-specific model size: SAT/MaxSAT reports base CNF and soft clauses, MIP reports variables/linear constraints/nonzeros, and CP reports integer variables plus linear/global constraints; SAT bound/totalizer overhead remains separate in optimizer_added_*",3234,2446,2446,2446,0,0,0,0,0,0,0,1,0.076181,0.002126,0.356684,,0.358809,9.479768,"wall-clock from immediately before reading/parsing the .dzn instance through model construction, optimization, solution decoding, and independent validation; excludes worker-process startup and result-file export",3,3,3,1,1,"1,0,0,0,0,0,0,0,0,0,0,0,0,0,0,0,0,0,0,0,0,0,0,0,0,0,0,0,0,0,0,0,0,0,0,0,0,0,0,0,0,0,0,0,0,0,0,0,0,0,0,0,0,0,0,0,0,0,0,0,0,0,0,0,0,0,0,0,0,0",peak_process_tree_rss_mb,602195d241378f80b778c9aec1ba1afde3b4b8b55fb017dd735bd4baf3f0a0e7,forb0003,data_table06_forb/forum-13crafc.forb0003.dzn,2,../noves/forum-13crafc.forb0003.dzn | ../noves/ticf-13crafc.forb0003.dzn,2,data_table06_forb/forum-13crafc.forb0003.dzn | data_table06_forb/ticf-13crafc.forb0003.dzn,https://imae.udg.edu/Recerca/LAI/,https://ima.udg.edu/Recerca/lai/b2b/b2b.zip,ee1f440ab3f6db27ab712300ad3a54a31ffd5ec1e06f81a9ac37cb7202c56528,2026-08-10T10:42:19+00:00,7200.0,,ee80a6fbd8b513f7c010668495c39621a371266a,True,3.10.12,1.8.dev25,instance-20260810-085803,Linux-6.8.0-1064-gcp-x86_64-with-glibc2.35,x86_64,4,8,15988.059,1,0,/home/g24021555/Business-Meeting-Scheduling-Problem/.venv/bin/python3 /home/g24021555/Business-Meeting-Scheduling-Problem/src/Main.py --manifest instances_manifest.csv --family forbidden --solver sat_all --objective-mode bg_d2 --domain-mode both --domain-filter-graph both --precedence-encoding both --precedence-graph both --encoding-variant imp12+ --sat-backend cadical --maxsat-backend uwrmaxsat --uwrmaxsat-bin /home/g24021555/uwrmaxsat/build/release/bin/uwrmaxsat --timeout 7200 --csv output/full_matrix_bg_d2_forbidden.csv,,,,,,,,incremental,,cadical,,factorial,pairwise+distance_closure,1,58,"1,2,3,4,5,6,7,8,9,10,11,12,13,14,15,16,18,19,23,24,25,26,27,28,29,30,31,32,33,34,35,36,37,38,39,40,41,42,44,45,46,47,48,49,50,52,53,54,56,57,59,60,62,63,64,65,66,70",2446,788,0,0,"3,0,0,0,0,0,0,0,0,0,0,0,0,0,0,0,0,0,0,0,0,0,0,0,0,0,0,0,0,0,0,0,0,0,0,0,0,0,0,0,0,0,0,0,0,0,0,0,0,0,0,0,0,0,0,0,0,0,0,0,0,0,0,0,0,0,0,0,0,0","16,16,24,24,24,22,24,24,24,24,24,24,22,10,4,2,0,0,0,0,0","3,6,5,12,11,4,13,2,7,14,4,6,1,5,3,8,7,2,5,6,2,1,4,3,5,4,9,8,11,13,7,12,10,8,13,12,10,7,11,9,12,13,14,16,15,3,1,2,5,9,10,3,7,4,11,8,6,11,13,12,10,1,10,14,12,13,11,6,3,8,7,11,10,12,5,9,4,9,6,12,11,13,8,3,7,10,5,4,4,5,9,2,1,7,10,6,3,8,12,11,13,9,8,10,7,2,5,3,8,4,1,9,6,6,5,7,4,3,9,1,2,3,6,13,14,9,12,11,5,4,7,10,8,6,7,4,1,2,9,15,8,12,5,13,3,10,11,14,10,8,11,12,13,9",1:M13 M22 M47 M62 M93 M111 M120 M137 | 2:M8 M18 M21 M48 M92 M106 M121 M138 | 3:M1 M15 M24 M46 M52 M69 M84 M97 M108 M118 M122 M145 | 4:M6 M11 M23 M26 M54 M77 M88 M89 M110 M117 M130 M136 | 5:M3 M14 M19 M25 M49 M75 M87 M90 M107 M115 M129 M143 | 6:M2 M12 M20 M57 M68 M79 M96 M113 M114 M123 M134 | 7:M9 M17 M31 M38 M53 M71 M85 M94 M105 M116 M131 M135 | 8:M16 M28 M34 M56 M70 M83 M98 M103 M109 M133 M141 M150 | 9:M27 M40 M50 M76 M78 M91 M102 M112 M119 M126 M139 M154 | 10:M33 M37 M51 M61 M63 M73 M86 M95 M104 M132 M146 M149 | 11:M5 M29 M39 M55 M58 M67 M72 M81 M100 M128 M147 M151 | 12:M4 M32 M36 M41 M60 M65 M74 M80 M99 M127 M142 M152 | 13:M7 M30 M35 M42 M59 M66 M82 M101 M124 M144 M153 | 14:M10 M43 M64 M125 M148 | 15:M45 M140 | 16:M44 | 17: | 18: | 19: | 20: | 21:,"journal objective family: bg_d2 | F-selected distance-labelled E* domain propagation and cycle detection | precedence configuration: F=distance_closure, P=pairwise, G=distance_closure | Reduced Domain variables after unary filtering + matching GAC + slot saturation | (20),(22)-(27) exactly once over reduced domains | (19) participant atMost-one per slot | (46),(47) clustered table capacity with compact forward channeling | (28) Pairwise precedence over distance_closure distance-labelled relations | exact break-group ends and unary break-group thresholds | exact schedule <-> usedSlot channeling | (43) exactly |Mp| reduced usedSlot variables | (44) atMost 2|L| busy participants per slot | (45) exact even number of busy participants | historical hard cap Delta_G <= 2",1,"(1,)",result
,,,,,,,,,forum-13crafc.forb0003,b2b-602195d241378f80,b2b-lineage-forum-13crafc,forbidden,R-PW-DC-ST-BGD2-NIS-CD-IC12P,Reduced,Filter-E*,Pairwise,DistanceClosure-E*,SpanThreshold,BreakGroupsD2,NonIncrementalSAT,IC12+,OPTIMAL,SAT,1,1,bg_d2,1,1,1,,,,,24.139707,False,209.969,,,,Compact,Compact/Reduced,project_implementation,restart-based multi-phase SAT,130422,,,,,,,260781,0,260781,2446,127976,741731,59,cfg5__m-reduced__p-pairwise__g-distance_closure__b-span_threshold__o-break_groups_d2__s-nonincrementalsat__i-imp12plus__backend-cadical,cfg5__m-reduced__p-pairwise__g-distance_closure__b-span_threshold__o-break_groups_d2__s-nonincrementalsat__i-imp12plus__backend-cadical,reduced,distance_closure,pairwise,distance_closure,NonIncrementalSAT,CaDiCaL,1.5.3,imp12+,span_threshold,total_break_groups_subject_to_range_at_most_2,BGD2,IC12P,741731,0,0,341,97677,109110,53653,,0,580,7,,,,,,7,22099,44696,110952,87708,23.496546246000435,6,"formalism-specific model size: SAT/MaxSAT reports base CNF and soft clauses, MIP reports variables/linear constraints/nonzeros, and CP reports integer variables plus linear/global constraints; SAT bound/totalizer overhead remains separate in optimizer_added_*",3234,2446,2446,2446,0,0,0,0,0,0,0,1,0.074664,0.002432,0.363892,,0.366324,23.773384,"wall-clock from immediately before reading/parsing the .dzn instance through model construction, optimization, solution decoding, and independent validation; excludes worker-process startup and result-file export",4,4,4,1,1,"0,0,0,0,0,1,0,0,0,0,0,0,0,0,0,0,0,0,0,0,0,0,0,0,0,0,0,0,0,0,0,0,0,0,0,0,0,0,0,0,0,0,0,0,0,0,0,0,0,0,0,0,0,0,0,0,0,0,0,0,0,0,0,0,0,0,0,0,0,0",peak_process_tree_rss_mb,602195d241378f80b778c9aec1ba1afde3b4b8b55fb017dd735bd4baf3f0a0e7,forb0003,data_table06_forb/forum-13crafc.forb0003.dzn,2,../noves/forum-13crafc.forb0003.dzn | ../noves/ticf-13crafc.forb0003.dzn,2,data_table06_forb/forum-13crafc.forb0003.dzn | data_table06_forb/ticf-13crafc.forb0003.dzn,https://imae.udg.edu/Recerca/LAI/,https://ima.udg.edu/Recerca/lai/b2b/b2b.zip,ee1f440ab3f6db27ab712300ad3a54a31ffd5ec1e06f81a9ac37cb7202c56528,2026-08-10T10:42:19+00:00,7200.0,,ee80a6fbd8b513f7c010668495c39621a371266a,True,3.10.12,1.8.dev25,instance-20260810-085803,Linux-6.8.0-1064-gcp-x86_64-with-glibc2.35,x86_64,4,8,15988.059,1,0,/home/g24021555/Business-Meeting-Scheduling-Problem/.venv/bin/python3 /home/g24021555/Business-Meeting-Scheduling-Problem/src/Main.py --manifest instances_manifest.csv --family forbidden --solver sat_all --objective-mode bg_d2 --domain-mode both --domain-filter-graph both --precedence-encoding both --precedence-graph both --encoding-variant imp12+ --sat-backend cadical --maxsat-backend uwrmaxsat --uwrmaxsat-bin /home/g24021555/uwrmaxsat/build/release/bin/uwrmaxsat --timeout 7200 --csv output/full_matrix_bg_d2_forbidden.csv,,,,,,,,multiple,,cadical,,factorial,pairwise+distance_closure,1,58,"1,2,3,4,5,6,7,8,9,10,11,12,13,14,15,16,18,19,23,24,25,26,27,28,29,30,31,32,33,34,35,36,37,38,39,40,41,42,44,45,46,47,48,49,50,52,53,54,56,57,59,60,62,63,64,65,66,70",2446,788,0,0,"0,0,0,0,0,4,0,0,0,0,0,0,0,0,0,0,0,0,0,0,0,0,0,0,0,0,0,0,0,0,0,0,0,0,0,0,0,0,0,0,0,0,0,0,0,0,0,0,0,0,0,0,0,0,0,0,0,0,0,0,0,0,0,0,0,0,0,0,0,0","14,18,24,24,24,24,24,24,24,24,24,22,18,10,6,4,0,0,0,0,0","4,5,3,8,11,6,7,10,9,14,4,5,8,7,6,3,1,2,1,6,2,3,4,5,3,4,3,1,7,5,4,6,2,7,9,12,10,8,13,11,12,13,14,16,15,1,2,3,7,8,10,6,12,5,11,9,4,11,13,12,10,2,12,14,11,13,10,5,11,8,6,9,10,12,3,7,4,6,5,12,11,13,10,4,8,9,7,3,2,6,7,9,3,5,11,10,4,8,13,11,10,9,12,8,4,3,7,1,6,5,2,9,8,6,9,7,2,3,5,1,4,10,7,15,14,11,16,12,5,9,13,6,8,3,4,2,9,5,8,12,13,11,6,15,1,10,7,14,13,8,9,12,10,11",1:M17 M19 M28 M46 M108 M120 M145 | 2:M18 M21 M33 M47 M62 M89 M111 M117 M136 | 3:M3 M16 M22 M25 M27 M48 M75 M88 M93 M106 M118 M134 | 4:M1 M11 M23 M26 M31 M57 M77 M84 M97 M105 M121 M135 | 5:M2 M12 M24 M30 M54 M68 M79 M94 M110 M119 M129 M138 | 6:M6 M15 M20 M32 M52 M71 M78 M90 M109 M114 M132 M143 | 7:M7 M14 M29 M34 M49 M76 M87 M91 M107 M116 M123 M147 | 8:M4 M13 M38 M50 M70 M85 M98 M104 M113 M133 M139 M150 | 9:M9 M35 M56 M72 M86 M92 M102 M112 M115 M130 M137 M151 | 10:M8 M37 M51 M61 M67 M73 M83 M96 M101 M122 M146 M153 | 11:M5 M40 M55 M58 M65 M69 M81 M95 M100 M126 M142 M154 | 12:M36 M41 M53 M60 M63 M74 M80 M103 M128 M140 M152 | 13:M39 M42 M59 M66 M82 M99 M131 M141 M149 | 14:M10 M43 M64 M125 M148 | 15:M45 M124 M144 | 16:M44 M127 | 17: | 18: | 19: | 20: | 21:,"journal objective family: bg_d2 | F-selected distance-labelled E* domain propagation and cycle detection | precedence configuration: F=distance_closure, P=pairwise, G=distance_closure | Reduced Domain variables after unary filtering + matching GAC + slot saturation | (20),(22)-(27) exactly once over reduced domains | (19) participant atMost-one per slot | (46),(47) clustered table capacity with compact forward channeling | (28) Pairwise precedence over distance_closure distance-labelled relations | exact break-group ends and unary break-group thresholds | exact schedule <-> usedSlot channeling | (43) exactly |Mp| reduced usedSlot variables | (44) atMost 2|L| busy participants per slot | (45) exact even number of busy participants | historical hard cap Delta_G <= 2",1,"(1,)",result
,,,,,,,,,forum-13crafc.forb0003,b2b-602195d241378f80,b2b-lineage-forum-13crafc,forbidden,R-PW-DC-ST-BGD2-UW-IC12P,Reduced,Filter-E*,Pairwise,DistanceClosure-E*,SpanThreshold,BreakGroupsD2,UWrMaxSAT,IC12+,OPTIMAL,SAT,1,1,bg_d2,1,1,1,,,1,1,14.741739,False,208.547,,,,Compact,Compact/Reduced,project_implementation,one-shot weighted MaxSAT,130422,,,,,,,260781,580,261361,2446,127976,742311,59,cfg5__m-reduced__p-pairwise__g-distance_closure__b-span_threshold__o-break_groups_d2__s-uwrmaxsat__i-imp12plus__backend-uwrmaxsat,cfg5__m-reduced__p-pairwise__g-distance_closure__b-span_threshold__o-break_groups_d2__s-uwrmaxsat__i-imp12plus__backend-uwrmaxsat,reduced,distance_closure,pairwise,distance_closure,UWrMaxSAT,UWrMaxSAT,binary-sha256:8c68c8a386d3d7847b50d315143c2bab60e3514e59510e84a649db83cb303876,imp12+,span_threshold,total_break_groups_subject_to_range_at_most_2,BGD2,IC12P,741731,580,1,341,97677,109110,53653,1,580,580,1,,,,,,0,0,0,0,0,,,"formalism-specific model size: SAT/MaxSAT reports base CNF and soft clauses, MIP reports variables/linear constraints/nonzeros, and CP reports integer variables plus linear/global constraints; SAT bound/totalizer overhead remains separate in optimizer_added_*",3234,2446,2446,2446,0,0,0,0,0,0,0,1,0.078771,0.002432,0.361365,,0.363798,14.377941,"wall-clock from immediately before reading/parsing the .dzn instance through model construction, optimization, solution decoding, and independent validation; excludes worker-process startup and result-file export",4,4,4,1,1,"0,0,0,0,0,0,0,0,0,0,0,0,0,0,0,0,0,0,0,0,0,0,0,0,0,0,0,0,0,0,0,0,0,0,0,0,0,0,0,0,0,0,0,0,0,0,0,0,0,0,0,0,0,0,0,1,0,0,0,0,0,0,0,0,0,0,0,0,0,0",peak_process_tree_rss_mb,602195d241378f80b778c9aec1ba1afde3b4b8b55fb017dd735bd4baf3f0a0e7,forb0003,data_table06_forb/forum-13crafc.forb0003.dzn,2,../noves/forum-13crafc.forb0003.dzn | ../noves/ticf-13crafc.forb0003.dzn,2,data_table06_forb/forum-13crafc.forb0003.dzn | data_table06_forb/ticf-13crafc.forb0003.dzn,https://imae.udg.edu/Recerca/LAI/,https://ima.udg.edu/Recerca/lai/b2b/b2b.zip,ee1f440ab3f6db27ab712300ad3a54a31ffd5ec1e06f81a9ac37cb7202c56528,2026-08-10T10:42:19+00:00,7200.0,,ee80a6fbd8b513f7c010668495c39621a371266a,True,3.10.12,1.8.dev25,instance-20260810-085803,Linux-6.8.0-1064-gcp-x86_64-with-glibc2.35,x86_64,4,8,15988.059,1,0,/home/g24021555/Business-Meeting-Scheduling-Problem/.venv/bin/python3 /home/g24021555/Business-Meeting-Scheduling-Problem/src/Main.py --manifest instances_manifest.csv --family forbidden --solver sat_all --objective-mode bg_d2 --domain-mode both --domain-filter-graph both --precedence-encoding both --precedence-graph both --encoding-variant imp12+ --sat-backend cadical --maxsat-backend uwrmaxsat --uwrmaxsat-bin /home/g24021555/uwrmaxsat/build/release/bin/uwrmaxsat --timeout 7200 --csv output/full_matrix_bg_d2_forbidden.csv,/home/g24021555/uwrmaxsat/build/release/bin/uwrmaxsat,8c68c8a386d3d7847b50d315143c2bab60e3514e59510e84a649db83cb303876,/home/g24021555/uwrmaxsat/build/release/bin/uwrmaxsat -m /tmp/b2b_uwrmaxsat_bn0oppeo/forum-13crafc.forb0003.wcnf,,process exit code=30,,,maxsat,uwrmaxsat,,/home/g24021555/uwrmaxsat/build/release/bin/uwrmaxsat,factorial,pairwise+distance_closure,1,58,"1,2,3,4,5,6,7,8,9,10,11,12,13,14,15,16,18,19,23,24,25,26,27,28,29,30,31,32,33,34,35,36,37,38,39,40,41,42,44,45,46,47,48,49,50,52,53,54,56,57,59,60,62,63,64,65,66,70",2446,788,0,0,"0,0,0,0,0,0,0,0,0,0,0,0,0,0,0,0,0,0,0,0,0,0,0,0,0,0,0,0,0,0,0,0,0,0,0,0,0,0,0,0,0,0,0,0,0,0,0,0,0,0,0,0,0,0,0,4,0,0,0,0,0,0,0,0,0,0,0,0,0,0","14,14,24,24,24,24,24,24,24,24,24,24,22,12,4,2,0,0,0,0,0","5,12,4,10,9,6,11,8,7,14,4,7,6,3,2,1,5,8,2,6,1,3,4,5,5,4,11,8,9,13,7,12,10,10,11,12,9,7,13,8,12,13,14,16,15,1,3,2,10,13,9,7,11,8,14,12,6,10,12,13,11,3,7,4,5,6,3,5,9,8,6,10,2,7,4,1,3,10,8,12,11,13,6,7,9,4,3,5,4,13,11,5,2,6,14,12,3,1,12,8,13,11,10,9,6,2,8,9,7,5,1,3,4,6,10,4,3,5,11,7,9,7,9,13,14,10,3,6,4,5,11,12,8,3,14,7,10,6,8,15,9,11,4,5,2,12,13,1,11,9,10,13,12,8",1:M16 M21 M46 M76 M98 M111 M148 | 2:M15 M19 M48 M73 M93 M106 M145 | 3:M14 M22 M47 M62 M67 M77 M87 M97 M112 M117 M127 M134 | 4:M3 M11 M23 M26 M64 M75 M86 M89 M113 M116 M129 M143 | 5:M1 M17 M24 M25 M65 M68 M88 M92 M110 M118 M130 M144 | 6:M6 M13 M20 M57 M66 M71 M83 M94 M105 M114 M128 M138 | 7:M9 M12 M31 M38 M52 M63 M74 M84 M109 M120 M122 M136 | 8:M8 M18 M28 M40 M54 M70 M79 M100 M107 M133 M139 M154 | 9:M5 M29 M37 M51 M69 M85 M104 M108 M121 M123 M141 M150 | 10:M4 M33 M34 M49 M58 M72 M78 M103 M115 M126 M137 M151 | 11:M7 M27 M35 M53 M61 M81 M91 M102 M119 M131 M142 M149 | 12:M2 M32 M36 M41 M56 M59 M80 M96 M99 M132 M146 M153 | 13:M30 M39 M42 M50 M60 M82 M90 M101 M124 M147 M152 | 14:M10 M43 M55 M95 M125 M135 | 15:M45 M140 | 16:M44 | 17: | 18: | 19: | 20: | 21:,"journal objective family: bg_d2 | F-selected distance-labelled E* domain propagation and cycle detection | precedence configuration: F=distance_closure, P=pairwise, G=distance_closure | Reduced Domain variables after unary filtering + matching GAC + slot saturation | (20),(22)-(27) exactly once over reduced domains | (19) participant atMost-one per slot | (46),(47) clustered table capacity with compact forward channeling | (28) Pairwise precedence over distance_closure distance-labelled relations | exact break-group ends and unary break-group thresholds | exact schedule <-> usedSlot channeling | (43) exactly |Mp| reduced usedSlot variables | (44) atMost 2|L| busy participants per slot | (45) exact even number of busy participants | historical hard cap Delta_G <= 2",,,result
,,,,,,,,,forum-13crafc.forb0003,b2b-602195d241378f80,b2b-lineage-forum-13crafc,forbidden,R-SS-DE-ST-BGD2-IS-CD-IC12P,Reduced,Filter-E*,SparseSuffix,Direct-E,SpanThreshold,BreakGroupsD2,IncrementalSAT,IC12+,OPTIMAL,SAT,1,1,bg_d2,1,1,1,,,,,9.694979,False,207.559,,,,Compact,Compact/Reduced,project_implementation,incremental multi-phase SAT with persistent solver state,130422,,,,,,,260781,0,260781,2446,127976,741731,59,cfg5__m-reduced__p-sparse_suffix__g-direct__b-span_threshold__o-break_groups_d2__s-incrementalsat__i-imp12plus__backend-cadical,cfg5__m-reduced__p-sparse_suffix__g-direct__b-span_threshold__o-break_groups_d2__s-incrementalsat__i-imp12plus__backend-cadical,reduced,distance_closure,sparse_suffix,direct,IncrementalSAT,CaDiCaL,1.5.3,imp12+,span_threshold,total_break_groups_subject_to_range_at_most_2,BGD2,IC12P,741731,0,0,341,97677,109110,53653,,0,580,7,,,,,,1,4168,49813,144776,49813,9.08278324099956,6,"formalism-specific model size: SAT/MaxSAT reports base CNF and soft clauses, MIP reports variables/linear constraints/nonzeros, and CP reports integer variables plus linear/global constraints; SAT bound/totalizer overhead remains separate in optimizer_added_*",3234,2446,2446,2446,0,0,0,0,0,0,0,1,0.077689,0.002109,0.353201,,0.355309,9.33967,"wall-clock from immediately before reading/parsing the .dzn instance through model construction, optimization, solution decoding, and independent validation; excludes worker-process startup and result-file export",3,3,3,1,1,"1,0,0,0,0,0,0,0,0,0,0,0,0,0,0,0,0,0,0,0,0,0,0,0,0,0,0,0,0,0,0,0,0,0,0,0,0,0,0,0,0,0,0,0,0,0,0,0,0,0,0,0,0,0,0,0,0,0,0,0,0,0,0,0,0,0,0,0,0,0",peak_process_tree_rss_mb,602195d241378f80b778c9aec1ba1afde3b4b8b55fb017dd735bd4baf3f0a0e7,forb0003,data_table06_forb/forum-13crafc.forb0003.dzn,2,../noves/forum-13crafc.forb0003.dzn | ../noves/ticf-13crafc.forb0003.dzn,2,data_table06_forb/forum-13crafc.forb0003.dzn | data_table06_forb/ticf-13crafc.forb0003.dzn,https://imae.udg.edu/Recerca/LAI/,https://ima.udg.edu/Recerca/lai/b2b/b2b.zip,ee1f440ab3f6db27ab712300ad3a54a31ffd5ec1e06f81a9ac37cb7202c56528,2026-08-10T10:42:19+00:00,7200.0,,ee80a6fbd8b513f7c010668495c39621a371266a,True,3.10.12,1.8.dev25,instance-20260810-085803,Linux-6.8.0-1064-gcp-x86_64-with-glibc2.35,x86_64,4,8,15988.059,1,0,/home/g24021555/Business-Meeting-Scheduling-Problem/.venv/bin/python3 /home/g24021555/Business-Meeting-Scheduling-Problem/src/Main.py --manifest instances_manifest.csv --family forbidden --solver sat_all --objective-mode bg_d2 --domain-mode both --domain-filter-graph both --precedence-encoding both --precedence-graph both --encoding-variant imp12+ --sat-backend cadical --maxsat-backend uwrmaxsat --uwrmaxsat-bin /home/g24021555/uwrmaxsat/build/release/bin/uwrmaxsat --timeout 7200 --csv output/full_matrix_bg_d2_forbidden.csv,,,,,,,,incremental,,cadical,,factorial,sparse_suffix+direct,1,58,"1,2,3,4,5,6,7,8,9,10,11,12,13,14,15,16,18,19,23,24,25,26,27,28,29,30,31,32,33,34,35,36,37,38,39,40,41,42,44,45,46,47,48,49,50,52,53,54,56,57,59,60,62,63,64,65,66,70",2446,788,0,0,"3,0,0,0,0,0,0,0,0,0,0,0,0,0,0,0,0,0,0,0,0,0,0,0,0,0,0,0,0,0,0,0,0,0,0,0,0,0,0,0,0,0,0,0,0,0,0,0,0,0,0,0,0,0,0,0,0,0,0,0,0,0,0,0,0,0,0,0,0,0","16,16,24,24,24,22,24,24,24,24,24,24,22,10,4,2,0,0,0,0,0","3,6,5,12,11,4,13,2,7,14,4,6,1,5,3,8,7,2,5,6,2,1,4,3,5,4,9,8,11,13,7,12,10,8,13,12,10,7,11,9,12,13,14,16,15,3,1,2,5,9,10,3,7,4,11,8,6,11,13,12,10,1,10,14,12,13,11,6,3,8,7,11,10,12,5,9,4,9,6,12,11,13,8,3,7,10,5,4,4,5,9,2,1,7,10,6,3,8,12,11,13,9,8,10,7,2,5,3,8,4,1,9,6,6,5,7,4,3,9,1,2,3,6,13,14,9,12,11,5,4,7,10,8,6,7,4,1,2,9,15,8,12,5,13,3,10,11,14,10,8,11,12,13,9",1:M13 M22 M47 M62 M93 M111 M120 M137 | 2:M8 M18 M21 M48 M92 M106 M121 M138 | 3:M1 M15 M24 M46 M52 M69 M84 M97 M108 M118 M122 M145 | 4:M6 M11 M23 M26 M54 M77 M88 M89 M110 M117 M130 M136 | 5:M3 M14 M19 M25 M49 M75 M87 M90 M107 M115 M129 M143 | 6:M2 M12 M20 M57 M68 M79 M96 M113 M114 M123 M134 | 7:M9 M17 M31 M38 M53 M71 M85 M94 M105 M116 M131 M135 | 8:M16 M28 M34 M56 M70 M83 M98 M103 M109 M133 M141 M150 | 9:M27 M40 M50 M76 M78 M91 M102 M112 M119 M126 M139 M154 | 10:M33 M37 M51 M61 M63 M73 M86 M95 M104 M132 M146 M149 | 11:M5 M29 M39 M55 M58 M67 M72 M81 M100 M128 M147 M151 | 12:M4 M32 M36 M41 M60 M65 M74 M80 M99 M127 M142 M152 | 13:M7 M30 M35 M42 M59 M66 M82 M101 M124 M144 M153 | 14:M10 M43 M64 M125 M148 | 15:M45 M140 | 16:M44 | 17: | 18: | 19: | 20: | 21:,"journal objective family: bg_d2 | F-selected distance-labelled E* domain propagation and cycle detection | precedence configuration: F=distance_closure, P=sparse_suffix, G=direct | Reduced Domain variables after unary filtering + matching GAC + slot saturation | (20),(22)-(27) exactly once over reduced domains | (19) participant atMost-one per slot | (46),(47) clustered table capacity with compact forward channeling | (28) SparseSuffix precedence over direct distance-labelled relations | exact break-group ends and unary break-group thresholds | exact schedule <-> usedSlot channeling | (43) exactly |Mp| reduced usedSlot variables | (44) atMost 2|L| busy participants per slot | (45) exact even number of busy participants | historical hard cap Delta_G <= 2",1,"(1,)",result
,,,,,,,,,forum-13crafc.forb0003,b2b-602195d241378f80,b2b-lineage-forum-13crafc,forbidden,R-SS-DE-ST-BGD2-NIS-CD-IC12P,Reduced,Filter-E*,SparseSuffix,Direct-E,SpanThreshold,BreakGroupsD2,NonIncrementalSAT,IC12+,OPTIMAL,SAT,1,1,bg_d2,1,1,1,,,,,24.814847,False,210.445,,,,Compact,Compact/Reduced,project_implementation,restart-based multi-phase SAT,130422,,,,,,,260781,0,260781,2446,127976,741731,59,cfg5__m-reduced__p-sparse_suffix__g-direct__b-span_threshold__o-break_groups_d2__s-nonincrementalsat__i-imp12plus__backend-cadical,cfg5__m-reduced__p-sparse_suffix__g-direct__b-span_threshold__o-break_groups_d2__s-nonincrementalsat__i-imp12plus__backend-cadical,reduced,distance_closure,sparse_suffix,direct,NonIncrementalSAT,CaDiCaL,1.5.3,imp12+,span_threshold,total_break_groups_subject_to_range_at_most_2,BGD2,IC12P,741731,0,0,341,97677,109110,53653,,0,580,7,,,,,,7,22099,44696,110952,87708,24.185713765999935,6,"formalism-specific model size: SAT/MaxSAT reports base CNF and soft clauses, MIP reports variables/linear constraints/nonzeros, and CP reports integer variables plus linear/global constraints; SAT bound/totalizer overhead remains separate in optimizer_added_*",3234,2446,2446,2446,0,0,0,0,0,0,0,1,0.074659,0.002117,0.355253,,0.35737,24.457477,"wall-clock from immediately before reading/parsing the .dzn instance through model construction, optimization, solution decoding, and independent validation; excludes worker-process startup and result-file export",4,4,4,1,1,"0,0,0,0,0,1,0,0,0,0,0,0,0,0,0,0,0,0,0,0,0,0,0,0,0,0,0,0,0,0,0,0,0,0,0,0,0,0,0,0,0,0,0,0,0,0,0,0,0,0,0,0,0,0,0,0,0,0,0,0,0,0,0,0,0,0,0,0,0,0",peak_process_tree_rss_mb,602195d241378f80b778c9aec1ba1afde3b4b8b55fb017dd735bd4baf3f0a0e7,forb0003,data_table06_forb/forum-13crafc.forb0003.dzn,2,../noves/forum-13crafc.forb0003.dzn | ../noves/ticf-13crafc.forb0003.dzn,2,data_table06_forb/forum-13crafc.forb0003.dzn | data_table06_forb/ticf-13crafc.forb0003.dzn,https://imae.udg.edu/Recerca/LAI/,https://ima.udg.edu/Recerca/lai/b2b/b2b.zip,ee1f440ab3f6db27ab712300ad3a54a31ffd5ec1e06f81a9ac37cb7202c56528,2026-08-10T10:42:19+00:00,7200.0,,ee80a6fbd8b513f7c010668495c39621a371266a,True,3.10.12,1.8.dev25,instance-20260810-085803,Linux-6.8.0-1064-gcp-x86_64-with-glibc2.35,x86_64,4,8,15988.059,1,0,/home/g24021555/Business-Meeting-Scheduling-Problem/.venv/bin/python3 /home/g24021555/Business-Meeting-Scheduling-Problem/src/Main.py --manifest instances_manifest.csv --family forbidden --solver sat_all --objective-mode bg_d2 --domain-mode both --domain-filter-graph both --precedence-encoding both --precedence-graph both --encoding-variant imp12+ --sat-backend cadical --maxsat-backend uwrmaxsat --uwrmaxsat-bin /home/g24021555/uwrmaxsat/build/release/bin/uwrmaxsat --timeout 7200 --csv output/full_matrix_bg_d2_forbidden.csv,,,,,,,,multiple,,cadical,,factorial,sparse_suffix+direct,1,58,"1,2,3,4,5,6,7,8,9,10,11,12,13,14,15,16,18,19,23,24,25,26,27,28,29,30,31,32,33,34,35,36,37,38,39,40,41,42,44,45,46,47,48,49,50,52,53,54,56,57,59,60,62,63,64,65,66,70",2446,788,0,0,"0,0,0,0,0,4,0,0,0,0,0,0,0,0,0,0,0,0,0,0,0,0,0,0,0,0,0,0,0,0,0,0,0,0,0,0,0,0,0,0,0,0,0,0,0,0,0,0,0,0,0,0,0,0,0,0,0,0,0,0,0,0,0,0,0,0,0,0,0,0","14,18,24,24,24,24,24,24,24,24,24,22,18,10,6,4,0,0,0,0,0","4,5,3,8,11,6,7,10,9,14,4,5,8,7,6,3,1,2,1,6,2,3,4,5,3,4,3,1,7,5,4,6,2,7,9,12,10,8,13,11,12,13,14,16,15,1,2,3,7,8,10,6,12,5,11,9,4,11,13,12,10,2,12,14,11,13,10,5,11,8,6,9,10,12,3,7,4,6,5,12,11,13,10,4,8,9,7,3,2,6,7,9,3,5,11,10,4,8,13,11,10,9,12,8,4,3,7,1,6,5,2,9,8,6,9,7,2,3,5,1,4,10,7,15,14,11,16,12,5,9,13,6,8,3,4,2,9,5,8,12,13,11,6,15,1,10,7,14,13,8,9,12,10,11",1:M17 M19 M28 M46 M108 M120 M145 | 2:M18 M21 M33 M47 M62 M89 M111 M117 M136 | 3:M3 M16 M22 M25 M27 M48 M75 M88 M93 M106 M118 M134 | 4:M1 M11 M23 M26 M31 M57 M77 M84 M97 M105 M121 M135 | 5:M2 M12 M24 M30 M54 M68 M79 M94 M110 M119 M129 M138 | 6:M6 M15 M20 M32 M52 M71 M78 M90 M109 M114 M132 M143 | 7:M7 M14 M29 M34 M49 M76 M87 M91 M107 M116 M123 M147 | 8:M4 M13 M38 M50 M70 M85 M98 M104 M113 M133 M139 M150 | 9:M9 M35 M56 M72 M86 M92 M102 M112 M115 M130 M137 M151 | 10:M8 M37 M51 M61 M67 M73 M83 M96 M101 M122 M146 M153 | 11:M5 M40 M55 M58 M65 M69 M81 M95 M100 M126 M142 M154 | 12:M36 M41 M53 M60 M63 M74 M80 M103 M128 M140 M152 | 13:M39 M42 M59 M66 M82 M99 M131 M141 M149 | 14:M10 M43 M64 M125 M148 | 15:M45 M124 M144 | 16:M44 M127 | 17: | 18: | 19: | 20: | 21:,"journal objective family: bg_d2 | F-selected distance-labelled E* domain propagation and cycle detection | precedence configuration: F=distance_closure, P=sparse_suffix, G=direct | Reduced Domain variables after unary filtering + matching GAC + slot saturation | (20),(22)-(27) exactly once over reduced domains | (19) participant atMost-one per slot | (46),(47) clustered table capacity with compact forward channeling | (28) SparseSuffix precedence over direct distance-labelled relations | exact break-group ends and unary break-group thresholds | exact schedule <-> usedSlot channeling | (43) exactly |Mp| reduced usedSlot variables | (44) atMost 2|L| busy participants per slot | (45) exact even number of busy participants | historical hard cap Delta_G <= 2",1,"(1,)",result
,,,,,,,,,forum-13crafc.forb0003,b2b-602195d241378f80,b2b-lineage-forum-13crafc,forbidden,R-SS-DE-ST-BGD2-UW-IC12P,Reduced,Filter-E*,SparseSuffix,Direct-E,SpanThreshold,BreakGroupsD2,UWrMaxSAT,IC12+,OPTIMAL,SAT,1,1,bg_d2,1,1,1,,,1,1,14.749415,False,208.582,,,,Compact,Compact/Reduced,project_implementation,one-shot weighted MaxSAT,130422,,,,,,,260781,580,261361,2446,127976,742311,59,cfg5__m-reduced__p-sparse_suffix__g-direct__b-span_threshold__o-break_groups_d2__s-uwrmaxsat__i-imp12plus__backend-uwrmaxsat,cfg5__m-reduced__p-sparse_suffix__g-direct__b-span_threshold__o-break_groups_d2__s-uwrmaxsat__i-imp12plus__backend-uwrmaxsat,reduced,distance_closure,sparse_suffix,direct,UWrMaxSAT,UWrMaxSAT,binary-sha256:8c68c8a386d3d7847b50d315143c2bab60e3514e59510e84a649db83cb303876,imp12+,span_threshold,total_break_groups_subject_to_range_at_most_2,BGD2,IC12P,741731,580,1,341,97677,109110,53653,1,580,580,1,,,,,,0,0,0,0,0,,,"formalism-specific model size: SAT/MaxSAT reports base CNF and soft clauses, MIP reports variables/linear constraints/nonzeros, and CP reports integer variables plus linear/global constraints; SAT bound/totalizer overhead remains separate in optimizer_added_*",3234,2446,2446,2446,0,0,0,0,0,0,0,1,0.077324,0.002129,0.368983,,0.371113,14.378302,"wall-clock from immediately before reading/parsing the .dzn instance through model construction, optimization, solution decoding, and independent validation; excludes worker-process startup and result-file export",4,4,4,1,1,"0,0,0,0,0,0,0,0,0,0,0,0,0,0,0,0,0,0,0,0,0,0,0,0,0,0,0,0,0,0,0,0,0,0,0,0,0,0,0,0,0,0,0,0,0,0,0,0,0,0,0,0,0,0,0,1,0,0,0,0,0,0,0,0,0,0,0,0,0,0",peak_process_tree_rss_mb,602195d241378f80b778c9aec1ba1afde3b4b8b55fb017dd735bd4baf3f0a0e7,forb0003,data_table06_forb/forum-13crafc.forb0003.dzn,2,../noves/forum-13crafc.forb0003.dzn | ../noves/ticf-13crafc.forb0003.dzn,2,data_table06_forb/forum-13crafc.forb0003.dzn | data_table06_forb/ticf-13crafc.forb0003.dzn,https://imae.udg.edu/Recerca/LAI/,https://ima.udg.edu/Recerca/lai/b2b/b2b.zip,ee1f440ab3f6db27ab712300ad3a54a31ffd5ec1e06f81a9ac37cb7202c56528,2026-08-10T10:42:19+00:00,7200.0,,ee80a6fbd8b513f7c010668495c39621a371266a,True,3.10.12,1.8.dev25,instance-20260810-085803,Linux-6.8.0-1064-gcp-x86_64-with-glibc2.35,x86_64,4,8,15988.059,1,0,/home/g24021555/Business-Meeting-Scheduling-Problem/.venv/bin/python3 /home/g24021555/Business-Meeting-Scheduling-Problem/src/Main.py --manifest instances_manifest.csv --family forbidden --solver sat_all --objective-mode bg_d2 --domain-mode both --domain-filter-graph both --precedence-encoding both --precedence-graph both --encoding-variant imp12+ --sat-backend cadical --maxsat-backend uwrmaxsat --uwrmaxsat-bin /home/g24021555/uwrmaxsat/build/release/bin/uwrmaxsat --timeout 7200 --csv output/full_matrix_bg_d2_forbidden.csv,/home/g24021555/uwrmaxsat/build/release/bin/uwrmaxsat,8c68c8a386d3d7847b50d315143c2bab60e3514e59510e84a649db83cb303876,/home/g24021555/uwrmaxsat/build/release/bin/uwrmaxsat -m /tmp/b2b_uwrmaxsat_n0lt8r96/forum-13crafc.forb0003.wcnf,,process exit code=30,,,maxsat,uwrmaxsat,,/home/g24021555/uwrmaxsat/build/release/bin/uwrmaxsat,factorial,sparse_suffix+direct,1,58,"1,2,3,4,5,6,7,8,9,10,11,12,13,14,15,16,18,19,23,24,25,26,27,28,29,30,31,32,33,34,35,36,37,38,39,40,41,42,44,45,46,47,48,49,50,52,53,54,56,57,59,60,62,63,64,65,66,70",2446,788,0,0,"0,0,0,0,0,0,0,0,0,0,0,0,0,0,0,0,0,0,0,0,0,0,0,0,0,0,0,0,0,0,0,0,0,0,0,0,0,0,0,0,0,0,0,0,0,0,0,0,0,0,0,0,0,0,0,4,0,0,0,0,0,0,0,0,0,0,0,0,0,0","14,14,24,24,24,24,24,24,24,24,24,24,22,12,4,2,0,0,0,0,0","5,12,4,10,9,6,11,8,7,14,4,7,6,3,2,1,5,8,2,6,1,3,4,5,5,4,11,8,9,13,7,12,10,10,11,12,9,7,13,8,12,13,14,16,15,1,3,2,10,13,9,7,11,8,14,12,6,10,12,13,11,3,7,4,5,6,3,5,9,8,6,10,2,7,4,1,3,10,8,12,11,13,6,7,9,4,3,5,4,13,11,5,2,6,14,12,3,1,12,8,13,11,10,9,6,2,8,9,7,5,1,3,4,6,10,4,3,5,11,7,9,7,9,13,14,10,3,6,4,5,11,12,8,3,14,7,10,6,8,15,9,11,4,5,2,12,13,1,11,9,10,13,12,8",1:M16 M21 M46 M76 M98 M111 M148 | 2:M15 M19 M48 M73 M93 M106 M145 | 3:M14 M22 M47 M62 M67 M77 M87 M97 M112 M117 M127 M134 | 4:M3 M11 M23 M26 M64 M75 M86 M89 M113 M116 M129 M143 | 5:M1 M17 M24 M25 M65 M68 M88 M92 M110 M118 M130 M144 | 6:M6 M13 M20 M57 M66 M71 M83 M94 M105 M114 M128 M138 | 7:M9 M12 M31 M38 M52 M63 M74 M84 M109 M120 M122 M136 | 8:M8 M18 M28 M40 M54 M70 M79 M100 M107 M133 M139 M154 | 9:M5 M29 M37 M51 M69 M85 M104 M108 M121 M123 M141 M150 | 10:M4 M33 M34 M49 M58 M72 M78 M103 M115 M126 M137 M151 | 11:M7 M27 M35 M53 M61 M81 M91 M102 M119 M131 M142 M149 | 12:M2 M32 M36 M41 M56 M59 M80 M96 M99 M132 M146 M153 | 13:M30 M39 M42 M50 M60 M82 M90 M101 M124 M147 M152 | 14:M10 M43 M55 M95 M125 M135 | 15:M45 M140 | 16:M44 | 17: | 18: | 19: | 20: | 21:,"journal objective family: bg_d2 | F-selected distance-labelled E* domain propagation and cycle detection | precedence configuration: F=distance_closure, P=sparse_suffix, G=direct | Reduced Domain variables after unary filtering + matching GAC + slot saturation | (20),(22)-(27) exactly once over reduced domains | (19) participant atMost-one per slot | (46),(47) clustered table capacity with compact forward channeling | (28) SparseSuffix precedence over direct distance-labelled relations | exact break-group ends and unary break-group thresholds | exact schedule <-> usedSlot channeling | (43) exactly |Mp| reduced usedSlot variables | (44) atMost 2|L| busy participants per slot | (45) exact even number of busy participants | historical hard cap Delta_G <= 2",,,result
,,,,,,,,,forum-13crafc.forb0003,b2b-602195d241378f80,b2b-lineage-forum-13crafc,forbidden,R-SS-DC-ST-BGD2-IS-CD-IC12P,Reduced,Filter-E*,SparseSuffix,DistanceClosure-E*,SpanThreshold,BreakGroupsD2,IncrementalSAT,IC12+,OPTIMAL,SAT,1,1,bg_d2,1,1,1,,,,,9.794176,False,207.617,,,,Compact,Compact/Reduced,project_implementation,incremental multi-phase SAT with persistent solver state,130422,,,,,,,260781,0,260781,2446,127976,741731,59,cfg5__m-reduced__p-sparse_suffix__g-distance_closure__b-span_threshold__o-break_groups_d2__s-incrementalsat__i-imp12plus__backend-cadical,cfg5__m-reduced__p-sparse_suffix__g-distance_closure__b-span_threshold__o-break_groups_d2__s-incrementalsat__i-imp12plus__backend-cadical,reduced,distance_closure,sparse_suffix,distance_closure,IncrementalSAT,CaDiCaL,1.5.3,imp12+,span_threshold,total_break_groups_subject_to_range_at_most_2,BGD2,IC12P,741731,0,0,341,97677,109110,53653,,0,580,7,,,,,,1,4168,49813,144776,49813,9.178073439999935,6,"formalism-specific model size: SAT/MaxSAT reports base CNF and soft clauses, MIP reports variables/linear constraints/nonzeros, and CP reports integer variables plus linear/global constraints; SAT bound/totalizer overhead remains separate in optimizer_added_*",3234,2446,2446,2446,0,0,0,0,0,0,0,1,0.076436,0.002116,0.353266,,0.355382,9.438794,"wall-clock from immediately before reading/parsing the .dzn instance through model construction, optimization, solution decoding, and independent validation; excludes worker-process startup and result-file export",3,3,3,1,1,"1,0,0,0,0,0,0,0,0,0,0,0,0,0,0,0,0,0,0,0,0,0,0,0,0,0,0,0,0,0,0,0,0,0,0,0,0,0,0,0,0,0,0,0,0,0,0,0,0,0,0,0,0,0,0,0,0,0,0,0,0,0,0,0,0,0,0,0,0,0",peak_process_tree_rss_mb,602195d241378f80b778c9aec1ba1afde3b4b8b55fb017dd735bd4baf3f0a0e7,forb0003,data_table06_forb/forum-13crafc.forb0003.dzn,2,../noves/forum-13crafc.forb0003.dzn | ../noves/ticf-13crafc.forb0003.dzn,2,data_table06_forb/forum-13crafc.forb0003.dzn | data_table06_forb/ticf-13crafc.forb0003.dzn,https://imae.udg.edu/Recerca/LAI/,https://ima.udg.edu/Recerca/lai/b2b/b2b.zip,ee1f440ab3f6db27ab712300ad3a54a31ffd5ec1e06f81a9ac37cb7202c56528,2026-08-10T10:42:19+00:00,7200.0,,ee80a6fbd8b513f7c010668495c39621a371266a,True,3.10.12,1.8.dev25,instance-20260810-085803,Linux-6.8.0-1064-gcp-x86_64-with-glibc2.35,x86_64,4,8,15988.059,1,0,/home/g24021555/Business-Meeting-Scheduling-Problem/.venv/bin/python3 /home/g24021555/Business-Meeting-Scheduling-Problem/src/Main.py --manifest instances_manifest.csv --family forbidden --solver sat_all --objective-mode bg_d2 --domain-mode both --domain-filter-graph both --precedence-encoding both --precedence-graph both --encoding-variant imp12+ --sat-backend cadical --maxsat-backend uwrmaxsat --uwrmaxsat-bin /home/g24021555/uwrmaxsat/build/release/bin/uwrmaxsat --timeout 7200 --csv output/full_matrix_bg_d2_forbidden.csv,,,,,,,,incremental,,cadical,,staircase,sparse_suffix+distance_closure,1,58,"1,2,3,4,5,6,7,8,9,10,11,12,13,14,15,16,18,19,23,24,25,26,27,28,29,30,31,32,33,34,35,36,37,38,39,40,41,42,44,45,46,47,48,49,50,52,53,54,56,57,59,60,62,63,64,65,66,70",2446,788,0,0,"3,0,0,0,0,0,0,0,0,0,0,0,0,0,0,0,0,0,0,0,0,0,0,0,0,0,0,0,0,0,0,0,0,0,0,0,0,0,0,0,0,0,0,0,0,0,0,0,0,0,0,0,0,0,0,0,0,0,0,0,0,0,0,0,0,0,0,0,0,0","16,16,24,24,24,22,24,24,24,24,24,24,22,10,4,2,0,0,0,0,0","3,6,5,12,11,4,13,2,7,14,4,6,1,5,3,8,7,2,5,6,2,1,4,3,5,4,9,8,11,13,7,12,10,8,13,12,10,7,11,9,12,13,14,16,15,3,1,2,5,9,10,3,7,4,11,8,6,11,13,12,10,1,10,14,12,13,11,6,3,8,7,11,10,12,5,9,4,9,6,12,11,13,8,3,7,10,5,4,4,5,9,2,1,7,10,6,3,8,12,11,13,9,8,10,7,2,5,3,8,4,1,9,6,6,5,7,4,3,9,1,2,3,6,13,14,9,12,11,5,4,7,10,8,6,7,4,1,2,9,15,8,12,5,13,3,10,11,14,10,8,11,12,13,9",1:M13 M22 M47 M62 M93 M111 M120 M137 | 2:M8 M18 M21 M48 M92 M106 M121 M138 | 3:M1 M15 M24 M46 M52 M69 M84 M97 M108 M118 M122 M145 | 4:M6 M11 M23 M26 M54 M77 M88 M89 M110 M117 M130 M136 | 5:M3 M14 M19 M25 M49 M75 M87 M90 M107 M115 M129 M143 | 6:M2 M12 M20 M57 M68 M79 M96 M113 M114 M123 M134 | 7:M9 M17 M31 M38 M53 M71 M85 M94 M105 M116 M131 M135 | 8:M16 M28 M34 M56 M70 M83 M98 M103 M109 M133 M141 M150 | 9:M27 M40 M50 M76 M78 M91 M102 M112 M119 M126 M139 M154 | 10:M33 M37 M51 M61 M63 M73 M86 M95 M104 M132 M146 M149 | 11:M5 M29 M39 M55 M58 M67 M72 M81 M100 M128 M147 M151 | 12:M4 M32 M36 M41 M60 M65 M74 M80 M99 M127 M142 M152 | 13:M7 M30 M35 M42 M59 M66 M82 M101 M124 M144 M153 | 14:M10 M43 M64 M125 M148 | 15:M45 M140 | 16:M44 | 17: | 18: | 19: | 20: | 21:,"journal objective family: bg_d2 | F-selected distance-labelled E* domain propagation and cycle detection | precedence configuration: F=distance_closure, P=sparse_suffix, G=distance_closure | Reduced Domain variables after unary filtering + matching GAC + slot saturation | (20),(22)-(27) exactly once over reduced domains | (19) participant atMost-one per slot | (46),(47) clustered table capacity with compact forward channeling | (28) SparseSuffix precedence over distance_closure distance-labelled relations | exact break-group ends and unary break-group thresholds | exact schedule <-> usedSlot channeling | (43) exactly |Mp| reduced usedSlot variables | (44) atMost 2|L| busy participants per slot | (45) exact even number of busy participants | historical hard cap Delta_G <= 2",1,"(1,)",result
,,,,,,,,,forum-13crafc.forb0003,b2b-602195d241378f80,b2b-lineage-forum-13crafc,forbidden,R-SS-DC-ST-BGD2-NIS-CD-IC12P,Reduced,Filter-E*,SparseSuffix,DistanceClosure-E*,SpanThreshold,BreakGroupsD2,NonIncrementalSAT,IC12+,OPTIMAL,SAT,1,1,bg_d2,1,1,1,,,,,24.542109,False,211.664,,,,Compact,Compact/Reduced,project_implementation,restart-based multi-phase SAT,130422,,,,,,,260781,0,260781,2446,127976,741731,59,cfg5__m-reduced__p-sparse_suffix__g-distance_closure__b-span_threshold__o-break_groups_d2__s-nonincrementalsat__i-imp12plus__backend-cadical,cfg5__m-reduced__p-sparse_suffix__g-distance_closure__b-span_threshold__o-break_groups_d2__s-nonincrementalsat__i-imp12plus__backend-cadical,reduced,distance_closure,sparse_suffix,distance_closure,NonIncrementalSAT,CaDiCaL,1.5.3,imp12+,span_threshold,total_break_groups_subject_to_range_at_most_2,BGD2,IC12P,741731,0,0,341,97677,109110,53653,,0,580,7,,,,,,7,22099,44696,110952,87708,23.913304218999656,6,"formalism-specific model size: SAT/MaxSAT reports base CNF and soft clauses, MIP reports variables/linear constraints/nonzeros, and CP reports integer variables plus linear/global constraints; SAT bound/totalizer overhead remains separate in optimizer_added_*",3234,2446,2446,2446,0,0,0,0,0,0,0,1,0.07721,0.002431,0.361319,,0.36375,24.178358,"wall-clock from immediately before reading/parsing the .dzn instance through model construction, optimization, solution decoding, and independent validation; excludes worker-process startup and result-file export",4,4,4,1,1,"0,0,0,0,0,1,0,0,0,0,0,0,0,0,0,0,0,0,0,0,0,0,0,0,0,0,0,0,0,0,0,0,0,0,0,0,0,0,0,0,0,0,0,0,0,0,0,0,0,0,0,0,0,0,0,0,0,0,0,0,0,0,0,0,0,0,0,0,0,0",peak_process_tree_rss_mb,602195d241378f80b778c9aec1ba1afde3b4b8b55fb017dd735bd4baf3f0a0e7,forb0003,data_table06_forb/forum-13crafc.forb0003.dzn,2,../noves/forum-13crafc.forb0003.dzn | ../noves/ticf-13crafc.forb0003.dzn,2,data_table06_forb/forum-13crafc.forb0003.dzn | data_table06_forb/ticf-13crafc.forb0003.dzn,https://imae.udg.edu/Recerca/LAI/,https://ima.udg.edu/Recerca/lai/b2b/b2b.zip,ee1f440ab3f6db27ab712300ad3a54a31ffd5ec1e06f81a9ac37cb7202c56528,2026-08-10T10:42:19+00:00,7200.0,,ee80a6fbd8b513f7c010668495c39621a371266a,True,3.10.12,1.8.dev25,instance-20260810-085803,Linux-6.8.0-1064-gcp-x86_64-with-glibc2.35,x86_64,4,8,15988.059,1,0,/home/g24021555/Business-Meeting-Scheduling-Problem/.venv/bin/python3 /home/g24021555/Business-Meeting-Scheduling-Problem/src/Main.py --manifest instances_manifest.csv --family forbidden --solver sat_all --objective-mode bg_d2 --domain-mode both --domain-filter-graph both --precedence-encoding both --precedence-graph both --encoding-variant imp12+ --sat-backend cadical --maxsat-backend uwrmaxsat --uwrmaxsat-bin /home/g24021555/uwrmaxsat/build/release/bin/uwrmaxsat --timeout 7200 --csv output/full_matrix_bg_d2_forbidden.csv,,,,,,,,multiple,,cadical,,staircase,sparse_suffix+distance_closure,1,58,"1,2,3,4,5,6,7,8,9,10,11,12,13,14,15,16,18,19,23,24,25,26,27,28,29,30,31,32,33,34,35,36,37,38,39,40,41,42,44,45,46,47,48,49,50,52,53,54,56,57,59,60,62,63,64,65,66,70",2446,788,0,0,"0,0,0,0,0,4,0,0,0,0,0,0,0,0,0,0,0,0,0,0,0,0,0,0,0,0,0,0,0,0,0,0,0,0,0,0,0,0,0,0,0,0,0,0,0,0,0,0,0,0,0,0,0,0,0,0,0,0,0,0,0,0,0,0,0,0,0,0,0,0","14,18,24,24,24,24,24,24,24,24,24,22,18,10,6,4,0,0,0,0,0","4,5,3,8,11,6,7,10,9,14,4,5,8,7,6,3,1,2,1,6,2,3,4,5,3,4,3,1,7,5,4,6,2,7,9,12,10,8,13,11,12,13,14,16,15,1,2,3,7,8,10,6,12,5,11,9,4,11,13,12,10,2,12,14,11,13,10,5,11,8,6,9,10,12,3,7,4,6,5,12,11,13,10,4,8,9,7,3,2,6,7,9,3,5,11,10,4,8,13,11,10,9,12,8,4,3,7,1,6,5,2,9,8,6,9,7,2,3,5,1,4,10,7,15,14,11,16,12,5,9,13,6,8,3,4,2,9,5,8,12,13,11,6,15,1,10,7,14,13,8,9,12,10,11",1:M17 M19 M28 M46 M108 M120 M145 | 2:M18 M21 M33 M47 M62 M89 M111 M117 M136 | 3:M3 M16 M22 M25 M27 M48 M75 M88 M93 M106 M118 M134 | 4:M1 M11 M23 M26 M31 M57 M77 M84 M97 M105 M121 M135 | 5:M2 M12 M24 M30 M54 M68 M79 M94 M110 M119 M129 M138 | 6:M6 M15 M20 M32 M52 M71 M78 M90 M109 M114 M132 M143 | 7:M7 M14 M29 M34 M49 M76 M87 M91 M107 M116 M123 M147 | 8:M4 M13 M38 M50 M70 M85 M98 M104 M113 M133 M139 M150 | 9:M9 M35 M56 M72 M86 M92 M102 M112 M115 M130 M137 M151 | 10:M8 M37 M51 M61 M67 M73 M83 M96 M101 M122 M146 M153 | 11:M5 M40 M55 M58 M65 M69 M81 M95 M100 M126 M142 M154 | 12:M36 M41 M53 M60 M63 M74 M80 M103 M128 M140 M152 | 13:M39 M42 M59 M66 M82 M99 M131 M141 M149 | 14:M10 M43 M64 M125 M148 | 15:M45 M124 M144 | 16:M44 M127 | 17: | 18: | 19: | 20: | 21:,"journal objective family: bg_d2 | F-selected distance-labelled E* domain propagation and cycle detection | precedence configuration: F=distance_closure, P=sparse_suffix, G=distance_closure | Reduced Domain variables after unary filtering + matching GAC + slot saturation | (20),(22)-(27) exactly once over reduced domains | (19) participant atMost-one per slot | (46),(47) clustered table capacity with compact forward channeling | (28) SparseSuffix precedence over distance_closure distance-labelled relations | exact break-group ends and unary break-group thresholds | exact schedule <-> usedSlot channeling | (43) exactly |Mp| reduced usedSlot variables | (44) atMost 2|L| busy participants per slot | (45) exact even number of busy participants | historical hard cap Delta_G <= 2",1,"(1,)",result
,,,,,,,,,forum-13crafc.forb0003,b2b-602195d241378f80,b2b-lineage-forum-13crafc,forbidden,R-SS-DC-ST-BGD2-UW-IC12P,Reduced,Filter-E*,SparseSuffix,DistanceClosure-E*,SpanThreshold,BreakGroupsD2,UWrMaxSAT,IC12+,OPTIMAL,SAT,1,1,bg_d2,1,1,1,,,1,1,15.030931,False,208.535,,,,Compact,Compact/Reduced,project_implementation,one-shot weighted MaxSAT,130422,,,,,,,260781,580,261361,2446,127976,742311,59,cfg5__m-reduced__p-sparse_suffix__g-distance_closure__b-span_threshold__o-break_groups_d2__s-uwrmaxsat__i-imp12plus__backend-uwrmaxsat,cfg5__m-reduced__p-sparse_suffix__g-distance_closure__b-span_threshold__o-break_groups_d2__s-uwrmaxsat__i-imp12plus__backend-uwrmaxsat,reduced,distance_closure,sparse_suffix,distance_closure,UWrMaxSAT,UWrMaxSAT,binary-sha256:8c68c8a386d3d7847b50d315143c2bab60e3514e59510e84a649db83cb303876,imp12+,span_threshold,total_break_groups_subject_to_range_at_most_2,BGD2,IC12P,741731,580,1,341,97677,109110,53653,1,580,580,1,,,,,,0,0,0,0,0,,,"formalism-specific model size: SAT/MaxSAT reports base CNF and soft clauses, MIP reports variables/linear constraints/nonzeros, and CP reports integer variables plus linear/global constraints; SAT bound/totalizer overhead remains separate in optimizer_added_*",3234,2446,2446,2446,0,0,0,0,0,0,0,1,0.074944,0.002123,0.355428,,0.357551,14.67338,"wall-clock from immediately before reading/parsing the .dzn instance through model construction, optimization, solution decoding, and independent validation; excludes worker-process startup and result-file export",4,4,4,1,1,"0,0,0,0,0,0,0,0,0,0,0,0,0,0,0,0,0,0,0,0,0,0,0,0,0,0,0,0,0,0,0,0,0,0,0,0,0,0,0,0,0,0,0,0,0,0,0,0,0,0,0,0,0,0,0,1,0,0,0,0,0,0,0,0,0,0,0,0,0,0",peak_process_tree_rss_mb,602195d241378f80b778c9aec1ba1afde3b4b8b55fb017dd735bd4baf3f0a0e7,forb0003,data_table06_forb/forum-13crafc.forb0003.dzn,2,../noves/forum-13crafc.forb0003.dzn | ../noves/ticf-13crafc.forb0003.dzn,2,data_table06_forb/forum-13crafc.forb0003.dzn | data_table06_forb/ticf-13crafc.forb0003.dzn,https://imae.udg.edu/Recerca/LAI/,https://ima.udg.edu/Recerca/lai/b2b/b2b.zip,ee1f440ab3f6db27ab712300ad3a54a31ffd5ec1e06f81a9ac37cb7202c56528,2026-08-10T10:42:19+00:00,7200.0,,ee80a6fbd8b513f7c010668495c39621a371266a,True,3.10.12,1.8.dev25,instance-20260810-085803,Linux-6.8.0-1064-gcp-x86_64-with-glibc2.35,x86_64,4,8,15988.059,1,0,/home/g24021555/Business-Meeting-Scheduling-Problem/.venv/bin/python3 /home/g24021555/Business-Meeting-Scheduling-Problem/src/Main.py --manifest instances_manifest.csv --family forbidden --solver sat_all --objective-mode bg_d2 --domain-mode both --domain-filter-graph both --precedence-encoding both --precedence-graph both --encoding-variant imp12+ --sat-backend cadical --maxsat-backend uwrmaxsat --uwrmaxsat-bin /home/g24021555/uwrmaxsat/build/release/bin/uwrmaxsat --timeout 7200 --csv output/full_matrix_bg_d2_forbidden.csv,/home/g24021555/uwrmaxsat/build/release/bin/uwrmaxsat,8c68c8a386d3d7847b50d315143c2bab60e3514e59510e84a649db83cb303876,/home/g24021555/uwrmaxsat/build/release/bin/uwrmaxsat -m /tmp/b2b_uwrmaxsat_y1tcvna1/forum-13crafc.forb0003.wcnf,,process exit code=30,,,maxsat,uwrmaxsat,,/home/g24021555/uwrmaxsat/build/release/bin/uwrmaxsat,staircase,sparse_suffix+distance_closure,1,58,"1,2,3,4,5,6,7,8,9,10,11,12,13,14,15,16,18,19,23,24,25,26,27,28,29,30,31,32,33,34,35,36,37,38,39,40,41,42,44,45,46,47,48,49,50,52,53,54,56,57,59,60,62,63,64,65,66,70",2446,788,0,0,"0,0,0,0,0,0,0,0,0,0,0,0,0,0,0,0,0,0,0,0,0,0,0,0,0,0,0,0,0,0,0,0,0,0,0,0,0,0,0,0,0,0,0,0,0,0,0,0,0,0,0,0,0,0,0,4,0,0,0,0,0,0,0,0,0,0,0,0,0,0","14,14,24,24,24,24,24,24,24,24,24,24,22,12,4,2,0,0,0,0,0","5,12,4,10,9,6,11,8,7,14,4,7,6,3,2,1,5,8,2,6,1,3,4,5,5,4,11,8,9,13,7,12,10,10,11,12,9,7,13,8,12,13,14,16,15,1,3,2,10,13,9,7,11,8,14,12,6,10,12,13,11,3,7,4,5,6,3,5,9,8,6,10,2,7,4,1,3,10,8,12,11,13,6,7,9,4,3,5,4,13,11,5,2,6,14,12,3,1,12,8,13,11,10,9,6,2,8,9,7,5,1,3,4,6,10,4,3,5,11,7,9,7,9,13,14,10,3,6,4,5,11,12,8,3,14,7,10,6,8,15,9,11,4,5,2,12,13,1,11,9,10,13,12,8",1:M16 M21 M46 M76 M98 M111 M148 | 2:M15 M19 M48 M73 M93 M106 M145 | 3:M14 M22 M47 M62 M67 M77 M87 M97 M112 M117 M127 M134 | 4:M3 M11 M23 M26 M64 M75 M86 M89 M113 M116 M129 M143 | 5:M1 M17 M24 M25 M65 M68 M88 M92 M110 M118 M130 M144 | 6:M6 M13 M20 M57 M66 M71 M83 M94 M105 M114 M128 M138 | 7:M9 M12 M31 M38 M52 M63 M74 M84 M109 M120 M122 M136 | 8:M8 M18 M28 M40 M54 M70 M79 M100 M107 M133 M139 M154 | 9:M5 M29 M37 M51 M69 M85 M104 M108 M121 M123 M141 M150 | 10:M4 M33 M34 M49 M58 M72 M78 M103 M115 M126 M137 M151 | 11:M7 M27 M35 M53 M61 M81 M91 M102 M119 M131 M142 M149 | 12:M2 M32 M36 M41 M56 M59 M80 M96 M99 M132 M146 M153 | 13:M30 M39 M42 M50 M60 M82 M90 M101 M124 M147 M152 | 14:M10 M43 M55 M95 M125 M135 | 15:M45 M140 | 16:M44 | 17: | 18: | 19: | 20: | 21:,"journal objective family: bg_d2 | F-selected distance-labelled E* domain propagation and cycle detection | precedence configuration: F=distance_closure, P=sparse_suffix, G=distance_closure | Reduced Domain variables after unary filtering + matching GAC + slot saturation | (20),(22)-(27) exactly once over reduced domains | (19) participant atMost-one per slot | (46),(47) clustered table capacity with compact forward channeling | (28) SparseSuffix precedence over distance_closure distance-labelled relations | exact break-group ends and unary break-group thresholds | exact schedule <-> usedSlot channeling | (43) exactly |Mp| reduced usedSlot variables | (44) atMost 2|L| busy participants per slot | (45) exact even number of busy participants | historical hard cap Delta_G <= 2",,,result
,,,,,,,,,tic-12crafc.forb0003,b2b-6a1b93b13d1b6631,b2b-lineage-tic-12crafc,forbidden,F-PW-DE-ST-BGD2-IS-CD-IC12P,Full,Filter-E*,Pairwise,Direct-E,SpanThreshold,BreakGroupsD2,IncrementalSAT,IC12+,UNSAT,UNSAT,,,bg_d2,,,,,,,,0.057951,False,32.695,,,,Compact,Compact/Full,project_implementation,incremental multi-phase SAT with persistent solver state,15406,,,,,,,36971,0,36971,1000,14406,88007,40,cfg5__m-full__p-pairwise__g-direct__b-span_threshold__o-break_groups_d2__s-incrementalsat__i-imp12plus__backend-cadical,cfg5__m-full__p-pairwise__g-direct__b-span_threshold__o-break_groups_d2__s-incrementalsat__i-imp12plus__backend-cadical,full,distance_closure,pairwise,direct,IncrementalSAT,CaDiCaL,1.5.3,imp12+,span_threshold,total_break_groups_subject_to_range_at_most_2,BGD2,IC12P,88007,0,0,237,25445,9863,1426,,0,117,1,,,,,,0,0,0,0,0,,,"formalism-specific model size: SAT/MaxSAT reports base CNF and soft clauses, MIP reports variables/linear constraints/nonzeros, and CP reports integer variables plus linear/global constraints; SAT bound/totalizer overhead remains separate in optimizer_added_*",1000,992,985,1000,0,0,0,0,0,0,0,1,0.000264,0.00179,0.042054,,0.043843,0.014108,"wall-clock from immediately before reading/parsing the .dzn instance through model construction, optimization, solution decoding, and independent validation; excludes worker-process startup and result-file export",,,,,,,peak_process_tree_rss_mb,6a1b93b13d1b6631a23d477c882a2a5cb3ba1113c9911853836349d173490d61,forb0003,data_table06_forb/tic-12crafc.forb0003.dzn,1,../noves/tic-12crafc.forb0003.dzn,1,data_table06_forb/tic-12crafc.forb0003.dzn,https://imae.udg.edu/Recerca/LAI/,https://ima.udg.edu/Recerca/lai/b2b/b2b.zip,ee1f440ab3f6db27ab712300ad3a54a31ffd5ec1e06f81a9ac37cb7202c56528,2026-08-10T10:42:19+00:00,7200.0,,ee80a6fbd8b513f7c010668495c39621a371266a,True,3.10.12,1.8.dev25,instance-20260810-085803,Linux-6.8.0-1064-gcp-x86_64-with-glibc2.35,x86_64,4,8,15988.059,1,0,/home/g24021555/Business-Meeting-Scheduling-Problem/.venv/bin/python3 /home/g24021555/Business-Meeting-Scheduling-Problem/src/Main.py --manifest instances_manifest.csv --family forbidden --solver sat_all --objective-mode bg_d2 --domain-mode both --domain-filter-graph both --precedence-encoding both --precedence-graph both --encoding-variant imp12+ --sat-backend cadical --maxsat-backend uwrmaxsat --uwrmaxsat-bin /home/g24021555/uwrmaxsat/build/release/bin/uwrmaxsat --timeout 7200 --csv output/full_matrix_bg_d2_forbidden.csv,,,,,,,,incremental,,cadical,,traditional,pairwise+direct,,39,"1,2,3,4,5,6,7,8,9,10,11,12,13,14,15,16,17,18,19,20,21,22,23,24,25,26,27,28,29,30,31,32,33,34,35,36,39,41,42",992,8,7,7,,,,,"journal objective family: bg_d2 | F-selected distance-labelled E* domain propagation and cycle detection | precedence configuration: F=distance_closure, P=pairwise, G=direct | Full Domain MxT schedule variables + explicit unary exclusions | (20),(22)-(27) exactly once over full domains | (22)-(27) session/fixed/forbidden exclusions as hard unit clauses | (19) participant atMost-one per slot | (46),(47) clustered table capacity with compact forward channeling | (28) Pairwise precedence over direct distance-labelled relations | exact break-group ends and unary break-group thresholds | exact schedule <-> usedSlot channeling | (43) exactly |Mp| full usedSlot variables | (44) atMost 2|L| busy participants per slot | (45) exact even number of busy participants | historical hard cap Delta_G <= 2",,,result
,,,,,,,,,tic-12crafc.forb0003,b2b-6a1b93b13d1b6631,b2b-lineage-tic-12crafc,forbidden,F-PW-DE-ST-BGD2-NIS-CD-IC12P,Full,Filter-E*,Pairwise,Direct-E,SpanThreshold,BreakGroupsD2,NonIncrementalSAT,IC12+,UNSAT,UNSAT,,,bg_d2,,,,,,,,0.055498,False,33.758,,,,Compact,Compact/Full,project_implementation,restart-based multi-phase SAT,15406,,,,,,,36971,0,36971,1000,14406,88007,40,cfg5__m-full__p-pairwise__g-direct__b-span_threshold__o-break_groups_d2__s-nonincrementalsat__i-imp12plus__backend-cadical,cfg5__m-full__p-pairwise__g-direct__b-span_threshold__o-break_groups_d2__s-nonincrementalsat__i-imp12plus__backend-cadical,full,distance_closure,pairwise,direct,NonIncrementalSAT,CaDiCaL,1.5.3,imp12+,span_threshold,total_break_groups_subject_to_range_at_most_2,BGD2,IC12P,88007,0,0,237,25445,9863,1426,,0,117,1,,,,,,0,0,0,0,0,,,"formalism-specific model size: SAT/MaxSAT reports base CNF and soft clauses, MIP reports variables/linear constraints/nonzeros, and CP reports integer variables plus linear/global constraints; SAT bound/totalizer overhead remains separate in optimizer_added_*",1000,992,985,1000,0,0,0,0,0,0,0,1,0.000162,0.001774,0.040039,,0.041813,0.013685,"wall-clock from immediately before reading/parsing the .dzn instance through model construction, optimization, solution decoding, and independent validation; excludes worker-process startup and result-file export",,,,,,,peak_process_tree_rss_mb,6a1b93b13d1b6631a23d477c882a2a5cb3ba1113c9911853836349d173490d61,forb0003,data_table06_forb/tic-12crafc.forb0003.dzn,1,../noves/tic-12crafc.forb0003.dzn,1,data_table06_forb/tic-12crafc.forb0003.dzn,https://imae.udg.edu/Recerca/LAI/,https://ima.udg.edu/Recerca/lai/b2b/b2b.zip,ee1f440ab3f6db27ab712300ad3a54a31ffd5ec1e06f81a9ac37cb7202c56528,2026-08-10T10:42:19+00:00,7200.0,,ee80a6fbd8b513f7c010668495c39621a371266a,True,3.10.12,1.8.dev25,instance-20260810-085803,Linux-6.8.0-1064-gcp-x86_64-with-glibc2.35,x86_64,4,8,15988.059,1,0,/home/g24021555/Business-Meeting-Scheduling-Problem/.venv/bin/python3 /home/g24021555/Business-Meeting-Scheduling-Problem/src/Main.py --manifest instances_manifest.csv --family forbidden --solver sat_all --objective-mode bg_d2 --domain-mode both --domain-filter-graph both --precedence-encoding both --precedence-graph both --encoding-variant imp12+ --sat-backend cadical --maxsat-backend uwrmaxsat --uwrmaxsat-bin /home/g24021555/uwrmaxsat/build/release/bin/uwrmaxsat --timeout 7200 --csv output/full_matrix_bg_d2_forbidden.csv,,,,,,,,multiple,,cadical,,traditional,pairwise+direct,,39,"1,2,3,4,5,6,7,8,9,10,11,12,13,14,15,16,17,18,19,20,21,22,23,24,25,26,27,28,29,30,31,32,33,34,35,36,39,41,42",992,8,7,7,,,,,"journal objective family: bg_d2 | F-selected distance-labelled E* domain propagation and cycle detection | precedence configuration: F=distance_closure, P=pairwise, G=direct | Full Domain MxT schedule variables + explicit unary exclusions | (20),(22)-(27) exactly once over full domains | (22)-(27) session/fixed/forbidden exclusions as hard unit clauses | (19) participant atMost-one per slot | (46),(47) clustered table capacity with compact forward channeling | (28) Pairwise precedence over direct distance-labelled relations | exact break-group ends and unary break-group thresholds | exact schedule <-> usedSlot channeling | (43) exactly |Mp| full usedSlot variables | (44) atMost 2|L| busy participants per slot | (45) exact even number of busy participants | historical hard cap Delta_G <= 2",,,result
,,,,,,,,,tic-12crafc.forb0003,b2b-6a1b93b13d1b6631,b2b-lineage-tic-12crafc,forbidden,F-PW-DE-ST-BGD2-UW-IC12P,Full,Filter-E*,Pairwise,Direct-E,SpanThreshold,BreakGroupsD2,UWrMaxSAT,IC12+,UNSAT,UNSAT,,,bg_d2,,,,,,,1,0.116686,False,38.523,,,,Compact,Compact/Full,project_implementation,one-shot weighted MaxSAT,15406,,,,,,,36971,117,37088,1000,14406,88124,40,cfg5__m-full__p-pairwise__g-direct__b-span_threshold__o-break_groups_d2__s-uwrmaxsat__i-imp12plus__backend-uwrmaxsat,cfg5__m-full__p-pairwise__g-direct__b-span_threshold__o-break_groups_d2__s-uwrmaxsat__i-imp12plus__backend-uwrmaxsat,full,distance_closure,pairwise,direct,UWrMaxSAT,UWrMaxSAT,binary-sha256:8c68c8a386d3d7847b50d315143c2bab60e3514e59510e84a649db83cb303876,imp12+,span_threshold,total_break_groups_subject_to_range_at_most_2,BGD2,IC12P,88007,117,1,237,25445,9863,1426,1,117,117,1,,,,,,0,0,0,0,0,,,"formalism-specific model size: SAT/MaxSAT reports base CNF and soft clauses, MIP reports variables/linear constraints/nonzeros, and CP reports integer variables plus linear/global constraints; SAT bound/totalizer overhead remains separate in optimizer_added_*",1000,992,985,1000,0,0,0,0,0,0,0,1,0.000174,0.001778,0.044457,,0.046236,0.070451,"wall-clock from immediately before reading/parsing the .dzn instance through model construction, optimization, solution decoding, and independent validation; excludes worker-process startup and result-file export",,,,,,,peak_process_tree_rss_mb,6a1b93b13d1b6631a23d477c882a2a5cb3ba1113c9911853836349d173490d61,forb0003,data_table06_forb/tic-12crafc.forb0003.dzn,1,../noves/tic-12crafc.forb0003.dzn,1,data_table06_forb/tic-12crafc.forb0003.dzn,https://imae.udg.edu/Recerca/LAI/,https://ima.udg.edu/Recerca/lai/b2b/b2b.zip,ee1f440ab3f6db27ab712300ad3a54a31ffd5ec1e06f81a9ac37cb7202c56528,2026-08-10T10:42:19+00:00,7200.0,,ee80a6fbd8b513f7c010668495c39621a371266a,True,3.10.12,1.8.dev25,instance-20260810-085803,Linux-6.8.0-1064-gcp-x86_64-with-glibc2.35,x86_64,4,8,15988.059,1,0,/home/g24021555/Business-Meeting-Scheduling-Problem/.venv/bin/python3 /home/g24021555/Business-Meeting-Scheduling-Problem/src/Main.py --manifest instances_manifest.csv --family forbidden --solver sat_all --objective-mode bg_d2 --domain-mode both --domain-filter-graph both --precedence-encoding both --precedence-graph both --encoding-variant imp12+ --sat-backend cadical --maxsat-backend uwrmaxsat --uwrmaxsat-bin /home/g24021555/uwrmaxsat/build/release/bin/uwrmaxsat --timeout 7200 --csv output/full_matrix_bg_d2_forbidden.csv,/home/g24021555/uwrmaxsat/build/release/bin/uwrmaxsat,8c68c8a386d3d7847b50d315143c2bab60e3514e59510e84a649db83cb303876,/home/g24021555/uwrmaxsat/build/release/bin/uwrmaxsat -m /tmp/b2b_uwrmaxsat_c5t36ijh/tic-12crafc.forb0003.wcnf,,process exit code=20,,,maxsat,uwrmaxsat,,/home/g24021555/uwrmaxsat/build/release/bin/uwrmaxsat,traditional,pairwise+direct,,39,"1,2,3,4,5,6,7,8,9,10,11,12,13,14,15,16,17,18,19,20,21,22,23,24,25,26,27,28,29,30,31,32,33,34,35,36,39,41,42",992,8,7,7,,,,,"journal objective family: bg_d2 | F-selected distance-labelled E* domain propagation and cycle detection | precedence configuration: F=distance_closure, P=pairwise, G=direct | Full Domain MxT schedule variables + explicit unary exclusions | (20),(22)-(27) exactly once over full domains | (22)-(27) session/fixed/forbidden exclusions as hard unit clauses | (19) participant atMost-one per slot | (46),(47) clustered table capacity with compact forward channeling | (28) Pairwise precedence over direct distance-labelled relations | exact break-group ends and unary break-group thresholds | exact schedule <-> usedSlot channeling | (43) exactly |Mp| full usedSlot variables | (44) atMost 2|L| busy participants per slot | (45) exact even number of busy participants | historical hard cap Delta_G <= 2",,,result
,,,,,,,,,tic-12crafc.forb0003,b2b-6a1b93b13d1b6631,b2b-lineage-tic-12crafc,forbidden,F-PW-DC-ST-BGD2-IS-CD-IC12P,Full,Filter-E*,Pairwise,DistanceClosure-E*,SpanThreshold,BreakGroupsD2,IncrementalSAT,IC12+,UNSAT,UNSAT,,,bg_d2,,,,,,,,0.055662,False,33.371,,,,Compact,Compact/Full,project_implementation,incremental multi-phase SAT with persistent solver state,15406,,,,,,,36971,0,36971,1000,14406,88007,40,cfg5__m-full__p-pairwise__g-distance_closure__b-span_threshold__o-break_groups_d2__s-incrementalsat__i-imp12plus__backend-cadical,cfg5__m-full__p-pairwise__g-distance_closure__b-span_threshold__o-break_groups_d2__s-incrementalsat__i-imp12plus__backend-cadical,full,distance_closure,pairwise,distance_closure,IncrementalSAT,CaDiCaL,1.5.3,imp12+,span_threshold,total_break_groups_subject_to_range_at_most_2,BGD2,IC12P,88007,0,0,237,25445,9863,1426,,0,117,1,,,,,,0,0,0,0,0,,,"formalism-specific model size: SAT/MaxSAT reports base CNF and soft clauses, MIP reports variables/linear constraints/nonzeros, and CP reports integer variables plus linear/global constraints; SAT bound/totalizer overhead remains separate in optimizer_added_*",1000,992,985,1000,0,0,0,0,0,0,0,1,0.000171,0.001803,0.040193,,0.041996,0.013667,"wall-clock from immediately before reading/parsing the .dzn instance through model construction, optimization, solution decoding, and independent validation; excludes worker-process startup and result-file export",,,,,,,peak_process_tree_rss_mb,6a1b93b13d1b6631a23d477c882a2a5cb3ba1113c9911853836349d173490d61,forb0003,data_table06_forb/tic-12crafc.forb0003.dzn,1,../noves/tic-12crafc.forb0003.dzn,1,data_table06_forb/tic-12crafc.forb0003.dzn,https://imae.udg.edu/Recerca/LAI/,https://ima.udg.edu/Recerca/lai/b2b/b2b.zip,ee1f440ab3f6db27ab712300ad3a54a31ffd5ec1e06f81a9ac37cb7202c56528,2026-08-10T10:42:19+00:00,7200.0,,ee80a6fbd8b513f7c010668495c39621a371266a,True,3.10.12,1.8.dev25,instance-20260810-085803,Linux-6.8.0-1064-gcp-x86_64-with-glibc2.35,x86_64,4,8,15988.059,1,0,/home/g24021555/Business-Meeting-Scheduling-Problem/.venv/bin/python3 /home/g24021555/Business-Meeting-Scheduling-Problem/src/Main.py --manifest instances_manifest.csv --family forbidden --solver sat_all --objective-mode bg_d2 --domain-mode both --domain-filter-graph both --precedence-encoding both --precedence-graph both --encoding-variant imp12+ --sat-backend cadical --maxsat-backend uwrmaxsat --uwrmaxsat-bin /home/g24021555/uwrmaxsat/build/release/bin/uwrmaxsat --timeout 7200 --csv output/full_matrix_bg_d2_forbidden.csv,,,,,,,,incremental,,cadical,,factorial,pairwise+distance_closure,,39,"1,2,3,4,5,6,7,8,9,10,11,12,13,14,15,16,17,18,19,20,21,22,23,24,25,26,27,28,29,30,31,32,33,34,35,36,39,41,42",992,8,7,7,,,,,"journal objective family: bg_d2 | F-selected distance-labelled E* domain propagation and cycle detection | precedence configuration: F=distance_closure, P=pairwise, G=distance_closure | Full Domain MxT schedule variables + explicit unary exclusions | (20),(22)-(27) exactly once over full domains | (22)-(27) session/fixed/forbidden exclusions as hard unit clauses | (19) participant atMost-one per slot | (46),(47) clustered table capacity with compact forward channeling | (28) Pairwise precedence over distance_closure distance-labelled relations | exact break-group ends and unary break-group thresholds | exact schedule <-> usedSlot channeling | (43) exactly |Mp| full usedSlot variables | (44) atMost 2|L| busy participants per slot | (45) exact even number of busy participants | historical hard cap Delta_G <= 2",,,result
,,,,,,,,,tic-12crafc.forb0003,b2b-6a1b93b13d1b6631,b2b-lineage-tic-12crafc,forbidden,F-PW-DC-ST-BGD2-NIS-CD-IC12P,Full,Filter-E*,Pairwise,DistanceClosure-E*,SpanThreshold,BreakGroupsD2,NonIncrementalSAT,IC12+,UNSAT,UNSAT,,,bg_d2,,,,,,,,0.056755,False,33.391,,,,Compact,Compact/Full,project_implementation,restart-based multi-phase SAT,15406,,,,,,,36971,0,36971,1000,14406,88007,40,cfg5__m-full__p-pairwise__g-distance_closure__b-span_threshold__o-break_groups_d2__s-nonincrementalsat__i-imp12plus__backend-cadical,cfg5__m-full__p-pairwise__g-distance_closure__b-span_threshold__o-break_groups_d2__s-nonincrementalsat__i-imp12plus__backend-cadical,full,distance_closure,pairwise,distance_closure,NonIncrementalSAT,CaDiCaL,1.5.3,imp12+,span_threshold,total_break_groups_subject_to_range_at_most_2,BGD2,IC12P,88007,0,0,237,25445,9863,1426,,0,117,1,,,,,,0,0,0,0,0,,,"formalism-specific model size: SAT/MaxSAT reports base CNF and soft clauses, MIP reports variables/linear constraints/nonzeros, and CP reports integer variables plus linear/global constraints; SAT bound/totalizer overhead remains separate in optimizer_added_*",1000,992,985,1000,0,0,0,0,0,0,0,1,0.000166,0.00179,0.041291,,0.04308,0.013675,"wall-clock from immediately before reading/parsing the .dzn instance through model construction, optimization, solution decoding, and independent validation; excludes worker-process startup and result-file export",,,,,,,peak_process_tree_rss_mb,6a1b93b13d1b6631a23d477c882a2a5cb3ba1113c9911853836349d173490d61,forb0003,data_table06_forb/tic-12crafc.forb0003.dzn,1,../noves/tic-12crafc.forb0003.dzn,1,data_table06_forb/tic-12crafc.forb0003.dzn,https://imae.udg.edu/Recerca/LAI/,https://ima.udg.edu/Recerca/lai/b2b/b2b.zip,ee1f440ab3f6db27ab712300ad3a54a31ffd5ec1e06f81a9ac37cb7202c56528,2026-08-10T10:42:19+00:00,7200.0,,ee80a6fbd8b513f7c010668495c39621a371266a,True,3.10.12,1.8.dev25,instance-20260810-085803,Linux-6.8.0-1064-gcp-x86_64-with-glibc2.35,x86_64,4,8,15988.059,1,0,/home/g24021555/Business-Meeting-Scheduling-Problem/.venv/bin/python3 /home/g24021555/Business-Meeting-Scheduling-Problem/src/Main.py --manifest instances_manifest.csv --family forbidden --solver sat_all --objective-mode bg_d2 --domain-mode both --domain-filter-graph both --precedence-encoding both --precedence-graph both --encoding-variant imp12+ --sat-backend cadical --maxsat-backend uwrmaxsat --uwrmaxsat-bin /home/g24021555/uwrmaxsat/build/release/bin/uwrmaxsat --timeout 7200 --csv output/full_matrix_bg_d2_forbidden.csv,,,,,,,,multiple,,cadical,,factorial,pairwise+distance_closure,,39,"1,2,3,4,5,6,7,8,9,10,11,12,13,14,15,16,17,18,19,20,21,22,23,24,25,26,27,28,29,30,31,32,33,34,35,36,39,41,42",992,8,7,7,,,,,"journal objective family: bg_d2 | F-selected distance-labelled E* domain propagation and cycle detection | precedence configuration: F=distance_closure, P=pairwise, G=distance_closure | Full Domain MxT schedule variables + explicit unary exclusions | (20),(22)-(27) exactly once over full domains | (22)-(27) session/fixed/forbidden exclusions as hard unit clauses | (19) participant atMost-one per slot | (46),(47) clustered table capacity with compact forward channeling | (28) Pairwise precedence over distance_closure distance-labelled relations | exact break-group ends and unary break-group thresholds | exact schedule <-> usedSlot channeling | (43) exactly |Mp| full usedSlot variables | (44) atMost 2|L| busy participants per slot | (45) exact even number of busy participants | historical hard cap Delta_G <= 2",,,result
,,,,,,,,,tic-12crafc.forb0003,b2b-6a1b93b13d1b6631,b2b-lineage-tic-12crafc,forbidden,F-PW-DC-ST-BGD2-UW-IC12P,Full,Filter-E*,Pairwise,DistanceClosure-E*,SpanThreshold,BreakGroupsD2,UWrMaxSAT,IC12+,UNSAT,UNSAT,,,bg_d2,,,,,,,1,0.118228,False,38.297,,,,Compact,Compact/Full,project_implementation,one-shot weighted MaxSAT,15406,,,,,,,36971,117,37088,1000,14406,88124,40,cfg5__m-full__p-pairwise__g-distance_closure__b-span_threshold__o-break_groups_d2__s-uwrmaxsat__i-imp12plus__backend-uwrmaxsat,cfg5__m-full__p-pairwise__g-distance_closure__b-span_threshold__o-break_groups_d2__s-uwrmaxsat__i-imp12plus__backend-uwrmaxsat,full,distance_closure,pairwise,distance_closure,UWrMaxSAT,UWrMaxSAT,binary-sha256:8c68c8a386d3d7847b50d315143c2bab60e3514e59510e84a649db83cb303876,imp12+,span_threshold,total_break_groups_subject_to_range_at_most_2,BGD2,IC12P,88007,117,1,237,25445,9863,1426,1,117,117,1,,,,,,0,0,0,0,0,,,"formalism-specific model size: SAT/MaxSAT reports base CNF and soft clauses, MIP reports variables/linear constraints/nonzeros, and CP reports integer variables plus linear/global constraints; SAT bound/totalizer overhead remains separate in optimizer_added_*",1000,992,985,1000,0,0,0,0,0,0,0,1,0.000163,0.001765,0.044387,,0.046152,0.072076,"wall-clock from immediately before reading/parsing the .dzn instance through model construction, optimization, solution decoding, and independent validation; excludes worker-process startup and result-file export",,,,,,,peak_process_tree_rss_mb,6a1b93b13d1b6631a23d477c882a2a5cb3ba1113c9911853836349d173490d61,forb0003,data_table06_forb/tic-12crafc.forb0003.dzn,1,../noves/tic-12crafc.forb0003.dzn,1,data_table06_forb/tic-12crafc.forb0003.dzn,https://imae.udg.edu/Recerca/LAI/,https://ima.udg.edu/Recerca/lai/b2b/b2b.zip,ee1f440ab3f6db27ab712300ad3a54a31ffd5ec1e06f81a9ac37cb7202c56528,2026-08-10T10:42:19+00:00,7200.0,,ee80a6fbd8b513f7c010668495c39621a371266a,True,3.10.12,1.8.dev25,instance-20260810-085803,Linux-6.8.0-1064-gcp-x86_64-with-glibc2.35,x86_64,4,8,15988.059,1,0,/home/g24021555/Business-Meeting-Scheduling-Problem/.venv/bin/python3 /home/g24021555/Business-Meeting-Scheduling-Problem/src/Main.py --manifest instances_manifest.csv --family forbidden --solver sat_all --objective-mode bg_d2 --domain-mode both --domain-filter-graph both --precedence-encoding both --precedence-graph both --encoding-variant imp12+ --sat-backend cadical --maxsat-backend uwrmaxsat --uwrmaxsat-bin /home/g24021555/uwrmaxsat/build/release/bin/uwrmaxsat --timeout 7200 --csv output/full_matrix_bg_d2_forbidden.csv,/home/g24021555/uwrmaxsat/build/release/bin/uwrmaxsat,8c68c8a386d3d7847b50d315143c2bab60e3514e59510e84a649db83cb303876,/home/g24021555/uwrmaxsat/build/release/bin/uwrmaxsat -m /tmp/b2b_uwrmaxsat_mmi4meg4/tic-12crafc.forb0003.wcnf,,process exit code=20,,,maxsat,uwrmaxsat,,/home/g24021555/uwrmaxsat/build/release/bin/uwrmaxsat,factorial,pairwise+distance_closure,,39,"1,2,3,4,5,6,7,8,9,10,11,12,13,14,15,16,17,18,19,20,21,22,23,24,25,26,27,28,29,30,31,32,33,34,35,36,39,41,42",992,8,7,7,,,,,"journal objective family: bg_d2 | F-selected distance-labelled E* domain propagation and cycle detection | precedence configuration: F=distance_closure, P=pairwise, G=distance_closure | Full Domain MxT schedule variables + explicit unary exclusions | (20),(22)-(27) exactly once over full domains | (22)-(27) session/fixed/forbidden exclusions as hard unit clauses | (19) participant atMost-one per slot | (46),(47) clustered table capacity with compact forward channeling | (28) Pairwise precedence over distance_closure distance-labelled relations | exact break-group ends and unary break-group thresholds | exact schedule <-> usedSlot channeling | (43) exactly |Mp| full usedSlot variables | (44) atMost 2|L| busy participants per slot | (45) exact even number of busy participants | historical hard cap Delta_G <= 2",,,result
,,,,,,,,,tic-12crafc.forb0003,b2b-6a1b93b13d1b6631,b2b-lineage-tic-12crafc,forbidden,F-SS-DE-ST-BGD2-IS-CD-IC12P,Full,Filter-E*,SparseSuffix,Direct-E,SpanThreshold,BreakGroupsD2,IncrementalSAT,IC12+,UNSAT,UNSAT,,,bg_d2,,,,,,,,0.054893,False,32.738,,,,Compact,Compact/Full,project_implementation,incremental multi-phase SAT with persistent solver state,15406,,,,,,,36971,0,36971,1000,14406,88007,40,cfg5__m-full__p-sparse_suffix__g-direct__b-span_threshold__o-break_groups_d2__s-incrementalsat__i-imp12plus__backend-cadical,cfg5__m-full__p-sparse_suffix__g-direct__b-span_threshold__o-break_groups_d2__s-incrementalsat__i-imp12plus__backend-cadical,full,distance_closure,sparse_suffix,direct,IncrementalSAT,CaDiCaL,1.5.3,imp12+,span_threshold,total_break_groups_subject_to_range_at_most_2,BGD2,IC12P,88007,0,0,237,25445,9863,1426,,0,117,1,,,,,,0,0,0,0,0,,,"formalism-specific model size: SAT/MaxSAT reports base CNF and soft clauses, MIP reports variables/linear constraints/nonzeros, and CP reports integer variables plus linear/global constraints; SAT bound/totalizer overhead remains separate in optimizer_added_*",1000,992,985,1000,0,0,0,0,0,0,0,1,0.000219,0.002045,0.039021,,0.041066,0.013827,"wall-clock from immediately before reading/parsing the .dzn instance through model construction, optimization, solution decoding, and independent validation; excludes worker-process startup and result-file export",,,,,,,peak_process_tree_rss_mb,6a1b93b13d1b6631a23d477c882a2a5cb3ba1113c9911853836349d173490d61,forb0003,data_table06_forb/tic-12crafc.forb0003.dzn,1,../noves/tic-12crafc.forb0003.dzn,1,data_table06_forb/tic-12crafc.forb0003.dzn,https://imae.udg.edu/Recerca/LAI/,https://ima.udg.edu/Recerca/lai/b2b/b2b.zip,ee1f440ab3f6db27ab712300ad3a54a31ffd5ec1e06f81a9ac37cb7202c56528,2026-08-10T10:42:19+00:00,7200.0,,ee80a6fbd8b513f7c010668495c39621a371266a,True,3.10.12,1.8.dev25,instance-20260810-085803,Linux-6.8.0-1064-gcp-x86_64-with-glibc2.35,x86_64,4,8,15988.059,1,0,/home/g24021555/Business-Meeting-Scheduling-Problem/.venv/bin/python3 /home/g24021555/Business-Meeting-Scheduling-Problem/src/Main.py --manifest instances_manifest.csv --family forbidden --solver sat_all --objective-mode bg_d2 --domain-mode both --domain-filter-graph both --precedence-encoding both --precedence-graph both --encoding-variant imp12+ --sat-backend cadical --maxsat-backend uwrmaxsat --uwrmaxsat-bin /home/g24021555/uwrmaxsat/build/release/bin/uwrmaxsat --timeout 7200 --csv output/full_matrix_bg_d2_forbidden.csv,,,,,,,,incremental,,cadical,,factorial,sparse_suffix+direct,,39,"1,2,3,4,5,6,7,8,9,10,11,12,13,14,15,16,17,18,19,20,21,22,23,24,25,26,27,28,29,30,31,32,33,34,35,36,39,41,42",992,8,7,7,,,,,"journal objective family: bg_d2 | F-selected distance-labelled E* domain propagation and cycle detection | precedence configuration: F=distance_closure, P=sparse_suffix, G=direct | Full Domain MxT schedule variables + explicit unary exclusions | (20),(22)-(27) exactly once over full domains | (22)-(27) session/fixed/forbidden exclusions as hard unit clauses | (19) participant atMost-one per slot | (46),(47) clustered table capacity with compact forward channeling | (28) SparseSuffix precedence over direct distance-labelled relations | exact break-group ends and unary break-group thresholds | exact schedule <-> usedSlot channeling | (43) exactly |Mp| full usedSlot variables | (44) atMost 2|L| busy participants per slot | (45) exact even number of busy participants | historical hard cap Delta_G <= 2",,,result
,,,,,,,,,tic-12crafc.forb0003,b2b-6a1b93b13d1b6631,b2b-lineage-tic-12crafc,forbidden,F-SS-DE-ST-BGD2-NIS-CD-IC12P,Full,Filter-E*,SparseSuffix,Direct-E,SpanThreshold,BreakGroupsD2,NonIncrementalSAT,IC12+,UNSAT,UNSAT,,,bg_d2,,,,,,,,0.055893,False,33.656,,,,Compact,Compact/Full,project_implementation,restart-based multi-phase SAT,15406,,,,,,,36971,0,36971,1000,14406,88007,40,cfg5__m-full__p-sparse_suffix__g-direct__b-span_threshold__o-break_groups_d2__s-nonincrementalsat__i-imp12plus__backend-cadical,cfg5__m-full__p-sparse_suffix__g-direct__b-span_threshold__o-break_groups_d2__s-nonincrementalsat__i-imp12plus__backend-cadical,full,distance_closure,sparse_suffix,direct,NonIncrementalSAT,CaDiCaL,1.5.3,imp12+,span_threshold,total_break_groups_subject_to_range_at_most_2,BGD2,IC12P,88007,0,0,237,25445,9863,1426,,0,117,1,,,,,,0,0,0,0,0,,,"formalism-specific model size: SAT/MaxSAT reports base CNF and soft clauses, MIP reports variables/linear constraints/nonzeros, and CP reports integer variables plus linear/global constraints; SAT bound/totalizer overhead remains separate in optimizer_added_*",1000,992,985,1000,0,0,0,0,0,0,0,1,0.000162,0.001779,0.040374,,0.042153,0.01374,"wall-clock from immediately before reading/parsing the .dzn instance through model construction, optimization, solution decoding, and independent validation; excludes worker-process startup and result-file export",,,,,,,peak_process_tree_rss_mb,6a1b93b13d1b6631a23d477c882a2a5cb3ba1113c9911853836349d173490d61,forb0003,data_table06_forb/tic-12crafc.forb0003.dzn,1,../noves/tic-12crafc.forb0003.dzn,1,data_table06_forb/tic-12crafc.forb0003.dzn,https://imae.udg.edu/Recerca/LAI/,https://ima.udg.edu/Recerca/lai/b2b/b2b.zip,ee1f440ab3f6db27ab712300ad3a54a31ffd5ec1e06f81a9ac37cb7202c56528,2026-08-10T10:42:19+00:00,7200.0,,ee80a6fbd8b513f7c010668495c39621a371266a,True,3.10.12,1.8.dev25,instance-20260810-085803,Linux-6.8.0-1064-gcp-x86_64-with-glibc2.35,x86_64,4,8,15988.059,1,0,/home/g24021555/Business-Meeting-Scheduling-Problem/.venv/bin/python3 /home/g24021555/Business-Meeting-Scheduling-Problem/src/Main.py --manifest instances_manifest.csv --family forbidden --solver sat_all --objective-mode bg_d2 --domain-mode both --domain-filter-graph both --precedence-encoding both --precedence-graph both --encoding-variant imp12+ --sat-backend cadical --maxsat-backend uwrmaxsat --uwrmaxsat-bin /home/g24021555/uwrmaxsat/build/release/bin/uwrmaxsat --timeout 7200 --csv output/full_matrix_bg_d2_forbidden.csv,,,,,,,,multiple,,cadical,,factorial,sparse_suffix+direct,,39,"1,2,3,4,5,6,7,8,9,10,11,12,13,14,15,16,17,18,19,20,21,22,23,24,25,26,27,28,29,30,31,32,33,34,35,36,39,41,42",992,8,7,7,,,,,"journal objective family: bg_d2 | F-selected distance-labelled E* domain propagation and cycle detection | precedence configuration: F=distance_closure, P=sparse_suffix, G=direct | Full Domain MxT schedule variables + explicit unary exclusions | (20),(22)-(27) exactly once over full domains | (22)-(27) session/fixed/forbidden exclusions as hard unit clauses | (19) participant atMost-one per slot | (46),(47) clustered table capacity with compact forward channeling | (28) SparseSuffix precedence over direct distance-labelled relations | exact break-group ends and unary break-group thresholds | exact schedule <-> usedSlot channeling | (43) exactly |Mp| full usedSlot variables | (44) atMost 2|L| busy participants per slot | (45) exact even number of busy participants | historical hard cap Delta_G <= 2",,,result
,,,,,,,,,tic-12crafc.forb0003,b2b-6a1b93b13d1b6631,b2b-lineage-tic-12crafc,forbidden,F-SS-DE-ST-BGD2-UW-IC12P,Full,Filter-E*,SparseSuffix,Direct-E,SpanThreshold,BreakGroupsD2,UWrMaxSAT,IC12+,UNSAT,UNSAT,,,bg_d2,,,,,,,1,0.11463,False,38.504,,,,Compact,Compact/Full,project_implementation,one-shot weighted MaxSAT,15406,,,,,,,36971,117,37088,1000,14406,88124,40,cfg5__m-full__p-sparse_suffix__g-direct__b-span_threshold__o-break_groups_d2__s-uwrmaxsat__i-imp12plus__backend-uwrmaxsat,cfg5__m-full__p-sparse_suffix__g-direct__b-span_threshold__o-break_groups_d2__s-uwrmaxsat__i-imp12plus__backend-uwrmaxsat,full,distance_closure,sparse_suffix,direct,UWrMaxSAT,UWrMaxSAT,binary-sha256:8c68c8a386d3d7847b50d315143c2bab60e3514e59510e84a649db83cb303876,imp12+,span_threshold,total_break_groups_subject_to_range_at_most_2,BGD2,IC12P,88007,117,1,237,25445,9863,1426,1,117,117,1,,,,,,0,0,0,0,0,,,"formalism-specific model size: SAT/MaxSAT reports base CNF and soft clauses, MIP reports variables/linear constraints/nonzeros, and CP reports integer variables plus linear/global constraints; SAT bound/totalizer overhead remains separate in optimizer_added_*",1000,992,985,1000,0,0,0,0,0,0,0,1,0.000162,0.001798,0.044366,,0.046164,0.068466,"wall-clock from immediately before reading/parsing the .dzn instance through model construction, optimization, solution decoding, and independent validation; excludes worker-process startup and result-file export",,,,,,,peak_process_tree_rss_mb,6a1b93b13d1b6631a23d477c882a2a5cb3ba1113c9911853836349d173490d61,forb0003,data_table06_forb/tic-12crafc.forb0003.dzn,1,../noves/tic-12crafc.forb0003.dzn,1,data_table06_forb/tic-12crafc.forb0003.dzn,https://imae.udg.edu/Recerca/LAI/,https://ima.udg.edu/Recerca/lai/b2b/b2b.zip,ee1f440ab3f6db27ab712300ad3a54a31ffd5ec1e06f81a9ac37cb7202c56528,2026-08-10T10:42:19+00:00,7200.0,,ee80a6fbd8b513f7c010668495c39621a371266a,True,3.10.12,1.8.dev25,instance-20260810-085803,Linux-6.8.0-1064-gcp-x86_64-with-glibc2.35,x86_64,4,8,15988.059,1,0,/home/g24021555/Business-Meeting-Scheduling-Problem/.venv/bin/python3 /home/g24021555/Business-Meeting-Scheduling-Problem/src/Main.py --manifest instances_manifest.csv --family forbidden --solver sat_all --objective-mode bg_d2 --domain-mode both --domain-filter-graph both --precedence-encoding both --precedence-graph both --encoding-variant imp12+ --sat-backend cadical --maxsat-backend uwrmaxsat --uwrmaxsat-bin /home/g24021555/uwrmaxsat/build/release/bin/uwrmaxsat --timeout 7200 --csv output/full_matrix_bg_d2_forbidden.csv,/home/g24021555/uwrmaxsat/build/release/bin/uwrmaxsat,8c68c8a386d3d7847b50d315143c2bab60e3514e59510e84a649db83cb303876,/home/g24021555/uwrmaxsat/build/release/bin/uwrmaxsat -m /tmp/b2b_uwrmaxsat_yq45ba7z/tic-12crafc.forb0003.wcnf,,process exit code=20,,,maxsat,uwrmaxsat,,/home/g24021555/uwrmaxsat/build/release/bin/uwrmaxsat,factorial,sparse_suffix+direct,,39,"1,2,3,4,5,6,7,8,9,10,11,12,13,14,15,16,17,18,19,20,21,22,23,24,25,26,27,28,29,30,31,32,33,34,35,36,39,41,42",992,8,7,7,,,,,"journal objective family: bg_d2 | F-selected distance-labelled E* domain propagation and cycle detection | precedence configuration: F=distance_closure, P=sparse_suffix, G=direct | Full Domain MxT schedule variables + explicit unary exclusions | (20),(22)-(27) exactly once over full domains | (22)-(27) session/fixed/forbidden exclusions as hard unit clauses | (19) participant atMost-one per slot | (46),(47) clustered table capacity with compact forward channeling | (28) SparseSuffix precedence over direct distance-labelled relations | exact break-group ends and unary break-group thresholds | exact schedule <-> usedSlot channeling | (43) exactly |Mp| full usedSlot variables | (44) atMost 2|L| busy participants per slot | (45) exact even number of busy participants | historical hard cap Delta_G <= 2",,,result
,,,,,,,,,tic-12crafc.forb0003,b2b-6a1b93b13d1b6631,b2b-lineage-tic-12crafc,forbidden,F-SS-DC-ST-BGD2-IS-CD-IC12P,Full,Filter-E*,SparseSuffix,DistanceClosure-E*,SpanThreshold,BreakGroupsD2,IncrementalSAT,IC12+,UNSAT,UNSAT,,,bg_d2,,,,,,,,0.056463,False,33.527,,,,Compact,Compact/Full,project_implementation,incremental multi-phase SAT with persistent solver state,15406,,,,,,,36971,0,36971,1000,14406,88007,40,cfg5__m-full__p-sparse_suffix__g-distance_closure__b-span_threshold__o-break_groups_d2__s-incrementalsat__i-imp12plus__backend-cadical,cfg5__m-full__p-sparse_suffix__g-distance_closure__b-span_threshold__o-break_groups_d2__s-incrementalsat__i-imp12plus__backend-cadical,full,distance_closure,sparse_suffix,distance_closure,IncrementalSAT,CaDiCaL,1.5.3,imp12+,span_threshold,total_break_groups_subject_to_range_at_most_2,BGD2,IC12P,88007,0,0,237,25445,9863,1426,,0,117,1,,,,,,0,0,0,0,0,,,"formalism-specific model size: SAT/MaxSAT reports base CNF and soft clauses, MIP reports variables/linear constraints/nonzeros, and CP reports integer variables plus linear/global constraints; SAT bound/totalizer overhead remains separate in optimizer_added_*",1000,992,985,1000,0,0,0,0,0,0,0,1,0.000162,0.001783,0.040745,,0.042528,0.013935,"wall-clock from immediately before reading/parsing the .dzn instance through model construction, optimization, solution decoding, and independent validation; excludes worker-process startup and result-file export",,,,,,,peak_process_tree_rss_mb,6a1b93b13d1b6631a23d477c882a2a5cb3ba1113c9911853836349d173490d61,forb0003,data_table06_forb/tic-12crafc.forb0003.dzn,1,../noves/tic-12crafc.forb0003.dzn,1,data_table06_forb/tic-12crafc.forb0003.dzn,https://imae.udg.edu/Recerca/LAI/,https://ima.udg.edu/Recerca/lai/b2b/b2b.zip,ee1f440ab3f6db27ab712300ad3a54a31ffd5ec1e06f81a9ac37cb7202c56528,2026-08-10T10:42:19+00:00,7200.0,,ee80a6fbd8b513f7c010668495c39621a371266a,True,3.10.12,1.8.dev25,instance-20260810-085803,Linux-6.8.0-1064-gcp-x86_64-with-glibc2.35,x86_64,4,8,15988.059,1,0,/home/g24021555/Business-Meeting-Scheduling-Problem/.venv/bin/python3 /home/g24021555/Business-Meeting-Scheduling-Problem/src/Main.py --manifest instances_manifest.csv --family forbidden --solver sat_all --objective-mode bg_d2 --domain-mode both --domain-filter-graph both --precedence-encoding both --precedence-graph both --encoding-variant imp12+ --sat-backend cadical --maxsat-backend uwrmaxsat --uwrmaxsat-bin /home/g24021555/uwrmaxsat/build/release/bin/uwrmaxsat --timeout 7200 --csv output/full_matrix_bg_d2_forbidden.csv,,,,,,,,incremental,,cadical,,staircase,sparse_suffix+distance_closure,,39,"1,2,3,4,5,6,7,8,9,10,11,12,13,14,15,16,17,18,19,20,21,22,23,24,25,26,27,28,29,30,31,32,33,34,35,36,39,41,42",992,8,7,7,,,,,"journal objective family: bg_d2 | F-selected distance-labelled E* domain propagation and cycle detection | precedence configuration: F=distance_closure, P=sparse_suffix, G=distance_closure | Full Domain MxT schedule variables + explicit unary exclusions | (20),(22)-(27) exactly once over full domains | (22)-(27) session/fixed/forbidden exclusions as hard unit clauses | (19) participant atMost-one per slot | (46),(47) clustered table capacity with compact forward channeling | (28) SparseSuffix precedence over distance_closure distance-labelled relations | exact break-group ends and unary break-group thresholds | exact schedule <-> usedSlot channeling | (43) exactly |Mp| full usedSlot variables | (44) atMost 2|L| busy participants per slot | (45) exact even number of busy participants | historical hard cap Delta_G <= 2",,,result
,,,,,,,,,tic-12crafc.forb0003,b2b-6a1b93b13d1b6631,b2b-lineage-tic-12crafc,forbidden,F-SS-DC-ST-BGD2-NIS-CD-IC12P,Full,Filter-E*,SparseSuffix,DistanceClosure-E*,SpanThreshold,BreakGroupsD2,NonIncrementalSAT,IC12+,UNSAT,UNSAT,,,bg_d2,,,,,,,,0.054987,False,33.75,,,,Compact,Compact/Full,project_implementation,restart-based multi-phase SAT,15406,,,,,,,36971,0,36971,1000,14406,88007,40,cfg5__m-full__p-sparse_suffix__g-distance_closure__b-span_threshold__o-break_groups_d2__s-nonincrementalsat__i-imp12plus__backend-cadical,cfg5__m-full__p-sparse_suffix__g-distance_closure__b-span_threshold__o-break_groups_d2__s-nonincrementalsat__i-imp12plus__backend-cadical,full,distance_closure,sparse_suffix,distance_closure,NonIncrementalSAT,CaDiCaL,1.5.3,imp12+,span_threshold,total_break_groups_subject_to_range_at_most_2,BGD2,IC12P,88007,0,0,237,25445,9863,1426,,0,117,1,,,,,,0,0,0,0,0,,,"formalism-specific model size: SAT/MaxSAT reports base CNF and soft clauses, MIP reports variables/linear constraints/nonzeros, and CP reports integer variables plus linear/global constraints; SAT bound/totalizer overhead remains separate in optimizer_added_*",1000,992,985,1000,0,0,0,0,0,0,0,1,0.000161,0.002029,0.039567,,0.041596,0.013392,"wall-clock from immediately before reading/parsing the .dzn instance through model construction, optimization, solution decoding, and independent validation; excludes worker-process startup and result-file export",,,,,,,peak_process_tree_rss_mb,6a1b93b13d1b6631a23d477c882a2a5cb3ba1113c9911853836349d173490d61,forb0003,data_table06_forb/tic-12crafc.forb0003.dzn,1,../noves/tic-12crafc.forb0003.dzn,1,data_table06_forb/tic-12crafc.forb0003.dzn,https://imae.udg.edu/Recerca/LAI/,https://ima.udg.edu/Recerca/lai/b2b/b2b.zip,ee1f440ab3f6db27ab712300ad3a54a31ffd5ec1e06f81a9ac37cb7202c56528,2026-08-10T10:42:19+00:00,7200.0,,ee80a6fbd8b513f7c010668495c39621a371266a,True,3.10.12,1.8.dev25,instance-20260810-085803,Linux-6.8.0-1064-gcp-x86_64-with-glibc2.35,x86_64,4,8,15988.059,1,0,/home/g24021555/Business-Meeting-Scheduling-Problem/.venv/bin/python3 /home/g24021555/Business-Meeting-Scheduling-Problem/src/Main.py --manifest instances_manifest.csv --family forbidden --solver sat_all --objective-mode bg_d2 --domain-mode both --domain-filter-graph both --precedence-encoding both --precedence-graph both --encoding-variant imp12+ --sat-backend cadical --maxsat-backend uwrmaxsat --uwrmaxsat-bin /home/g24021555/uwrmaxsat/build/release/bin/uwrmaxsat --timeout 7200 --csv output/full_matrix_bg_d2_forbidden.csv,,,,,,,,multiple,,cadical,,staircase,sparse_suffix+distance_closure,,39,"1,2,3,4,5,6,7,8,9,10,11,12,13,14,15,16,17,18,19,20,21,22,23,24,25,26,27,28,29,30,31,32,33,34,35,36,39,41,42",992,8,7,7,,,,,"journal objective family: bg_d2 | F-selected distance-labelled E* domain propagation and cycle detection | precedence configuration: F=distance_closure, P=sparse_suffix, G=distance_closure | Full Domain MxT schedule variables + explicit unary exclusions | (20),(22)-(27) exactly once over full domains | (22)-(27) session/fixed/forbidden exclusions as hard unit clauses | (19) participant atMost-one per slot | (46),(47) clustered table capacity with compact forward channeling | (28) SparseSuffix precedence over distance_closure distance-labelled relations | exact break-group ends and unary break-group thresholds | exact schedule <-> usedSlot channeling | (43) exactly |Mp| full usedSlot variables | (44) atMost 2|L| busy participants per slot | (45) exact even number of busy participants | historical hard cap Delta_G <= 2",,,result
,,,,,,,,,tic-12crafc.forb0003,b2b-6a1b93b13d1b6631,b2b-lineage-tic-12crafc,forbidden,F-SS-DC-ST-BGD2-UW-IC12P,Full,Filter-E*,SparseSuffix,DistanceClosure-E*,SpanThreshold,BreakGroupsD2,UWrMaxSAT,IC12+,UNSAT,UNSAT,,,bg_d2,,,,,,,1,0.115088,False,38.418,,,,Compact,Compact/Full,project_implementation,one-shot weighted MaxSAT,15406,,,,,,,36971,117,37088,1000,14406,88124,40,cfg5__m-full__p-sparse_suffix__g-distance_closure__b-span_threshold__o-break_groups_d2__s-uwrmaxsat__i-imp12plus__backend-uwrmaxsat,cfg5__m-full__p-sparse_suffix__g-distance_closure__b-span_threshold__o-break_groups_d2__s-uwrmaxsat__i-imp12plus__backend-uwrmaxsat,full,distance_closure,sparse_suffix,distance_closure,UWrMaxSAT,UWrMaxSAT,binary-sha256:8c68c8a386d3d7847b50d315143c2bab60e3514e59510e84a649db83cb303876,imp12+,span_threshold,total_break_groups_subject_to_range_at_most_2,BGD2,IC12P,88007,117,1,237,25445,9863,1426,1,117,117,1,,,,,,0,0,0,0,0,,,"formalism-specific model size: SAT/MaxSAT reports base CNF and soft clauses, MIP reports variables/linear constraints/nonzeros, and CP reports integer variables plus linear/global constraints; SAT bound/totalizer overhead remains separate in optimizer_added_*",1000,992,985,1000,0,0,0,0,0,0,0,1,0.000157,0.001804,0.043435,,0.045239,0.069849,"wall-clock from immediately before reading/parsing the .dzn instance through model construction, optimization, solution decoding, and independent validation; excludes worker-process startup and result-file export",,,,,,,peak_process_tree_rss_mb,6a1b93b13d1b6631a23d477c882a2a5cb3ba1113c9911853836349d173490d61,forb0003,data_table06_forb/tic-12crafc.forb0003.dzn,1,../noves/tic-12crafc.forb0003.dzn,1,data_table06_forb/tic-12crafc.forb0003.dzn,https://imae.udg.edu/Recerca/LAI/,https://ima.udg.edu/Recerca/lai/b2b/b2b.zip,ee1f440ab3f6db27ab712300ad3a54a31ffd5ec1e06f81a9ac37cb7202c56528,2026-08-10T10:42:19+00:00,7200.0,,ee80a6fbd8b513f7c010668495c39621a371266a,True,3.10.12,1.8.dev25,instance-20260810-085803,Linux-6.8.0-1064-gcp-x86_64-with-glibc2.35,x86_64,4,8,15988.059,1,0,/home/g24021555/Business-Meeting-Scheduling-Problem/.venv/bin/python3 /home/g24021555/Business-Meeting-Scheduling-Problem/src/Main.py --manifest instances_manifest.csv --family forbidden --solver sat_all --objective-mode bg_d2 --domain-mode both --domain-filter-graph both --precedence-encoding both --precedence-graph both --encoding-variant imp12+ --sat-backend cadical --maxsat-backend uwrmaxsat --uwrmaxsat-bin /home/g24021555/uwrmaxsat/build/release/bin/uwrmaxsat --timeout 7200 --csv output/full_matrix_bg_d2_forbidden.csv,/home/g24021555/uwrmaxsat/build/release/bin/uwrmaxsat,8c68c8a386d3d7847b50d315143c2bab60e3514e59510e84a649db83cb303876,/home/g24021555/uwrmaxsat/build/release/bin/uwrmaxsat -m /tmp/b2b_uwrmaxsat_phz3g1gm/tic-12crafc.forb0003.wcnf,,process exit code=20,,,maxsat,uwrmaxsat,,/home/g24021555/uwrmaxsat/build/release/bin/uwrmaxsat,staircase,sparse_suffix+distance_closure,,39,"1,2,3,4,5,6,7,8,9,10,11,12,13,14,15,16,17,18,19,20,21,22,23,24,25,26,27,28,29,30,31,32,33,34,35,36,39,41,42",992,8,7,7,,,,,"journal objective family: bg_d2 | F-selected distance-labelled E* domain propagation and cycle detection | precedence configuration: F=distance_closure, P=sparse_suffix, G=distance_closure | Full Domain MxT schedule variables + explicit unary exclusions | (20),(22)-(27) exactly once over full domains | (22)-(27) session/fixed/forbidden exclusions as hard unit clauses | (19) participant atMost-one per slot | (46),(47) clustered table capacity with compact forward channeling | (28) SparseSuffix precedence over distance_closure distance-labelled relations | exact break-group ends and unary break-group thresholds | exact schedule <-> usedSlot channeling | (43) exactly |Mp| full usedSlot variables | (44) atMost 2|L| busy participants per slot | (45) exact even number of busy participants | historical hard cap Delta_G <= 2",,,result
,,,,,,,,,tic-12crafc.forb0003,b2b-6a1b93b13d1b6631,b2b-lineage-tic-12crafc,forbidden,R-PW-DE-ST-BGD2-IS-CD-IC12P,Reduced,Filter-E*,Pairwise,Direct-E,SpanThreshold,BreakGroupsD2,IncrementalSAT,IC12+,UNSAT,UNSAT,,,bg_d2,,,,,,,,0.054476,False,33.301,,,,Compact,Compact/Reduced,project_implementation,incremental multi-phase SAT with persistent solver state,15361,,,,,,,36640,0,36640,985,14376,87268,40,cfg5__m-reduced__p-pairwise__g-direct__b-span_threshold__o-break_groups_d2__s-incrementalsat__i-imp12plus__backend-cadical,cfg5__m-reduced__p-pairwise__g-direct__b-span_threshold__o-break_groups_d2__s-incrementalsat__i-imp12plus__backend-cadical,reduced,distance_closure,pairwise,direct,IncrementalSAT,CaDiCaL,1.5.3,imp12+,span_threshold,total_break_groups_subject_to_range_at_most_2,BGD2,IC12P,87268,0,0,221,25169,9833,1415,,0,117,1,,,,,,0,0,0,0,0,,,"formalism-specific model size: SAT/MaxSAT reports base CNF and soft clauses, MIP reports variables/linear constraints/nonzeros, and CP reports integer variables plus linear/global constraints; SAT bound/totalizer overhead remains separate in optimizer_added_*",1000,992,985,985,0,0,0,0,0,0,0,1,0.000183,0.002076,0.040924,,0.042999,0.011477,"wall-clock from immediately before reading/parsing the .dzn instance through model construction, optimization, solution decoding, and independent validation; excludes worker-process startup and result-file export",,,,,,,peak_process_tree_rss_mb,6a1b93b13d1b6631a23d477c882a2a5cb3ba1113c9911853836349d173490d61,forb0003,data_table06_forb/tic-12crafc.forb0003.dzn,1,../noves/tic-12crafc.forb0003.dzn,1,data_table06_forb/tic-12crafc.forb0003.dzn,https://imae.udg.edu/Recerca/LAI/,https://ima.udg.edu/Recerca/lai/b2b/b2b.zip,ee1f440ab3f6db27ab712300ad3a54a31ffd5ec1e06f81a9ac37cb7202c56528,2026-08-10T10:42:19+00:00,7200.0,,ee80a6fbd8b513f7c010668495c39621a371266a,True,3.10.12,1.8.dev25,instance-20260810-085803,Linux-6.8.0-1064-gcp-x86_64-with-glibc2.35,x86_64,4,8,15988.059,1,0,/home/g24021555/Business-Meeting-Scheduling-Problem/.venv/bin/python3 /home/g24021555/Business-Meeting-Scheduling-Problem/src/Main.py --manifest instances_manifest.csv --family forbidden --solver sat_all --objective-mode bg_d2 --domain-mode both --domain-filter-graph both --precedence-encoding both --precedence-graph both --encoding-variant imp12+ --sat-backend cadical --maxsat-backend uwrmaxsat --uwrmaxsat-bin /home/g24021555/uwrmaxsat/build/release/bin/uwrmaxsat --timeout 7200 --csv output/full_matrix_bg_d2_forbidden.csv,,,,,,,,incremental,,cadical,,traditional,pairwise+direct,,39,"1,2,3,4,5,6,7,8,9,10,11,12,13,14,15,16,17,18,19,20,21,22,23,24,25,26,27,28,29,30,31,32,33,34,35,36,39,41,42",992,8,7,7,,,,,"journal objective family: bg_d2 | F-selected distance-labelled E* domain propagation and cycle detection | precedence configuration: F=distance_closure, P=pairwise, G=direct | Reduced Domain variables after unary filtering + matching GAC + slot saturation | (20),(22)-(27) exactly once over reduced domains | (19) participant atMost-one per slot | (46),(47) clustered table capacity with compact forward channeling | (28) Pairwise precedence over direct distance-labelled relations | exact break-group ends and unary break-group thresholds | exact schedule <-> usedSlot channeling | (43) exactly |Mp| reduced usedSlot variables | (44) atMost 2|L| busy participants per slot | (45) exact even number of busy participants | historical hard cap Delta_G <= 2",,,result
,,,,,,,,,tic-12crafc.forb0003,b2b-6a1b93b13d1b6631,b2b-lineage-tic-12crafc,forbidden,R-PW-DE-ST-BGD2-NIS-CD-IC12P,Reduced,Filter-E*,Pairwise,Direct-E,SpanThreshold,BreakGroupsD2,NonIncrementalSAT,IC12+,UNSAT,UNSAT,,,bg_d2,,,,,,,,0.050799,False,33.457,,,,Compact,Compact/Reduced,project_implementation,restart-based multi-phase SAT,15361,,,,,,,36640,0,36640,985,14376,87268,40,cfg5__m-reduced__p-pairwise__g-direct__b-span_threshold__o-break_groups_d2__s-nonincrementalsat__i-imp12plus__backend-cadical,cfg5__m-reduced__p-pairwise__g-direct__b-span_threshold__o-break_groups_d2__s-nonincrementalsat__i-imp12plus__backend-cadical,reduced,distance_closure,pairwise,direct,NonIncrementalSAT,CaDiCaL,1.5.3,imp12+,span_threshold,total_break_groups_subject_to_range_at_most_2,BGD2,IC12P,87268,0,0,221,25169,9833,1415,,0,117,1,,,,,,0,0,0,0,0,,,"formalism-specific model size: SAT/MaxSAT reports base CNF and soft clauses, MIP reports variables/linear constraints/nonzeros, and CP reports integer variables plus linear/global constraints; SAT bound/totalizer overhead remains separate in optimizer_added_*",1000,992,985,985,0,0,0,0,0,0,0,1,0.000164,0.001769,0.037662,,0.039431,0.011368,"wall-clock from immediately before reading/parsing the .dzn instance through model construction, optimization, solution decoding, and independent validation; excludes worker-process startup and result-file export",,,,,,,peak_process_tree_rss_mb,6a1b93b13d1b6631a23d477c882a2a5cb3ba1113c9911853836349d173490d61,forb0003,data_table06_forb/tic-12crafc.forb0003.dzn,1,../noves/tic-12crafc.forb0003.dzn,1,data_table06_forb/tic-12crafc.forb0003.dzn,https://imae.udg.edu/Recerca/LAI/,https://ima.udg.edu/Recerca/lai/b2b/b2b.zip,ee1f440ab3f6db27ab712300ad3a54a31ffd5ec1e06f81a9ac37cb7202c56528,2026-08-10T10:42:19+00:00,7200.0,,ee80a6fbd8b513f7c010668495c39621a371266a,True,3.10.12,1.8.dev25,instance-20260810-085803,Linux-6.8.0-1064-gcp-x86_64-with-glibc2.35,x86_64,4,8,15988.059,1,0,/home/g24021555/Business-Meeting-Scheduling-Problem/.venv/bin/python3 /home/g24021555/Business-Meeting-Scheduling-Problem/src/Main.py --manifest instances_manifest.csv --family forbidden --solver sat_all --objective-mode bg_d2 --domain-mode both --domain-filter-graph both --precedence-encoding both --precedence-graph both --encoding-variant imp12+ --sat-backend cadical --maxsat-backend uwrmaxsat --uwrmaxsat-bin /home/g24021555/uwrmaxsat/build/release/bin/uwrmaxsat --timeout 7200 --csv output/full_matrix_bg_d2_forbidden.csv,,,,,,,,multiple,,cadical,,traditional,pairwise+direct,,39,"1,2,3,4,5,6,7,8,9,10,11,12,13,14,15,16,17,18,19,20,21,22,23,24,25,26,27,28,29,30,31,32,33,34,35,36,39,41,42",992,8,7,7,,,,,"journal objective family: bg_d2 | F-selected distance-labelled E* domain propagation and cycle detection | precedence configuration: F=distance_closure, P=pairwise, G=direct | Reduced Domain variables after unary filtering + matching GAC + slot saturation | (20),(22)-(27) exactly once over reduced domains | (19) participant atMost-one per slot | (46),(47) clustered table capacity with compact forward channeling | (28) Pairwise precedence over direct distance-labelled relations | exact break-group ends and unary break-group thresholds | exact schedule <-> usedSlot channeling | (43) exactly |Mp| reduced usedSlot variables | (44) atMost 2|L| busy participants per slot | (45) exact even number of busy participants | historical hard cap Delta_G <= 2",,,result
,,,,,,,,,tic-12crafc.forb0003,b2b-6a1b93b13d1b6631,b2b-lineage-tic-12crafc,forbidden,R-PW-DE-ST-BGD2-UW-IC12P,Reduced,Filter-E*,Pairwise,Direct-E,SpanThreshold,BreakGroupsD2,UWrMaxSAT,IC12+,UNSAT,UNSAT,,,bg_d2,,,,,,,1,0.113352,False,38.215,,,,Compact,Compact/Reduced,project_implementation,one-shot weighted MaxSAT,15361,,,,,,,36640,117,36757,985,14376,87385,40,cfg5__m-reduced__p-pairwise__g-direct__b-span_threshold__o-break_groups_d2__s-uwrmaxsat__i-imp12plus__backend-uwrmaxsat,cfg5__m-reduced__p-pairwise__g-direct__b-span_threshold__o-break_groups_d2__s-uwrmaxsat__i-imp12plus__backend-uwrmaxsat,reduced,distance_closure,pairwise,direct,UWrMaxSAT,UWrMaxSAT,binary-sha256:8c68c8a386d3d7847b50d315143c2bab60e3514e59510e84a649db83cb303876,imp12+,span_threshold,total_break_groups_subject_to_range_at_most_2,BGD2,IC12P,87268,117,1,221,25169,9833,1415,1,117,117,1,,,,,,0,0,0,0,0,,,"formalism-specific model size: SAT/MaxSAT reports base CNF and soft clauses, MIP reports variables/linear constraints/nonzeros, and CP reports integer variables plus linear/global constraints; SAT bound/totalizer overhead remains separate in optimizer_added_*",1000,992,985,985,0,0,0,0,0,0,0,1,0.000153,0.001774,0.043329,,0.045103,0.068248,"wall-clock from immediately before reading/parsing the .dzn instance through model construction, optimization, solution decoding, and independent validation; excludes worker-process startup and result-file export",,,,,,,peak_process_tree_rss_mb,6a1b93b13d1b6631a23d477c882a2a5cb3ba1113c9911853836349d173490d61,forb0003,data_table06_forb/tic-12crafc.forb0003.dzn,1,../noves/tic-12crafc.forb0003.dzn,1,data_table06_forb/tic-12crafc.forb0003.dzn,https://imae.udg.edu/Recerca/LAI/,https://ima.udg.edu/Recerca/lai/b2b/b2b.zip,ee1f440ab3f6db27ab712300ad3a54a31ffd5ec1e06f81a9ac37cb7202c56528,2026-08-10T10:42:19+00:00,7200.0,,ee80a6fbd8b513f7c010668495c39621a371266a,True,3.10.12,1.8.dev25,instance-20260810-085803,Linux-6.8.0-1064-gcp-x86_64-with-glibc2.35,x86_64,4,8,15988.059,1,0,/home/g24021555/Business-Meeting-Scheduling-Problem/.venv/bin/python3 /home/g24021555/Business-Meeting-Scheduling-Problem/src/Main.py --manifest instances_manifest.csv --family forbidden --solver sat_all --objective-mode bg_d2 --domain-mode both --domain-filter-graph both --precedence-encoding both --precedence-graph both --encoding-variant imp12+ --sat-backend cadical --maxsat-backend uwrmaxsat --uwrmaxsat-bin /home/g24021555/uwrmaxsat/build/release/bin/uwrmaxsat --timeout 7200 --csv output/full_matrix_bg_d2_forbidden.csv,/home/g24021555/uwrmaxsat/build/release/bin/uwrmaxsat,8c68c8a386d3d7847b50d315143c2bab60e3514e59510e84a649db83cb303876,/home/g24021555/uwrmaxsat/build/release/bin/uwrmaxsat -m /tmp/b2b_uwrmaxsat_7y1n259b/tic-12crafc.forb0003.wcnf,,process exit code=20,,,maxsat,uwrmaxsat,,/home/g24021555/uwrmaxsat/build/release/bin/uwrmaxsat,traditional,pairwise+direct,,39,"1,2,3,4,5,6,7,8,9,10,11,12,13,14,15,16,17,18,19,20,21,22,23,24,25,26,27,28,29,30,31,32,33,34,35,36,39,41,42",992,8,7,7,,,,,"journal objective family: bg_d2 | F-selected distance-labelled E* domain propagation and cycle detection | precedence configuration: F=distance_closure, P=pairwise, G=direct | Reduced Domain variables after unary filtering + matching GAC + slot saturation | (20),(22)-(27) exactly once over reduced domains | (19) participant atMost-one per slot | (46),(47) clustered table capacity with compact forward channeling | (28) Pairwise precedence over direct distance-labelled relations | exact break-group ends and unary break-group thresholds | exact schedule <-> usedSlot channeling | (43) exactly |Mp| reduced usedSlot variables | (44) atMost 2|L| busy participants per slot | (45) exact even number of busy participants | historical hard cap Delta_G <= 2",,,result
,,,,,,,,,tic-12crafc.forb0003,b2b-6a1b93b13d1b6631,b2b-lineage-tic-12crafc,forbidden,R-PW-DC-ST-BGD2-IS-CD-IC12P,Reduced,Filter-E*,Pairwise,DistanceClosure-E*,SpanThreshold,BreakGroupsD2,IncrementalSAT,IC12+,UNSAT,UNSAT,,,bg_d2,,,,,,,,0.053,False,33.898,,,,Compact,Compact/Reduced,project_implementation,incremental multi-phase SAT with persistent solver state,15361,,,,,,,36640,0,36640,985,14376,87268,40,cfg5__m-reduced__p-pairwise__g-distance_closure__b-span_threshold__o-break_groups_d2__s-incrementalsat__i-imp12plus__backend-cadical,cfg5__m-reduced__p-pairwise__g-distance_closure__b-span_threshold__o-break_groups_d2__s-incrementalsat__i-imp12plus__backend-cadical,reduced,distance_closure,pairwise,distance_closure,IncrementalSAT,CaDiCaL,1.5.3,imp12+,span_threshold,total_break_groups_subject_to_range_at_most_2,BGD2,IC12P,87268,0,0,221,25169,9833,1415,,0,117,1,,,,,,0,0,0,0,0,,,"formalism-specific model size: SAT/MaxSAT reports base CNF and soft clauses, MIP reports variables/linear constraints/nonzeros, and CP reports integer variables plus linear/global constraints; SAT bound/totalizer overhead remains separate in optimizer_added_*",1000,992,985,985,0,0,0,0,0,0,0,1,0.00016,0.001791,0.040008,,0.041799,0.011201,"wall-clock from immediately before reading/parsing the .dzn instance through model construction, optimization, solution decoding, and independent validation; excludes worker-process startup and result-file export",,,,,,,peak_process_tree_rss_mb,6a1b93b13d1b6631a23d477c882a2a5cb3ba1113c9911853836349d173490d61,forb0003,data_table06_forb/tic-12crafc.forb0003.dzn,1,../noves/tic-12crafc.forb0003.dzn,1,data_table06_forb/tic-12crafc.forb0003.dzn,https://imae.udg.edu/Recerca/LAI/,https://ima.udg.edu/Recerca/lai/b2b/b2b.zip,ee1f440ab3f6db27ab712300ad3a54a31ffd5ec1e06f81a9ac37cb7202c56528,2026-08-10T10:42:19+00:00,7200.0,,ee80a6fbd8b513f7c010668495c39621a371266a,True,3.10.12,1.8.dev25,instance-20260810-085803,Linux-6.8.0-1064-gcp-x86_64-with-glibc2.35,x86_64,4,8,15988.059,1,0,/home/g24021555/Business-Meeting-Scheduling-Problem/.venv/bin/python3 /home/g24021555/Business-Meeting-Scheduling-Problem/src/Main.py --manifest instances_manifest.csv --family forbidden --solver sat_all --objective-mode bg_d2 --domain-mode both --domain-filter-graph both --precedence-encoding both --precedence-graph both --encoding-variant imp12+ --sat-backend cadical --maxsat-backend uwrmaxsat --uwrmaxsat-bin /home/g24021555/uwrmaxsat/build/release/bin/uwrmaxsat --timeout 7200 --csv output/full_matrix_bg_d2_forbidden.csv,,,,,,,,incremental,,cadical,,factorial,pairwise+distance_closure,,39,"1,2,3,4,5,6,7,8,9,10,11,12,13,14,15,16,17,18,19,20,21,22,23,24,25,26,27,28,29,30,31,32,33,34,35,36,39,41,42",992,8,7,7,,,,,"journal objective family: bg_d2 | F-selected distance-labelled E* domain propagation and cycle detection | precedence configuration: F=distance_closure, P=pairwise, G=distance_closure | Reduced Domain variables after unary filtering + matching GAC + slot saturation | (20),(22)-(27) exactly once over reduced domains | (19) participant atMost-one per slot | (46),(47) clustered table capacity with compact forward channeling | (28) Pairwise precedence over distance_closure distance-labelled relations | exact break-group ends and unary break-group thresholds | exact schedule <-> usedSlot channeling | (43) exactly |Mp| reduced usedSlot variables | (44) atMost 2|L| busy participants per slot | (45) exact even number of busy participants | historical hard cap Delta_G <= 2",,,result
,,,,,,,,,tic-12crafc.forb0003,b2b-6a1b93b13d1b6631,b2b-lineage-tic-12crafc,forbidden,R-PW-DC-ST-BGD2-NIS-CD-IC12P,Reduced,Filter-E*,Pairwise,DistanceClosure-E*,SpanThreshold,BreakGroupsD2,NonIncrementalSAT,IC12+,UNSAT,UNSAT,,,bg_d2,,,,,,,,0.052149,False,33.934,,,,Compact,Compact/Reduced,project_implementation,restart-based multi-phase SAT,15361,,,,,,,36640,0,36640,985,14376,87268,40,cfg5__m-reduced__p-pairwise__g-distance_closure__b-span_threshold__o-break_groups_d2__s-nonincrementalsat__i-imp12plus__backend-cadical,cfg5__m-reduced__p-pairwise__g-distance_closure__b-span_threshold__o-break_groups_d2__s-nonincrementalsat__i-imp12plus__backend-cadical,reduced,distance_closure,pairwise,distance_closure,NonIncrementalSAT,CaDiCaL,1.5.3,imp12+,span_threshold,total_break_groups_subject_to_range_at_most_2,BGD2,IC12P,87268,0,0,221,25169,9833,1415,,0,117,1,,,,,,0,0,0,0,0,,,"formalism-specific model size: SAT/MaxSAT reports base CNF and soft clauses, MIP reports variables/linear constraints/nonzeros, and CP reports integer variables plus linear/global constraints; SAT bound/totalizer overhead remains separate in optimizer_added_*",1000,992,985,985,0,0,0,0,0,0,0,1,0.000165,0.001785,0.039911,,0.041696,0.010453,"wall-clock from immediately before reading/parsing the .dzn instance through model construction, optimization, solution decoding, and independent validation; excludes worker-process startup and result-file export",,,,,,,peak_process_tree_rss_mb,6a1b93b13d1b6631a23d477c882a2a5cb3ba1113c9911853836349d173490d61,forb0003,data_table06_forb/tic-12crafc.forb0003.dzn,1,../noves/tic-12crafc.forb0003.dzn,1,data_table06_forb/tic-12crafc.forb0003.dzn,https://imae.udg.edu/Recerca/LAI/,https://ima.udg.edu/Recerca/lai/b2b/b2b.zip,ee1f440ab3f6db27ab712300ad3a54a31ffd5ec1e06f81a9ac37cb7202c56528,2026-08-10T10:42:19+00:00,7200.0,,ee80a6fbd8b513f7c010668495c39621a371266a,True,3.10.12,1.8.dev25,instance-20260810-085803,Linux-6.8.0-1064-gcp-x86_64-with-glibc2.35,x86_64,4,8,15988.059,1,0,/home/g24021555/Business-Meeting-Scheduling-Problem/.venv/bin/python3 /home/g24021555/Business-Meeting-Scheduling-Problem/src/Main.py --manifest instances_manifest.csv --family forbidden --solver sat_all --objective-mode bg_d2 --domain-mode both --domain-filter-graph both --precedence-encoding both --precedence-graph both --encoding-variant imp12+ --sat-backend cadical --maxsat-backend uwrmaxsat --uwrmaxsat-bin /home/g24021555/uwrmaxsat/build/release/bin/uwrmaxsat --timeout 7200 --csv output/full_matrix_bg_d2_forbidden.csv,,,,,,,,multiple,,cadical,,factorial,pairwise+distance_closure,,39,"1,2,3,4,5,6,7,8,9,10,11,12,13,14,15,16,17,18,19,20,21,22,23,24,25,26,27,28,29,30,31,32,33,34,35,36,39,41,42",992,8,7,7,,,,,"journal objective family: bg_d2 | F-selected distance-labelled E* domain propagation and cycle detection | precedence configuration: F=distance_closure, P=pairwise, G=distance_closure | Reduced Domain variables after unary filtering + matching GAC + slot saturation | (20),(22)-(27) exactly once over reduced domains | (19) participant atMost-one per slot | (46),(47) clustered table capacity with compact forward channeling | (28) Pairwise precedence over distance_closure distance-labelled relations | exact break-group ends and unary break-group thresholds | exact schedule <-> usedSlot channeling | (43) exactly |Mp| reduced usedSlot variables | (44) atMost 2|L| busy participants per slot | (45) exact even number of busy participants | historical hard cap Delta_G <= 2",,,result
,,,,,,,,,tic-12crafc.forb0003,b2b-6a1b93b13d1b6631,b2b-lineage-tic-12crafc,forbidden,R-PW-DC-ST-BGD2-UW-IC12P,Reduced,Filter-E*,Pairwise,DistanceClosure-E*,SpanThreshold,BreakGroupsD2,UWrMaxSAT,IC12+,UNSAT,UNSAT,,,bg_d2,,,,,,,1,0.115456,False,38.445,,,,Compact,Compact/Reduced,project_implementation,one-shot weighted MaxSAT,15361,,,,,,,36640,117,36757,985,14376,87385,40,cfg5__m-reduced__p-pairwise__g-distance_closure__b-span_threshold__o-break_groups_d2__s-uwrmaxsat__i-imp12plus__backend-uwrmaxsat,cfg5__m-reduced__p-pairwise__g-distance_closure__b-span_threshold__o-break_groups_d2__s-uwrmaxsat__i-imp12plus__backend-uwrmaxsat,reduced,distance_closure,pairwise,distance_closure,UWrMaxSAT,UWrMaxSAT,binary-sha256:8c68c8a386d3d7847b50d315143c2bab60e3514e59510e84a649db83cb303876,imp12+,span_threshold,total_break_groups_subject_to_range_at_most_2,BGD2,IC12P,87268,117,1,221,25169,9833,1415,1,117,117,1,,,,,,0,0,0,0,0,,,"formalism-specific model size: SAT/MaxSAT reports base CNF and soft clauses, MIP reports variables/linear constraints/nonzeros, and CP reports integer variables plus linear/global constraints; SAT bound/totalizer overhead remains separate in optimizer_added_*",1000,992,985,985,0,0,0,0,0,0,0,1,0.00018,0.00176,0.045472,,0.047232,0.068224,"wall-clock from immediately before reading/parsing the .dzn instance through model construction, optimization, solution decoding, and independent validation; excludes worker-process startup and result-file export",,,,,,,peak_process_tree_rss_mb,6a1b93b13d1b6631a23d477c882a2a5cb3ba1113c9911853836349d173490d61,forb0003,data_table06_forb/tic-12crafc.forb0003.dzn,1,../noves/tic-12crafc.forb0003.dzn,1,data_table06_forb/tic-12crafc.forb0003.dzn,https://imae.udg.edu/Recerca/LAI/,https://ima.udg.edu/Recerca/lai/b2b/b2b.zip,ee1f440ab3f6db27ab712300ad3a54a31ffd5ec1e06f81a9ac37cb7202c56528,2026-08-10T10:42:19+00:00,7200.0,,ee80a6fbd8b513f7c010668495c39621a371266a,True,3.10.12,1.8.dev25,instance-20260810-085803,Linux-6.8.0-1064-gcp-x86_64-with-glibc2.35,x86_64,4,8,15988.059,1,0,/home/g24021555/Business-Meeting-Scheduling-Problem/.venv/bin/python3 /home/g24021555/Business-Meeting-Scheduling-Problem/src/Main.py --manifest instances_manifest.csv --family forbidden --solver sat_all --objective-mode bg_d2 --domain-mode both --domain-filter-graph both --precedence-encoding both --precedence-graph both --encoding-variant imp12+ --sat-backend cadical --maxsat-backend uwrmaxsat --uwrmaxsat-bin /home/g24021555/uwrmaxsat/build/release/bin/uwrmaxsat --timeout 7200 --csv output/full_matrix_bg_d2_forbidden.csv,/home/g24021555/uwrmaxsat/build/release/bin/uwrmaxsat,8c68c8a386d3d7847b50d315143c2bab60e3514e59510e84a649db83cb303876,/home/g24021555/uwrmaxsat/build/release/bin/uwrmaxsat -m /tmp/b2b_uwrmaxsat_xnev98or/tic-12crafc.forb0003.wcnf,,process exit code=20,,,maxsat,uwrmaxsat,,/home/g24021555/uwrmaxsat/build/release/bin/uwrmaxsat,factorial,pairwise+distance_closure,,39,"1,2,3,4,5,6,7,8,9,10,11,12,13,14,15,16,17,18,19,20,21,22,23,24,25,26,27,28,29,30,31,32,33,34,35,36,39,41,42",992,8,7,7,,,,,"journal objective family: bg_d2 | F-selected distance-labelled E* domain propagation and cycle detection | precedence configuration: F=distance_closure, P=pairwise, G=distance_closure | Reduced Domain variables after unary filtering + matching GAC + slot saturation | (20),(22)-(27) exactly once over reduced domains | (19) participant atMost-one per slot | (46),(47) clustered table capacity with compact forward channeling | (28) Pairwise precedence over distance_closure distance-labelled relations | exact break-group ends and unary break-group thresholds | exact schedule <-> usedSlot channeling | (43) exactly |Mp| reduced usedSlot variables | (44) atMost 2|L| busy participants per slot | (45) exact even number of busy participants | historical hard cap Delta_G <= 2",,,result
,,,,,,,,,tic-12crafc.forb0003,b2b-6a1b93b13d1b6631,b2b-lineage-tic-12crafc,forbidden,R-SS-DE-ST-BGD2-IS-CD-IC12P,Reduced,Filter-E*,SparseSuffix,Direct-E,SpanThreshold,BreakGroupsD2,IncrementalSAT,IC12+,UNSAT,UNSAT,,,bg_d2,,,,,,,,0.053063,False,33.629,,,,Compact,Compact/Reduced,project_implementation,incremental multi-phase SAT with persistent solver state,15361,,,,,,,36640,0,36640,985,14376,87268,40,cfg5__m-reduced__p-sparse_suffix__g-direct__b-span_threshold__o-break_groups_d2__s-incrementalsat__i-imp12plus__backend-cadical,cfg5__m-reduced__p-sparse_suffix__g-direct__b-span_threshold__o-break_groups_d2__s-incrementalsat__i-imp12plus__backend-cadical,reduced,distance_closure,sparse_suffix,direct,IncrementalSAT,CaDiCaL,1.5.3,imp12+,span_threshold,total_break_groups_subject_to_range_at_most_2,BGD2,IC12P,87268,0,0,221,25169,9833,1415,,0,117,1,,,,,,0,0,0,0,0,,,"formalism-specific model size: SAT/MaxSAT reports base CNF and soft clauses, MIP reports variables/linear constraints/nonzeros, and CP reports integer variables plus linear/global constraints; SAT bound/totalizer overhead remains separate in optimizer_added_*",1000,992,985,985,0,0,0,0,0,0,0,1,0.000183,0.00204,0.039447,,0.041487,0.011576,"wall-clock from immediately before reading/parsing the .dzn instance through model construction, optimization, solution decoding, and independent validation; excludes worker-process startup and result-file export",,,,,,,peak_process_tree_rss_mb,6a1b93b13d1b6631a23d477c882a2a5cb3ba1113c9911853836349d173490d61,forb0003,data_table06_forb/tic-12crafc.forb0003.dzn,1,../noves/tic-12crafc.forb0003.dzn,1,data_table06_forb/tic-12crafc.forb0003.dzn,https://imae.udg.edu/Recerca/LAI/,https://ima.udg.edu/Recerca/lai/b2b/b2b.zip,ee1f440ab3f6db27ab712300ad3a54a31ffd5ec1e06f81a9ac37cb7202c56528,2026-08-10T10:42:19+00:00,7200.0,,ee80a6fbd8b513f7c010668495c39621a371266a,True,3.10.12,1.8.dev25,instance-20260810-085803,Linux-6.8.0-1064-gcp-x86_64-with-glibc2.35,x86_64,4,8,15988.059,1,0,/home/g24021555/Business-Meeting-Scheduling-Problem/.venv/bin/python3 /home/g24021555/Business-Meeting-Scheduling-Problem/src/Main.py --manifest instances_manifest.csv --family forbidden --solver sat_all --objective-mode bg_d2 --domain-mode both --domain-filter-graph both --precedence-encoding both --precedence-graph both --encoding-variant imp12+ --sat-backend cadical --maxsat-backend uwrmaxsat --uwrmaxsat-bin /home/g24021555/uwrmaxsat/build/release/bin/uwrmaxsat --timeout 7200 --csv output/full_matrix_bg_d2_forbidden.csv,,,,,,,,incremental,,cadical,,factorial,sparse_suffix+direct,,39,"1,2,3,4,5,6,7,8,9,10,11,12,13,14,15,16,17,18,19,20,21,22,23,24,25,26,27,28,29,30,31,32,33,34,35,36,39,41,42",992,8,7,7,,,,,"journal objective family: bg_d2 | F-selected distance-labelled E* domain propagation and cycle detection | precedence configuration: F=distance_closure, P=sparse_suffix, G=direct | Reduced Domain variables after unary filtering + matching GAC + slot saturation | (20),(22)-(27) exactly once over reduced domains | (19) participant atMost-one per slot | (46),(47) clustered table capacity with compact forward channeling | (28) SparseSuffix precedence over direct distance-labelled relations | exact break-group ends and unary break-group thresholds | exact schedule <-> usedSlot channeling | (43) exactly |Mp| reduced usedSlot variables | (44) atMost 2|L| busy participants per slot | (45) exact even number of busy participants | historical hard cap Delta_G <= 2",,,result
,,,,,,,,,tic-12crafc.forb0003,b2b-6a1b93b13d1b6631,b2b-lineage-tic-12crafc,forbidden,R-SS-DE-ST-BGD2-NIS-CD-IC12P,Reduced,Filter-E*,SparseSuffix,Direct-E,SpanThreshold,BreakGroupsD2,NonIncrementalSAT,IC12+,UNSAT,UNSAT,,,bg_d2,,,,,,,,0.052998,False,33.629,,,,Compact,Compact/Reduced,project_implementation,restart-based multi-phase SAT,15361,,,,,,,36640,0,36640,985,14376,87268,40,cfg5__m-reduced__p-sparse_suffix__g-direct__b-span_threshold__o-break_groups_d2__s-nonincrementalsat__i-imp12plus__backend-cadical,cfg5__m-reduced__p-sparse_suffix__g-direct__b-span_threshold__o-break_groups_d2__s-nonincrementalsat__i-imp12plus__backend-cadical,reduced,distance_closure,sparse_suffix,direct,NonIncrementalSAT,CaDiCaL,1.5.3,imp12+,span_threshold,total_break_groups_subject_to_range_at_most_2,BGD2,IC12P,87268,0,0,221,25169,9833,1415,,0,117,1,,,,,,0,0,0,0,0,,,"formalism-specific model size: SAT/MaxSAT reports base CNF and soft clauses, MIP reports variables/linear constraints/nonzeros, and CP reports integer variables plus linear/global constraints; SAT bound/totalizer overhead remains separate in optimizer_added_*",1000,992,985,985,0,0,0,0,0,0,0,1,0.000165,0.001769,0.039826,,0.041596,0.011402,"wall-clock from immediately before reading/parsing the .dzn instance through model construction, optimization, solution decoding, and independent validation; excludes worker-process startup and result-file export",,,,,,,peak_process_tree_rss_mb,6a1b93b13d1b6631a23d477c882a2a5cb3ba1113c9911853836349d173490d61,forb0003,data_table06_forb/tic-12crafc.forb0003.dzn,1,../noves/tic-12crafc.forb0003.dzn,1,data_table06_forb/tic-12crafc.forb0003.dzn,https://imae.udg.edu/Recerca/LAI/,https://ima.udg.edu/Recerca/lai/b2b/b2b.zip,ee1f440ab3f6db27ab712300ad3a54a31ffd5ec1e06f81a9ac37cb7202c56528,2026-08-10T10:42:19+00:00,7200.0,,ee80a6fbd8b513f7c010668495c39621a371266a,True,3.10.12,1.8.dev25,instance-20260810-085803,Linux-6.8.0-1064-gcp-x86_64-with-glibc2.35,x86_64,4,8,15988.059,1,0,/home/g24021555/Business-Meeting-Scheduling-Problem/.venv/bin/python3 /home/g24021555/Business-Meeting-Scheduling-Problem/src/Main.py --manifest instances_manifest.csv --family forbidden --solver sat_all --objective-mode bg_d2 --domain-mode both --domain-filter-graph both --precedence-encoding both --precedence-graph both --encoding-variant imp12+ --sat-backend cadical --maxsat-backend uwrmaxsat --uwrmaxsat-bin /home/g24021555/uwrmaxsat/build/release/bin/uwrmaxsat --timeout 7200 --csv output/full_matrix_bg_d2_forbidden.csv,,,,,,,,multiple,,cadical,,factorial,sparse_suffix+direct,,39,"1,2,3,4,5,6,7,8,9,10,11,12,13,14,15,16,17,18,19,20,21,22,23,24,25,26,27,28,29,30,31,32,33,34,35,36,39,41,42",992,8,7,7,,,,,"journal objective family: bg_d2 | F-selected distance-labelled E* domain propagation and cycle detection | precedence configuration: F=distance_closure, P=sparse_suffix, G=direct | Reduced Domain variables after unary filtering + matching GAC + slot saturation | (20),(22)-(27) exactly once over reduced domains | (19) participant atMost-one per slot | (46),(47) clustered table capacity with compact forward channeling | (28) SparseSuffix precedence over direct distance-labelled relations | exact break-group ends and unary break-group thresholds | exact schedule <-> usedSlot channeling | (43) exactly |Mp| reduced usedSlot variables | (44) atMost 2|L| busy participants per slot | (45) exact even number of busy participants | historical hard cap Delta_G <= 2",,,result
,,,,,,,,,tic-12crafc.forb0003,b2b-6a1b93b13d1b6631,b2b-lineage-tic-12crafc,forbidden,R-SS-DE-ST-BGD2-UW-IC12P,Reduced,Filter-E*,SparseSuffix,Direct-E,SpanThreshold,BreakGroupsD2,UWrMaxSAT,IC12+,UNSAT,UNSAT,,,bg_d2,,,,,,,1,0.114762,False,38.285,,,,Compact,Compact/Reduced,project_implementation,one-shot weighted MaxSAT,15361,,,,,,,36640,117,36757,985,14376,87385,40,cfg5__m-reduced__p-sparse_suffix__g-direct__b-span_threshold__o-break_groups_d2__s-uwrmaxsat__i-imp12plus__backend-uwrmaxsat,cfg5__m-reduced__p-sparse_suffix__g-direct__b-span_threshold__o-break_groups_d2__s-uwrmaxsat__i-imp12plus__backend-uwrmaxsat,reduced,distance_closure,sparse_suffix,direct,UWrMaxSAT,UWrMaxSAT,binary-sha256:8c68c8a386d3d7847b50d315143c2bab60e3514e59510e84a649db83cb303876,imp12+,span_threshold,total_break_groups_subject_to_range_at_most_2,BGD2,IC12P,87268,117,1,221,25169,9833,1415,1,117,117,1,,,,,,0,0,0,0,0,,,"formalism-specific model size: SAT/MaxSAT reports base CNF and soft clauses, MIP reports variables/linear constraints/nonzeros, and CP reports integer variables plus linear/global constraints; SAT bound/totalizer overhead remains separate in optimizer_added_*",1000,992,985,985,0,0,0,0,0,0,0,1,0.000171,0.001763,0.043045,,0.044808,0.069955,"wall-clock from immediately before reading/parsing the .dzn instance through model construction, optimization, solution decoding, and independent validation; excludes worker-process startup and result-file export",,,,,,,peak_process_tree_rss_mb,6a1b93b13d1b6631a23d477c882a2a5cb3ba1113c9911853836349d173490d61,forb0003,data_table06_forb/tic-12crafc.forb0003.dzn,1,../noves/tic-12crafc.forb0003.dzn,1,data_table06_forb/tic-12crafc.forb0003.dzn,https://imae.udg.edu/Recerca/LAI/,https://ima.udg.edu/Recerca/lai/b2b/b2b.zip,ee1f440ab3f6db27ab712300ad3a54a31ffd5ec1e06f81a9ac37cb7202c56528,2026-08-10T10:42:19+00:00,7200.0,,ee80a6fbd8b513f7c010668495c39621a371266a,True,3.10.12,1.8.dev25,instance-20260810-085803,Linux-6.8.0-1064-gcp-x86_64-with-glibc2.35,x86_64,4,8,15988.059,1,0,/home/g24021555/Business-Meeting-Scheduling-Problem/.venv/bin/python3 /home/g24021555/Business-Meeting-Scheduling-Problem/src/Main.py --manifest instances_manifest.csv --family forbidden --solver sat_all --objective-mode bg_d2 --domain-mode both --domain-filter-graph both --precedence-encoding both --precedence-graph both --encoding-variant imp12+ --sat-backend cadical --maxsat-backend uwrmaxsat --uwrmaxsat-bin /home/g24021555/uwrmaxsat/build/release/bin/uwrmaxsat --timeout 7200 --csv output/full_matrix_bg_d2_forbidden.csv,/home/g24021555/uwrmaxsat/build/release/bin/uwrmaxsat,8c68c8a386d3d7847b50d315143c2bab60e3514e59510e84a649db83cb303876,/home/g24021555/uwrmaxsat/build/release/bin/uwrmaxsat -m /tmp/b2b_uwrmaxsat__lxsggjt/tic-12crafc.forb0003.wcnf,,process exit code=20,,,maxsat,uwrmaxsat,,/home/g24021555/uwrmaxsat/build/release/bin/uwrmaxsat,factorial,sparse_suffix+direct,,39,"1,2,3,4,5,6,7,8,9,10,11,12,13,14,15,16,17,18,19,20,21,22,23,24,25,26,27,28,29,30,31,32,33,34,35,36,39,41,42",992,8,7,7,,,,,"journal objective family: bg_d2 | F-selected distance-labelled E* domain propagation and cycle detection | precedence configuration: F=distance_closure, P=sparse_suffix, G=direct | Reduced Domain variables after unary filtering + matching GAC + slot saturation | (20),(22)-(27) exactly once over reduced domains | (19) participant atMost-one per slot | (46),(47) clustered table capacity with compact forward channeling | (28) SparseSuffix precedence over direct distance-labelled relations | exact break-group ends and unary break-group thresholds | exact schedule <-> usedSlot channeling | (43) exactly |Mp| reduced usedSlot variables | (44) atMost 2|L| busy participants per slot | (45) exact even number of busy participants | historical hard cap Delta_G <= 2",,,result
,,,,,,,,,tic-12crafc.forb0003,b2b-6a1b93b13d1b6631,b2b-lineage-tic-12crafc,forbidden,R-SS-DC-ST-BGD2-IS-CD-IC12P,Reduced,Filter-E*,SparseSuffix,DistanceClosure-E*,SpanThreshold,BreakGroupsD2,IncrementalSAT,IC12+,UNSAT,UNSAT,,,bg_d2,,,,,,,,0.052852,False,32.84,,,,Compact,Compact/Reduced,project_implementation,incremental multi-phase SAT with persistent solver state,15361,,,,,,,36640,0,36640,985,14376,87268,40,cfg5__m-reduced__p-sparse_suffix__g-distance_closure__b-span_threshold__o-break_groups_d2__s-incrementalsat__i-imp12plus__backend-cadical,cfg5__m-reduced__p-sparse_suffix__g-distance_closure__b-span_threshold__o-break_groups_d2__s-incrementalsat__i-imp12plus__backend-cadical,reduced,distance_closure,sparse_suffix,distance_closure,IncrementalSAT,CaDiCaL,1.5.3,imp12+,span_threshold,total_break_groups_subject_to_range_at_most_2,BGD2,IC12P,87268,0,0,221,25169,9833,1415,,0,117,1,,,,,,0,0,0,0,0,,,"formalism-specific model size: SAT/MaxSAT reports base CNF and soft clauses, MIP reports variables/linear constraints/nonzeros, and CP reports integer variables plus linear/global constraints; SAT bound/totalizer overhead remains separate in optimizer_added_*",1000,992,985,985,0,0,0,0,0,0,0,1,0.000182,0.002032,0.03951,,0.041542,0.01131,"wall-clock from immediately before reading/parsing the .dzn instance through model construction, optimization, solution decoding, and independent validation; excludes worker-process startup and result-file export",,,,,,,peak_process_tree_rss_mb,6a1b93b13d1b6631a23d477c882a2a5cb3ba1113c9911853836349d173490d61,forb0003,data_table06_forb/tic-12crafc.forb0003.dzn,1,../noves/tic-12crafc.forb0003.dzn,1,data_table06_forb/tic-12crafc.forb0003.dzn,https://imae.udg.edu/Recerca/LAI/,https://ima.udg.edu/Recerca/lai/b2b/b2b.zip,ee1f440ab3f6db27ab712300ad3a54a31ffd5ec1e06f81a9ac37cb7202c56528,2026-08-10T10:42:19+00:00,7200.0,,ee80a6fbd8b513f7c010668495c39621a371266a,True,3.10.12,1.8.dev25,instance-20260810-085803,Linux-6.8.0-1064-gcp-x86_64-with-glibc2.35,x86_64,4,8,15988.059,1,0,/home/g24021555/Business-Meeting-Scheduling-Problem/.venv/bin/python3 /home/g24021555/Business-Meeting-Scheduling-Problem/src/Main.py --manifest instances_manifest.csv --family forbidden --solver sat_all --objective-mode bg_d2 --domain-mode both --domain-filter-graph both --precedence-encoding both --precedence-graph both --encoding-variant imp12+ --sat-backend cadical --maxsat-backend uwrmaxsat --uwrmaxsat-bin /home/g24021555/uwrmaxsat/build/release/bin/uwrmaxsat --timeout 7200 --csv output/full_matrix_bg_d2_forbidden.csv,,,,,,,,incremental,,cadical,,staircase,sparse_suffix+distance_closure,,39,"1,2,3,4,5,6,7,8,9,10,11,12,13,14,15,16,17,18,19,20,21,22,23,24,25,26,27,28,29,30,31,32,33,34,35,36,39,41,42",992,8,7,7,,,,,"journal objective family: bg_d2 | F-selected distance-labelled E* domain propagation and cycle detection | precedence configuration: F=distance_closure, P=sparse_suffix, G=distance_closure | Reduced Domain variables after unary filtering + matching GAC + slot saturation | (20),(22)-(27) exactly once over reduced domains | (19) participant atMost-one per slot | (46),(47) clustered table capacity with compact forward channeling | (28) SparseSuffix precedence over distance_closure distance-labelled relations | exact break-group ends and unary break-group thresholds | exact schedule <-> usedSlot channeling | (43) exactly |Mp| reduced usedSlot variables | (44) atMost 2|L| busy participants per slot | (45) exact even number of busy participants | historical hard cap Delta_G <= 2",,,result
,,,,,,,,,tic-12crafc.forb0003,b2b-6a1b93b13d1b6631,b2b-lineage-tic-12crafc,forbidden,R-SS-DC-ST-BGD2-NIS-CD-IC12P,Reduced,Filter-E*,SparseSuffix,DistanceClosure-E*,SpanThreshold,BreakGroupsD2,NonIncrementalSAT,IC12+,UNSAT,UNSAT,,,bg_d2,,,,,,,,0.052406,False,33.84,,,,Compact,Compact/Reduced,project_implementation,restart-based multi-phase SAT,15361,,,,,,,36640,0,36640,985,14376,87268,40,cfg5__m-reduced__p-sparse_suffix__g-distance_closure__b-span_threshold__o-break_groups_d2__s-nonincrementalsat__i-imp12plus__backend-cadical,cfg5__m-reduced__p-sparse_suffix__g-distance_closure__b-span_threshold__o-break_groups_d2__s-nonincrementalsat__i-imp12plus__backend-cadical,reduced,distance_closure,sparse_suffix,distance_closure,NonIncrementalSAT,CaDiCaL,1.5.3,imp12+,span_threshold,total_break_groups_subject_to_range_at_most_2,BGD2,IC12P,87268,0,0,221,25169,9833,1415,,0,117,1,,,,,,0,0,0,0,0,,,"formalism-specific model size: SAT/MaxSAT reports base CNF and soft clauses, MIP reports variables/linear constraints/nonzeros, and CP reports integer variables plus linear/global constraints; SAT bound/totalizer overhead remains separate in optimizer_added_*",1000,992,985,985,0,0,0,0,0,0,0,1,0.000158,0.00201,0.039755,,0.041764,0.010642,"wall-clock from immediately before reading/parsing the .dzn instance through model construction, optimization, solution decoding, and independent validation; excludes worker-process startup and result-file export",,,,,,,peak_process_tree_rss_mb,6a1b93b13d1b6631a23d477c882a2a5cb3ba1113c9911853836349d173490d61,forb0003,data_table06_forb/tic-12crafc.forb0003.dzn,1,../noves/tic-12crafc.forb0003.dzn,1,data_table06_forb/tic-12crafc.forb0003.dzn,https://imae.udg.edu/Recerca/LAI/,https://ima.udg.edu/Recerca/lai/b2b/b2b.zip,ee1f440ab3f6db27ab712300ad3a54a31ffd5ec1e06f81a9ac37cb7202c56528,2026-08-10T10:42:19+00:00,7200.0,,ee80a6fbd8b513f7c010668495c39621a371266a,True,3.10.12,1.8.dev25,instance-20260810-085803,Linux-6.8.0-1064-gcp-x86_64-with-glibc2.35,x86_64,4,8,15988.059,1,0,/home/g24021555/Business-Meeting-Scheduling-Problem/.venv/bin/python3 /home/g24021555/Business-Meeting-Scheduling-Problem/src/Main.py --manifest instances_manifest.csv --family forbidden --solver sat_all --objective-mode bg_d2 --domain-mode both --domain-filter-graph both --precedence-encoding both --precedence-graph both --encoding-variant imp12+ --sat-backend cadical --maxsat-backend uwrmaxsat --uwrmaxsat-bin /home/g24021555/uwrmaxsat/build/release/bin/uwrmaxsat --timeout 7200 --csv output/full_matrix_bg_d2_forbidden.csv,,,,,,,,multiple,,cadical,,staircase,sparse_suffix+distance_closure,,39,"1,2,3,4,5,6,7,8,9,10,11,12,13,14,15,16,17,18,19,20,21,22,23,24,25,26,27,28,29,30,31,32,33,34,35,36,39,41,42",992,8,7,7,,,,,"journal objective family: bg_d2 | F-selected distance-labelled E* domain propagation and cycle detection | precedence configuration: F=distance_closure, P=sparse_suffix, G=distance_closure | Reduced Domain variables after unary filtering + matching GAC + slot saturation | (20),(22)-(27) exactly once over reduced domains | (19) participant atMost-one per slot | (46),(47) clustered table capacity with compact forward channeling | (28) SparseSuffix precedence over distance_closure distance-labelled relations | exact break-group ends and unary break-group thresholds | exact schedule <-> usedSlot channeling | (43) exactly |Mp| reduced usedSlot variables | (44) atMost 2|L| busy participants per slot | (45) exact even number of busy participants | historical hard cap Delta_G <= 2",,,result
,,,,,,,,,tic-12crafc.forb0003,b2b-6a1b93b13d1b6631,b2b-lineage-tic-12crafc,forbidden,R-SS-DC-ST-BGD2-UW-IC12P,Reduced,Filter-E*,SparseSuffix,DistanceClosure-E*,SpanThreshold,BreakGroupsD2,UWrMaxSAT,IC12+,UNSAT,UNSAT,,,bg_d2,,,,,,,1,0.116749,False,38.262,,,,Compact,Compact/Reduced,project_implementation,one-shot weighted MaxSAT,15361,,,,,,,36640,117,36757,985,14376,87385,40,cfg5__m-reduced__p-sparse_suffix__g-distance_closure__b-span_threshold__o-break_groups_d2__s-uwrmaxsat__i-imp12plus__backend-uwrmaxsat,cfg5__m-reduced__p-sparse_suffix__g-distance_closure__b-span_threshold__o-break_groups_d2__s-uwrmaxsat__i-imp12plus__backend-uwrmaxsat,reduced,distance_closure,sparse_suffix,distance_closure,UWrMaxSAT,UWrMaxSAT,binary-sha256:8c68c8a386d3d7847b50d315143c2bab60e3514e59510e84a649db83cb303876,imp12+,span_threshold,total_break_groups_subject_to_range_at_most_2,BGD2,IC12P,87268,117,1,221,25169,9833,1415,1,117,117,1,,,,,,0,0,0,0,0,,,"formalism-specific model size: SAT/MaxSAT reports base CNF and soft clauses, MIP reports variables/linear constraints/nonzeros, and CP reports integer variables plus linear/global constraints; SAT bound/totalizer overhead remains separate in optimizer_added_*",1000,992,985,985,0,0,0,0,0,0,0,1,0.000166,0.001781,0.045757,,0.047538,0.069211,"wall-clock from immediately before reading/parsing the .dzn instance through model construction, optimization, solution decoding, and independent validation; excludes worker-process startup and result-file export",,,,,,,peak_process_tree_rss_mb,6a1b93b13d1b6631a23d477c882a2a5cb3ba1113c9911853836349d173490d61,forb0003,data_table06_forb/tic-12crafc.forb0003.dzn,1,../noves/tic-12crafc.forb0003.dzn,1,data_table06_forb/tic-12crafc.forb0003.dzn,https://imae.udg.edu/Recerca/LAI/,https://ima.udg.edu/Recerca/lai/b2b/b2b.zip,ee1f440ab3f6db27ab712300ad3a54a31ffd5ec1e06f81a9ac37cb7202c56528,2026-08-10T10:42:19+00:00,7200.0,,ee80a6fbd8b513f7c010668495c39621a371266a,True,3.10.12,1.8.dev25,instance-20260810-085803,Linux-6.8.0-1064-gcp-x86_64-with-glibc2.35,x86_64,4,8,15988.059,1,0,/home/g24021555/Business-Meeting-Scheduling-Problem/.venv/bin/python3 /home/g24021555/Business-Meeting-Scheduling-Problem/src/Main.py --manifest instances_manifest.csv --family forbidden --solver sat_all --objective-mode bg_d2 --domain-mode both --domain-filter-graph both --precedence-encoding both --precedence-graph both --encoding-variant imp12+ --sat-backend cadical --maxsat-backend uwrmaxsat --uwrmaxsat-bin /home/g24021555/uwrmaxsat/build/release/bin/uwrmaxsat --timeout 7200 --csv output/full_matrix_bg_d2_forbidden.csv,/home/g24021555/uwrmaxsat/build/release/bin/uwrmaxsat,8c68c8a386d3d7847b50d315143c2bab60e3514e59510e84a649db83cb303876,/home/g24021555/uwrmaxsat/build/release/bin/uwrmaxsat -m /tmp/b2b_uwrmaxsat_ws_unq9k/tic-12crafc.forb0003.wcnf,,process exit code=20,,,maxsat,uwrmaxsat,,/home/g24021555/uwrmaxsat/build/release/bin/uwrmaxsat,staircase,sparse_suffix+distance_closure,,39,"1,2,3,4,5,6,7,8,9,10,11,12,13,14,15,16,17,18,19,20,21,22,23,24,25,26,27,28,29,30,31,32,33,34,35,36,39,41,42",992,8,7,7,,,,,"journal objective family: bg_d2 | F-selected distance-labelled E* domain propagation and cycle detection | precedence configuration: F=distance_closure, P=sparse_suffix, G=distance_closure | Reduced Domain variables after unary filtering + matching GAC + slot saturation | (20),(22)-(27) exactly once over reduced domains | (19) participant atMost-one per slot | (46),(47) clustered table capacity with compact forward channeling | (28) SparseSuffix precedence over distance_closure distance-labelled relations | exact break-group ends and unary break-group thresholds | exact schedule <-> usedSlot channeling | (43) exactly |Mp| reduced usedSlot variables | (44) atMost 2|L| busy participants per slot | (45) exact even number of busy participants | historical hard cap Delta_G <= 2",,,result
,,,,,,,,,tic-12crafc.forb0007,b2b-73b3784d08c0e73c,b2b-lineage-tic-12crafc,forbidden,F-PW-DE-ST-BGD2-IS-CD-IC12P,Full,Filter-E*,Pairwise,Direct-E,SpanThreshold,BreakGroupsD2,IncrementalSAT,IC12+,UNSAT,UNSAT,,,bg_d2,,,,,,,,0.057589,False,33.418,,,,Compact,Compact/Full,project_implementation,incremental multi-phase SAT with persistent solver state,15406,,,,,,,36979,0,36979,1000,14406,88015,40,cfg5__m-full__p-pairwise__g-direct__b-span_threshold__o-break_groups_d2__s-incrementalsat__i-imp12plus__backend-cadical,cfg5__m-full__p-pairwise__g-direct__b-span_threshold__o-break_groups_d2__s-incrementalsat__i-imp12plus__backend-cadical,full,distance_closure,pairwise,direct,IncrementalSAT,CaDiCaL,1.5.3,imp12+,span_threshold,total_break_groups_subject_to_range_at_most_2,BGD2,IC12P,88015,0,0,245,25445,9863,1426,,0,117,1,,,,,,0,0,0,0,0,,,"formalism-specific model size: SAT/MaxSAT reports base CNF and soft clauses, MIP reports variables/linear constraints/nonzeros, and CP reports integer variables plus linear/global constraints; SAT bound/totalizer overhead remains separate in optimizer_added_*",1000,984,977,1000,0,0,0,0,0,0,0,1,0.000161,0.001761,0.042225,,0.043987,0.013602,"wall-clock from immediately before reading/parsing the .dzn instance through model construction, optimization, solution decoding, and independent validation; excludes worker-process startup and result-file export",,,,,,,peak_process_tree_rss_mb,73b3784d08c0e73c6dd49aa054796fb507945f2a7cddae90222a06594ba0dac5,forb0007,data_table06_forb/tic-12crafc.forb0007.dzn,1,../noves/tic-12crafc.forb0007.dzn,1,data_table06_forb/tic-12crafc.forb0007.dzn,https://imae.udg.edu/Recerca/LAI/,https://ima.udg.edu/Recerca/lai/b2b/b2b.zip,ee1f440ab3f6db27ab712300ad3a54a31ffd5ec1e06f81a9ac37cb7202c56528,2026-08-10T10:42:19+00:00,7200.0,,ee80a6fbd8b513f7c010668495c39621a371266a,True,3.10.12,1.8.dev25,instance-20260810-085803,Linux-6.8.0-1064-gcp-x86_64-with-glibc2.35,x86_64,4,8,15988.059,1,0,/home/g24021555/Business-Meeting-Scheduling-Problem/.venv/bin/python3 /home/g24021555/Business-Meeting-Scheduling-Problem/src/Main.py --manifest instances_manifest.csv --family forbidden --solver sat_all --objective-mode bg_d2 --domain-mode both --domain-filter-graph both --precedence-encoding both --precedence-graph both --encoding-variant imp12+ --sat-backend cadical --maxsat-backend uwrmaxsat --uwrmaxsat-bin /home/g24021555/uwrmaxsat/build/release/bin/uwrmaxsat --timeout 7200 --csv output/full_matrix_bg_d2_forbidden.csv,,,,,,,,incremental,,cadical,,traditional,pairwise+direct,,39,"1,2,3,4,5,6,7,8,9,10,11,12,13,14,15,16,17,18,19,20,21,22,23,24,25,26,27,28,29,30,31,32,33,34,35,36,39,41,42",984,16,7,7,,,,,"journal objective family: bg_d2 | F-selected distance-labelled E* domain propagation and cycle detection | precedence configuration: F=distance_closure, P=pairwise, G=direct | Full Domain MxT schedule variables + explicit unary exclusions | (20),(22)-(27) exactly once over full domains | (22)-(27) session/fixed/forbidden exclusions as hard unit clauses | (19) participant atMost-one per slot | (46),(47) clustered table capacity with compact forward channeling | (28) Pairwise precedence over direct distance-labelled relations | exact break-group ends and unary break-group thresholds | exact schedule <-> usedSlot channeling | (43) exactly |Mp| full usedSlot variables | (44) atMost 2|L| busy participants per slot | (45) exact even number of busy participants | historical hard cap Delta_G <= 2",,,result
,,,,,,,,,tic-12crafc.forb0007,b2b-73b3784d08c0e73c,b2b-lineage-tic-12crafc,forbidden,F-PW-DE-ST-BGD2-NIS-CD-IC12P,Full,Filter-E*,Pairwise,Direct-E,SpanThreshold,BreakGroupsD2,NonIncrementalSAT,IC12+,UNSAT,UNSAT,,,bg_d2,,,,,,,,0.052228,False,33.742,,,,Compact,Compact/Full,project_implementation,restart-based multi-phase SAT,15406,,,,,,,36979,0,36979,1000,14406,88015,40,cfg5__m-full__p-pairwise__g-direct__b-span_threshold__o-break_groups_d2__s-nonincrementalsat__i-imp12plus__backend-cadical,cfg5__m-full__p-pairwise__g-direct__b-span_threshold__o-break_groups_d2__s-nonincrementalsat__i-imp12plus__backend-cadical,full,distance_closure,pairwise,direct,NonIncrementalSAT,CaDiCaL,1.5.3,imp12+,span_threshold,total_break_groups_subject_to_range_at_most_2,BGD2,IC12P,88015,0,0,245,25445,9863,1426,,0,117,1,,,,,,0,0,0,0,0,,,"formalism-specific model size: SAT/MaxSAT reports base CNF and soft clauses, MIP reports variables/linear constraints/nonzeros, and CP reports integer variables plus linear/global constraints; SAT bound/totalizer overhead remains separate in optimizer_added_*",1000,984,977,1000,0,0,0,0,0,0,0,1,0.000162,0.00178,0.038377,,0.040157,0.012071,"wall-clock from immediately before reading/parsing the .dzn instance through model construction, optimization, solution decoding, and independent validation; excludes worker-process startup and result-file export",,,,,,,peak_process_tree_rss_mb,73b3784d08c0e73c6dd49aa054796fb507945f2a7cddae90222a06594ba0dac5,forb0007,data_table06_forb/tic-12crafc.forb0007.dzn,1,../noves/tic-12crafc.forb0007.dzn,1,data_table06_forb/tic-12crafc.forb0007.dzn,https://imae.udg.edu/Recerca/LAI/,https://ima.udg.edu/Recerca/lai/b2b/b2b.zip,ee1f440ab3f6db27ab712300ad3a54a31ffd5ec1e06f81a9ac37cb7202c56528,2026-08-10T10:42:19+00:00,7200.0,,ee80a6fbd8b513f7c010668495c39621a371266a,True,3.10.12,1.8.dev25,instance-20260810-085803,Linux-6.8.0-1064-gcp-x86_64-with-glibc2.35,x86_64,4,8,15988.059,1,0,/home/g24021555/Business-Meeting-Scheduling-Problem/.venv/bin/python3 /home/g24021555/Business-Meeting-Scheduling-Problem/src/Main.py --manifest instances_manifest.csv --family forbidden --solver sat_all --objective-mode bg_d2 --domain-mode both --domain-filter-graph both --precedence-encoding both --precedence-graph both --encoding-variant imp12+ --sat-backend cadical --maxsat-backend uwrmaxsat --uwrmaxsat-bin /home/g24021555/uwrmaxsat/build/release/bin/uwrmaxsat --timeout 7200 --csv output/full_matrix_bg_d2_forbidden.csv,,,,,,,,multiple,,cadical,,traditional,pairwise+direct,,39,"1,2,3,4,5,6,7,8,9,10,11,12,13,14,15,16,17,18,19,20,21,22,23,24,25,26,27,28,29,30,31,32,33,34,35,36,39,41,42",984,16,7,7,,,,,"journal objective family: bg_d2 | F-selected distance-labelled E* domain propagation and cycle detection | precedence configuration: F=distance_closure, P=pairwise, G=direct | Full Domain MxT schedule variables + explicit unary exclusions | (20),(22)-(27) exactly once over full domains | (22)-(27) session/fixed/forbidden exclusions as hard unit clauses | (19) participant atMost-one per slot | (46),(47) clustered table capacity with compact forward channeling | (28) Pairwise precedence over direct distance-labelled relations | exact break-group ends and unary break-group thresholds | exact schedule <-> usedSlot channeling | (43) exactly |Mp| full usedSlot variables | (44) atMost 2|L| busy participants per slot | (45) exact even number of busy participants | historical hard cap Delta_G <= 2",,,result
,,,,,,,,,tic-12crafc.forb0007,b2b-73b3784d08c0e73c,b2b-lineage-tic-12crafc,forbidden,F-PW-DE-ST-BGD2-UW-IC12P,Full,Filter-E*,Pairwise,Direct-E,SpanThreshold,BreakGroupsD2,UWrMaxSAT,IC12+,UNSAT,UNSAT,,,bg_d2,,,,,,,1,0.113257,False,38.398,,,,Compact,Compact/Full,project_implementation,one-shot weighted MaxSAT,15406,,,,,,,36979,117,37096,1000,14406,88132,40,cfg5__m-full__p-pairwise__g-direct__b-span_threshold__o-break_groups_d2__s-uwrmaxsat__i-imp12plus__backend-uwrmaxsat,cfg5__m-full__p-pairwise__g-direct__b-span_threshold__o-break_groups_d2__s-uwrmaxsat__i-imp12plus__backend-uwrmaxsat,full,distance_closure,pairwise,direct,UWrMaxSAT,UWrMaxSAT,binary-sha256:8c68c8a386d3d7847b50d315143c2bab60e3514e59510e84a649db83cb303876,imp12+,span_threshold,total_break_groups_subject_to_range_at_most_2,BGD2,IC12P,88015,117,1,245,25445,9863,1426,1,117,117,1,,,,,,0,0,0,0,0,,,"formalism-specific model size: SAT/MaxSAT reports base CNF and soft clauses, MIP reports variables/linear constraints/nonzeros, and CP reports integer variables plus linear/global constraints; SAT bound/totalizer overhead remains separate in optimizer_added_*",1000,984,977,1000,0,0,0,0,0,0,0,1,0.000161,0.001765,0.042104,,0.043869,0.069388,"wall-clock from immediately before reading/parsing the .dzn instance through model construction, optimization, solution decoding, and independent validation; excludes worker-process startup and result-file export",,,,,,,peak_process_tree_rss_mb,73b3784d08c0e73c6dd49aa054796fb507945f2a7cddae90222a06594ba0dac5,forb0007,data_table06_forb/tic-12crafc.forb0007.dzn,1,../noves/tic-12crafc.forb0007.dzn,1,data_table06_forb/tic-12crafc.forb0007.dzn,https://imae.udg.edu/Recerca/LAI/,https://ima.udg.edu/Recerca/lai/b2b/b2b.zip,ee1f440ab3f6db27ab712300ad3a54a31ffd5ec1e06f81a9ac37cb7202c56528,2026-08-10T10:42:19+00:00,7200.0,,ee80a6fbd8b513f7c010668495c39621a371266a,True,3.10.12,1.8.dev25,instance-20260810-085803,Linux-6.8.0-1064-gcp-x86_64-with-glibc2.35,x86_64,4,8,15988.059,1,0,/home/g24021555/Business-Meeting-Scheduling-Problem/.venv/bin/python3 /home/g24021555/Business-Meeting-Scheduling-Problem/src/Main.py --manifest instances_manifest.csv --family forbidden --solver sat_all --objective-mode bg_d2 --domain-mode both --domain-filter-graph both --precedence-encoding both --precedence-graph both --encoding-variant imp12+ --sat-backend cadical --maxsat-backend uwrmaxsat --uwrmaxsat-bin /home/g24021555/uwrmaxsat/build/release/bin/uwrmaxsat --timeout 7200 --csv output/full_matrix_bg_d2_forbidden.csv,/home/g24021555/uwrmaxsat/build/release/bin/uwrmaxsat,8c68c8a386d3d7847b50d315143c2bab60e3514e59510e84a649db83cb303876,/home/g24021555/uwrmaxsat/build/release/bin/uwrmaxsat -m /tmp/b2b_uwrmaxsat_dm_2fxec/tic-12crafc.forb0007.wcnf,,process exit code=20,,,maxsat,uwrmaxsat,,/home/g24021555/uwrmaxsat/build/release/bin/uwrmaxsat,traditional,pairwise+direct,,39,"1,2,3,4,5,6,7,8,9,10,11,12,13,14,15,16,17,18,19,20,21,22,23,24,25,26,27,28,29,30,31,32,33,34,35,36,39,41,42",984,16,7,7,,,,,"journal objective family: bg_d2 | F-selected distance-labelled E* domain propagation and cycle detection | precedence configuration: F=distance_closure, P=pairwise, G=direct | Full Domain MxT schedule variables + explicit unary exclusions | (20),(22)-(27) exactly once over full domains | (22)-(27) session/fixed/forbidden exclusions as hard unit clauses | (19) participant atMost-one per slot | (46),(47) clustered table capacity with compact forward channeling | (28) Pairwise precedence over direct distance-labelled relations | exact break-group ends and unary break-group thresholds | exact schedule <-> usedSlot channeling | (43) exactly |Mp| full usedSlot variables | (44) atMost 2|L| busy participants per slot | (45) exact even number of busy participants | historical hard cap Delta_G <= 2",,,result
,,,,,,,,,tic-12crafc.forb0007,b2b-73b3784d08c0e73c,b2b-lineage-tic-12crafc,forbidden,F-PW-DC-ST-BGD2-IS-CD-IC12P,Full,Filter-E*,Pairwise,DistanceClosure-E*,SpanThreshold,BreakGroupsD2,IncrementalSAT,IC12+,UNSAT,UNSAT,,,bg_d2,,,,,,,,0.055305,False,33.66,,,,Compact,Compact/Full,project_implementation,incremental multi-phase SAT with persistent solver state,15406,,,,,,,36979,0,36979,1000,14406,88015,40,cfg5__m-full__p-pairwise__g-distance_closure__b-span_threshold__o-break_groups_d2__s-incrementalsat__i-imp12plus__backend-cadical,cfg5__m-full__p-pairwise__g-distance_closure__b-span_threshold__o-break_groups_d2__s-incrementalsat__i-imp12plus__backend-cadical,full,distance_closure,pairwise,distance_closure,IncrementalSAT,CaDiCaL,1.5.3,imp12+,span_threshold,total_break_groups_subject_to_range_at_most_2,BGD2,IC12P,88015,0,0,245,25445,9863,1426,,0,117,1,,,,,,0,0,0,0,0,,,"formalism-specific model size: SAT/MaxSAT reports base CNF and soft clauses, MIP reports variables/linear constraints/nonzeros, and CP reports integer variables plus linear/global constraints; SAT bound/totalizer overhead remains separate in optimizer_added_*",1000,984,977,1000,0,0,0,0,0,0,0,1,0.000164,0.001765,0.040938,,0.042703,0.012602,"wall-clock from immediately before reading/parsing the .dzn instance through model construction, optimization, solution decoding, and independent validation; excludes worker-process startup and result-file export",,,,,,,peak_process_tree_rss_mb,73b3784d08c0e73c6dd49aa054796fb507945f2a7cddae90222a06594ba0dac5,forb0007,data_table06_forb/tic-12crafc.forb0007.dzn,1,../noves/tic-12crafc.forb0007.dzn,1,data_table06_forb/tic-12crafc.forb0007.dzn,https://imae.udg.edu/Recerca/LAI/,https://ima.udg.edu/Recerca/lai/b2b/b2b.zip,ee1f440ab3f6db27ab712300ad3a54a31ffd5ec1e06f81a9ac37cb7202c56528,2026-08-10T10:42:19+00:00,7200.0,,ee80a6fbd8b513f7c010668495c39621a371266a,True,3.10.12,1.8.dev25,instance-20260810-085803,Linux-6.8.0-1064-gcp-x86_64-with-glibc2.35,x86_64,4,8,15988.059,1,0,/home/g24021555/Business-Meeting-Scheduling-Problem/.venv/bin/python3 /home/g24021555/Business-Meeting-Scheduling-Problem/src/Main.py --manifest instances_manifest.csv --family forbidden --solver sat_all --objective-mode bg_d2 --domain-mode both --domain-filter-graph both --precedence-encoding both --precedence-graph both --encoding-variant imp12+ --sat-backend cadical --maxsat-backend uwrmaxsat --uwrmaxsat-bin /home/g24021555/uwrmaxsat/build/release/bin/uwrmaxsat --timeout 7200 --csv output/full_matrix_bg_d2_forbidden.csv,,,,,,,,incremental,,cadical,,factorial,pairwise+distance_closure,,39,"1,2,3,4,5,6,7,8,9,10,11,12,13,14,15,16,17,18,19,20,21,22,23,24,25,26,27,28,29,30,31,32,33,34,35,36,39,41,42",984,16,7,7,,,,,"journal objective family: bg_d2 | F-selected distance-labelled E* domain propagation and cycle detection | precedence configuration: F=distance_closure, P=pairwise, G=distance_closure | Full Domain MxT schedule variables + explicit unary exclusions | (20),(22)-(27) exactly once over full domains | (22)-(27) session/fixed/forbidden exclusions as hard unit clauses | (19) participant atMost-one per slot | (46),(47) clustered table capacity with compact forward channeling | (28) Pairwise precedence over distance_closure distance-labelled relations | exact break-group ends and unary break-group thresholds | exact schedule <-> usedSlot channeling | (43) exactly |Mp| full usedSlot variables | (44) atMost 2|L| busy participants per slot | (45) exact even number of busy participants | historical hard cap Delta_G <= 2",,,result
,,,,,,,,,tic-12crafc.forb0007,b2b-73b3784d08c0e73c,b2b-lineage-tic-12crafc,forbidden,F-PW-DC-ST-BGD2-NIS-CD-IC12P,Full,Filter-E*,Pairwise,DistanceClosure-E*,SpanThreshold,BreakGroupsD2,NonIncrementalSAT,IC12+,UNSAT,UNSAT,,,bg_d2,,,,,,,,0.055597,False,33.473,,,,Compact,Compact/Full,project_implementation,restart-based multi-phase SAT,15406,,,,,,,36979,0,36979,1000,14406,88015,40,cfg5__m-full__p-pairwise__g-distance_closure__b-span_threshold__o-break_groups_d2__s-nonincrementalsat__i-imp12plus__backend-cadical,cfg5__m-full__p-pairwise__g-distance_closure__b-span_threshold__o-break_groups_d2__s-nonincrementalsat__i-imp12plus__backend-cadical,full,distance_closure,pairwise,distance_closure,NonIncrementalSAT,CaDiCaL,1.5.3,imp12+,span_threshold,total_break_groups_subject_to_range_at_most_2,BGD2,IC12P,88015,0,0,245,25445,9863,1426,,0,117,1,,,,,,0,0,0,0,0,,,"formalism-specific model size: SAT/MaxSAT reports base CNF and soft clauses, MIP reports variables/linear constraints/nonzeros, and CP reports integer variables plus linear/global constraints; SAT bound/totalizer overhead remains separate in optimizer_added_*",1000,984,977,1000,0,0,0,0,0,0,0,1,0.000166,0.001766,0.040212,,0.041977,0.01362,"wall-clock from immediately before reading/parsing the .dzn instance through model construction, optimization, solution decoding, and independent validation; excludes worker-process startup and result-file export",,,,,,,peak_process_tree_rss_mb,73b3784d08c0e73c6dd49aa054796fb507945f2a7cddae90222a06594ba0dac5,forb0007,data_table06_forb/tic-12crafc.forb0007.dzn,1,../noves/tic-12crafc.forb0007.dzn,1,data_table06_forb/tic-12crafc.forb0007.dzn,https://imae.udg.edu/Recerca/LAI/,https://ima.udg.edu/Recerca/lai/b2b/b2b.zip,ee1f440ab3f6db27ab712300ad3a54a31ffd5ec1e06f81a9ac37cb7202c56528,2026-08-10T10:42:19+00:00,7200.0,,ee80a6fbd8b513f7c010668495c39621a371266a,True,3.10.12,1.8.dev25,instance-20260810-085803,Linux-6.8.0-1064-gcp-x86_64-with-glibc2.35,x86_64,4,8,15988.059,1,0,/home/g24021555/Business-Meeting-Scheduling-Problem/.venv/bin/python3 /home/g24021555/Business-Meeting-Scheduling-Problem/src/Main.py --manifest instances_manifest.csv --family forbidden --solver sat_all --objective-mode bg_d2 --domain-mode both --domain-filter-graph both --precedence-encoding both --precedence-graph both --encoding-variant imp12+ --sat-backend cadical --maxsat-backend uwrmaxsat --uwrmaxsat-bin /home/g24021555/uwrmaxsat/build/release/bin/uwrmaxsat --timeout 7200 --csv output/full_matrix_bg_d2_forbidden.csv,,,,,,,,multiple,,cadical,,factorial,pairwise+distance_closure,,39,"1,2,3,4,5,6,7,8,9,10,11,12,13,14,15,16,17,18,19,20,21,22,23,24,25,26,27,28,29,30,31,32,33,34,35,36,39,41,42",984,16,7,7,,,,,"journal objective family: bg_d2 | F-selected distance-labelled E* domain propagation and cycle detection | precedence configuration: F=distance_closure, P=pairwise, G=distance_closure | Full Domain MxT schedule variables + explicit unary exclusions | (20),(22)-(27) exactly once over full domains | (22)-(27) session/fixed/forbidden exclusions as hard unit clauses | (19) participant atMost-one per slot | (46),(47) clustered table capacity with compact forward channeling | (28) Pairwise precedence over distance_closure distance-labelled relations | exact break-group ends and unary break-group thresholds | exact schedule <-> usedSlot channeling | (43) exactly |Mp| full usedSlot variables | (44) atMost 2|L| busy participants per slot | (45) exact even number of busy participants | historical hard cap Delta_G <= 2",,,result
,,,,,,,,,tic-12crafc.forb0007,b2b-73b3784d08c0e73c,b2b-lineage-tic-12crafc,forbidden,F-PW-DC-ST-BGD2-UW-IC12P,Full,Filter-E*,Pairwise,DistanceClosure-E*,SpanThreshold,BreakGroupsD2,UWrMaxSAT,IC12+,UNSAT,UNSAT,,,bg_d2,,,,,,,1,0.115451,False,38.371,,,,Compact,Compact/Full,project_implementation,one-shot weighted MaxSAT,15406,,,,,,,36979,117,37096,1000,14406,88132,40,cfg5__m-full__p-pairwise__g-distance_closure__b-span_threshold__o-break_groups_d2__s-uwrmaxsat__i-imp12plus__backend-uwrmaxsat,cfg5__m-full__p-pairwise__g-distance_closure__b-span_threshold__o-break_groups_d2__s-uwrmaxsat__i-imp12plus__backend-uwrmaxsat,full,distance_closure,pairwise,distance_closure,UWrMaxSAT,UWrMaxSAT,binary-sha256:8c68c8a386d3d7847b50d315143c2bab60e3514e59510e84a649db83cb303876,imp12+,span_threshold,total_break_groups_subject_to_range_at_most_2,BGD2,IC12P,88015,117,1,245,25445,9863,1426,1,117,117,1,,,,,,0,0,0,0,0,,,"formalism-specific model size: SAT/MaxSAT reports base CNF and soft clauses, MIP reports variables/linear constraints/nonzeros, and CP reports integer variables plus linear/global constraints; SAT bound/totalizer overhead remains separate in optimizer_added_*",1000,984,977,1000,0,0,0,0,0,0,0,1,0.000151,0.001784,0.04381,,0.045594,0.069857,"wall-clock from immediately before reading/parsing the .dzn instance through model construction, optimization, solution decoding, and independent validation; excludes worker-process startup and result-file export",,,,,,,peak_process_tree_rss_mb,73b3784d08c0e73c6dd49aa054796fb507945f2a7cddae90222a06594ba0dac5,forb0007,data_table06_forb/tic-12crafc.forb0007.dzn,1,../noves/tic-12crafc.forb0007.dzn,1,data_table06_forb/tic-12crafc.forb0007.dzn,https://imae.udg.edu/Recerca/LAI/,https://ima.udg.edu/Recerca/lai/b2b/b2b.zip,ee1f440ab3f6db27ab712300ad3a54a31ffd5ec1e06f81a9ac37cb7202c56528,2026-08-10T10:42:19+00:00,7200.0,,ee80a6fbd8b513f7c010668495c39621a371266a,True,3.10.12,1.8.dev25,instance-20260810-085803,Linux-6.8.0-1064-gcp-x86_64-with-glibc2.35,x86_64,4,8,15988.059,1,0,/home/g24021555/Business-Meeting-Scheduling-Problem/.venv/bin/python3 /home/g24021555/Business-Meeting-Scheduling-Problem/src/Main.py --manifest instances_manifest.csv --family forbidden --solver sat_all --objective-mode bg_d2 --domain-mode both --domain-filter-graph both --precedence-encoding both --precedence-graph both --encoding-variant imp12+ --sat-backend cadical --maxsat-backend uwrmaxsat --uwrmaxsat-bin /home/g24021555/uwrmaxsat/build/release/bin/uwrmaxsat --timeout 7200 --csv output/full_matrix_bg_d2_forbidden.csv,/home/g24021555/uwrmaxsat/build/release/bin/uwrmaxsat,8c68c8a386d3d7847b50d315143c2bab60e3514e59510e84a649db83cb303876,/home/g24021555/uwrmaxsat/build/release/bin/uwrmaxsat -m /tmp/b2b_uwrmaxsat_9xht2xhy/tic-12crafc.forb0007.wcnf,,process exit code=20,,,maxsat,uwrmaxsat,,/home/g24021555/uwrmaxsat/build/release/bin/uwrmaxsat,factorial,pairwise+distance_closure,,39,"1,2,3,4,5,6,7,8,9,10,11,12,13,14,15,16,17,18,19,20,21,22,23,24,25,26,27,28,29,30,31,32,33,34,35,36,39,41,42",984,16,7,7,,,,,"journal objective family: bg_d2 | F-selected distance-labelled E* domain propagation and cycle detection | precedence configuration: F=distance_closure, P=pairwise, G=distance_closure | Full Domain MxT schedule variables + explicit unary exclusions | (20),(22)-(27) exactly once over full domains | (22)-(27) session/fixed/forbidden exclusions as hard unit clauses | (19) participant atMost-one per slot | (46),(47) clustered table capacity with compact forward channeling | (28) Pairwise precedence over distance_closure distance-labelled relations | exact break-group ends and unary break-group thresholds | exact schedule <-> usedSlot channeling | (43) exactly |Mp| full usedSlot variables | (44) atMost 2|L| busy participants per slot | (45) exact even number of busy participants | historical hard cap Delta_G <= 2",,,result
,,,,,,,,,tic-12crafc.forb0007,b2b-73b3784d08c0e73c,b2b-lineage-tic-12crafc,forbidden,F-SS-DE-ST-BGD2-IS-CD-IC12P,Full,Filter-E*,SparseSuffix,Direct-E,SpanThreshold,BreakGroupsD2,IncrementalSAT,IC12+,UNSAT,UNSAT,,,bg_d2,,,,,,,,0.057093,False,33.367,,,,Compact,Compact/Full,project_implementation,incremental multi-phase SAT with persistent solver state,15406,,,,,,,36979,0,36979,1000,14406,88015,40,cfg5__m-full__p-sparse_suffix__g-direct__b-span_threshold__o-break_groups_d2__s-incrementalsat__i-imp12plus__backend-cadical,cfg5__m-full__p-sparse_suffix__g-direct__b-span_threshold__o-break_groups_d2__s-incrementalsat__i-imp12plus__backend-cadical,full,distance_closure,sparse_suffix,direct,IncrementalSAT,CaDiCaL,1.5.3,imp12+,span_threshold,total_break_groups_subject_to_range_at_most_2,BGD2,IC12P,88015,0,0,245,25445,9863,1426,,0,117,1,,,,,,0,0,0,0,0,,,"formalism-specific model size: SAT/MaxSAT reports base CNF and soft clauses, MIP reports variables/linear constraints/nonzeros, and CP reports integer variables plus linear/global constraints; SAT bound/totalizer overhead remains separate in optimizer_added_*",1000,984,977,1000,0,0,0,0,0,0,0,1,0.000179,0.002055,0.042443,,0.044498,0.012596,"wall-clock from immediately before reading/parsing the .dzn instance through model construction, optimization, solution decoding, and independent validation; excludes worker-process startup and result-file export",,,,,,,peak_process_tree_rss_mb,73b3784d08c0e73c6dd49aa054796fb507945f2a7cddae90222a06594ba0dac5,forb0007,data_table06_forb/tic-12crafc.forb0007.dzn,1,../noves/tic-12crafc.forb0007.dzn,1,data_table06_forb/tic-12crafc.forb0007.dzn,https://imae.udg.edu/Recerca/LAI/,https://ima.udg.edu/Recerca/lai/b2b/b2b.zip,ee1f440ab3f6db27ab712300ad3a54a31ffd5ec1e06f81a9ac37cb7202c56528,2026-08-10T10:42:19+00:00,7200.0,,ee80a6fbd8b513f7c010668495c39621a371266a,True,3.10.12,1.8.dev25,instance-20260810-085803,Linux-6.8.0-1064-gcp-x86_64-with-glibc2.35,x86_64,4,8,15988.059,1,0,/home/g24021555/Business-Meeting-Scheduling-Problem/.venv/bin/python3 /home/g24021555/Business-Meeting-Scheduling-Problem/src/Main.py --manifest instances_manifest.csv --family forbidden --solver sat_all --objective-mode bg_d2 --domain-mode both --domain-filter-graph both --precedence-encoding both --precedence-graph both --encoding-variant imp12+ --sat-backend cadical --maxsat-backend uwrmaxsat --uwrmaxsat-bin /home/g24021555/uwrmaxsat/build/release/bin/uwrmaxsat --timeout 7200 --csv output/full_matrix_bg_d2_forbidden.csv,,,,,,,,incremental,,cadical,,factorial,sparse_suffix+direct,,39,"1,2,3,4,5,6,7,8,9,10,11,12,13,14,15,16,17,18,19,20,21,22,23,24,25,26,27,28,29,30,31,32,33,34,35,36,39,41,42",984,16,7,7,,,,,"journal objective family: bg_d2 | F-selected distance-labelled E* domain propagation and cycle detection | precedence configuration: F=distance_closure, P=sparse_suffix, G=direct | Full Domain MxT schedule variables + explicit unary exclusions | (20),(22)-(27) exactly once over full domains | (22)-(27) session/fixed/forbidden exclusions as hard unit clauses | (19) participant atMost-one per slot | (46),(47) clustered table capacity with compact forward channeling | (28) SparseSuffix precedence over direct distance-labelled relations | exact break-group ends and unary break-group thresholds | exact schedule <-> usedSlot channeling | (43) exactly |Mp| full usedSlot variables | (44) atMost 2|L| busy participants per slot | (45) exact even number of busy participants | historical hard cap Delta_G <= 2",,,result
,,,,,,,,,tic-12crafc.forb0007,b2b-73b3784d08c0e73c,b2b-lineage-tic-12crafc,forbidden,F-SS-DE-ST-BGD2-NIS-CD-IC12P,Full,Filter-E*,SparseSuffix,Direct-E,SpanThreshold,BreakGroupsD2,NonIncrementalSAT,IC12+,UNSAT,UNSAT,,,bg_d2,,,,,,,,0.055872,False,32.934,,,,Compact,Compact/Full,project_implementation,restart-based multi-phase SAT,15406,,,,,,,36979,0,36979,1000,14406,88015,40,cfg5__m-full__p-sparse_suffix__g-direct__b-span_threshold__o-break_groups_d2__s-nonincrementalsat__i-imp12plus__backend-cadical,cfg5__m-full__p-sparse_suffix__g-direct__b-span_threshold__o-break_groups_d2__s-nonincrementalsat__i-imp12plus__backend-cadical,full,distance_closure,sparse_suffix,direct,NonIncrementalSAT,CaDiCaL,1.5.3,imp12+,span_threshold,total_break_groups_subject_to_range_at_most_2,BGD2,IC12P,88015,0,0,245,25445,9863,1426,,0,117,1,,,,,,0,0,0,0,0,,,"formalism-specific model size: SAT/MaxSAT reports base CNF and soft clauses, MIP reports variables/linear constraints/nonzeros, and CP reports integer variables plus linear/global constraints; SAT bound/totalizer overhead remains separate in optimizer_added_*",1000,984,977,1000,0,0,0,0,0,0,0,1,0.000187,0.001978,0.04077,,0.042749,0.013123,"wall-clock from immediately before reading/parsing the .dzn instance through model construction, optimization, solution decoding, and independent validation; excludes worker-process startup and result-file export",,,,,,,peak_process_tree_rss_mb,73b3784d08c0e73c6dd49aa054796fb507945f2a7cddae90222a06594ba0dac5,forb0007,data_table06_forb/tic-12crafc.forb0007.dzn,1,../noves/tic-12crafc.forb0007.dzn,1,data_table06_forb/tic-12crafc.forb0007.dzn,https://imae.udg.edu/Recerca/LAI/,https://ima.udg.edu/Recerca/lai/b2b/b2b.zip,ee1f440ab3f6db27ab712300ad3a54a31ffd5ec1e06f81a9ac37cb7202c56528,2026-08-10T10:42:19+00:00,7200.0,,ee80a6fbd8b513f7c010668495c39621a371266a,True,3.10.12,1.8.dev25,instance-20260810-085803,Linux-6.8.0-1064-gcp-x86_64-with-glibc2.35,x86_64,4,8,15988.059,1,0,/home/g24021555/Business-Meeting-Scheduling-Problem/.venv/bin/python3 /home/g24021555/Business-Meeting-Scheduling-Problem/src/Main.py --manifest instances_manifest.csv --family forbidden --solver sat_all --objective-mode bg_d2 --domain-mode both --domain-filter-graph both --precedence-encoding both --precedence-graph both --encoding-variant imp12+ --sat-backend cadical --maxsat-backend uwrmaxsat --uwrmaxsat-bin /home/g24021555/uwrmaxsat/build/release/bin/uwrmaxsat --timeout 7200 --csv output/full_matrix_bg_d2_forbidden.csv,,,,,,,,multiple,,cadical,,factorial,sparse_suffix+direct,,39,"1,2,3,4,5,6,7,8,9,10,11,12,13,14,15,16,17,18,19,20,21,22,23,24,25,26,27,28,29,30,31,32,33,34,35,36,39,41,42",984,16,7,7,,,,,"journal objective family: bg_d2 | F-selected distance-labelled E* domain propagation and cycle detection | precedence configuration: F=distance_closure, P=sparse_suffix, G=direct | Full Domain MxT schedule variables + explicit unary exclusions | (20),(22)-(27) exactly once over full domains | (22)-(27) session/fixed/forbidden exclusions as hard unit clauses | (19) participant atMost-one per slot | (46),(47) clustered table capacity with compact forward channeling | (28) SparseSuffix precedence over direct distance-labelled relations | exact break-group ends and unary break-group thresholds | exact schedule <-> usedSlot channeling | (43) exactly |Mp| full usedSlot variables | (44) atMost 2|L| busy participants per slot | (45) exact even number of busy participants | historical hard cap Delta_G <= 2",,,result
,,,,,,,,,tic-12crafc.forb0007,b2b-73b3784d08c0e73c,b2b-lineage-tic-12crafc,forbidden,F-SS-DE-ST-BGD2-UW-IC12P,Full,Filter-E*,SparseSuffix,Direct-E,SpanThreshold,BreakGroupsD2,UWrMaxSAT,IC12+,UNSAT,UNSAT,,,bg_d2,,,,,,,1,0.116554,False,38.305,,,,Compact,Compact/Full,project_implementation,one-shot weighted MaxSAT,15406,,,,,,,36979,117,37096,1000,14406,88132,40,cfg5__m-full__p-sparse_suffix__g-direct__b-span_threshold__o-break_groups_d2__s-uwrmaxsat__i-imp12plus__backend-uwrmaxsat,cfg5__m-full__p-sparse_suffix__g-direct__b-span_threshold__o-break_groups_d2__s-uwrmaxsat__i-imp12plus__backend-uwrmaxsat,full,distance_closure,sparse_suffix,direct,UWrMaxSAT,UWrMaxSAT,binary-sha256:8c68c8a386d3d7847b50d315143c2bab60e3514e59510e84a649db83cb303876,imp12+,span_threshold,total_break_groups_subject_to_range_at_most_2,BGD2,IC12P,88015,117,1,245,25445,9863,1426,1,117,117,1,,,,,,0,0,0,0,0,,,"formalism-specific model size: SAT/MaxSAT reports base CNF and soft clauses, MIP reports variables/linear constraints/nonzeros, and CP reports integer variables plus linear/global constraints; SAT bound/totalizer overhead remains separate in optimizer_added_*",1000,984,977,1000,0,0,0,0,0,0,0,1,0.000175,0.001788,0.044659,,0.046447,0.070107,"wall-clock from immediately before reading/parsing the .dzn instance through model construction, optimization, solution decoding, and independent validation; excludes worker-process startup and result-file export",,,,,,,peak_process_tree_rss_mb,73b3784d08c0e73c6dd49aa054796fb507945f2a7cddae90222a06594ba0dac5,forb0007,data_table06_forb/tic-12crafc.forb0007.dzn,1,../noves/tic-12crafc.forb0007.dzn,1,data_table06_forb/tic-12crafc.forb0007.dzn,https://imae.udg.edu/Recerca/LAI/,https://ima.udg.edu/Recerca/lai/b2b/b2b.zip,ee1f440ab3f6db27ab712300ad3a54a31ffd5ec1e06f81a9ac37cb7202c56528,2026-08-10T10:42:19+00:00,7200.0,,ee80a6fbd8b513f7c010668495c39621a371266a,True,3.10.12,1.8.dev25,instance-20260810-085803,Linux-6.8.0-1064-gcp-x86_64-with-glibc2.35,x86_64,4,8,15988.059,1,0,/home/g24021555/Business-Meeting-Scheduling-Problem/.venv/bin/python3 /home/g24021555/Business-Meeting-Scheduling-Problem/src/Main.py --manifest instances_manifest.csv --family forbidden --solver sat_all --objective-mode bg_d2 --domain-mode both --domain-filter-graph both --precedence-encoding both --precedence-graph both --encoding-variant imp12+ --sat-backend cadical --maxsat-backend uwrmaxsat --uwrmaxsat-bin /home/g24021555/uwrmaxsat/build/release/bin/uwrmaxsat --timeout 7200 --csv output/full_matrix_bg_d2_forbidden.csv,/home/g24021555/uwrmaxsat/build/release/bin/uwrmaxsat,8c68c8a386d3d7847b50d315143c2bab60e3514e59510e84a649db83cb303876,/home/g24021555/uwrmaxsat/build/release/bin/uwrmaxsat -m /tmp/b2b_uwrmaxsat_l0dvsj9p/tic-12crafc.forb0007.wcnf,,process exit code=20,,,maxsat,uwrmaxsat,,/home/g24021555/uwrmaxsat/build/release/bin/uwrmaxsat,factorial,sparse_suffix+direct,,39,"1,2,3,4,5,6,7,8,9,10,11,12,13,14,15,16,17,18,19,20,21,22,23,24,25,26,27,28,29,30,31,32,33,34,35,36,39,41,42",984,16,7,7,,,,,"journal objective family: bg_d2 | F-selected distance-labelled E* domain propagation and cycle detection | precedence configuration: F=distance_closure, P=sparse_suffix, G=direct | Full Domain MxT schedule variables + explicit unary exclusions | (20),(22)-(27) exactly once over full domains | (22)-(27) session/fixed/forbidden exclusions as hard unit clauses | (19) participant atMost-one per slot | (46),(47) clustered table capacity with compact forward channeling | (28) SparseSuffix precedence over direct distance-labelled relations | exact break-group ends and unary break-group thresholds | exact schedule <-> usedSlot channeling | (43) exactly |Mp| full usedSlot variables | (44) atMost 2|L| busy participants per slot | (45) exact even number of busy participants | historical hard cap Delta_G <= 2",,,result
,,,,,,,,,tic-12crafc.forb0007,b2b-73b3784d08c0e73c,b2b-lineage-tic-12crafc,forbidden,F-SS-DC-ST-BGD2-IS-CD-IC12P,Full,Filter-E*,SparseSuffix,DistanceClosure-E*,SpanThreshold,BreakGroupsD2,IncrementalSAT,IC12+,UNSAT,UNSAT,,,bg_d2,,,,,,,,0.055456,False,33.703,,,,Compact,Compact/Full,project_implementation,incremental multi-phase SAT with persistent solver state,15406,,,,,,,36979,0,36979,1000,14406,88015,40,cfg5__m-full__p-sparse_suffix__g-distance_closure__b-span_threshold__o-break_groups_d2__s-incrementalsat__i-imp12plus__backend-cadical,cfg5__m-full__p-sparse_suffix__g-distance_closure__b-span_threshold__o-break_groups_d2__s-incrementalsat__i-imp12plus__backend-cadical,full,distance_closure,sparse_suffix,distance_closure,IncrementalSAT,CaDiCaL,1.5.3,imp12+,span_threshold,total_break_groups_subject_to_range_at_most_2,BGD2,IC12P,88015,0,0,245,25445,9863,1426,,0,117,1,,,,,,0,0,0,0,0,,,"formalism-specific model size: SAT/MaxSAT reports base CNF and soft clauses, MIP reports variables/linear constraints/nonzeros, and CP reports integer variables plus linear/global constraints; SAT bound/totalizer overhead remains separate in optimizer_added_*",1000,984,977,1000,0,0,0,0,0,0,0,1,0.000185,0.002058,0.039435,,0.041493,0.013963,"wall-clock from immediately before reading/parsing the .dzn instance through model construction, optimization, solution decoding, and independent validation; excludes worker-process startup and result-file export",,,,,,,peak_process_tree_rss_mb,73b3784d08c0e73c6dd49aa054796fb507945f2a7cddae90222a06594ba0dac5,forb0007,data_table06_forb/tic-12crafc.forb0007.dzn,1,../noves/tic-12crafc.forb0007.dzn,1,data_table06_forb/tic-12crafc.forb0007.dzn,https://imae.udg.edu/Recerca/LAI/,https://ima.udg.edu/Recerca/lai/b2b/b2b.zip,ee1f440ab3f6db27ab712300ad3a54a31ffd5ec1e06f81a9ac37cb7202c56528,2026-08-10T10:42:19+00:00,7200.0,,ee80a6fbd8b513f7c010668495c39621a371266a,True,3.10.12,1.8.dev25,instance-20260810-085803,Linux-6.8.0-1064-gcp-x86_64-with-glibc2.35,x86_64,4,8,15988.059,1,0,/home/g24021555/Business-Meeting-Scheduling-Problem/.venv/bin/python3 /home/g24021555/Business-Meeting-Scheduling-Problem/src/Main.py --manifest instances_manifest.csv --family forbidden --solver sat_all --objective-mode bg_d2 --domain-mode both --domain-filter-graph both --precedence-encoding both --precedence-graph both --encoding-variant imp12+ --sat-backend cadical --maxsat-backend uwrmaxsat --uwrmaxsat-bin /home/g24021555/uwrmaxsat/build/release/bin/uwrmaxsat --timeout 7200 --csv output/full_matrix_bg_d2_forbidden.csv,,,,,,,,incremental,,cadical,,staircase,sparse_suffix+distance_closure,,39,"1,2,3,4,5,6,7,8,9,10,11,12,13,14,15,16,17,18,19,20,21,22,23,24,25,26,27,28,29,30,31,32,33,34,35,36,39,41,42",984,16,7,7,,,,,"journal objective family: bg_d2 | F-selected distance-labelled E* domain propagation and cycle detection | precedence configuration: F=distance_closure, P=sparse_suffix, G=distance_closure | Full Domain MxT schedule variables + explicit unary exclusions | (20),(22)-(27) exactly once over full domains | (22)-(27) session/fixed/forbidden exclusions as hard unit clauses | (19) participant atMost-one per slot | (46),(47) clustered table capacity with compact forward channeling | (28) SparseSuffix precedence over distance_closure distance-labelled relations | exact break-group ends and unary break-group thresholds | exact schedule <-> usedSlot channeling | (43) exactly |Mp| full usedSlot variables | (44) atMost 2|L| busy participants per slot | (45) exact even number of busy participants | historical hard cap Delta_G <= 2",,,result
,,,,,,,,,tic-12crafc.forb0007,b2b-73b3784d08c0e73c,b2b-lineage-tic-12crafc,forbidden,F-SS-DC-ST-BGD2-NIS-CD-IC12P,Full,Filter-E*,SparseSuffix,DistanceClosure-E*,SpanThreshold,BreakGroupsD2,NonIncrementalSAT,IC12+,UNSAT,UNSAT,,,bg_d2,,,,,,,,0.053384,False,33.746,,,,Compact,Compact/Full,project_implementation,restart-based multi-phase SAT,15406,,,,,,,36979,0,36979,1000,14406,88015,40,cfg5__m-full__p-sparse_suffix__g-distance_closure__b-span_threshold__o-break_groups_d2__s-nonincrementalsat__i-imp12plus__backend-cadical,cfg5__m-full__p-sparse_suffix__g-distance_closure__b-span_threshold__o-break_groups_d2__s-nonincrementalsat__i-imp12plus__backend-cadical,full,distance_closure,sparse_suffix,distance_closure,NonIncrementalSAT,CaDiCaL,1.5.3,imp12+,span_threshold,total_break_groups_subject_to_range_at_most_2,BGD2,IC12P,88015,0,0,245,25445,9863,1426,,0,117,1,,,,,,0,0,0,0,0,,,"formalism-specific model size: SAT/MaxSAT reports base CNF and soft clauses, MIP reports variables/linear constraints/nonzeros, and CP reports integer variables plus linear/global constraints; SAT bound/totalizer overhead remains separate in optimizer_added_*",1000,984,977,1000,0,0,0,0,0,0,0,1,0.000157,0.001761,0.038283,,0.040043,0.013341,"wall-clock from immediately before reading/parsing the .dzn instance through model construction, optimization, solution decoding, and independent validation; excludes worker-process startup and result-file export",,,,,,,peak_process_tree_rss_mb,73b3784d08c0e73c6dd49aa054796fb507945f2a7cddae90222a06594ba0dac5,forb0007,data_table06_forb/tic-12crafc.forb0007.dzn,1,../noves/tic-12crafc.forb0007.dzn,1,data_table06_forb/tic-12crafc.forb0007.dzn,https://imae.udg.edu/Recerca/LAI/,https://ima.udg.edu/Recerca/lai/b2b/b2b.zip,ee1f440ab3f6db27ab712300ad3a54a31ffd5ec1e06f81a9ac37cb7202c56528,2026-08-10T10:42:19+00:00,7200.0,,ee80a6fbd8b513f7c010668495c39621a371266a,True,3.10.12,1.8.dev25,instance-20260810-085803,Linux-6.8.0-1064-gcp-x86_64-with-glibc2.35,x86_64,4,8,15988.059,1,0,/home/g24021555/Business-Meeting-Scheduling-Problem/.venv/bin/python3 /home/g24021555/Business-Meeting-Scheduling-Problem/src/Main.py --manifest instances_manifest.csv --family forbidden --solver sat_all --objective-mode bg_d2 --domain-mode both --domain-filter-graph both --precedence-encoding both --precedence-graph both --encoding-variant imp12+ --sat-backend cadical --maxsat-backend uwrmaxsat --uwrmaxsat-bin /home/g24021555/uwrmaxsat/build/release/bin/uwrmaxsat --timeout 7200 --csv output/full_matrix_bg_d2_forbidden.csv,,,,,,,,multiple,,cadical,,staircase,sparse_suffix+distance_closure,,39,"1,2,3,4,5,6,7,8,9,10,11,12,13,14,15,16,17,18,19,20,21,22,23,24,25,26,27,28,29,30,31,32,33,34,35,36,39,41,42",984,16,7,7,,,,,"journal objective family: bg_d2 | F-selected distance-labelled E* domain propagation and cycle detection | precedence configuration: F=distance_closure, P=sparse_suffix, G=distance_closure | Full Domain MxT schedule variables + explicit unary exclusions | (20),(22)-(27) exactly once over full domains | (22)-(27) session/fixed/forbidden exclusions as hard unit clauses | (19) participant atMost-one per slot | (46),(47) clustered table capacity with compact forward channeling | (28) SparseSuffix precedence over distance_closure distance-labelled relations | exact break-group ends and unary break-group thresholds | exact schedule <-> usedSlot channeling | (43) exactly |Mp| full usedSlot variables | (44) atMost 2|L| busy participants per slot | (45) exact even number of busy participants | historical hard cap Delta_G <= 2",,,result
,,,,,,,,,tic-12crafc.forb0007,b2b-73b3784d08c0e73c,b2b-lineage-tic-12crafc,forbidden,F-SS-DC-ST-BGD2-UW-IC12P,Full,Filter-E*,SparseSuffix,DistanceClosure-E*,SpanThreshold,BreakGroupsD2,UWrMaxSAT,IC12+,UNSAT,UNSAT,,,bg_d2,,,,,,,1,0.116931,False,38.426,,,,Compact,Compact/Full,project_implementation,one-shot weighted MaxSAT,15406,,,,,,,36979,117,37096,1000,14406,88132,40,cfg5__m-full__p-sparse_suffix__g-distance_closure__b-span_threshold__o-break_groups_d2__s-uwrmaxsat__i-imp12plus__backend-uwrmaxsat,cfg5__m-full__p-sparse_suffix__g-distance_closure__b-span_threshold__o-break_groups_d2__s-uwrmaxsat__i-imp12plus__backend-uwrmaxsat,full,distance_closure,sparse_suffix,distance_closure,UWrMaxSAT,UWrMaxSAT,binary-sha256:8c68c8a386d3d7847b50d315143c2bab60e3514e59510e84a649db83cb303876,imp12+,span_threshold,total_break_groups_subject_to_range_at_most_2,BGD2,IC12P,88015,117,1,245,25445,9863,1426,1,117,117,1,,,,,,0,0,0,0,0,,,"formalism-specific model size: SAT/MaxSAT reports base CNF and soft clauses, MIP reports variables/linear constraints/nonzeros, and CP reports integer variables plus linear/global constraints; SAT bound/totalizer overhead remains separate in optimizer_added_*",1000,984,977,1000,0,0,0,0,0,0,0,1,0.000174,0.002033,0.042839,,0.044872,0.072059,"wall-clock from immediately before reading/parsing the .dzn instance through model construction, optimization, solution decoding, and independent validation; excludes worker-process startup and result-file export",,,,,,,peak_process_tree_rss_mb,73b3784d08c0e73c6dd49aa054796fb507945f2a7cddae90222a06594ba0dac5,forb0007,data_table06_forb/tic-12crafc.forb0007.dzn,1,../noves/tic-12crafc.forb0007.dzn,1,data_table06_forb/tic-12crafc.forb0007.dzn,https://imae.udg.edu/Recerca/LAI/,https://ima.udg.edu/Recerca/lai/b2b/b2b.zip,ee1f440ab3f6db27ab712300ad3a54a31ffd5ec1e06f81a9ac37cb7202c56528,2026-08-10T10:42:19+00:00,7200.0,,ee80a6fbd8b513f7c010668495c39621a371266a,True,3.10.12,1.8.dev25,instance-20260810-085803,Linux-6.8.0-1064-gcp-x86_64-with-glibc2.35,x86_64,4,8,15988.059,1,0,/home/g24021555/Business-Meeting-Scheduling-Problem/.venv/bin/python3 /home/g24021555/Business-Meeting-Scheduling-Problem/src/Main.py --manifest instances_manifest.csv --family forbidden --solver sat_all --objective-mode bg_d2 --domain-mode both --domain-filter-graph both --precedence-encoding both --precedence-graph both --encoding-variant imp12+ --sat-backend cadical --maxsat-backend uwrmaxsat --uwrmaxsat-bin /home/g24021555/uwrmaxsat/build/release/bin/uwrmaxsat --timeout 7200 --csv output/full_matrix_bg_d2_forbidden.csv,/home/g24021555/uwrmaxsat/build/release/bin/uwrmaxsat,8c68c8a386d3d7847b50d315143c2bab60e3514e59510e84a649db83cb303876,/home/g24021555/uwrmaxsat/build/release/bin/uwrmaxsat -m /tmp/b2b_uwrmaxsat_3wesfdch/tic-12crafc.forb0007.wcnf,,process exit code=20,,,maxsat,uwrmaxsat,,/home/g24021555/uwrmaxsat/build/release/bin/uwrmaxsat,staircase,sparse_suffix+distance_closure,,39,"1,2,3,4,5,6,7,8,9,10,11,12,13,14,15,16,17,18,19,20,21,22,23,24,25,26,27,28,29,30,31,32,33,34,35,36,39,41,42",984,16,7,7,,,,,"journal objective family: bg_d2 | F-selected distance-labelled E* domain propagation and cycle detection | precedence configuration: F=distance_closure, P=sparse_suffix, G=distance_closure | Full Domain MxT schedule variables + explicit unary exclusions | (20),(22)-(27) exactly once over full domains | (22)-(27) session/fixed/forbidden exclusions as hard unit clauses | (19) participant atMost-one per slot | (46),(47) clustered table capacity with compact forward channeling | (28) SparseSuffix precedence over distance_closure distance-labelled relations | exact break-group ends and unary break-group thresholds | exact schedule <-> usedSlot channeling | (43) exactly |Mp| full usedSlot variables | (44) atMost 2|L| busy participants per slot | (45) exact even number of busy participants | historical hard cap Delta_G <= 2",,,result
,,,,,,,,,tic-12crafc.forb0007,b2b-73b3784d08c0e73c,b2b-lineage-tic-12crafc,forbidden,R-PW-DE-ST-BGD2-IS-CD-IC12P,Reduced,Filter-E*,Pairwise,Direct-E,SpanThreshold,BreakGroupsD2,IncrementalSAT,IC12+,UNSAT,UNSAT,,,bg_d2,,,,,,,,0.051515,False,33.844,,,,Compact,Compact/Reduced,project_implementation,incremental multi-phase SAT with persistent solver state,15325,,,,,,,36445,0,36445,977,14348,86815,40,cfg5__m-reduced__p-pairwise__g-direct__b-span_threshold__o-break_groups_d2__s-incrementalsat__i-imp12plus__backend-cadical,cfg5__m-reduced__p-pairwise__g-direct__b-span_threshold__o-break_groups_d2__s-incrementalsat__i-imp12plus__backend-cadical,reduced,distance_closure,pairwise,direct,IncrementalSAT,CaDiCaL,1.5.3,imp12+,span_threshold,total_break_groups_subject_to_range_at_most_2,BGD2,IC12P,86815,0,0,214,25019,9803,1406,,0,117,1,,,,,,0,0,0,0,0,,,"formalism-specific model size: SAT/MaxSAT reports base CNF and soft clauses, MIP reports variables/linear constraints/nonzeros, and CP reports integer variables plus linear/global constraints; SAT bound/totalizer overhead remains separate in optimizer_added_*",1000,984,977,977,0,0,0,0,0,0,0,1,0.000162,0.00204,0.038209,,0.040249,0.011266,"wall-clock from immediately before reading/parsing the .dzn instance through model construction, optimization, solution decoding, and independent validation; excludes worker-process startup and result-file export",,,,,,,peak_process_tree_rss_mb,73b3784d08c0e73c6dd49aa054796fb507945f2a7cddae90222a06594ba0dac5,forb0007,data_table06_forb/tic-12crafc.forb0007.dzn,1,../noves/tic-12crafc.forb0007.dzn,1,data_table06_forb/tic-12crafc.forb0007.dzn,https://imae.udg.edu/Recerca/LAI/,https://ima.udg.edu/Recerca/lai/b2b/b2b.zip,ee1f440ab3f6db27ab712300ad3a54a31ffd5ec1e06f81a9ac37cb7202c56528,2026-08-10T10:42:19+00:00,7200.0,,ee80a6fbd8b513f7c010668495c39621a371266a,True,3.10.12,1.8.dev25,instance-20260810-085803,Linux-6.8.0-1064-gcp-x86_64-with-glibc2.35,x86_64,4,8,15988.059,1,0,/home/g24021555/Business-Meeting-Scheduling-Problem/.venv/bin/python3 /home/g24021555/Business-Meeting-Scheduling-Problem/src/Main.py --manifest instances_manifest.csv --family forbidden --solver sat_all --objective-mode bg_d2 --domain-mode both --domain-filter-graph both --precedence-encoding both --precedence-graph both --encoding-variant imp12+ --sat-backend cadical --maxsat-backend uwrmaxsat --uwrmaxsat-bin /home/g24021555/uwrmaxsat/build/release/bin/uwrmaxsat --timeout 7200 --csv output/full_matrix_bg_d2_forbidden.csv,,,,,,,,incremental,,cadical,,traditional,pairwise+direct,,39,"1,2,3,4,5,6,7,8,9,10,11,12,13,14,15,16,17,18,19,20,21,22,23,24,25,26,27,28,29,30,31,32,33,34,35,36,39,41,42",984,16,7,7,,,,,"journal objective family: bg_d2 | F-selected distance-labelled E* domain propagation and cycle detection | precedence configuration: F=distance_closure, P=pairwise, G=direct | Reduced Domain variables after unary filtering + matching GAC + slot saturation | (20),(22)-(27) exactly once over reduced domains | (19) participant atMost-one per slot | (46),(47) clustered table capacity with compact forward channeling | (28) Pairwise precedence over direct distance-labelled relations | exact break-group ends and unary break-group thresholds | exact schedule <-> usedSlot channeling | (43) exactly |Mp| reduced usedSlot variables | (44) atMost 2|L| busy participants per slot | (45) exact even number of busy participants | historical hard cap Delta_G <= 2",,,result
,,,,,,,,,tic-12crafc.forb0007,b2b-73b3784d08c0e73c,b2b-lineage-tic-12crafc,forbidden,R-PW-DE-ST-BGD2-NIS-CD-IC12P,Reduced,Filter-E*,Pairwise,Direct-E,SpanThreshold,BreakGroupsD2,NonIncrementalSAT,IC12+,UNSAT,UNSAT,,,bg_d2,,,,,,,,0.053578,False,33.789,,,,Compact,Compact/Reduced,project_implementation,restart-based multi-phase SAT,15325,,,,,,,36445,0,36445,977,14348,86815,40,cfg5__m-reduced__p-pairwise__g-direct__b-span_threshold__o-break_groups_d2__s-nonincrementalsat__i-imp12plus__backend-cadical,cfg5__m-reduced__p-pairwise__g-direct__b-span_threshold__o-break_groups_d2__s-nonincrementalsat__i-imp12plus__backend-cadical,reduced,distance_closure,pairwise,direct,NonIncrementalSAT,CaDiCaL,1.5.3,imp12+,span_threshold,total_break_groups_subject_to_range_at_most_2,BGD2,IC12P,86815,0,0,214,25019,9803,1406,,0,117,1,,,,,,0,0,0,0,0,,,"formalism-specific model size: SAT/MaxSAT reports base CNF and soft clauses, MIP reports variables/linear constraints/nonzeros, and CP reports integer variables plus linear/global constraints; SAT bound/totalizer overhead remains separate in optimizer_added_*",1000,984,977,977,0,0,0,0,0,0,0,1,0.000161,0.00179,0.040504,,0.042294,0.011284,"wall-clock from immediately before reading/parsing the .dzn instance through model construction, optimization, solution decoding, and independent validation; excludes worker-process startup and result-file export",,,,,,,peak_process_tree_rss_mb,73b3784d08c0e73c6dd49aa054796fb507945f2a7cddae90222a06594ba0dac5,forb0007,data_table06_forb/tic-12crafc.forb0007.dzn,1,../noves/tic-12crafc.forb0007.dzn,1,data_table06_forb/tic-12crafc.forb0007.dzn,https://imae.udg.edu/Recerca/LAI/,https://ima.udg.edu/Recerca/lai/b2b/b2b.zip,ee1f440ab3f6db27ab712300ad3a54a31ffd5ec1e06f81a9ac37cb7202c56528,2026-08-10T10:42:19+00:00,7200.0,,ee80a6fbd8b513f7c010668495c39621a371266a,True,3.10.12,1.8.dev25,instance-20260810-085803,Linux-6.8.0-1064-gcp-x86_64-with-glibc2.35,x86_64,4,8,15988.059,1,0,/home/g24021555/Business-Meeting-Scheduling-Problem/.venv/bin/python3 /home/g24021555/Business-Meeting-Scheduling-Problem/src/Main.py --manifest instances_manifest.csv --family forbidden --solver sat_all --objective-mode bg_d2 --domain-mode both --domain-filter-graph both --precedence-encoding both --precedence-graph both --encoding-variant imp12+ --sat-backend cadical --maxsat-backend uwrmaxsat --uwrmaxsat-bin /home/g24021555/uwrmaxsat/build/release/bin/uwrmaxsat --timeout 7200 --csv output/full_matrix_bg_d2_forbidden.csv,,,,,,,,multiple,,cadical,,traditional,pairwise+direct,,39,"1,2,3,4,5,6,7,8,9,10,11,12,13,14,15,16,17,18,19,20,21,22,23,24,25,26,27,28,29,30,31,32,33,34,35,36,39,41,42",984,16,7,7,,,,,"journal objective family: bg_d2 | F-selected distance-labelled E* domain propagation and cycle detection | precedence configuration: F=distance_closure, P=pairwise, G=direct | Reduced Domain variables after unary filtering + matching GAC + slot saturation | (20),(22)-(27) exactly once over reduced domains | (19) participant atMost-one per slot | (46),(47) clustered table capacity with compact forward channeling | (28) Pairwise precedence over direct distance-labelled relations | exact break-group ends and unary break-group thresholds | exact schedule <-> usedSlot channeling | (43) exactly |Mp| reduced usedSlot variables | (44) atMost 2|L| busy participants per slot | (45) exact even number of busy participants | historical hard cap Delta_G <= 2",,,result
,,,,,,,,,tic-12crafc.forb0007,b2b-73b3784d08c0e73c,b2b-lineage-tic-12crafc,forbidden,R-PW-DE-ST-BGD2-UW-IC12P,Reduced,Filter-E*,Pairwise,Direct-E,SpanThreshold,BreakGroupsD2,UWrMaxSAT,IC12+,UNSAT,UNSAT,,,bg_d2,,,,,,,1,0.112425,False,38.168,,,,Compact,Compact/Reduced,project_implementation,one-shot weighted MaxSAT,15325,,,,,,,36445,117,36562,977,14348,86932,40,cfg5__m-reduced__p-pairwise__g-direct__b-span_threshold__o-break_groups_d2__s-uwrmaxsat__i-imp12plus__backend-uwrmaxsat,cfg5__m-reduced__p-pairwise__g-direct__b-span_threshold__o-break_groups_d2__s-uwrmaxsat__i-imp12plus__backend-uwrmaxsat,reduced,distance_closure,pairwise,direct,UWrMaxSAT,UWrMaxSAT,binary-sha256:8c68c8a386d3d7847b50d315143c2bab60e3514e59510e84a649db83cb303876,imp12+,span_threshold,total_break_groups_subject_to_range_at_most_2,BGD2,IC12P,86815,117,1,214,25019,9803,1406,1,117,117,1,,,,,,0,0,0,0,0,,,"formalism-specific model size: SAT/MaxSAT reports base CNF and soft clauses, MIP reports variables/linear constraints/nonzeros, and CP reports integer variables plus linear/global constraints; SAT bound/totalizer overhead remains separate in optimizer_added_*",1000,984,977,977,0,0,0,0,0,0,0,1,0.000152,0.002034,0.040941,,0.042975,0.06945,"wall-clock from immediately before reading/parsing the .dzn instance through model construction, optimization, solution decoding, and independent validation; excludes worker-process startup and result-file export",,,,,,,peak_process_tree_rss_mb,73b3784d08c0e73c6dd49aa054796fb507945f2a7cddae90222a06594ba0dac5,forb0007,data_table06_forb/tic-12crafc.forb0007.dzn,1,../noves/tic-12crafc.forb0007.dzn,1,data_table06_forb/tic-12crafc.forb0007.dzn,https://imae.udg.edu/Recerca/LAI/,https://ima.udg.edu/Recerca/lai/b2b/b2b.zip,ee1f440ab3f6db27ab712300ad3a54a31ffd5ec1e06f81a9ac37cb7202c56528,2026-08-10T10:42:19+00:00,7200.0,,ee80a6fbd8b513f7c010668495c39621a371266a,True,3.10.12,1.8.dev25,instance-20260810-085803,Linux-6.8.0-1064-gcp-x86_64-with-glibc2.35,x86_64,4,8,15988.059,1,0,/home/g24021555/Business-Meeting-Scheduling-Problem/.venv/bin/python3 /home/g24021555/Business-Meeting-Scheduling-Problem/src/Main.py --manifest instances_manifest.csv --family forbidden --solver sat_all --objective-mode bg_d2 --domain-mode both --domain-filter-graph both --precedence-encoding both --precedence-graph both --encoding-variant imp12+ --sat-backend cadical --maxsat-backend uwrmaxsat --uwrmaxsat-bin /home/g24021555/uwrmaxsat/build/release/bin/uwrmaxsat --timeout 7200 --csv output/full_matrix_bg_d2_forbidden.csv,/home/g24021555/uwrmaxsat/build/release/bin/uwrmaxsat,8c68c8a386d3d7847b50d315143c2bab60e3514e59510e84a649db83cb303876,/home/g24021555/uwrmaxsat/build/release/bin/uwrmaxsat -m /tmp/b2b_uwrmaxsat_rwsdlksi/tic-12crafc.forb0007.wcnf,,process exit code=20,,,maxsat,uwrmaxsat,,/home/g24021555/uwrmaxsat/build/release/bin/uwrmaxsat,traditional,pairwise+direct,,39,"1,2,3,4,5,6,7,8,9,10,11,12,13,14,15,16,17,18,19,20,21,22,23,24,25,26,27,28,29,30,31,32,33,34,35,36,39,41,42",984,16,7,7,,,,,"journal objective family: bg_d2 | F-selected distance-labelled E* domain propagation and cycle detection | precedence configuration: F=distance_closure, P=pairwise, G=direct | Reduced Domain variables after unary filtering + matching GAC + slot saturation | (20),(22)-(27) exactly once over reduced domains | (19) participant atMost-one per slot | (46),(47) clustered table capacity with compact forward channeling | (28) Pairwise precedence over direct distance-labelled relations | exact break-group ends and unary break-group thresholds | exact schedule <-> usedSlot channeling | (43) exactly |Mp| reduced usedSlot variables | (44) atMost 2|L| busy participants per slot | (45) exact even number of busy participants | historical hard cap Delta_G <= 2",,,result
,,,,,,,,,tic-12crafc.forb0007,b2b-73b3784d08c0e73c,b2b-lineage-tic-12crafc,forbidden,R-PW-DC-ST-BGD2-IS-CD-IC12P,Reduced,Filter-E*,Pairwise,DistanceClosure-E*,SpanThreshold,BreakGroupsD2,IncrementalSAT,IC12+,UNSAT,UNSAT,,,bg_d2,,,,,,,,0.051011,False,33.699,,,,Compact,Compact/Reduced,project_implementation,incremental multi-phase SAT with persistent solver state,15325,,,,,,,36445,0,36445,977,14348,86815,40,cfg5__m-reduced__p-pairwise__g-distance_closure__b-span_threshold__o-break_groups_d2__s-incrementalsat__i-imp12plus__backend-cadical,cfg5__m-reduced__p-pairwise__g-distance_closure__b-span_threshold__o-break_groups_d2__s-incrementalsat__i-imp12plus__backend-cadical,reduced,distance_closure,pairwise,distance_closure,IncrementalSAT,CaDiCaL,1.5.3,imp12+,span_threshold,total_break_groups_subject_to_range_at_most_2,BGD2,IC12P,86815,0,0,214,25019,9803,1406,,0,117,1,,,,,,0,0,0,0,0,,,"formalism-specific model size: SAT/MaxSAT reports base CNF and soft clauses, MIP reports variables/linear constraints/nonzeros, and CP reports integer variables plus linear/global constraints; SAT bound/totalizer overhead remains separate in optimizer_added_*",1000,984,977,977,0,0,0,0,0,0,0,1,0.00016,0.001844,0.037624,,0.039467,0.011544,"wall-clock from immediately before reading/parsing the .dzn instance through model construction, optimization, solution decoding, and independent validation; excludes worker-process startup and result-file export",,,,,,,peak_process_tree_rss_mb,73b3784d08c0e73c6dd49aa054796fb507945f2a7cddae90222a06594ba0dac5,forb0007,data_table06_forb/tic-12crafc.forb0007.dzn,1,../noves/tic-12crafc.forb0007.dzn,1,data_table06_forb/tic-12crafc.forb0007.dzn,https://imae.udg.edu/Recerca/LAI/,https://ima.udg.edu/Recerca/lai/b2b/b2b.zip,ee1f440ab3f6db27ab712300ad3a54a31ffd5ec1e06f81a9ac37cb7202c56528,2026-08-10T10:42:19+00:00,7200.0,,ee80a6fbd8b513f7c010668495c39621a371266a,True,3.10.12,1.8.dev25,instance-20260810-085803,Linux-6.8.0-1064-gcp-x86_64-with-glibc2.35,x86_64,4,8,15988.059,1,0,/home/g24021555/Business-Meeting-Scheduling-Problem/.venv/bin/python3 /home/g24021555/Business-Meeting-Scheduling-Problem/src/Main.py --manifest instances_manifest.csv --family forbidden --solver sat_all --objective-mode bg_d2 --domain-mode both --domain-filter-graph both --precedence-encoding both --precedence-graph both --encoding-variant imp12+ --sat-backend cadical --maxsat-backend uwrmaxsat --uwrmaxsat-bin /home/g24021555/uwrmaxsat/build/release/bin/uwrmaxsat --timeout 7200 --csv output/full_matrix_bg_d2_forbidden.csv,,,,,,,,incremental,,cadical,,factorial,pairwise+distance_closure,,39,"1,2,3,4,5,6,7,8,9,10,11,12,13,14,15,16,17,18,19,20,21,22,23,24,25,26,27,28,29,30,31,32,33,34,35,36,39,41,42",984,16,7,7,,,,,"journal objective family: bg_d2 | F-selected distance-labelled E* domain propagation and cycle detection | precedence configuration: F=distance_closure, P=pairwise, G=distance_closure | Reduced Domain variables after unary filtering + matching GAC + slot saturation | (20),(22)-(27) exactly once over reduced domains | (19) participant atMost-one per slot | (46),(47) clustered table capacity with compact forward channeling | (28) Pairwise precedence over distance_closure distance-labelled relations | exact break-group ends and unary break-group thresholds | exact schedule <-> usedSlot channeling | (43) exactly |Mp| reduced usedSlot variables | (44) atMost 2|L| busy participants per slot | (45) exact even number of busy participants | historical hard cap Delta_G <= 2",,,result
,,,,,,,,,tic-12crafc.forb0007,b2b-73b3784d08c0e73c,b2b-lineage-tic-12crafc,forbidden,R-PW-DC-ST-BGD2-NIS-CD-IC12P,Reduced,Filter-E*,Pairwise,DistanceClosure-E*,SpanThreshold,BreakGroupsD2,NonIncrementalSAT,IC12+,UNSAT,UNSAT,,,bg_d2,,,,,,,,0.052713,False,33.75,,,,Compact,Compact/Reduced,project_implementation,restart-based multi-phase SAT,15325,,,,,,,36445,0,36445,977,14348,86815,40,cfg5__m-reduced__p-pairwise__g-distance_closure__b-span_threshold__o-break_groups_d2__s-nonincrementalsat__i-imp12plus__backend-cadical,cfg5__m-reduced__p-pairwise__g-distance_closure__b-span_threshold__o-break_groups_d2__s-nonincrementalsat__i-imp12plus__backend-cadical,reduced,distance_closure,pairwise,distance_closure,NonIncrementalSAT,CaDiCaL,1.5.3,imp12+,span_threshold,total_break_groups_subject_to_range_at_most_2,BGD2,IC12P,86815,0,0,214,25019,9803,1406,,0,117,1,,,,,,0,0,0,0,0,,,"formalism-specific model size: SAT/MaxSAT reports base CNF and soft clauses, MIP reports variables/linear constraints/nonzeros, and CP reports integer variables plus linear/global constraints; SAT bound/totalizer overhead remains separate in optimizer_added_*",1000,984,977,977,0,0,0,0,0,0,0,1,0.000185,0.002034,0.039777,,0.041811,0.010902,"wall-clock from immediately before reading/parsing the .dzn instance through model construction, optimization, solution decoding, and independent validation; excludes worker-process startup and result-file export",,,,,,,peak_process_tree_rss_mb,73b3784d08c0e73c6dd49aa054796fb507945f2a7cddae90222a06594ba0dac5,forb0007,data_table06_forb/tic-12crafc.forb0007.dzn,1,../noves/tic-12crafc.forb0007.dzn,1,data_table06_forb/tic-12crafc.forb0007.dzn,https://imae.udg.edu/Recerca/LAI/,https://ima.udg.edu/Recerca/lai/b2b/b2b.zip,ee1f440ab3f6db27ab712300ad3a54a31ffd5ec1e06f81a9ac37cb7202c56528,2026-08-10T10:42:19+00:00,7200.0,,ee80a6fbd8b513f7c010668495c39621a371266a,True,3.10.12,1.8.dev25,instance-20260810-085803,Linux-6.8.0-1064-gcp-x86_64-with-glibc2.35,x86_64,4,8,15988.059,1,0,/home/g24021555/Business-Meeting-Scheduling-Problem/.venv/bin/python3 /home/g24021555/Business-Meeting-Scheduling-Problem/src/Main.py --manifest instances_manifest.csv --family forbidden --solver sat_all --objective-mode bg_d2 --domain-mode both --domain-filter-graph both --precedence-encoding both --precedence-graph both --encoding-variant imp12+ --sat-backend cadical --maxsat-backend uwrmaxsat --uwrmaxsat-bin /home/g24021555/uwrmaxsat/build/release/bin/uwrmaxsat --timeout 7200 --csv output/full_matrix_bg_d2_forbidden.csv,,,,,,,,multiple,,cadical,,factorial,pairwise+distance_closure,,39,"1,2,3,4,5,6,7,8,9,10,11,12,13,14,15,16,17,18,19,20,21,22,23,24,25,26,27,28,29,30,31,32,33,34,35,36,39,41,42",984,16,7,7,,,,,"journal objective family: bg_d2 | F-selected distance-labelled E* domain propagation and cycle detection | precedence configuration: F=distance_closure, P=pairwise, G=distance_closure | Reduced Domain variables after unary filtering + matching GAC + slot saturation | (20),(22)-(27) exactly once over reduced domains | (19) participant atMost-one per slot | (46),(47) clustered table capacity with compact forward channeling | (28) Pairwise precedence over distance_closure distance-labelled relations | exact break-group ends and unary break-group thresholds | exact schedule <-> usedSlot channeling | (43) exactly |Mp| reduced usedSlot variables | (44) atMost 2|L| busy participants per slot | (45) exact even number of busy participants | historical hard cap Delta_G <= 2",,,result
,,,,,,,,,tic-12crafc.forb0007,b2b-73b3784d08c0e73c,b2b-lineage-tic-12crafc,forbidden,R-PW-DC-ST-BGD2-UW-IC12P,Reduced,Filter-E*,Pairwise,DistanceClosure-E*,SpanThreshold,BreakGroupsD2,UWrMaxSAT,IC12+,UNSAT,UNSAT,,,bg_d2,,,,,,,1,0.115148,False,38.32,,,,Compact,Compact/Reduced,project_implementation,one-shot weighted MaxSAT,15325,,,,,,,36445,117,36562,977,14348,86932,40,cfg5__m-reduced__p-pairwise__g-distance_closure__b-span_threshold__o-break_groups_d2__s-uwrmaxsat__i-imp12plus__backend-uwrmaxsat,cfg5__m-reduced__p-pairwise__g-distance_closure__b-span_threshold__o-break_groups_d2__s-uwrmaxsat__i-imp12plus__backend-uwrmaxsat,reduced,distance_closure,pairwise,distance_closure,UWrMaxSAT,UWrMaxSAT,binary-sha256:8c68c8a386d3d7847b50d315143c2bab60e3514e59510e84a649db83cb303876,imp12+,span_threshold,total_break_groups_subject_to_range_at_most_2,BGD2,IC12P,86815,117,1,214,25019,9803,1406,1,117,117,1,,,,,,0,0,0,0,0,,,"formalism-specific model size: SAT/MaxSAT reports base CNF and soft clauses, MIP reports variables/linear constraints/nonzeros, and CP reports integer variables plus linear/global constraints; SAT bound/totalizer overhead remains separate in optimizer_added_*",1000,984,977,977,0,0,0,0,0,0,0,1,0.000181,0.002057,0.045093,,0.047151,0.067997,"wall-clock from immediately before reading/parsing the .dzn instance through model construction, optimization, solution decoding, and independent validation; excludes worker-process startup and result-file export",,,,,,,peak_process_tree_rss_mb,73b3784d08c0e73c6dd49aa054796fb507945f2a7cddae90222a06594ba0dac5,forb0007,data_table06_forb/tic-12crafc.forb0007.dzn,1,../noves/tic-12crafc.forb0007.dzn,1,data_table06_forb/tic-12crafc.forb0007.dzn,https://imae.udg.edu/Recerca/LAI/,https://ima.udg.edu/Recerca/lai/b2b/b2b.zip,ee1f440ab3f6db27ab712300ad3a54a31ffd5ec1e06f81a9ac37cb7202c56528,2026-08-10T10:42:19+00:00,7200.0,,ee80a6fbd8b513f7c010668495c39621a371266a,True,3.10.12,1.8.dev25,instance-20260810-085803,Linux-6.8.0-1064-gcp-x86_64-with-glibc2.35,x86_64,4,8,15988.059,1,0,/home/g24021555/Business-Meeting-Scheduling-Problem/.venv/bin/python3 /home/g24021555/Business-Meeting-Scheduling-Problem/src/Main.py --manifest instances_manifest.csv --family forbidden --solver sat_all --objective-mode bg_d2 --domain-mode both --domain-filter-graph both --precedence-encoding both --precedence-graph both --encoding-variant imp12+ --sat-backend cadical --maxsat-backend uwrmaxsat --uwrmaxsat-bin /home/g24021555/uwrmaxsat/build/release/bin/uwrmaxsat --timeout 7200 --csv output/full_matrix_bg_d2_forbidden.csv,/home/g24021555/uwrmaxsat/build/release/bin/uwrmaxsat,8c68c8a386d3d7847b50d315143c2bab60e3514e59510e84a649db83cb303876,/home/g24021555/uwrmaxsat/build/release/bin/uwrmaxsat -m /tmp/b2b_uwrmaxsat_g7lxidyl/tic-12crafc.forb0007.wcnf,,process exit code=20,,,maxsat,uwrmaxsat,,/home/g24021555/uwrmaxsat/build/release/bin/uwrmaxsat,factorial,pairwise+distance_closure,,39,"1,2,3,4,5,6,7,8,9,10,11,12,13,14,15,16,17,18,19,20,21,22,23,24,25,26,27,28,29,30,31,32,33,34,35,36,39,41,42",984,16,7,7,,,,,"journal objective family: bg_d2 | F-selected distance-labelled E* domain propagation and cycle detection | precedence configuration: F=distance_closure, P=pairwise, G=distance_closure | Reduced Domain variables after unary filtering + matching GAC + slot saturation | (20),(22)-(27) exactly once over reduced domains | (19) participant atMost-one per slot | (46),(47) clustered table capacity with compact forward channeling | (28) Pairwise precedence over distance_closure distance-labelled relations | exact break-group ends and unary break-group thresholds | exact schedule <-> usedSlot channeling | (43) exactly |Mp| reduced usedSlot variables | (44) atMost 2|L| busy participants per slot | (45) exact even number of busy participants | historical hard cap Delta_G <= 2",,,result
,,,,,,,,,tic-12crafc.forb0007,b2b-73b3784d08c0e73c,b2b-lineage-tic-12crafc,forbidden,R-SS-DE-ST-BGD2-IS-CD-IC12P,Reduced,Filter-E*,SparseSuffix,Direct-E,SpanThreshold,BreakGroupsD2,IncrementalSAT,IC12+,UNSAT,UNSAT,,,bg_d2,,,,,,,,0.052004,False,33.742,,,,Compact,Compact/Reduced,project_implementation,incremental multi-phase SAT with persistent solver state,15325,,,,,,,36445,0,36445,977,14348,86815,40,cfg5__m-reduced__p-sparse_suffix__g-direct__b-span_threshold__o-break_groups_d2__s-incrementalsat__i-imp12plus__backend-cadical,cfg5__m-reduced__p-sparse_suffix__g-direct__b-span_threshold__o-break_groups_d2__s-incrementalsat__i-imp12plus__backend-cadical,reduced,distance_closure,sparse_suffix,direct,IncrementalSAT,CaDiCaL,1.5.3,imp12+,span_threshold,total_break_groups_subject_to_range_at_most_2,BGD2,IC12P,86815,0,0,214,25019,9803,1406,,0,117,1,,,,,,0,0,0,0,0,,,"formalism-specific model size: SAT/MaxSAT reports base CNF and soft clauses, MIP reports variables/linear constraints/nonzeros, and CP reports integer variables plus linear/global constraints; SAT bound/totalizer overhead remains separate in optimizer_added_*",1000,984,977,977,0,0,0,0,0,0,0,1,0.000163,0.001758,0.039162,,0.040919,0.011084,"wall-clock from immediately before reading/parsing the .dzn instance through model construction, optimization, solution decoding, and independent validation; excludes worker-process startup and result-file export",,,,,,,peak_process_tree_rss_mb,73b3784d08c0e73c6dd49aa054796fb507945f2a7cddae90222a06594ba0dac5,forb0007,data_table06_forb/tic-12crafc.forb0007.dzn,1,../noves/tic-12crafc.forb0007.dzn,1,data_table06_forb/tic-12crafc.forb0007.dzn,https://imae.udg.edu/Recerca/LAI/,https://ima.udg.edu/Recerca/lai/b2b/b2b.zip,ee1f440ab3f6db27ab712300ad3a54a31ffd5ec1e06f81a9ac37cb7202c56528,2026-08-10T10:42:19+00:00,7200.0,,ee80a6fbd8b513f7c010668495c39621a371266a,True,3.10.12,1.8.dev25,instance-20260810-085803,Linux-6.8.0-1064-gcp-x86_64-with-glibc2.35,x86_64,4,8,15988.059,1,0,/home/g24021555/Business-Meeting-Scheduling-Problem/.venv/bin/python3 /home/g24021555/Business-Meeting-Scheduling-Problem/src/Main.py --manifest instances_manifest.csv --family forbidden --solver sat_all --objective-mode bg_d2 --domain-mode both --domain-filter-graph both --precedence-encoding both --precedence-graph both --encoding-variant imp12+ --sat-backend cadical --maxsat-backend uwrmaxsat --uwrmaxsat-bin /home/g24021555/uwrmaxsat/build/release/bin/uwrmaxsat --timeout 7200 --csv output/full_matrix_bg_d2_forbidden.csv,,,,,,,,incremental,,cadical,,factorial,sparse_suffix+direct,,39,"1,2,3,4,5,6,7,8,9,10,11,12,13,14,15,16,17,18,19,20,21,22,23,24,25,26,27,28,29,30,31,32,33,34,35,36,39,41,42",984,16,7,7,,,,,"journal objective family: bg_d2 | F-selected distance-labelled E* domain propagation and cycle detection | precedence configuration: F=distance_closure, P=sparse_suffix, G=direct | Reduced Domain variables after unary filtering + matching GAC + slot saturation | (20),(22)-(27) exactly once over reduced domains | (19) participant atMost-one per slot | (46),(47) clustered table capacity with compact forward channeling | (28) SparseSuffix precedence over direct distance-labelled relations | exact break-group ends and unary break-group thresholds | exact schedule <-> usedSlot channeling | (43) exactly |Mp| reduced usedSlot variables | (44) atMost 2|L| busy participants per slot | (45) exact even number of busy participants | historical hard cap Delta_G <= 2",,,result
,,,,,,,,,tic-12crafc.forb0007,b2b-73b3784d08c0e73c,b2b-lineage-tic-12crafc,forbidden,R-SS-DE-ST-BGD2-NIS-CD-IC12P,Reduced,Filter-E*,SparseSuffix,Direct-E,SpanThreshold,BreakGroupsD2,NonIncrementalSAT,IC12+,UNSAT,UNSAT,,,bg_d2,,,,,,,,0.052621,False,33.688,,,,Compact,Compact/Reduced,project_implementation,restart-based multi-phase SAT,15325,,,,,,,36445,0,36445,977,14348,86815,40,cfg5__m-reduced__p-sparse_suffix__g-direct__b-span_threshold__o-break_groups_d2__s-nonincrementalsat__i-imp12plus__backend-cadical,cfg5__m-reduced__p-sparse_suffix__g-direct__b-span_threshold__o-break_groups_d2__s-nonincrementalsat__i-imp12plus__backend-cadical,reduced,distance_closure,sparse_suffix,direct,NonIncrementalSAT,CaDiCaL,1.5.3,imp12+,span_threshold,total_break_groups_subject_to_range_at_most_2,BGD2,IC12P,86815,0,0,214,25019,9803,1406,,0,117,1,,,,,,0,0,0,0,0,,,"formalism-specific model size: SAT/MaxSAT reports base CNF and soft clauses, MIP reports variables/linear constraints/nonzeros, and CP reports integer variables plus linear/global constraints; SAT bound/totalizer overhead remains separate in optimizer_added_*",1000,984,977,977,0,0,0,0,0,0,0,1,0.000181,0.002026,0.040195,,0.042221,0.0104,"wall-clock from immediately before reading/parsing the .dzn instance through model construction, optimization, solution decoding, and independent validation; excludes worker-process startup and result-file export",,,,,,,peak_process_tree_rss_mb,73b3784d08c0e73c6dd49aa054796fb507945f2a7cddae90222a06594ba0dac5,forb0007,data_table06_forb/tic-12crafc.forb0007.dzn,1,../noves/tic-12crafc.forb0007.dzn,1,data_table06_forb/tic-12crafc.forb0007.dzn,https://imae.udg.edu/Recerca/LAI/,https://ima.udg.edu/Recerca/lai/b2b/b2b.zip,ee1f440ab3f6db27ab712300ad3a54a31ffd5ec1e06f81a9ac37cb7202c56528,2026-08-10T10:42:19+00:00,7200.0,,ee80a6fbd8b513f7c010668495c39621a371266a,True,3.10.12,1.8.dev25,instance-20260810-085803,Linux-6.8.0-1064-gcp-x86_64-with-glibc2.35,x86_64,4,8,15988.059,1,0,/home/g24021555/Business-Meeting-Scheduling-Problem/.venv/bin/python3 /home/g24021555/Business-Meeting-Scheduling-Problem/src/Main.py --manifest instances_manifest.csv --family forbidden --solver sat_all --objective-mode bg_d2 --domain-mode both --domain-filter-graph both --precedence-encoding both --precedence-graph both --encoding-variant imp12+ --sat-backend cadical --maxsat-backend uwrmaxsat --uwrmaxsat-bin /home/g24021555/uwrmaxsat/build/release/bin/uwrmaxsat --timeout 7200 --csv output/full_matrix_bg_d2_forbidden.csv,,,,,,,,multiple,,cadical,,factorial,sparse_suffix+direct,,39,"1,2,3,4,5,6,7,8,9,10,11,12,13,14,15,16,17,18,19,20,21,22,23,24,25,26,27,28,29,30,31,32,33,34,35,36,39,41,42",984,16,7,7,,,,,"journal objective family: bg_d2 | F-selected distance-labelled E* domain propagation and cycle detection | precedence configuration: F=distance_closure, P=sparse_suffix, G=direct | Reduced Domain variables after unary filtering + matching GAC + slot saturation | (20),(22)-(27) exactly once over reduced domains | (19) participant atMost-one per slot | (46),(47) clustered table capacity with compact forward channeling | (28) SparseSuffix precedence over direct distance-labelled relations | exact break-group ends and unary break-group thresholds | exact schedule <-> usedSlot channeling | (43) exactly |Mp| reduced usedSlot variables | (44) atMost 2|L| busy participants per slot | (45) exact even number of busy participants | historical hard cap Delta_G <= 2",,,result
,,,,,,,,,tic-12crafc.forb0007,b2b-73b3784d08c0e73c,b2b-lineage-tic-12crafc,forbidden,R-SS-DE-ST-BGD2-UW-IC12P,Reduced,Filter-E*,SparseSuffix,Direct-E,SpanThreshold,BreakGroupsD2,UWrMaxSAT,IC12+,UNSAT,UNSAT,,,bg_d2,,,,,,,1,0.114506,False,38.305,,,,Compact,Compact/Reduced,project_implementation,one-shot weighted MaxSAT,15325,,,,,,,36445,117,36562,977,14348,86932,40,cfg5__m-reduced__p-sparse_suffix__g-direct__b-span_threshold__o-break_groups_d2__s-uwrmaxsat__i-imp12plus__backend-uwrmaxsat,cfg5__m-reduced__p-sparse_suffix__g-direct__b-span_threshold__o-break_groups_d2__s-uwrmaxsat__i-imp12plus__backend-uwrmaxsat,reduced,distance_closure,sparse_suffix,direct,UWrMaxSAT,UWrMaxSAT,binary-sha256:8c68c8a386d3d7847b50d315143c2bab60e3514e59510e84a649db83cb303876,imp12+,span_threshold,total_break_groups_subject_to_range_at_most_2,BGD2,IC12P,86815,117,1,214,25019,9803,1406,1,117,117,1,,,,,,0,0,0,0,0,,,"formalism-specific model size: SAT/MaxSAT reports base CNF and soft clauses, MIP reports variables/linear constraints/nonzeros, and CP reports integer variables plus linear/global constraints; SAT bound/totalizer overhead remains separate in optimizer_added_*",1000,984,977,977,0,0,0,0,0,0,0,1,0.000176,0.00176,0.042204,,0.043964,0.070542,"wall-clock from immediately before reading/parsing the .dzn instance through model construction, optimization, solution decoding, and independent validation; excludes worker-process startup and result-file export",,,,,,,peak_process_tree_rss_mb,73b3784d08c0e73c6dd49aa054796fb507945f2a7cddae90222a06594ba0dac5,forb0007,data_table06_forb/tic-12crafc.forb0007.dzn,1,../noves/tic-12crafc.forb0007.dzn,1,data_table06_forb/tic-12crafc.forb0007.dzn,https://imae.udg.edu/Recerca/LAI/,https://ima.udg.edu/Recerca/lai/b2b/b2b.zip,ee1f440ab3f6db27ab712300ad3a54a31ffd5ec1e06f81a9ac37cb7202c56528,2026-08-10T10:42:19+00:00,7200.0,,ee80a6fbd8b513f7c010668495c39621a371266a,True,3.10.12,1.8.dev25,instance-20260810-085803,Linux-6.8.0-1064-gcp-x86_64-with-glibc2.35,x86_64,4,8,15988.059,1,0,/home/g24021555/Business-Meeting-Scheduling-Problem/.venv/bin/python3 /home/g24021555/Business-Meeting-Scheduling-Problem/src/Main.py --manifest instances_manifest.csv --family forbidden --solver sat_all --objective-mode bg_d2 --domain-mode both --domain-filter-graph both --precedence-encoding both --precedence-graph both --encoding-variant imp12+ --sat-backend cadical --maxsat-backend uwrmaxsat --uwrmaxsat-bin /home/g24021555/uwrmaxsat/build/release/bin/uwrmaxsat --timeout 7200 --csv output/full_matrix_bg_d2_forbidden.csv,/home/g24021555/uwrmaxsat/build/release/bin/uwrmaxsat,8c68c8a386d3d7847b50d315143c2bab60e3514e59510e84a649db83cb303876,/home/g24021555/uwrmaxsat/build/release/bin/uwrmaxsat -m /tmp/b2b_uwrmaxsat_164x_aov/tic-12crafc.forb0007.wcnf,,process exit code=20,,,maxsat,uwrmaxsat,,/home/g24021555/uwrmaxsat/build/release/bin/uwrmaxsat,factorial,sparse_suffix+direct,,39,"1,2,3,4,5,6,7,8,9,10,11,12,13,14,15,16,17,18,19,20,21,22,23,24,25,26,27,28,29,30,31,32,33,34,35,36,39,41,42",984,16,7,7,,,,,"journal objective family: bg_d2 | F-selected distance-labelled E* domain propagation and cycle detection | precedence configuration: F=distance_closure, P=sparse_suffix, G=direct | Reduced Domain variables after unary filtering + matching GAC + slot saturation | (20),(22)-(27) exactly once over reduced domains | (19) participant atMost-one per slot | (46),(47) clustered table capacity with compact forward channeling | (28) SparseSuffix precedence over direct distance-labelled relations | exact break-group ends and unary break-group thresholds | exact schedule <-> usedSlot channeling | (43) exactly |Mp| reduced usedSlot variables | (44) atMost 2|L| busy participants per slot | (45) exact even number of busy participants | historical hard cap Delta_G <= 2",,,result
,,,,,,,,,tic-12crafc.forb0007,b2b-73b3784d08c0e73c,b2b-lineage-tic-12crafc,forbidden,R-SS-DC-ST-BGD2-IS-CD-IC12P,Reduced,Filter-E*,SparseSuffix,DistanceClosure-E*,SpanThreshold,BreakGroupsD2,IncrementalSAT,IC12+,UNSAT,UNSAT,,,bg_d2,,,,,,,,0.053482,False,33.59,,,,Compact,Compact/Reduced,project_implementation,incremental multi-phase SAT with persistent solver state,15325,,,,,,,36445,0,36445,977,14348,86815,40,cfg5__m-reduced__p-sparse_suffix__g-distance_closure__b-span_threshold__o-break_groups_d2__s-incrementalsat__i-imp12plus__backend-cadical,cfg5__m-reduced__p-sparse_suffix__g-distance_closure__b-span_threshold__o-break_groups_d2__s-incrementalsat__i-imp12plus__backend-cadical,reduced,distance_closure,sparse_suffix,distance_closure,IncrementalSAT,CaDiCaL,1.5.3,imp12+,span_threshold,total_break_groups_subject_to_range_at_most_2,BGD2,IC12P,86815,0,0,214,25019,9803,1406,,0,117,1,,,,,,0,0,0,0,0,,,"formalism-specific model size: SAT/MaxSAT reports base CNF and soft clauses, MIP reports variables/linear constraints/nonzeros, and CP reports integer variables plus linear/global constraints; SAT bound/totalizer overhead remains separate in optimizer_added_*",1000,984,977,977,0,0,0,0,0,0,0,1,0.000162,0.001776,0.040116,,0.041892,0.011589,"wall-clock from immediately before reading/parsing the .dzn instance through model construction, optimization, solution decoding, and independent validation; excludes worker-process startup and result-file export",,,,,,,peak_process_tree_rss_mb,73b3784d08c0e73c6dd49aa054796fb507945f2a7cddae90222a06594ba0dac5,forb0007,data_table06_forb/tic-12crafc.forb0007.dzn,1,../noves/tic-12crafc.forb0007.dzn,1,data_table06_forb/tic-12crafc.forb0007.dzn,https://imae.udg.edu/Recerca/LAI/,https://ima.udg.edu/Recerca/lai/b2b/b2b.zip,ee1f440ab3f6db27ab712300ad3a54a31ffd5ec1e06f81a9ac37cb7202c56528,2026-08-10T10:42:19+00:00,7200.0,,ee80a6fbd8b513f7c010668495c39621a371266a,True,3.10.12,1.8.dev25,instance-20260810-085803,Linux-6.8.0-1064-gcp-x86_64-with-glibc2.35,x86_64,4,8,15988.059,1,0,/home/g24021555/Business-Meeting-Scheduling-Problem/.venv/bin/python3 /home/g24021555/Business-Meeting-Scheduling-Problem/src/Main.py --manifest instances_manifest.csv --family forbidden --solver sat_all --objective-mode bg_d2 --domain-mode both --domain-filter-graph both --precedence-encoding both --precedence-graph both --encoding-variant imp12+ --sat-backend cadical --maxsat-backend uwrmaxsat --uwrmaxsat-bin /home/g24021555/uwrmaxsat/build/release/bin/uwrmaxsat --timeout 7200 --csv output/full_matrix_bg_d2_forbidden.csv,,,,,,,,incremental,,cadical,,staircase,sparse_suffix+distance_closure,,39,"1,2,3,4,5,6,7,8,9,10,11,12,13,14,15,16,17,18,19,20,21,22,23,24,25,26,27,28,29,30,31,32,33,34,35,36,39,41,42",984,16,7,7,,,,,"journal objective family: bg_d2 | F-selected distance-labelled E* domain propagation and cycle detection | precedence configuration: F=distance_closure, P=sparse_suffix, G=distance_closure | Reduced Domain variables after unary filtering + matching GAC + slot saturation | (20),(22)-(27) exactly once over reduced domains | (19) participant atMost-one per slot | (46),(47) clustered table capacity with compact forward channeling | (28) SparseSuffix precedence over distance_closure distance-labelled relations | exact break-group ends and unary break-group thresholds | exact schedule <-> usedSlot channeling | (43) exactly |Mp| reduced usedSlot variables | (44) atMost 2|L| busy participants per slot | (45) exact even number of busy participants | historical hard cap Delta_G <= 2",,,result
,,,,,,,,,tic-12crafc.forb0007,b2b-73b3784d08c0e73c,b2b-lineage-tic-12crafc,forbidden,R-SS-DC-ST-BGD2-NIS-CD-IC12P,Reduced,Filter-E*,SparseSuffix,DistanceClosure-E*,SpanThreshold,BreakGroupsD2,NonIncrementalSAT,IC12+,UNSAT,UNSAT,,,bg_d2,,,,,,,,0.053401,False,33.289,,,,Compact,Compact/Reduced,project_implementation,restart-based multi-phase SAT,15325,,,,,,,36445,0,36445,977,14348,86815,40,cfg5__m-reduced__p-sparse_suffix__g-distance_closure__b-span_threshold__o-break_groups_d2__s-nonincrementalsat__i-imp12plus__backend-cadical,cfg5__m-reduced__p-sparse_suffix__g-distance_closure__b-span_threshold__o-break_groups_d2__s-nonincrementalsat__i-imp12plus__backend-cadical,reduced,distance_closure,sparse_suffix,distance_closure,NonIncrementalSAT,CaDiCaL,1.5.3,imp12+,span_threshold,total_break_groups_subject_to_range_at_most_2,BGD2,IC12P,86815,0,0,214,25019,9803,1406,,0,117,1,,,,,,0,0,0,0,0,,,"formalism-specific model size: SAT/MaxSAT reports base CNF and soft clauses, MIP reports variables/linear constraints/nonzeros, and CP reports integer variables plus linear/global constraints; SAT bound/totalizer overhead remains separate in optimizer_added_*",1000,984,977,977,0,0,0,0,0,0,0,1,0.00019,0.002059,0.040064,,0.042123,0.011277,"wall-clock from immediately before reading/parsing the .dzn instance through model construction, optimization, solution decoding, and independent validation; excludes worker-process startup and result-file export",,,,,,,peak_process_tree_rss_mb,73b3784d08c0e73c6dd49aa054796fb507945f2a7cddae90222a06594ba0dac5,forb0007,data_table06_forb/tic-12crafc.forb0007.dzn,1,../noves/tic-12crafc.forb0007.dzn,1,data_table06_forb/tic-12crafc.forb0007.dzn,https://imae.udg.edu/Recerca/LAI/,https://ima.udg.edu/Recerca/lai/b2b/b2b.zip,ee1f440ab3f6db27ab712300ad3a54a31ffd5ec1e06f81a9ac37cb7202c56528,2026-08-10T10:42:19+00:00,7200.0,,ee80a6fbd8b513f7c010668495c39621a371266a,True,3.10.12,1.8.dev25,instance-20260810-085803,Linux-6.8.0-1064-gcp-x86_64-with-glibc2.35,x86_64,4,8,15988.059,1,0,/home/g24021555/Business-Meeting-Scheduling-Problem/.venv/bin/python3 /home/g24021555/Business-Meeting-Scheduling-Problem/src/Main.py --manifest instances_manifest.csv --family forbidden --solver sat_all --objective-mode bg_d2 --domain-mode both --domain-filter-graph both --precedence-encoding both --precedence-graph both --encoding-variant imp12+ --sat-backend cadical --maxsat-backend uwrmaxsat --uwrmaxsat-bin /home/g24021555/uwrmaxsat/build/release/bin/uwrmaxsat --timeout 7200 --csv output/full_matrix_bg_d2_forbidden.csv,,,,,,,,multiple,,cadical,,staircase,sparse_suffix+distance_closure,,39,"1,2,3,4,5,6,7,8,9,10,11,12,13,14,15,16,17,18,19,20,21,22,23,24,25,26,27,28,29,30,31,32,33,34,35,36,39,41,42",984,16,7,7,,,,,"journal objective family: bg_d2 | F-selected distance-labelled E* domain propagation and cycle detection | precedence configuration: F=distance_closure, P=sparse_suffix, G=distance_closure | Reduced Domain variables after unary filtering + matching GAC + slot saturation | (20),(22)-(27) exactly once over reduced domains | (19) participant atMost-one per slot | (46),(47) clustered table capacity with compact forward channeling | (28) SparseSuffix precedence over distance_closure distance-labelled relations | exact break-group ends and unary break-group thresholds | exact schedule <-> usedSlot channeling | (43) exactly |Mp| reduced usedSlot variables | (44) atMost 2|L| busy participants per slot | (45) exact even number of busy participants | historical hard cap Delta_G <= 2",,,result
,,,,,,,,,tic-12crafc.forb0007,b2b-73b3784d08c0e73c,b2b-lineage-tic-12crafc,forbidden,R-SS-DC-ST-BGD2-UW-IC12P,Reduced,Filter-E*,SparseSuffix,DistanceClosure-E*,SpanThreshold,BreakGroupsD2,UWrMaxSAT,IC12+,UNSAT,UNSAT,,,bg_d2,,,,,,,1,0.114941,False,38.344,,,,Compact,Compact/Reduced,project_implementation,one-shot weighted MaxSAT,15325,,,,,,,36445,117,36562,977,14348,86932,40,cfg5__m-reduced__p-sparse_suffix__g-distance_closure__b-span_threshold__o-break_groups_d2__s-uwrmaxsat__i-imp12plus__backend-uwrmaxsat,cfg5__m-reduced__p-sparse_suffix__g-distance_closure__b-span_threshold__o-break_groups_d2__s-uwrmaxsat__i-imp12plus__backend-uwrmaxsat,reduced,distance_closure,sparse_suffix,distance_closure,UWrMaxSAT,UWrMaxSAT,binary-sha256:8c68c8a386d3d7847b50d315143c2bab60e3514e59510e84a649db83cb303876,imp12+,span_threshold,total_break_groups_subject_to_range_at_most_2,BGD2,IC12P,86815,117,1,214,25019,9803,1406,1,117,117,1,,,,,,0,0,0,0,0,,,"formalism-specific model size: SAT/MaxSAT reports base CNF and soft clauses, MIP reports variables/linear constraints/nonzeros, and CP reports integer variables plus linear/global constraints; SAT bound/totalizer overhead remains separate in optimizer_added_*",1000,984,977,977,0,0,0,0,0,0,0,1,0.000183,0.001774,0.04509,,0.046864,0.068078,"wall-clock from immediately before reading/parsing the .dzn instance through model construction, optimization, solution decoding, and independent validation; excludes worker-process startup and result-file export",,,,,,,peak_process_tree_rss_mb,73b3784d08c0e73c6dd49aa054796fb507945f2a7cddae90222a06594ba0dac5,forb0007,data_table06_forb/tic-12crafc.forb0007.dzn,1,../noves/tic-12crafc.forb0007.dzn,1,data_table06_forb/tic-12crafc.forb0007.dzn,https://imae.udg.edu/Recerca/LAI/,https://ima.udg.edu/Recerca/lai/b2b/b2b.zip,ee1f440ab3f6db27ab712300ad3a54a31ffd5ec1e06f81a9ac37cb7202c56528,2026-08-10T10:42:19+00:00,7200.0,,ee80a6fbd8b513f7c010668495c39621a371266a,True,3.10.12,1.8.dev25,instance-20260810-085803,Linux-6.8.0-1064-gcp-x86_64-with-glibc2.35,x86_64,4,8,15988.059,1,0,/home/g24021555/Business-Meeting-Scheduling-Problem/.venv/bin/python3 /home/g24021555/Business-Meeting-Scheduling-Problem/src/Main.py --manifest instances_manifest.csv --family forbidden --solver sat_all --objective-mode bg_d2 --domain-mode both --domain-filter-graph both --precedence-encoding both --precedence-graph both --encoding-variant imp12+ --sat-backend cadical --maxsat-backend uwrmaxsat --uwrmaxsat-bin /home/g24021555/uwrmaxsat/build/release/bin/uwrmaxsat --timeout 7200 --csv output/full_matrix_bg_d2_forbidden.csv,/home/g24021555/uwrmaxsat/build/release/bin/uwrmaxsat,8c68c8a386d3d7847b50d315143c2bab60e3514e59510e84a649db83cb303876,/home/g24021555/uwrmaxsat/build/release/bin/uwrmaxsat -m /tmp/b2b_uwrmaxsat_o5u3urgv/tic-12crafc.forb0007.wcnf,,process exit code=20,,,maxsat,uwrmaxsat,,/home/g24021555/uwrmaxsat/build/release/bin/uwrmaxsat,staircase,sparse_suffix+distance_closure,,39,"1,2,3,4,5,6,7,8,9,10,11,12,13,14,15,16,17,18,19,20,21,22,23,24,25,26,27,28,29,30,31,32,33,34,35,36,39,41,42",984,16,7,7,,,,,"journal objective family: bg_d2 | F-selected distance-labelled E* domain propagation and cycle detection | precedence configuration: F=distance_closure, P=sparse_suffix, G=distance_closure | Reduced Domain variables after unary filtering + matching GAC + slot saturation | (20),(22)-(27) exactly once over reduced domains | (19) participant atMost-one per slot | (46),(47) clustered table capacity with compact forward channeling | (28) SparseSuffix precedence over distance_closure distance-labelled relations | exact break-group ends and unary break-group thresholds | exact schedule <-> usedSlot channeling | (43) exactly |Mp| reduced usedSlot variables | (44) atMost 2|L| busy participants per slot | (45) exact even number of busy participants | historical hard cap Delta_G <= 2",,,result
,,,,,,,,,tic-12.forb0003,b2b-84ec011d0463f3ce,b2b-lineage-tic-12,forbidden,F-PW-DE-ST-BGD2-IS-CD-IC12P,Full,Filter-E*,Pairwise,Direct-E,SpanThreshold,BreakGroupsD2,IncrementalSAT,IC12+,UNSAT,UNSAT,,,bg_d2,,,,,,,,0.036283,False,32.57,,,,Compact,Compact/Full,project_implementation,incremental multi-phase SAT with persistent solver state,6270,,,,,,,22963,0,22963,1000,5270,55263,40,cfg5__m-full__p-pairwise__g-direct__b-span_threshold__o-break_groups_d2__s-incrementalsat__i-imp12plus__backend-cadical,cfg5__m-full__p-pairwise__g-direct__b-span_threshold__o-break_groups_d2__s-incrementalsat__i-imp12plus__backend-cadical,full,distance_closure,pairwise,direct,IncrementalSAT,CaDiCaL,1.5.3,imp12+,span_threshold,total_break_groups_subject_to_range_at_most_2,BGD2,IC12P,55263,0,0,221,16197,5119,1426,,0,117,1,,,,,,0,0,0,0,0,,,"formalism-specific model size: SAT/MaxSAT reports base CNF and soft clauses, MIP reports variables/linear constraints/nonzeros, and CP reports integer variables plus linear/global constraints; SAT bound/totalizer overhead remains separate in optimizer_added_*",1000,992,985,1000,0,0,0,0,0,0,0,1,0.000165,0.001765,0.025587,,0.027352,0.008931,"wall-clock from immediately before reading/parsing the .dzn instance through model construction, optimization, solution decoding, and independent validation; excludes worker-process startup and result-file export",,,,,,,peak_process_tree_rss_mb,84ec011d0463f3cee2bd2f333cafa4285625b1510f0ee3a2e8ab33e157e26f54,forb0003,data_table06_forb/tic-12.forb0003.dzn,1,../noves/tic-12.forb0003.dzn,1,data_table06_forb/tic-12.forb0003.dzn,https://imae.udg.edu/Recerca/LAI/,https://ima.udg.edu/Recerca/lai/b2b/b2b.zip,ee1f440ab3f6db27ab712300ad3a54a31ffd5ec1e06f81a9ac37cb7202c56528,2026-08-10T10:42:19+00:00,7200.0,,ee80a6fbd8b513f7c010668495c39621a371266a,True,3.10.12,1.8.dev25,instance-20260810-085803,Linux-6.8.0-1064-gcp-x86_64-with-glibc2.35,x86_64,4,8,15988.059,1,0,/home/g24021555/Business-Meeting-Scheduling-Problem/.venv/bin/python3 /home/g24021555/Business-Meeting-Scheduling-Problem/src/Main.py --manifest instances_manifest.csv --family forbidden --solver sat_all --objective-mode bg_d2 --domain-mode both --domain-filter-graph both --precedence-encoding both --precedence-graph both --encoding-variant imp12+ --sat-backend cadical --maxsat-backend uwrmaxsat --uwrmaxsat-bin /home/g24021555/uwrmaxsat/build/release/bin/uwrmaxsat --timeout 7200 --csv output/full_matrix_bg_d2_forbidden.csv,,,,,,,,incremental,,cadical,,traditional,pairwise+direct,,39,"1,2,3,4,5,6,7,8,9,10,11,12,13,14,15,16,17,18,19,20,21,22,23,24,25,26,27,28,29,30,31,32,33,34,35,36,39,41,42",992,8,7,7,,,,,"journal objective family: bg_d2 | F-selected distance-labelled E* domain propagation and cycle detection | precedence configuration: F=distance_closure, P=pairwise, G=direct | Full Domain MxT schedule variables + explicit unary exclusions | (20),(22)-(27) exactly once over full domains | (22)-(27) session/fixed/forbidden exclusions as hard unit clauses | (19) participant atMost-one per slot | (46),(47) clustered table capacity with compact forward channeling | (28) Pairwise precedence over direct distance-labelled relations | exact break-group ends and unary break-group thresholds | exact schedule <-> usedSlot channeling | (43) exactly |Mp| full usedSlot variables | (44) atMost 2|L| busy participants per slot | (45) exact even number of busy participants | historical hard cap Delta_G <= 2",,,result
,,,,,,,,,tic-12.forb0003,b2b-84ec011d0463f3ce,b2b-lineage-tic-12,forbidden,F-PW-DE-ST-BGD2-NIS-CD-IC12P,Full,Filter-E*,Pairwise,Direct-E,SpanThreshold,BreakGroupsD2,NonIncrementalSAT,IC12+,UNSAT,UNSAT,,,bg_d2,,,,,,,,0.036085,False,32.484,,,,Compact,Compact/Full,project_implementation,restart-based multi-phase SAT,6270,,,,,,,22963,0,22963,1000,5270,55263,40,cfg5__m-full__p-pairwise__g-direct__b-span_threshold__o-break_groups_d2__s-nonincrementalsat__i-imp12plus__backend-cadical,cfg5__m-full__p-pairwise__g-direct__b-span_threshold__o-break_groups_d2__s-nonincrementalsat__i-imp12plus__backend-cadical,full,distance_closure,pairwise,direct,NonIncrementalSAT,CaDiCaL,1.5.3,imp12+,span_threshold,total_break_groups_subject_to_range_at_most_2,BGD2,IC12P,55263,0,0,221,16197,5119,1426,,0,117,1,,,,,,0,0,0,0,0,,,"formalism-specific model size: SAT/MaxSAT reports base CNF and soft clauses, MIP reports variables/linear constraints/nonzeros, and CP reports integer variables plus linear/global constraints; SAT bound/totalizer overhead remains separate in optimizer_added_*",1000,992,985,1000,0,0,0,0,0,0,0,1,0.000181,0.001948,0.025209,,0.027157,0.008929,"wall-clock from immediately before reading/parsing the .dzn instance through model construction, optimization, solution decoding, and independent validation; excludes worker-process startup and result-file export",,,,,,,peak_process_tree_rss_mb,84ec011d0463f3cee2bd2f333cafa4285625b1510f0ee3a2e8ab33e157e26f54,forb0003,data_table06_forb/tic-12.forb0003.dzn,1,../noves/tic-12.forb0003.dzn,1,data_table06_forb/tic-12.forb0003.dzn,https://imae.udg.edu/Recerca/LAI/,https://ima.udg.edu/Recerca/lai/b2b/b2b.zip,ee1f440ab3f6db27ab712300ad3a54a31ffd5ec1e06f81a9ac37cb7202c56528,2026-08-10T10:42:19+00:00,7200.0,,ee80a6fbd8b513f7c010668495c39621a371266a,True,3.10.12,1.8.dev25,instance-20260810-085803,Linux-6.8.0-1064-gcp-x86_64-with-glibc2.35,x86_64,4,8,15988.059,1,0,/home/g24021555/Business-Meeting-Scheduling-Problem/.venv/bin/python3 /home/g24021555/Business-Meeting-Scheduling-Problem/src/Main.py --manifest instances_manifest.csv --family forbidden --solver sat_all --objective-mode bg_d2 --domain-mode both --domain-filter-graph both --precedence-encoding both --precedence-graph both --encoding-variant imp12+ --sat-backend cadical --maxsat-backend uwrmaxsat --uwrmaxsat-bin /home/g24021555/uwrmaxsat/build/release/bin/uwrmaxsat --timeout 7200 --csv output/full_matrix_bg_d2_forbidden.csv,,,,,,,,multiple,,cadical,,traditional,pairwise+direct,,39,"1,2,3,4,5,6,7,8,9,10,11,12,13,14,15,16,17,18,19,20,21,22,23,24,25,26,27,28,29,30,31,32,33,34,35,36,39,41,42",992,8,7,7,,,,,"journal objective family: bg_d2 | F-selected distance-labelled E* domain propagation and cycle detection | precedence configuration: F=distance_closure, P=pairwise, G=direct | Full Domain MxT schedule variables + explicit unary exclusions | (20),(22)-(27) exactly once over full domains | (22)-(27) session/fixed/forbidden exclusions as hard unit clauses | (19) participant atMost-one per slot | (46),(47) clustered table capacity with compact forward channeling | (28) Pairwise precedence over direct distance-labelled relations | exact break-group ends and unary break-group thresholds | exact schedule <-> usedSlot channeling | (43) exactly |Mp| full usedSlot variables | (44) atMost 2|L| busy participants per slot | (45) exact even number of busy participants | historical hard cap Delta_G <= 2",,,result
,,,,,,,,,tic-12.forb0003,b2b-84ec011d0463f3ce,b2b-lineage-tic-12,forbidden,F-PW-DE-ST-BGD2-UW-IC12P,Full,Filter-E*,Pairwise,Direct-E,SpanThreshold,BreakGroupsD2,UWrMaxSAT,IC12+,UNSAT,UNSAT,,,bg_d2,,,,,,,1,0.078958,False,34.766,,,,Compact,Compact/Full,project_implementation,one-shot weighted MaxSAT,6270,,,,,,,22963,117,23080,1000,5270,55380,40,cfg5__m-full__p-pairwise__g-direct__b-span_threshold__o-break_groups_d2__s-uwrmaxsat__i-imp12plus__backend-uwrmaxsat,cfg5__m-full__p-pairwise__g-direct__b-span_threshold__o-break_groups_d2__s-uwrmaxsat__i-imp12plus__backend-uwrmaxsat,full,distance_closure,pairwise,direct,UWrMaxSAT,UWrMaxSAT,binary-sha256:8c68c8a386d3d7847b50d315143c2bab60e3514e59510e84a649db83cb303876,imp12+,span_threshold,total_break_groups_subject_to_range_at_most_2,BGD2,IC12P,55263,117,1,221,16197,5119,1426,1,117,117,1,,,,,,0,0,0,0,0,,,"formalism-specific model size: SAT/MaxSAT reports base CNF and soft clauses, MIP reports variables/linear constraints/nonzeros, and CP reports integer variables plus linear/global constraints; SAT bound/totalizer overhead remains separate in optimizer_added_*",1000,992,985,1000,0,0,0,0,0,0,0,1,0.000184,0.001766,0.028728,,0.030494,0.048464,"wall-clock from immediately before reading/parsing the .dzn instance through model construction, optimization, solution decoding, and independent validation; excludes worker-process startup and result-file export",,,,,,,peak_process_tree_rss_mb,84ec011d0463f3cee2bd2f333cafa4285625b1510f0ee3a2e8ab33e157e26f54,forb0003,data_table06_forb/tic-12.forb0003.dzn,1,../noves/tic-12.forb0003.dzn,1,data_table06_forb/tic-12.forb0003.dzn,https://imae.udg.edu/Recerca/LAI/,https://ima.udg.edu/Recerca/lai/b2b/b2b.zip,ee1f440ab3f6db27ab712300ad3a54a31ffd5ec1e06f81a9ac37cb7202c56528,2026-08-10T10:42:19+00:00,7200.0,,ee80a6fbd8b513f7c010668495c39621a371266a,True,3.10.12,1.8.dev25,instance-20260810-085803,Linux-6.8.0-1064-gcp-x86_64-with-glibc2.35,x86_64,4,8,15988.059,1,0,/home/g24021555/Business-Meeting-Scheduling-Problem/.venv/bin/python3 /home/g24021555/Business-Meeting-Scheduling-Problem/src/Main.py --manifest instances_manifest.csv --family forbidden --solver sat_all --objective-mode bg_d2 --domain-mode both --domain-filter-graph both --precedence-encoding both --precedence-graph both --encoding-variant imp12+ --sat-backend cadical --maxsat-backend uwrmaxsat --uwrmaxsat-bin /home/g24021555/uwrmaxsat/build/release/bin/uwrmaxsat --timeout 7200 --csv output/full_matrix_bg_d2_forbidden.csv,/home/g24021555/uwrmaxsat/build/release/bin/uwrmaxsat,8c68c8a386d3d7847b50d315143c2bab60e3514e59510e84a649db83cb303876,/home/g24021555/uwrmaxsat/build/release/bin/uwrmaxsat -m /tmp/b2b_uwrmaxsat_deu7dqdw/tic-12.forb0003.wcnf,,process exit code=20,,,maxsat,uwrmaxsat,,/home/g24021555/uwrmaxsat/build/release/bin/uwrmaxsat,traditional,pairwise+direct,,39,"1,2,3,4,5,6,7,8,9,10,11,12,13,14,15,16,17,18,19,20,21,22,23,24,25,26,27,28,29,30,31,32,33,34,35,36,39,41,42",992,8,7,7,,,,,"journal objective family: bg_d2 | F-selected distance-labelled E* domain propagation and cycle detection | precedence configuration: F=distance_closure, P=pairwise, G=direct | Full Domain MxT schedule variables + explicit unary exclusions | (20),(22)-(27) exactly once over full domains | (22)-(27) session/fixed/forbidden exclusions as hard unit clauses | (19) participant atMost-one per slot | (46),(47) clustered table capacity with compact forward channeling | (28) Pairwise precedence over direct distance-labelled relations | exact break-group ends and unary break-group thresholds | exact schedule <-> usedSlot channeling | (43) exactly |Mp| full usedSlot variables | (44) atMost 2|L| busy participants per slot | (45) exact even number of busy participants | historical hard cap Delta_G <= 2",,,result
,,,,,,,,,tic-12.forb0003,b2b-84ec011d0463f3ce,b2b-lineage-tic-12,forbidden,F-PW-DC-ST-BGD2-IS-CD-IC12P,Full,Filter-E*,Pairwise,DistanceClosure-E*,SpanThreshold,BreakGroupsD2,IncrementalSAT,IC12+,UNSAT,UNSAT,,,bg_d2,,,,,,,,0.036937,False,32.578,,,,Compact,Compact/Full,project_implementation,incremental multi-phase SAT with persistent solver state,6270,,,,,,,22963,0,22963,1000,5270,55263,40,cfg5__m-full__p-pairwise__g-distance_closure__b-span_threshold__o-break_groups_d2__s-incrementalsat__i-imp12plus__backend-cadical,cfg5__m-full__p-pairwise__g-distance_closure__b-span_threshold__o-break_groups_d2__s-incrementalsat__i-imp12plus__backend-cadical,full,distance_closure,pairwise,distance_closure,IncrementalSAT,CaDiCaL,1.5.3,imp12+,span_threshold,total_break_groups_subject_to_range_at_most_2,BGD2,IC12P,55263,0,0,221,16197,5119,1426,,0,117,1,,,,,,0,0,0,0,0,,,"formalism-specific model size: SAT/MaxSAT reports base CNF and soft clauses, MIP reports variables/linear constraints/nonzeros, and CP reports integer variables plus linear/global constraints; SAT bound/totalizer overhead remains separate in optimizer_added_*",1000,992,985,1000,0,0,0,0,0,0,0,1,0.000183,0.001791,0.02665,,0.02844,0.008497,"wall-clock from immediately before reading/parsing the .dzn instance through model construction, optimization, solution decoding, and independent validation; excludes worker-process startup and result-file export",,,,,,,peak_process_tree_rss_mb,84ec011d0463f3cee2bd2f333cafa4285625b1510f0ee3a2e8ab33e157e26f54,forb0003,data_table06_forb/tic-12.forb0003.dzn,1,../noves/tic-12.forb0003.dzn,1,data_table06_forb/tic-12.forb0003.dzn,https://imae.udg.edu/Recerca/LAI/,https://ima.udg.edu/Recerca/lai/b2b/b2b.zip,ee1f440ab3f6db27ab712300ad3a54a31ffd5ec1e06f81a9ac37cb7202c56528,2026-08-10T10:42:19+00:00,7200.0,,ee80a6fbd8b513f7c010668495c39621a371266a,True,3.10.12,1.8.dev25,instance-20260810-085803,Linux-6.8.0-1064-gcp-x86_64-with-glibc2.35,x86_64,4,8,15988.059,1,0,/home/g24021555/Business-Meeting-Scheduling-Problem/.venv/bin/python3 /home/g24021555/Business-Meeting-Scheduling-Problem/src/Main.py --manifest instances_manifest.csv --family forbidden --solver sat_all --objective-mode bg_d2 --domain-mode both --domain-filter-graph both --precedence-encoding both --precedence-graph both --encoding-variant imp12+ --sat-backend cadical --maxsat-backend uwrmaxsat --uwrmaxsat-bin /home/g24021555/uwrmaxsat/build/release/bin/uwrmaxsat --timeout 7200 --csv output/full_matrix_bg_d2_forbidden.csv,,,,,,,,incremental,,cadical,,factorial,pairwise+distance_closure,,39,"1,2,3,4,5,6,7,8,9,10,11,12,13,14,15,16,17,18,19,20,21,22,23,24,25,26,27,28,29,30,31,32,33,34,35,36,39,41,42",992,8,7,7,,,,,"journal objective family: bg_d2 | F-selected distance-labelled E* domain propagation and cycle detection | precedence configuration: F=distance_closure, P=pairwise, G=distance_closure | Full Domain MxT schedule variables + explicit unary exclusions | (20),(22)-(27) exactly once over full domains | (22)-(27) session/fixed/forbidden exclusions as hard unit clauses | (19) participant atMost-one per slot | (46),(47) clustered table capacity with compact forward channeling | (28) Pairwise precedence over distance_closure distance-labelled relations | exact break-group ends and unary break-group thresholds | exact schedule <-> usedSlot channeling | (43) exactly |Mp| full usedSlot variables | (44) atMost 2|L| busy participants per slot | (45) exact even number of busy participants | historical hard cap Delta_G <= 2",,,result
,,,,,,,,,tic-12.forb0003,b2b-84ec011d0463f3ce,b2b-lineage-tic-12,forbidden,F-PW-DC-ST-BGD2-NIS-CD-IC12P,Full,Filter-E*,Pairwise,DistanceClosure-E*,SpanThreshold,BreakGroupsD2,NonIncrementalSAT,IC12+,UNSAT,UNSAT,,,bg_d2,,,,,,,,0.035867,False,32.543,,,,Compact,Compact/Full,project_implementation,restart-based multi-phase SAT,6270,,,,,,,22963,0,22963,1000,5270,55263,40,cfg5__m-full__p-pairwise__g-distance_closure__b-span_threshold__o-break_groups_d2__s-nonincrementalsat__i-imp12plus__backend-cadical,cfg5__m-full__p-pairwise__g-distance_closure__b-span_threshold__o-break_groups_d2__s-nonincrementalsat__i-imp12plus__backend-cadical,full,distance_closure,pairwise,distance_closure,NonIncrementalSAT,CaDiCaL,1.5.3,imp12+,span_threshold,total_break_groups_subject_to_range_at_most_2,BGD2,IC12P,55263,0,0,221,16197,5119,1426,,0,117,1,,,,,,0,0,0,0,0,,,"formalism-specific model size: SAT/MaxSAT reports base CNF and soft clauses, MIP reports variables/linear constraints/nonzeros, and CP reports integer variables plus linear/global constraints; SAT bound/totalizer overhead remains separate in optimizer_added_*",1000,992,985,1000,0,0,0,0,0,0,0,1,0.000167,0.001779,0.025178,,0.026957,0.00891,"wall-clock from immediately before reading/parsing the .dzn instance through model construction, optimization, solution decoding, and independent validation; excludes worker-process startup and result-file export",,,,,,,peak_process_tree_rss_mb,84ec011d0463f3cee2bd2f333cafa4285625b1510f0ee3a2e8ab33e157e26f54,forb0003,data_table06_forb/tic-12.forb0003.dzn,1,../noves/tic-12.forb0003.dzn,1,data_table06_forb/tic-12.forb0003.dzn,https://imae.udg.edu/Recerca/LAI/,https://ima.udg.edu/Recerca/lai/b2b/b2b.zip,ee1f440ab3f6db27ab712300ad3a54a31ffd5ec1e06f81a9ac37cb7202c56528,2026-08-10T10:42:19+00:00,7200.0,,ee80a6fbd8b513f7c010668495c39621a371266a,True,3.10.12,1.8.dev25,instance-20260810-085803,Linux-6.8.0-1064-gcp-x86_64-with-glibc2.35,x86_64,4,8,15988.059,1,0,/home/g24021555/Business-Meeting-Scheduling-Problem/.venv/bin/python3 /home/g24021555/Business-Meeting-Scheduling-Problem/src/Main.py --manifest instances_manifest.csv --family forbidden --solver sat_all --objective-mode bg_d2 --domain-mode both --domain-filter-graph both --precedence-encoding both --precedence-graph both --encoding-variant imp12+ --sat-backend cadical --maxsat-backend uwrmaxsat --uwrmaxsat-bin /home/g24021555/uwrmaxsat/build/release/bin/uwrmaxsat --timeout 7200 --csv output/full_matrix_bg_d2_forbidden.csv,,,,,,,,multiple,,cadical,,factorial,pairwise+distance_closure,,39,"1,2,3,4,5,6,7,8,9,10,11,12,13,14,15,16,17,18,19,20,21,22,23,24,25,26,27,28,29,30,31,32,33,34,35,36,39,41,42",992,8,7,7,,,,,"journal objective family: bg_d2 | F-selected distance-labelled E* domain propagation and cycle detection | precedence configuration: F=distance_closure, P=pairwise, G=distance_closure | Full Domain MxT schedule variables + explicit unary exclusions | (20),(22)-(27) exactly once over full domains | (22)-(27) session/fixed/forbidden exclusions as hard unit clauses | (19) participant atMost-one per slot | (46),(47) clustered table capacity with compact forward channeling | (28) Pairwise precedence over distance_closure distance-labelled relations | exact break-group ends and unary break-group thresholds | exact schedule <-> usedSlot channeling | (43) exactly |Mp| full usedSlot variables | (44) atMost 2|L| busy participants per slot | (45) exact even number of busy participants | historical hard cap Delta_G <= 2",,,result
,,,,,,,,,tic-12.forb0003,b2b-84ec011d0463f3ce,b2b-lineage-tic-12,forbidden,F-PW-DC-ST-BGD2-UW-IC12P,Full,Filter-E*,Pairwise,DistanceClosure-E*,SpanThreshold,BreakGroupsD2,UWrMaxSAT,IC12+,UNSAT,UNSAT,,,bg_d2,,,,,,,1,0.084586,False,39.488,,,,Compact,Compact/Full,project_implementation,one-shot weighted MaxSAT,6270,,,,,,,22963,117,23080,1000,5270,55380,40,cfg5__m-full__p-pairwise__g-distance_closure__b-span_threshold__o-break_groups_d2__s-uwrmaxsat__i-imp12plus__backend-uwrmaxsat,cfg5__m-full__p-pairwise__g-distance_closure__b-span_threshold__o-break_groups_d2__s-uwrmaxsat__i-imp12plus__backend-uwrmaxsat,full,distance_closure,pairwise,distance_closure,UWrMaxSAT,UWrMaxSAT,binary-sha256:8c68c8a386d3d7847b50d315143c2bab60e3514e59510e84a649db83cb303876,imp12+,span_threshold,total_break_groups_subject_to_range_at_most_2,BGD2,IC12P,55263,117,1,221,16197,5119,1426,1,117,117,1,,,,,,0,0,0,0,0,,,"formalism-specific model size: SAT/MaxSAT reports base CNF and soft clauses, MIP reports variables/linear constraints/nonzeros, and CP reports integer variables plus linear/global constraints; SAT bound/totalizer overhead remains separate in optimizer_added_*",1000,992,985,1000,0,0,0,0,0,0,0,1,0.000177,0.002032,0.029814,,0.031846,0.05274,"wall-clock from immediately before reading/parsing the .dzn instance through model construction, optimization, solution decoding, and independent validation; excludes worker-process startup and result-file export",,,,,,,peak_process_tree_rss_mb,84ec011d0463f3cee2bd2f333cafa4285625b1510f0ee3a2e8ab33e157e26f54,forb0003,data_table06_forb/tic-12.forb0003.dzn,1,../noves/tic-12.forb0003.dzn,1,data_table06_forb/tic-12.forb0003.dzn,https://imae.udg.edu/Recerca/LAI/,https://ima.udg.edu/Recerca/lai/b2b/b2b.zip,ee1f440ab3f6db27ab712300ad3a54a31ffd5ec1e06f81a9ac37cb7202c56528,2026-08-10T10:42:19+00:00,7200.0,,ee80a6fbd8b513f7c010668495c39621a371266a,True,3.10.12,1.8.dev25,instance-20260810-085803,Linux-6.8.0-1064-gcp-x86_64-with-glibc2.35,x86_64,4,8,15988.059,1,0,/home/g24021555/Business-Meeting-Scheduling-Problem/.venv/bin/python3 /home/g24021555/Business-Meeting-Scheduling-Problem/src/Main.py --manifest instances_manifest.csv --family forbidden --solver sat_all --objective-mode bg_d2 --domain-mode both --domain-filter-graph both --precedence-encoding both --precedence-graph both --encoding-variant imp12+ --sat-backend cadical --maxsat-backend uwrmaxsat --uwrmaxsat-bin /home/g24021555/uwrmaxsat/build/release/bin/uwrmaxsat --timeout 7200 --csv output/full_matrix_bg_d2_forbidden.csv,/home/g24021555/uwrmaxsat/build/release/bin/uwrmaxsat,8c68c8a386d3d7847b50d315143c2bab60e3514e59510e84a649db83cb303876,/home/g24021555/uwrmaxsat/build/release/bin/uwrmaxsat -m /tmp/b2b_uwrmaxsat_ijxrizlm/tic-12.forb0003.wcnf,,process exit code=20,,,maxsat,uwrmaxsat,,/home/g24021555/uwrmaxsat/build/release/bin/uwrmaxsat,factorial,pairwise+distance_closure,,39,"1,2,3,4,5,6,7,8,9,10,11,12,13,14,15,16,17,18,19,20,21,22,23,24,25,26,27,28,29,30,31,32,33,34,35,36,39,41,42",992,8,7,7,,,,,"journal objective family: bg_d2 | F-selected distance-labelled E* domain propagation and cycle detection | precedence configuration: F=distance_closure, P=pairwise, G=distance_closure | Full Domain MxT schedule variables + explicit unary exclusions | (20),(22)-(27) exactly once over full domains | (22)-(27) session/fixed/forbidden exclusions as hard unit clauses | (19) participant atMost-one per slot | (46),(47) clustered table capacity with compact forward channeling | (28) Pairwise precedence over distance_closure distance-labelled relations | exact break-group ends and unary break-group thresholds | exact schedule <-> usedSlot channeling | (43) exactly |Mp| full usedSlot variables | (44) atMost 2|L| busy participants per slot | (45) exact even number of busy participants | historical hard cap Delta_G <= 2",,,result
,,,,,,,,,tic-12.forb0003,b2b-84ec011d0463f3ce,b2b-lineage-tic-12,forbidden,F-SS-DE-ST-BGD2-IS-CD-IC12P,Full,Filter-E*,SparseSuffix,Direct-E,SpanThreshold,BreakGroupsD2,IncrementalSAT,IC12+,UNSAT,UNSAT,,,bg_d2,,,,,,,,0.036282,False,32.621,,,,Compact,Compact/Full,project_implementation,incremental multi-phase SAT with persistent solver state,6270,,,,,,,22963,0,22963,1000,5270,55263,40,cfg5__m-full__p-sparse_suffix__g-direct__b-span_threshold__o-break_groups_d2__s-incrementalsat__i-imp12plus__backend-cadical,cfg5__m-full__p-sparse_suffix__g-direct__b-span_threshold__o-break_groups_d2__s-incrementalsat__i-imp12plus__backend-cadical,full,distance_closure,sparse_suffix,direct,IncrementalSAT,CaDiCaL,1.5.3,imp12+,span_threshold,total_break_groups_subject_to_range_at_most_2,BGD2,IC12P,55263,0,0,221,16197,5119,1426,,0,117,1,,,,,,0,0,0,0,0,,,"formalism-specific model size: SAT/MaxSAT reports base CNF and soft clauses, MIP reports variables/linear constraints/nonzeros, and CP reports integer variables plus linear/global constraints; SAT bound/totalizer overhead remains separate in optimizer_added_*",1000,992,985,1000,0,0,0,0,0,0,0,1,0.000194,0.002045,0.025438,,0.027484,0.008798,"wall-clock from immediately before reading/parsing the .dzn instance through model construction, optimization, solution decoding, and independent validation; excludes worker-process startup and result-file export",,,,,,,peak_process_tree_rss_mb,84ec011d0463f3cee2bd2f333cafa4285625b1510f0ee3a2e8ab33e157e26f54,forb0003,data_table06_forb/tic-12.forb0003.dzn,1,../noves/tic-12.forb0003.dzn,1,data_table06_forb/tic-12.forb0003.dzn,https://imae.udg.edu/Recerca/LAI/,https://ima.udg.edu/Recerca/lai/b2b/b2b.zip,ee1f440ab3f6db27ab712300ad3a54a31ffd5ec1e06f81a9ac37cb7202c56528,2026-08-10T10:42:19+00:00,7200.0,,ee80a6fbd8b513f7c010668495c39621a371266a,True,3.10.12,1.8.dev25,instance-20260810-085803,Linux-6.8.0-1064-gcp-x86_64-with-glibc2.35,x86_64,4,8,15988.059,1,0,/home/g24021555/Business-Meeting-Scheduling-Problem/.venv/bin/python3 /home/g24021555/Business-Meeting-Scheduling-Problem/src/Main.py --manifest instances_manifest.csv --family forbidden --solver sat_all --objective-mode bg_d2 --domain-mode both --domain-filter-graph both --precedence-encoding both --precedence-graph both --encoding-variant imp12+ --sat-backend cadical --maxsat-backend uwrmaxsat --uwrmaxsat-bin /home/g24021555/uwrmaxsat/build/release/bin/uwrmaxsat --timeout 7200 --csv output/full_matrix_bg_d2_forbidden.csv,,,,,,,,incremental,,cadical,,factorial,sparse_suffix+direct,,39,"1,2,3,4,5,6,7,8,9,10,11,12,13,14,15,16,17,18,19,20,21,22,23,24,25,26,27,28,29,30,31,32,33,34,35,36,39,41,42",992,8,7,7,,,,,"journal objective family: bg_d2 | F-selected distance-labelled E* domain propagation and cycle detection | precedence configuration: F=distance_closure, P=sparse_suffix, G=direct | Full Domain MxT schedule variables + explicit unary exclusions | (20),(22)-(27) exactly once over full domains | (22)-(27) session/fixed/forbidden exclusions as hard unit clauses | (19) participant atMost-one per slot | (46),(47) clustered table capacity with compact forward channeling | (28) SparseSuffix precedence over direct distance-labelled relations | exact break-group ends and unary break-group thresholds | exact schedule <-> usedSlot channeling | (43) exactly |Mp| full usedSlot variables | (44) atMost 2|L| busy participants per slot | (45) exact even number of busy participants | historical hard cap Delta_G <= 2",,,result
,,,,,,,,,tic-12.forb0003,b2b-84ec011d0463f3ce,b2b-lineage-tic-12,forbidden,F-SS-DE-ST-BGD2-NIS-CD-IC12P,Full,Filter-E*,SparseSuffix,Direct-E,SpanThreshold,BreakGroupsD2,NonIncrementalSAT,IC12+,UNSAT,UNSAT,,,bg_d2,,,,,,,,0.035165,False,32.555,,,,Compact,Compact/Full,project_implementation,restart-based multi-phase SAT,6270,,,,,,,22963,0,22963,1000,5270,55263,40,cfg5__m-full__p-sparse_suffix__g-direct__b-span_threshold__o-break_groups_d2__s-nonincrementalsat__i-imp12plus__backend-cadical,cfg5__m-full__p-sparse_suffix__g-direct__b-span_threshold__o-break_groups_d2__s-nonincrementalsat__i-imp12plus__backend-cadical,full,distance_closure,sparse_suffix,direct,NonIncrementalSAT,CaDiCaL,1.5.3,imp12+,span_threshold,total_break_groups_subject_to_range_at_most_2,BGD2,IC12P,55263,0,0,221,16197,5119,1426,,0,117,1,,,,,,0,0,0,0,0,,,"formalism-specific model size: SAT/MaxSAT reports base CNF and soft clauses, MIP reports variables/linear constraints/nonzeros, and CP reports integer variables plus linear/global constraints; SAT bound/totalizer overhead remains separate in optimizer_added_*",1000,992,985,1000,0,0,0,0,0,0,0,1,0.000163,0.001778,0.024519,,0.026297,0.008868,"wall-clock from immediately before reading/parsing the .dzn instance through model construction, optimization, solution decoding, and independent validation; excludes worker-process startup and result-file export",,,,,,,peak_process_tree_rss_mb,84ec011d0463f3cee2bd2f333cafa4285625b1510f0ee3a2e8ab33e157e26f54,forb0003,data_table06_forb/tic-12.forb0003.dzn,1,../noves/tic-12.forb0003.dzn,1,data_table06_forb/tic-12.forb0003.dzn,https://imae.udg.edu/Recerca/LAI/,https://ima.udg.edu/Recerca/lai/b2b/b2b.zip,ee1f440ab3f6db27ab712300ad3a54a31ffd5ec1e06f81a9ac37cb7202c56528,2026-08-10T10:42:19+00:00,7200.0,,ee80a6fbd8b513f7c010668495c39621a371266a,True,3.10.12,1.8.dev25,instance-20260810-085803,Linux-6.8.0-1064-gcp-x86_64-with-glibc2.35,x86_64,4,8,15988.059,1,0,/home/g24021555/Business-Meeting-Scheduling-Problem/.venv/bin/python3 /home/g24021555/Business-Meeting-Scheduling-Problem/src/Main.py --manifest instances_manifest.csv --family forbidden --solver sat_all --objective-mode bg_d2 --domain-mode both --domain-filter-graph both --precedence-encoding both --precedence-graph both --encoding-variant imp12+ --sat-backend cadical --maxsat-backend uwrmaxsat --uwrmaxsat-bin /home/g24021555/uwrmaxsat/build/release/bin/uwrmaxsat --timeout 7200 --csv output/full_matrix_bg_d2_forbidden.csv,,,,,,,,multiple,,cadical,,factorial,sparse_suffix+direct,,39,"1,2,3,4,5,6,7,8,9,10,11,12,13,14,15,16,17,18,19,20,21,22,23,24,25,26,27,28,29,30,31,32,33,34,35,36,39,41,42",992,8,7,7,,,,,"journal objective family: bg_d2 | F-selected distance-labelled E* domain propagation and cycle detection | precedence configuration: F=distance_closure, P=sparse_suffix, G=direct | Full Domain MxT schedule variables + explicit unary exclusions | (20),(22)-(27) exactly once over full domains | (22)-(27) session/fixed/forbidden exclusions as hard unit clauses | (19) participant atMost-one per slot | (46),(47) clustered table capacity with compact forward channeling | (28) SparseSuffix precedence over direct distance-labelled relations | exact break-group ends and unary break-group thresholds | exact schedule <-> usedSlot channeling | (43) exactly |Mp| full usedSlot variables | (44) atMost 2|L| busy participants per slot | (45) exact even number of busy participants | historical hard cap Delta_G <= 2",,,result
,,,,,,,,,tic-12.forb0003,b2b-84ec011d0463f3ce,b2b-lineage-tic-12,forbidden,F-SS-DE-ST-BGD2-UW-IC12P,Full,Filter-E*,SparseSuffix,Direct-E,SpanThreshold,BreakGroupsD2,UWrMaxSAT,IC12+,UNSAT,UNSAT,,,bg_d2,,,,,,,1,0.080321,False,39.992,,,,Compact,Compact/Full,project_implementation,one-shot weighted MaxSAT,6270,,,,,,,22963,117,23080,1000,5270,55380,40,cfg5__m-full__p-sparse_suffix__g-direct__b-span_threshold__o-break_groups_d2__s-uwrmaxsat__i-imp12plus__backend-uwrmaxsat,cfg5__m-full__p-sparse_suffix__g-direct__b-span_threshold__o-break_groups_d2__s-uwrmaxsat__i-imp12plus__backend-uwrmaxsat,full,distance_closure,sparse_suffix,direct,UWrMaxSAT,UWrMaxSAT,binary-sha256:8c68c8a386d3d7847b50d315143c2bab60e3514e59510e84a649db83cb303876,imp12+,span_threshold,total_break_groups_subject_to_range_at_most_2,BGD2,IC12P,55263,117,1,221,16197,5119,1426,1,117,117,1,,,,,,0,0,0,0,0,,,"formalism-specific model size: SAT/MaxSAT reports base CNF and soft clauses, MIP reports variables/linear constraints/nonzeros, and CP reports integer variables plus linear/global constraints; SAT bound/totalizer overhead remains separate in optimizer_added_*",1000,992,985,1000,0,0,0,0,0,0,0,1,0.000177,0.002032,0.029248,,0.03128,0.049041,"wall-clock from immediately before reading/parsing the .dzn instance through model construction, optimization, solution decoding, and independent validation; excludes worker-process startup and result-file export",,,,,,,peak_process_tree_rss_mb,84ec011d0463f3cee2bd2f333cafa4285625b1510f0ee3a2e8ab33e157e26f54,forb0003,data_table06_forb/tic-12.forb0003.dzn,1,../noves/tic-12.forb0003.dzn,1,data_table06_forb/tic-12.forb0003.dzn,https://imae.udg.edu/Recerca/LAI/,https://ima.udg.edu/Recerca/lai/b2b/b2b.zip,ee1f440ab3f6db27ab712300ad3a54a31ffd5ec1e06f81a9ac37cb7202c56528,2026-08-10T10:42:19+00:00,7200.0,,ee80a6fbd8b513f7c010668495c39621a371266a,True,3.10.12,1.8.dev25,instance-20260810-085803,Linux-6.8.0-1064-gcp-x86_64-with-glibc2.35,x86_64,4,8,15988.059,1,0,/home/g24021555/Business-Meeting-Scheduling-Problem/.venv/bin/python3 /home/g24021555/Business-Meeting-Scheduling-Problem/src/Main.py --manifest instances_manifest.csv --family forbidden --solver sat_all --objective-mode bg_d2 --domain-mode both --domain-filter-graph both --precedence-encoding both --precedence-graph both --encoding-variant imp12+ --sat-backend cadical --maxsat-backend uwrmaxsat --uwrmaxsat-bin /home/g24021555/uwrmaxsat/build/release/bin/uwrmaxsat --timeout 7200 --csv output/full_matrix_bg_d2_forbidden.csv,/home/g24021555/uwrmaxsat/build/release/bin/uwrmaxsat,8c68c8a386d3d7847b50d315143c2bab60e3514e59510e84a649db83cb303876,/home/g24021555/uwrmaxsat/build/release/bin/uwrmaxsat -m /tmp/b2b_uwrmaxsat_64uwzra4/tic-12.forb0003.wcnf,,process exit code=20,,,maxsat,uwrmaxsat,,/home/g24021555/uwrmaxsat/build/release/bin/uwrmaxsat,factorial,sparse_suffix+direct,,39,"1,2,3,4,5,6,7,8,9,10,11,12,13,14,15,16,17,18,19,20,21,22,23,24,25,26,27,28,29,30,31,32,33,34,35,36,39,41,42",992,8,7,7,,,,,"journal objective family: bg_d2 | F-selected distance-labelled E* domain propagation and cycle detection | precedence configuration: F=distance_closure, P=sparse_suffix, G=direct | Full Domain MxT schedule variables + explicit unary exclusions | (20),(22)-(27) exactly once over full domains | (22)-(27) session/fixed/forbidden exclusions as hard unit clauses | (19) participant atMost-one per slot | (46),(47) clustered table capacity with compact forward channeling | (28) SparseSuffix precedence over direct distance-labelled relations | exact break-group ends and unary break-group thresholds | exact schedule <-> usedSlot channeling | (43) exactly |Mp| full usedSlot variables | (44) atMost 2|L| busy participants per slot | (45) exact even number of busy participants | historical hard cap Delta_G <= 2",,,result
,,,,,,,,,tic-12.forb0003,b2b-84ec011d0463f3ce,b2b-lineage-tic-12,forbidden,F-SS-DC-ST-BGD2-IS-CD-IC12P,Full,Filter-E*,SparseSuffix,DistanceClosure-E*,SpanThreshold,BreakGroupsD2,IncrementalSAT,IC12+,UNSAT,UNSAT,,,bg_d2,,,,,,,,0.034623,False,32.477,,,,Compact,Compact/Full,project_implementation,incremental multi-phase SAT with persistent solver state,6270,,,,,,,22963,0,22963,1000,5270,55263,40,cfg5__m-full__p-sparse_suffix__g-distance_closure__b-span_threshold__o-break_groups_d2__s-incrementalsat__i-imp12plus__backend-cadical,cfg5__m-full__p-sparse_suffix__g-distance_closure__b-span_threshold__o-break_groups_d2__s-incrementalsat__i-imp12plus__backend-cadical,full,distance_closure,sparse_suffix,distance_closure,IncrementalSAT,CaDiCaL,1.5.3,imp12+,span_threshold,total_break_groups_subject_to_range_at_most_2,BGD2,IC12P,55263,0,0,221,16197,5119,1426,,0,117,1,,,,,,0,0,0,0,0,,,"formalism-specific model size: SAT/MaxSAT reports base CNF and soft clauses, MIP reports variables/linear constraints/nonzeros, and CP reports integer variables plus linear/global constraints; SAT bound/totalizer overhead remains separate in optimizer_added_*",1000,992,985,1000,0,0,0,0,0,0,0,1,0.00017,0.001776,0.023751,,0.025527,0.009096,"wall-clock from immediately before reading/parsing the .dzn instance through model construction, optimization, solution decoding, and independent validation; excludes worker-process startup and result-file export",,,,,,,peak_process_tree_rss_mb,84ec011d0463f3cee2bd2f333cafa4285625b1510f0ee3a2e8ab33e157e26f54,forb0003,data_table06_forb/tic-12.forb0003.dzn,1,../noves/tic-12.forb0003.dzn,1,data_table06_forb/tic-12.forb0003.dzn,https://imae.udg.edu/Recerca/LAI/,https://ima.udg.edu/Recerca/lai/b2b/b2b.zip,ee1f440ab3f6db27ab712300ad3a54a31ffd5ec1e06f81a9ac37cb7202c56528,2026-08-10T10:42:19+00:00,7200.0,,ee80a6fbd8b513f7c010668495c39621a371266a,True,3.10.12,1.8.dev25,instance-20260810-085803,Linux-6.8.0-1064-gcp-x86_64-with-glibc2.35,x86_64,4,8,15988.059,1,0,/home/g24021555/Business-Meeting-Scheduling-Problem/.venv/bin/python3 /home/g24021555/Business-Meeting-Scheduling-Problem/src/Main.py --manifest instances_manifest.csv --family forbidden --solver sat_all --objective-mode bg_d2 --domain-mode both --domain-filter-graph both --precedence-encoding both --precedence-graph both --encoding-variant imp12+ --sat-backend cadical --maxsat-backend uwrmaxsat --uwrmaxsat-bin /home/g24021555/uwrmaxsat/build/release/bin/uwrmaxsat --timeout 7200 --csv output/full_matrix_bg_d2_forbidden.csv,,,,,,,,incremental,,cadical,,staircase,sparse_suffix+distance_closure,,39,"1,2,3,4,5,6,7,8,9,10,11,12,13,14,15,16,17,18,19,20,21,22,23,24,25,26,27,28,29,30,31,32,33,34,35,36,39,41,42",992,8,7,7,,,,,"journal objective family: bg_d2 | F-selected distance-labelled E* domain propagation and cycle detection | precedence configuration: F=distance_closure, P=sparse_suffix, G=distance_closure | Full Domain MxT schedule variables + explicit unary exclusions | (20),(22)-(27) exactly once over full domains | (22)-(27) session/fixed/forbidden exclusions as hard unit clauses | (19) participant atMost-one per slot | (46),(47) clustered table capacity with compact forward channeling | (28) SparseSuffix precedence over distance_closure distance-labelled relations | exact break-group ends and unary break-group thresholds | exact schedule <-> usedSlot channeling | (43) exactly |Mp| full usedSlot variables | (44) atMost 2|L| busy participants per slot | (45) exact even number of busy participants | historical hard cap Delta_G <= 2",,,result
,,,,,,,,,tic-12.forb0003,b2b-84ec011d0463f3ce,b2b-lineage-tic-12,forbidden,F-SS-DC-ST-BGD2-NIS-CD-IC12P,Full,Filter-E*,SparseSuffix,DistanceClosure-E*,SpanThreshold,BreakGroupsD2,NonIncrementalSAT,IC12+,UNSAT,UNSAT,,,bg_d2,,,,,,,,0.035701,False,32.629,,,,Compact,Compact/Full,project_implementation,restart-based multi-phase SAT,6270,,,,,,,22963,0,22963,1000,5270,55263,40,cfg5__m-full__p-sparse_suffix__g-distance_closure__b-span_threshold__o-break_groups_d2__s-nonincrementalsat__i-imp12plus__backend-cadical,cfg5__m-full__p-sparse_suffix__g-distance_closure__b-span_threshold__o-break_groups_d2__s-nonincrementalsat__i-imp12plus__backend-cadical,full,distance_closure,sparse_suffix,distance_closure,NonIncrementalSAT,CaDiCaL,1.5.3,imp12+,span_threshold,total_break_groups_subject_to_range_at_most_2,BGD2,IC12P,55263,0,0,221,16197,5119,1426,,0,117,1,,,,,,0,0,0,0,0,,,"formalism-specific model size: SAT/MaxSAT reports base CNF and soft clauses, MIP reports variables/linear constraints/nonzeros, and CP reports integer variables plus linear/global constraints; SAT bound/totalizer overhead remains separate in optimizer_added_*",1000,992,985,1000,0,0,0,0,0,0,0,1,0.000169,0.001772,0.024879,,0.026651,0.00905,"wall-clock from immediately before reading/parsing the .dzn instance through model construction, optimization, solution decoding, and independent validation; excludes worker-process startup and result-file export",,,,,,,peak_process_tree_rss_mb,84ec011d0463f3cee2bd2f333cafa4285625b1510f0ee3a2e8ab33e157e26f54,forb0003,data_table06_forb/tic-12.forb0003.dzn,1,../noves/tic-12.forb0003.dzn,1,data_table06_forb/tic-12.forb0003.dzn,https://imae.udg.edu/Recerca/LAI/,https://ima.udg.edu/Recerca/lai/b2b/b2b.zip,ee1f440ab3f6db27ab712300ad3a54a31ffd5ec1e06f81a9ac37cb7202c56528,2026-08-10T10:42:19+00:00,7200.0,,ee80a6fbd8b513f7c010668495c39621a371266a,True,3.10.12,1.8.dev25,instance-20260810-085803,Linux-6.8.0-1064-gcp-x86_64-with-glibc2.35,x86_64,4,8,15988.059,1,0,/home/g24021555/Business-Meeting-Scheduling-Problem/.venv/bin/python3 /home/g24021555/Business-Meeting-Scheduling-Problem/src/Main.py --manifest instances_manifest.csv --family forbidden --solver sat_all --objective-mode bg_d2 --domain-mode both --domain-filter-graph both --precedence-encoding both --precedence-graph both --encoding-variant imp12+ --sat-backend cadical --maxsat-backend uwrmaxsat --uwrmaxsat-bin /home/g24021555/uwrmaxsat/build/release/bin/uwrmaxsat --timeout 7200 --csv output/full_matrix_bg_d2_forbidden.csv,,,,,,,,multiple,,cadical,,staircase,sparse_suffix+distance_closure,,39,"1,2,3,4,5,6,7,8,9,10,11,12,13,14,15,16,17,18,19,20,21,22,23,24,25,26,27,28,29,30,31,32,33,34,35,36,39,41,42",992,8,7,7,,,,,"journal objective family: bg_d2 | F-selected distance-labelled E* domain propagation and cycle detection | precedence configuration: F=distance_closure, P=sparse_suffix, G=distance_closure | Full Domain MxT schedule variables + explicit unary exclusions | (20),(22)-(27) exactly once over full domains | (22)-(27) session/fixed/forbidden exclusions as hard unit clauses | (19) participant atMost-one per slot | (46),(47) clustered table capacity with compact forward channeling | (28) SparseSuffix precedence over distance_closure distance-labelled relations | exact break-group ends and unary break-group thresholds | exact schedule <-> usedSlot channeling | (43) exactly |Mp| full usedSlot variables | (44) atMost 2|L| busy participants per slot | (45) exact even number of busy participants | historical hard cap Delta_G <= 2",,,result
,,,,,,,,,tic-12.forb0003,b2b-84ec011d0463f3ce,b2b-lineage-tic-12,forbidden,F-SS-DC-ST-BGD2-UW-IC12P,Full,Filter-E*,SparseSuffix,DistanceClosure-E*,SpanThreshold,BreakGroupsD2,UWrMaxSAT,IC12+,UNSAT,UNSAT,,,bg_d2,,,,,,,1,0.079092,False,39.961,,,,Compact,Compact/Full,project_implementation,one-shot weighted MaxSAT,6270,,,,,,,22963,117,23080,1000,5270,55380,40,cfg5__m-full__p-sparse_suffix__g-distance_closure__b-span_threshold__o-break_groups_d2__s-uwrmaxsat__i-imp12plus__backend-uwrmaxsat,cfg5__m-full__p-sparse_suffix__g-distance_closure__b-span_threshold__o-break_groups_d2__s-uwrmaxsat__i-imp12plus__backend-uwrmaxsat,full,distance_closure,sparse_suffix,distance_closure,UWrMaxSAT,UWrMaxSAT,binary-sha256:8c68c8a386d3d7847b50d315143c2bab60e3514e59510e84a649db83cb303876,imp12+,span_threshold,total_break_groups_subject_to_range_at_most_2,BGD2,IC12P,55263,117,1,221,16197,5119,1426,1,117,117,1,,,,,,0,0,0,0,0,,,"formalism-specific model size: SAT/MaxSAT reports base CNF and soft clauses, MIP reports variables/linear constraints/nonzeros, and CP reports integer variables plus linear/global constraints; SAT bound/totalizer overhead remains separate in optimizer_added_*",1000,992,985,1000,0,0,0,0,0,0,0,1,0.000157,0.002013,0.028982,,0.030995,0.048097,"wall-clock from immediately before reading/parsing the .dzn instance through model construction, optimization, solution decoding, and independent validation; excludes worker-process startup and result-file export",,,,,,,peak_process_tree_rss_mb,84ec011d0463f3cee2bd2f333cafa4285625b1510f0ee3a2e8ab33e157e26f54,forb0003,data_table06_forb/tic-12.forb0003.dzn,1,../noves/tic-12.forb0003.dzn,1,data_table06_forb/tic-12.forb0003.dzn,https://imae.udg.edu/Recerca/LAI/,https://ima.udg.edu/Recerca/lai/b2b/b2b.zip,ee1f440ab3f6db27ab712300ad3a54a31ffd5ec1e06f81a9ac37cb7202c56528,2026-08-10T10:42:19+00:00,7200.0,,ee80a6fbd8b513f7c010668495c39621a371266a,True,3.10.12,1.8.dev25,instance-20260810-085803,Linux-6.8.0-1064-gcp-x86_64-with-glibc2.35,x86_64,4,8,15988.059,1,0,/home/g24021555/Business-Meeting-Scheduling-Problem/.venv/bin/python3 /home/g24021555/Business-Meeting-Scheduling-Problem/src/Main.py --manifest instances_manifest.csv --family forbidden --solver sat_all --objective-mode bg_d2 --domain-mode both --domain-filter-graph both --precedence-encoding both --precedence-graph both --encoding-variant imp12+ --sat-backend cadical --maxsat-backend uwrmaxsat --uwrmaxsat-bin /home/g24021555/uwrmaxsat/build/release/bin/uwrmaxsat --timeout 7200 --csv output/full_matrix_bg_d2_forbidden.csv,/home/g24021555/uwrmaxsat/build/release/bin/uwrmaxsat,8c68c8a386d3d7847b50d315143c2bab60e3514e59510e84a649db83cb303876,/home/g24021555/uwrmaxsat/build/release/bin/uwrmaxsat -m /tmp/b2b_uwrmaxsat_nr9xr4_4/tic-12.forb0003.wcnf,,process exit code=20,,,maxsat,uwrmaxsat,,/home/g24021555/uwrmaxsat/build/release/bin/uwrmaxsat,staircase,sparse_suffix+distance_closure,,39,"1,2,3,4,5,6,7,8,9,10,11,12,13,14,15,16,17,18,19,20,21,22,23,24,25,26,27,28,29,30,31,32,33,34,35,36,39,41,42",992,8,7,7,,,,,"journal objective family: bg_d2 | F-selected distance-labelled E* domain propagation and cycle detection | precedence configuration: F=distance_closure, P=sparse_suffix, G=distance_closure | Full Domain MxT schedule variables + explicit unary exclusions | (20),(22)-(27) exactly once over full domains | (22)-(27) session/fixed/forbidden exclusions as hard unit clauses | (19) participant atMost-one per slot | (46),(47) clustered table capacity with compact forward channeling | (28) SparseSuffix precedence over distance_closure distance-labelled relations | exact break-group ends and unary break-group thresholds | exact schedule <-> usedSlot channeling | (43) exactly |Mp| full usedSlot variables | (44) atMost 2|L| busy participants per slot | (45) exact even number of busy participants | historical hard cap Delta_G <= 2",,,result
,,,,,,,,,tic-12.forb0003,b2b-84ec011d0463f3ce,b2b-lineage-tic-12,forbidden,R-PW-DE-ST-BGD2-IS-CD-IC12P,Reduced,Filter-E*,Pairwise,Direct-E,SpanThreshold,BreakGroupsD2,IncrementalSAT,IC12+,UNSAT,UNSAT,,,bg_d2,,,,,,,,0.03362,False,32.508,,,,Compact,Compact/Reduced,project_implementation,incremental multi-phase SAT with persistent solver state,6220,,,,,,,22622,0,22622,985,5235,54499,40,cfg5__m-reduced__p-pairwise__g-direct__b-span_threshold__o-break_groups_d2__s-incrementalsat__i-imp12plus__backend-cadical,cfg5__m-reduced__p-pairwise__g-direct__b-span_threshold__o-break_groups_d2__s-incrementalsat__i-imp12plus__backend-cadical,reduced,distance_closure,pairwise,direct,IncrementalSAT,CaDiCaL,1.5.3,imp12+,span_threshold,total_break_groups_subject_to_range_at_most_2,BGD2,IC12P,54499,0,0,205,15916,5084,1415,,0,117,1,,,,,,0,0,0,0,0,,,"formalism-specific model size: SAT/MaxSAT reports base CNF and soft clauses, MIP reports variables/linear constraints/nonzeros, and CP reports integer variables plus linear/global constraints; SAT bound/totalizer overhead remains separate in optimizer_added_*",1000,992,985,985,0,0,0,0,0,0,0,1,0.000183,0.002048,0.024483,,0.026531,0.007089,"wall-clock from immediately before reading/parsing the .dzn instance through model construction, optimization, solution decoding, and independent validation; excludes worker-process startup and result-file export",,,,,,,peak_process_tree_rss_mb,84ec011d0463f3cee2bd2f333cafa4285625b1510f0ee3a2e8ab33e157e26f54,forb0003,data_table06_forb/tic-12.forb0003.dzn,1,../noves/tic-12.forb0003.dzn,1,data_table06_forb/tic-12.forb0003.dzn,https://imae.udg.edu/Recerca/LAI/,https://ima.udg.edu/Recerca/lai/b2b/b2b.zip,ee1f440ab3f6db27ab712300ad3a54a31ffd5ec1e06f81a9ac37cb7202c56528,2026-08-10T10:42:19+00:00,7200.0,,ee80a6fbd8b513f7c010668495c39621a371266a,True,3.10.12,1.8.dev25,instance-20260810-085803,Linux-6.8.0-1064-gcp-x86_64-with-glibc2.35,x86_64,4,8,15988.059,1,0,/home/g24021555/Business-Meeting-Scheduling-Problem/.venv/bin/python3 /home/g24021555/Business-Meeting-Scheduling-Problem/src/Main.py --manifest instances_manifest.csv --family forbidden --solver sat_all --objective-mode bg_d2 --domain-mode both --domain-filter-graph both --precedence-encoding both --precedence-graph both --encoding-variant imp12+ --sat-backend cadical --maxsat-backend uwrmaxsat --uwrmaxsat-bin /home/g24021555/uwrmaxsat/build/release/bin/uwrmaxsat --timeout 7200 --csv output/full_matrix_bg_d2_forbidden.csv,,,,,,,,incremental,,cadical,,traditional,pairwise+direct,,39,"1,2,3,4,5,6,7,8,9,10,11,12,13,14,15,16,17,18,19,20,21,22,23,24,25,26,27,28,29,30,31,32,33,34,35,36,39,41,42",992,8,7,7,,,,,"journal objective family: bg_d2 | F-selected distance-labelled E* domain propagation and cycle detection | precedence configuration: F=distance_closure, P=pairwise, G=direct | Reduced Domain variables after unary filtering + matching GAC + slot saturation | (20),(22)-(27) exactly once over reduced domains | (19) participant atMost-one per slot | (46),(47) clustered table capacity with compact forward channeling | (28) Pairwise precedence over direct distance-labelled relations | exact break-group ends and unary break-group thresholds | exact schedule <-> usedSlot channeling | (43) exactly |Mp| reduced usedSlot variables | (44) atMost 2|L| busy participants per slot | (45) exact even number of busy participants | historical hard cap Delta_G <= 2",,,result
,,,,,,,,,tic-12.forb0003,b2b-84ec011d0463f3ce,b2b-lineage-tic-12,forbidden,R-PW-DE-ST-BGD2-NIS-CD-IC12P,Reduced,Filter-E*,Pairwise,Direct-E,SpanThreshold,BreakGroupsD2,NonIncrementalSAT,IC12+,UNSAT,UNSAT,,,bg_d2,,,,,,,,0.033613,False,32.527,,,,Compact,Compact/Reduced,project_implementation,restart-based multi-phase SAT,6220,,,,,,,22622,0,22622,985,5235,54499,40,cfg5__m-reduced__p-pairwise__g-direct__b-span_threshold__o-break_groups_d2__s-nonincrementalsat__i-imp12plus__backend-cadical,cfg5__m-reduced__p-pairwise__g-direct__b-span_threshold__o-break_groups_d2__s-nonincrementalsat__i-imp12plus__backend-cadical,reduced,distance_closure,pairwise,direct,NonIncrementalSAT,CaDiCaL,1.5.3,imp12+,span_threshold,total_break_groups_subject_to_range_at_most_2,BGD2,IC12P,54499,0,0,205,15916,5084,1415,,0,117,1,,,,,,0,0,0,0,0,,,"formalism-specific model size: SAT/MaxSAT reports base CNF and soft clauses, MIP reports variables/linear constraints/nonzeros, and CP reports integer variables plus linear/global constraints; SAT bound/totalizer overhead remains separate in optimizer_added_*",1000,992,985,985,0,0,0,0,0,0,0,1,0.000185,0.002033,0.024633,,0.026666,0.006947,"wall-clock from immediately before reading/parsing the .dzn instance through model construction, optimization, solution decoding, and independent validation; excludes worker-process startup and result-file export",,,,,,,peak_process_tree_rss_mb,84ec011d0463f3cee2bd2f333cafa4285625b1510f0ee3a2e8ab33e157e26f54,forb0003,data_table06_forb/tic-12.forb0003.dzn,1,../noves/tic-12.forb0003.dzn,1,data_table06_forb/tic-12.forb0003.dzn,https://imae.udg.edu/Recerca/LAI/,https://ima.udg.edu/Recerca/lai/b2b/b2b.zip,ee1f440ab3f6db27ab712300ad3a54a31ffd5ec1e06f81a9ac37cb7202c56528,2026-08-10T10:42:19+00:00,7200.0,,ee80a6fbd8b513f7c010668495c39621a371266a,True,3.10.12,1.8.dev25,instance-20260810-085803,Linux-6.8.0-1064-gcp-x86_64-with-glibc2.35,x86_64,4,8,15988.059,1,0,/home/g24021555/Business-Meeting-Scheduling-Problem/.venv/bin/python3 /home/g24021555/Business-Meeting-Scheduling-Problem/src/Main.py --manifest instances_manifest.csv --family forbidden --solver sat_all --objective-mode bg_d2 --domain-mode both --domain-filter-graph both --precedence-encoding both --precedence-graph both --encoding-variant imp12+ --sat-backend cadical --maxsat-backend uwrmaxsat --uwrmaxsat-bin /home/g24021555/uwrmaxsat/build/release/bin/uwrmaxsat --timeout 7200 --csv output/full_matrix_bg_d2_forbidden.csv,,,,,,,,multiple,,cadical,,traditional,pairwise+direct,,39,"1,2,3,4,5,6,7,8,9,10,11,12,13,14,15,16,17,18,19,20,21,22,23,24,25,26,27,28,29,30,31,32,33,34,35,36,39,41,42",992,8,7,7,,,,,"journal objective family: bg_d2 | F-selected distance-labelled E* domain propagation and cycle detection | precedence configuration: F=distance_closure, P=pairwise, G=direct | Reduced Domain variables after unary filtering + matching GAC + slot saturation | (20),(22)-(27) exactly once over reduced domains | (19) participant atMost-one per slot | (46),(47) clustered table capacity with compact forward channeling | (28) Pairwise precedence over direct distance-labelled relations | exact break-group ends and unary break-group thresholds | exact schedule <-> usedSlot channeling | (43) exactly |Mp| reduced usedSlot variables | (44) atMost 2|L| busy participants per slot | (45) exact even number of busy participants | historical hard cap Delta_G <= 2",,,result
,,,,,,,,,tic-12.forb0003,b2b-84ec011d0463f3ce,b2b-lineage-tic-12,forbidden,R-PW-DE-ST-BGD2-UW-IC12P,Reduced,Filter-E*,Pairwise,Direct-E,SpanThreshold,BreakGroupsD2,UWrMaxSAT,IC12+,UNSAT,UNSAT,,,bg_d2,,,,,,,1,0.079142,False,34.789,,,,Compact,Compact/Reduced,project_implementation,one-shot weighted MaxSAT,6220,,,,,,,22622,117,22739,985,5235,54616,40,cfg5__m-reduced__p-pairwise__g-direct__b-span_threshold__o-break_groups_d2__s-uwrmaxsat__i-imp12plus__backend-uwrmaxsat,cfg5__m-reduced__p-pairwise__g-direct__b-span_threshold__o-break_groups_d2__s-uwrmaxsat__i-imp12plus__backend-uwrmaxsat,reduced,distance_closure,pairwise,direct,UWrMaxSAT,UWrMaxSAT,binary-sha256:8c68c8a386d3d7847b50d315143c2bab60e3514e59510e84a649db83cb303876,imp12+,span_threshold,total_break_groups_subject_to_range_at_most_2,BGD2,IC12P,54499,117,1,205,15916,5084,1415,1,117,117,1,,,,,,0,0,0,0,0,,,"formalism-specific model size: SAT/MaxSAT reports base CNF and soft clauses, MIP reports variables/linear constraints/nonzeros, and CP reports integer variables plus linear/global constraints; SAT bound/totalizer overhead remains separate in optimizer_added_*",1000,992,985,985,0,0,0,0,0,0,0,1,0.000177,0.002027,0.02681,,0.028837,0.050306,"wall-clock from immediately before reading/parsing the .dzn instance through model construction, optimization, solution decoding, and independent validation; excludes worker-process startup and result-file export",,,,,,,peak_process_tree_rss_mb,84ec011d0463f3cee2bd2f333cafa4285625b1510f0ee3a2e8ab33e157e26f54,forb0003,data_table06_forb/tic-12.forb0003.dzn,1,../noves/tic-12.forb0003.dzn,1,data_table06_forb/tic-12.forb0003.dzn,https://imae.udg.edu/Recerca/LAI/,https://ima.udg.edu/Recerca/lai/b2b/b2b.zip,ee1f440ab3f6db27ab712300ad3a54a31ffd5ec1e06f81a9ac37cb7202c56528,2026-08-10T10:42:19+00:00,7200.0,,ee80a6fbd8b513f7c010668495c39621a371266a,True,3.10.12,1.8.dev25,instance-20260810-085803,Linux-6.8.0-1064-gcp-x86_64-with-glibc2.35,x86_64,4,8,15988.059,1,0,/home/g24021555/Business-Meeting-Scheduling-Problem/.venv/bin/python3 /home/g24021555/Business-Meeting-Scheduling-Problem/src/Main.py --manifest instances_manifest.csv --family forbidden --solver sat_all --objective-mode bg_d2 --domain-mode both --domain-filter-graph both --precedence-encoding both --precedence-graph both --encoding-variant imp12+ --sat-backend cadical --maxsat-backend uwrmaxsat --uwrmaxsat-bin /home/g24021555/uwrmaxsat/build/release/bin/uwrmaxsat --timeout 7200 --csv output/full_matrix_bg_d2_forbidden.csv,/home/g24021555/uwrmaxsat/build/release/bin/uwrmaxsat,8c68c8a386d3d7847b50d315143c2bab60e3514e59510e84a649db83cb303876,/home/g24021555/uwrmaxsat/build/release/bin/uwrmaxsat -m /tmp/b2b_uwrmaxsat_j1zb0lwj/tic-12.forb0003.wcnf,,process exit code=20,,,maxsat,uwrmaxsat,,/home/g24021555/uwrmaxsat/build/release/bin/uwrmaxsat,traditional,pairwise+direct,,39,"1,2,3,4,5,6,7,8,9,10,11,12,13,14,15,16,17,18,19,20,21,22,23,24,25,26,27,28,29,30,31,32,33,34,35,36,39,41,42",992,8,7,7,,,,,"journal objective family: bg_d2 | F-selected distance-labelled E* domain propagation and cycle detection | precedence configuration: F=distance_closure, P=pairwise, G=direct | Reduced Domain variables after unary filtering + matching GAC + slot saturation | (20),(22)-(27) exactly once over reduced domains | (19) participant atMost-one per slot | (46),(47) clustered table capacity with compact forward channeling | (28) Pairwise precedence over direct distance-labelled relations | exact break-group ends and unary break-group thresholds | exact schedule <-> usedSlot channeling | (43) exactly |Mp| reduced usedSlot variables | (44) atMost 2|L| busy participants per slot | (45) exact even number of busy participants | historical hard cap Delta_G <= 2",,,result
,,,,,,,,,tic-12.forb0003,b2b-84ec011d0463f3ce,b2b-lineage-tic-12,forbidden,R-PW-DC-ST-BGD2-IS-CD-IC12P,Reduced,Filter-E*,Pairwise,DistanceClosure-E*,SpanThreshold,BreakGroupsD2,IncrementalSAT,IC12+,UNSAT,UNSAT,,,bg_d2,,,,,,,,0.032595,False,32.531,,,,Compact,Compact/Reduced,project_implementation,incremental multi-phase SAT with persistent solver state,6220,,,,,,,22622,0,22622,985,5235,54499,40,cfg5__m-reduced__p-pairwise__g-distance_closure__b-span_threshold__o-break_groups_d2__s-incrementalsat__i-imp12plus__backend-cadical,cfg5__m-reduced__p-pairwise__g-distance_closure__b-span_threshold__o-break_groups_d2__s-incrementalsat__i-imp12plus__backend-cadical,reduced,distance_closure,pairwise,distance_closure,IncrementalSAT,CaDiCaL,1.5.3,imp12+,span_threshold,total_break_groups_subject_to_range_at_most_2,BGD2,IC12P,54499,0,0,205,15916,5084,1415,,0,117,1,,,,,,0,0,0,0,0,,,"formalism-specific model size: SAT/MaxSAT reports base CNF and soft clauses, MIP reports variables/linear constraints/nonzeros, and CP reports integer variables plus linear/global constraints; SAT bound/totalizer overhead remains separate in optimizer_added_*",1000,992,985,985,0,0,0,0,0,0,0,1,0.00019,0.002047,0.02312,,0.025167,0.007428,"wall-clock from immediately before reading/parsing the .dzn instance through model construction, optimization, solution decoding, and independent validation; excludes worker-process startup and result-file export",,,,,,,peak_process_tree_rss_mb,84ec011d0463f3cee2bd2f333cafa4285625b1510f0ee3a2e8ab33e157e26f54,forb0003,data_table06_forb/tic-12.forb0003.dzn,1,../noves/tic-12.forb0003.dzn,1,data_table06_forb/tic-12.forb0003.dzn,https://imae.udg.edu/Recerca/LAI/,https://ima.udg.edu/Recerca/lai/b2b/b2b.zip,ee1f440ab3f6db27ab712300ad3a54a31ffd5ec1e06f81a9ac37cb7202c56528,2026-08-10T10:42:19+00:00,7200.0,,ee80a6fbd8b513f7c010668495c39621a371266a,True,3.10.12,1.8.dev25,instance-20260810-085803,Linux-6.8.0-1064-gcp-x86_64-with-glibc2.35,x86_64,4,8,15988.059,1,0,/home/g24021555/Business-Meeting-Scheduling-Problem/.venv/bin/python3 /home/g24021555/Business-Meeting-Scheduling-Problem/src/Main.py --manifest instances_manifest.csv --family forbidden --solver sat_all --objective-mode bg_d2 --domain-mode both --domain-filter-graph both --precedence-encoding both --precedence-graph both --encoding-variant imp12+ --sat-backend cadical --maxsat-backend uwrmaxsat --uwrmaxsat-bin /home/g24021555/uwrmaxsat/build/release/bin/uwrmaxsat --timeout 7200 --csv output/full_matrix_bg_d2_forbidden.csv,,,,,,,,incremental,,cadical,,factorial,pairwise+distance_closure,,39,"1,2,3,4,5,6,7,8,9,10,11,12,13,14,15,16,17,18,19,20,21,22,23,24,25,26,27,28,29,30,31,32,33,34,35,36,39,41,42",992,8,7,7,,,,,"journal objective family: bg_d2 | F-selected distance-labelled E* domain propagation and cycle detection | precedence configuration: F=distance_closure, P=pairwise, G=distance_closure | Reduced Domain variables after unary filtering + matching GAC + slot saturation | (20),(22)-(27) exactly once over reduced domains | (19) participant atMost-one per slot | (46),(47) clustered table capacity with compact forward channeling | (28) Pairwise precedence over distance_closure distance-labelled relations | exact break-group ends and unary break-group thresholds | exact schedule <-> usedSlot channeling | (43) exactly |Mp| reduced usedSlot variables | (44) atMost 2|L| busy participants per slot | (45) exact even number of busy participants | historical hard cap Delta_G <= 2",,,result
,,,,,,,,,tic-12.forb0003,b2b-84ec011d0463f3ce,b2b-lineage-tic-12,forbidden,R-PW-DC-ST-BGD2-NIS-CD-IC12P,Reduced,Filter-E*,Pairwise,DistanceClosure-E*,SpanThreshold,BreakGroupsD2,NonIncrementalSAT,IC12+,UNSAT,UNSAT,,,bg_d2,,,,,,,,0.032713,False,32.84,,,,Compact,Compact/Reduced,project_implementation,restart-based multi-phase SAT,6220,,,,,,,22622,0,22622,985,5235,54499,40,cfg5__m-reduced__p-pairwise__g-distance_closure__b-span_threshold__o-break_groups_d2__s-nonincrementalsat__i-imp12plus__backend-cadical,cfg5__m-reduced__p-pairwise__g-distance_closure__b-span_threshold__o-break_groups_d2__s-nonincrementalsat__i-imp12plus__backend-cadical,reduced,distance_closure,pairwise,distance_closure,NonIncrementalSAT,CaDiCaL,1.5.3,imp12+,span_threshold,total_break_groups_subject_to_range_at_most_2,BGD2,IC12P,54499,0,0,205,15916,5084,1415,,0,117,1,,,,,,0,0,0,0,0,,,"formalism-specific model size: SAT/MaxSAT reports base CNF and soft clauses, MIP reports variables/linear constraints/nonzeros, and CP reports integer variables plus linear/global constraints; SAT bound/totalizer overhead remains separate in optimizer_added_*",1000,992,985,985,0,0,0,0,0,0,0,1,0.000162,0.001777,0.024109,,0.025886,0.006827,"wall-clock from immediately before reading/parsing the .dzn instance through model construction, optimization, solution decoding, and independent validation; excludes worker-process startup and result-file export",,,,,,,peak_process_tree_rss_mb,84ec011d0463f3cee2bd2f333cafa4285625b1510f0ee3a2e8ab33e157e26f54,forb0003,data_table06_forb/tic-12.forb0003.dzn,1,../noves/tic-12.forb0003.dzn,1,data_table06_forb/tic-12.forb0003.dzn,https://imae.udg.edu/Recerca/LAI/,https://ima.udg.edu/Recerca/lai/b2b/b2b.zip,ee1f440ab3f6db27ab712300ad3a54a31ffd5ec1e06f81a9ac37cb7202c56528,2026-08-10T10:42:19+00:00,7200.0,,ee80a6fbd8b513f7c010668495c39621a371266a,True,3.10.12,1.8.dev25,instance-20260810-085803,Linux-6.8.0-1064-gcp-x86_64-with-glibc2.35,x86_64,4,8,15988.059,1,0,/home/g24021555/Business-Meeting-Scheduling-Problem/.venv/bin/python3 /home/g24021555/Business-Meeting-Scheduling-Problem/src/Main.py --manifest instances_manifest.csv --family forbidden --solver sat_all --objective-mode bg_d2 --domain-mode both --domain-filter-graph both --precedence-encoding both --precedence-graph both --encoding-variant imp12+ --sat-backend cadical --maxsat-backend uwrmaxsat --uwrmaxsat-bin /home/g24021555/uwrmaxsat/build/release/bin/uwrmaxsat --timeout 7200 --csv output/full_matrix_bg_d2_forbidden.csv,,,,,,,,multiple,,cadical,,factorial,pairwise+distance_closure,,39,"1,2,3,4,5,6,7,8,9,10,11,12,13,14,15,16,17,18,19,20,21,22,23,24,25,26,27,28,29,30,31,32,33,34,35,36,39,41,42",992,8,7,7,,,,,"journal objective family: bg_d2 | F-selected distance-labelled E* domain propagation and cycle detection | precedence configuration: F=distance_closure, P=pairwise, G=distance_closure | Reduced Domain variables after unary filtering + matching GAC + slot saturation | (20),(22)-(27) exactly once over reduced domains | (19) participant atMost-one per slot | (46),(47) clustered table capacity with compact forward channeling | (28) Pairwise precedence over distance_closure distance-labelled relations | exact break-group ends and unary break-group thresholds | exact schedule <-> usedSlot channeling | (43) exactly |Mp| reduced usedSlot variables | (44) atMost 2|L| busy participants per slot | (45) exact even number of busy participants | historical hard cap Delta_G <= 2",,,result
,,,,,,,,,tic-12.forb0003,b2b-84ec011d0463f3ce,b2b-lineage-tic-12,forbidden,R-PW-DC-ST-BGD2-UW-IC12P,Reduced,Filter-E*,Pairwise,DistanceClosure-E*,SpanThreshold,BreakGroupsD2,UWrMaxSAT,IC12+,UNSAT,UNSAT,,,bg_d2,,,,,,,1,0.074165,False,34.859,,,,Compact,Compact/Reduced,project_implementation,one-shot weighted MaxSAT,6220,,,,,,,22622,117,22739,985,5235,54616,40,cfg5__m-reduced__p-pairwise__g-distance_closure__b-span_threshold__o-break_groups_d2__s-uwrmaxsat__i-imp12plus__backend-uwrmaxsat,cfg5__m-reduced__p-pairwise__g-distance_closure__b-span_threshold__o-break_groups_d2__s-uwrmaxsat__i-imp12plus__backend-uwrmaxsat,reduced,distance_closure,pairwise,distance_closure,UWrMaxSAT,UWrMaxSAT,binary-sha256:8c68c8a386d3d7847b50d315143c2bab60e3514e59510e84a649db83cb303876,imp12+,span_threshold,total_break_groups_subject_to_range_at_most_2,BGD2,IC12P,54499,117,1,205,15916,5084,1415,1,117,117,1,,,,,,0,0,0,0,0,,,"formalism-specific model size: SAT/MaxSAT reports base CNF and soft clauses, MIP reports variables/linear constraints/nonzeros, and CP reports integer variables plus linear/global constraints; SAT bound/totalizer overhead remains separate in optimizer_added_*",1000,992,985,985,0,0,0,0,0,0,0,1,0.000164,0.001766,0.02788,,0.029646,0.044519,"wall-clock from immediately before reading/parsing the .dzn instance through model construction, optimization, solution decoding, and independent validation; excludes worker-process startup and result-file export",,,,,,,peak_process_tree_rss_mb,84ec011d0463f3cee2bd2f333cafa4285625b1510f0ee3a2e8ab33e157e26f54,forb0003,data_table06_forb/tic-12.forb0003.dzn,1,../noves/tic-12.forb0003.dzn,1,data_table06_forb/tic-12.forb0003.dzn,https://imae.udg.edu/Recerca/LAI/,https://ima.udg.edu/Recerca/lai/b2b/b2b.zip,ee1f440ab3f6db27ab712300ad3a54a31ffd5ec1e06f81a9ac37cb7202c56528,2026-08-10T10:42:19+00:00,7200.0,,ee80a6fbd8b513f7c010668495c39621a371266a,True,3.10.12,1.8.dev25,instance-20260810-085803,Linux-6.8.0-1064-gcp-x86_64-with-glibc2.35,x86_64,4,8,15988.059,1,0,/home/g24021555/Business-Meeting-Scheduling-Problem/.venv/bin/python3 /home/g24021555/Business-Meeting-Scheduling-Problem/src/Main.py --manifest instances_manifest.csv --family forbidden --solver sat_all --objective-mode bg_d2 --domain-mode both --domain-filter-graph both --precedence-encoding both --precedence-graph both --encoding-variant imp12+ --sat-backend cadical --maxsat-backend uwrmaxsat --uwrmaxsat-bin /home/g24021555/uwrmaxsat/build/release/bin/uwrmaxsat --timeout 7200 --csv output/full_matrix_bg_d2_forbidden.csv,/home/g24021555/uwrmaxsat/build/release/bin/uwrmaxsat,8c68c8a386d3d7847b50d315143c2bab60e3514e59510e84a649db83cb303876,/home/g24021555/uwrmaxsat/build/release/bin/uwrmaxsat -m /tmp/b2b_uwrmaxsat_ad12ng1s/tic-12.forb0003.wcnf,,process exit code=20,,,maxsat,uwrmaxsat,,/home/g24021555/uwrmaxsat/build/release/bin/uwrmaxsat,factorial,pairwise+distance_closure,,39,"1,2,3,4,5,6,7,8,9,10,11,12,13,14,15,16,17,18,19,20,21,22,23,24,25,26,27,28,29,30,31,32,33,34,35,36,39,41,42",992,8,7,7,,,,,"journal objective family: bg_d2 | F-selected distance-labelled E* domain propagation and cycle detection | precedence configuration: F=distance_closure, P=pairwise, G=distance_closure | Reduced Domain variables after unary filtering + matching GAC + slot saturation | (20),(22)-(27) exactly once over reduced domains | (19) participant atMost-one per slot | (46),(47) clustered table capacity with compact forward channeling | (28) Pairwise precedence over distance_closure distance-labelled relations | exact break-group ends and unary break-group thresholds | exact schedule <-> usedSlot channeling | (43) exactly |Mp| reduced usedSlot variables | (44) atMost 2|L| busy participants per slot | (45) exact even number of busy participants | historical hard cap Delta_G <= 2",,,result
,,,,,,,,,tic-12.forb0003,b2b-84ec011d0463f3ce,b2b-lineage-tic-12,forbidden,R-SS-DE-ST-BGD2-IS-CD-IC12P,Reduced,Filter-E*,SparseSuffix,Direct-E,SpanThreshold,BreakGroupsD2,IncrementalSAT,IC12+,UNSAT,UNSAT,,,bg_d2,,,,,,,,0.032476,False,32.871,,,,Compact,Compact/Reduced,project_implementation,incremental multi-phase SAT with persistent solver state,6220,,,,,,,22622,0,22622,985,5235,54499,40,cfg5__m-reduced__p-sparse_suffix__g-direct__b-span_threshold__o-break_groups_d2__s-incrementalsat__i-imp12plus__backend-cadical,cfg5__m-reduced__p-sparse_suffix__g-direct__b-span_threshold__o-break_groups_d2__s-incrementalsat__i-imp12plus__backend-cadical,reduced,distance_closure,sparse_suffix,direct,IncrementalSAT,CaDiCaL,1.5.3,imp12+,span_threshold,total_break_groups_subject_to_range_at_most_2,BGD2,IC12P,54499,0,0,205,15916,5084,1415,,0,117,1,,,,,,0,0,0,0,0,,,"formalism-specific model size: SAT/MaxSAT reports base CNF and soft clauses, MIP reports variables/linear constraints/nonzeros, and CP reports integer variables plus linear/global constraints; SAT bound/totalizer overhead remains separate in optimizer_added_*",1000,992,985,985,0,0,0,0,0,0,0,1,0.000162,0.001771,0.023791,,0.025562,0.006913,"wall-clock from immediately before reading/parsing the .dzn instance through model construction, optimization, solution decoding, and independent validation; excludes worker-process startup and result-file export",,,,,,,peak_process_tree_rss_mb,84ec011d0463f3cee2bd2f333cafa4285625b1510f0ee3a2e8ab33e157e26f54,forb0003,data_table06_forb/tic-12.forb0003.dzn,1,../noves/tic-12.forb0003.dzn,1,data_table06_forb/tic-12.forb0003.dzn,https://imae.udg.edu/Recerca/LAI/,https://ima.udg.edu/Recerca/lai/b2b/b2b.zip,ee1f440ab3f6db27ab712300ad3a54a31ffd5ec1e06f81a9ac37cb7202c56528,2026-08-10T10:42:19+00:00,7200.0,,ee80a6fbd8b513f7c010668495c39621a371266a,True,3.10.12,1.8.dev25,instance-20260810-085803,Linux-6.8.0-1064-gcp-x86_64-with-glibc2.35,x86_64,4,8,15988.059,1,0,/home/g24021555/Business-Meeting-Scheduling-Problem/.venv/bin/python3 /home/g24021555/Business-Meeting-Scheduling-Problem/src/Main.py --manifest instances_manifest.csv --family forbidden --solver sat_all --objective-mode bg_d2 --domain-mode both --domain-filter-graph both --precedence-encoding both --precedence-graph both --encoding-variant imp12+ --sat-backend cadical --maxsat-backend uwrmaxsat --uwrmaxsat-bin /home/g24021555/uwrmaxsat/build/release/bin/uwrmaxsat --timeout 7200 --csv output/full_matrix_bg_d2_forbidden.csv,,,,,,,,incremental,,cadical,,factorial,sparse_suffix+direct,,39,"1,2,3,4,5,6,7,8,9,10,11,12,13,14,15,16,17,18,19,20,21,22,23,24,25,26,27,28,29,30,31,32,33,34,35,36,39,41,42",992,8,7,7,,,,,"journal objective family: bg_d2 | F-selected distance-labelled E* domain propagation and cycle detection | precedence configuration: F=distance_closure, P=sparse_suffix, G=direct | Reduced Domain variables after unary filtering + matching GAC + slot saturation | (20),(22)-(27) exactly once over reduced domains | (19) participant atMost-one per slot | (46),(47) clustered table capacity with compact forward channeling | (28) SparseSuffix precedence over direct distance-labelled relations | exact break-group ends and unary break-group thresholds | exact schedule <-> usedSlot channeling | (43) exactly |Mp| reduced usedSlot variables | (44) atMost 2|L| busy participants per slot | (45) exact even number of busy participants | historical hard cap Delta_G <= 2",,,result
,,,,,,,,,tic-12.forb0003,b2b-84ec011d0463f3ce,b2b-lineage-tic-12,forbidden,R-SS-DE-ST-BGD2-NIS-CD-IC12P,Reduced,Filter-E*,SparseSuffix,Direct-E,SpanThreshold,BreakGroupsD2,NonIncrementalSAT,IC12+,UNSAT,UNSAT,,,bg_d2,,,,,,,,0.033841,False,32.863,,,,Compact,Compact/Reduced,project_implementation,restart-based multi-phase SAT,6220,,,,,,,22622,0,22622,985,5235,54499,40,cfg5__m-reduced__p-sparse_suffix__g-direct__b-span_threshold__o-break_groups_d2__s-nonincrementalsat__i-imp12plus__backend-cadical,cfg5__m-reduced__p-sparse_suffix__g-direct__b-span_threshold__o-break_groups_d2__s-nonincrementalsat__i-imp12plus__backend-cadical,reduced,distance_closure,sparse_suffix,direct,NonIncrementalSAT,CaDiCaL,1.5.3,imp12+,span_threshold,total_break_groups_subject_to_range_at_most_2,BGD2,IC12P,54499,0,0,205,15916,5084,1415,,0,117,1,,,,,,0,0,0,0,0,,,"formalism-specific model size: SAT/MaxSAT reports base CNF and soft clauses, MIP reports variables/linear constraints/nonzeros, and CP reports integer variables plus linear/global constraints; SAT bound/totalizer overhead remains separate in optimizer_added_*",1000,992,985,985,0,0,0,0,0,0,0,1,0.00018,0.002047,0.024886,,0.026933,0.006909,"wall-clock from immediately before reading/parsing the .dzn instance through model construction, optimization, solution decoding, and independent validation; excludes worker-process startup and result-file export",,,,,,,peak_process_tree_rss_mb,84ec011d0463f3cee2bd2f333cafa4285625b1510f0ee3a2e8ab33e157e26f54,forb0003,data_table06_forb/tic-12.forb0003.dzn,1,../noves/tic-12.forb0003.dzn,1,data_table06_forb/tic-12.forb0003.dzn,https://imae.udg.edu/Recerca/LAI/,https://ima.udg.edu/Recerca/lai/b2b/b2b.zip,ee1f440ab3f6db27ab712300ad3a54a31ffd5ec1e06f81a9ac37cb7202c56528,2026-08-10T10:42:19+00:00,7200.0,,ee80a6fbd8b513f7c010668495c39621a371266a,True,3.10.12,1.8.dev25,instance-20260810-085803,Linux-6.8.0-1064-gcp-x86_64-with-glibc2.35,x86_64,4,8,15988.059,1,0,/home/g24021555/Business-Meeting-Scheduling-Problem/.venv/bin/python3 /home/g24021555/Business-Meeting-Scheduling-Problem/src/Main.py --manifest instances_manifest.csv --family forbidden --solver sat_all --objective-mode bg_d2 --domain-mode both --domain-filter-graph both --precedence-encoding both --precedence-graph both --encoding-variant imp12+ --sat-backend cadical --maxsat-backend uwrmaxsat --uwrmaxsat-bin /home/g24021555/uwrmaxsat/build/release/bin/uwrmaxsat --timeout 7200 --csv output/full_matrix_bg_d2_forbidden.csv,,,,,,,,multiple,,cadical,,factorial,sparse_suffix+direct,,39,"1,2,3,4,5,6,7,8,9,10,11,12,13,14,15,16,17,18,19,20,21,22,23,24,25,26,27,28,29,30,31,32,33,34,35,36,39,41,42",992,8,7,7,,,,,"journal objective family: bg_d2 | F-selected distance-labelled E* domain propagation and cycle detection | precedence configuration: F=distance_closure, P=sparse_suffix, G=direct | Reduced Domain variables after unary filtering + matching GAC + slot saturation | (20),(22)-(27) exactly once over reduced domains | (19) participant atMost-one per slot | (46),(47) clustered table capacity with compact forward channeling | (28) SparseSuffix precedence over direct distance-labelled relations | exact break-group ends and unary break-group thresholds | exact schedule <-> usedSlot channeling | (43) exactly |Mp| reduced usedSlot variables | (44) atMost 2|L| busy participants per slot | (45) exact even number of busy participants | historical hard cap Delta_G <= 2",,,result
,,,,,,,,,tic-12.forb0003,b2b-84ec011d0463f3ce,b2b-lineage-tic-12,forbidden,R-SS-DE-ST-BGD2-UW-IC12P,Reduced,Filter-E*,SparseSuffix,Direct-E,SpanThreshold,BreakGroupsD2,UWrMaxSAT,IC12+,UNSAT,UNSAT,,,bg_d2,,,,,,,1,0.076646,False,34.879,,,,Compact,Compact/Reduced,project_implementation,one-shot weighted MaxSAT,6220,,,,,,,22622,117,22739,985,5235,54616,40,cfg5__m-reduced__p-sparse_suffix__g-direct__b-span_threshold__o-break_groups_d2__s-uwrmaxsat__i-imp12plus__backend-uwrmaxsat,cfg5__m-reduced__p-sparse_suffix__g-direct__b-span_threshold__o-break_groups_d2__s-uwrmaxsat__i-imp12plus__backend-uwrmaxsat,reduced,distance_closure,sparse_suffix,direct,UWrMaxSAT,UWrMaxSAT,binary-sha256:8c68c8a386d3d7847b50d315143c2bab60e3514e59510e84a649db83cb303876,imp12+,span_threshold,total_break_groups_subject_to_range_at_most_2,BGD2,IC12P,54499,117,1,205,15916,5084,1415,1,117,117,1,,,,,,0,0,0,0,0,,,"formalism-specific model size: SAT/MaxSAT reports base CNF and soft clauses, MIP reports variables/linear constraints/nonzeros, and CP reports integer variables plus linear/global constraints; SAT bound/totalizer overhead remains separate in optimizer_added_*",1000,992,985,985,0,0,0,0,0,0,0,1,0.000177,0.001779,0.028073,,0.029852,0.046794,"wall-clock from immediately before reading/parsing the .dzn instance through model construction, optimization, solution decoding, and independent validation; excludes worker-process startup and result-file export",,,,,,,peak_process_tree_rss_mb,84ec011d0463f3cee2bd2f333cafa4285625b1510f0ee3a2e8ab33e157e26f54,forb0003,data_table06_forb/tic-12.forb0003.dzn,1,../noves/tic-12.forb0003.dzn,1,data_table06_forb/tic-12.forb0003.dzn,https://imae.udg.edu/Recerca/LAI/,https://ima.udg.edu/Recerca/lai/b2b/b2b.zip,ee1f440ab3f6db27ab712300ad3a54a31ffd5ec1e06f81a9ac37cb7202c56528,2026-08-10T10:42:19+00:00,7200.0,,ee80a6fbd8b513f7c010668495c39621a371266a,True,3.10.12,1.8.dev25,instance-20260810-085803,Linux-6.8.0-1064-gcp-x86_64-with-glibc2.35,x86_64,4,8,15988.059,1,0,/home/g24021555/Business-Meeting-Scheduling-Problem/.venv/bin/python3 /home/g24021555/Business-Meeting-Scheduling-Problem/src/Main.py --manifest instances_manifest.csv --family forbidden --solver sat_all --objective-mode bg_d2 --domain-mode both --domain-filter-graph both --precedence-encoding both --precedence-graph both --encoding-variant imp12+ --sat-backend cadical --maxsat-backend uwrmaxsat --uwrmaxsat-bin /home/g24021555/uwrmaxsat/build/release/bin/uwrmaxsat --timeout 7200 --csv output/full_matrix_bg_d2_forbidden.csv,/home/g24021555/uwrmaxsat/build/release/bin/uwrmaxsat,8c68c8a386d3d7847b50d315143c2bab60e3514e59510e84a649db83cb303876,/home/g24021555/uwrmaxsat/build/release/bin/uwrmaxsat -m /tmp/b2b_uwrmaxsat_yffix2cm/tic-12.forb0003.wcnf,,process exit code=20,,,maxsat,uwrmaxsat,,/home/g24021555/uwrmaxsat/build/release/bin/uwrmaxsat,factorial,sparse_suffix+direct,,39,"1,2,3,4,5,6,7,8,9,10,11,12,13,14,15,16,17,18,19,20,21,22,23,24,25,26,27,28,29,30,31,32,33,34,35,36,39,41,42",992,8,7,7,,,,,"journal objective family: bg_d2 | F-selected distance-labelled E* domain propagation and cycle detection | precedence configuration: F=distance_closure, P=sparse_suffix, G=direct | Reduced Domain variables after unary filtering + matching GAC + slot saturation | (20),(22)-(27) exactly once over reduced domains | (19) participant atMost-one per slot | (46),(47) clustered table capacity with compact forward channeling | (28) SparseSuffix precedence over direct distance-labelled relations | exact break-group ends and unary break-group thresholds | exact schedule <-> usedSlot channeling | (43) exactly |Mp| reduced usedSlot variables | (44) atMost 2|L| busy participants per slot | (45) exact even number of busy participants | historical hard cap Delta_G <= 2",,,result
,,,,,,,,,tic-12.forb0003,b2b-84ec011d0463f3ce,b2b-lineage-tic-12,forbidden,R-SS-DC-ST-BGD2-IS-CD-IC12P,Reduced,Filter-E*,SparseSuffix,DistanceClosure-E*,SpanThreshold,BreakGroupsD2,IncrementalSAT,IC12+,UNSAT,UNSAT,,,bg_d2,,,,,,,,0.034079,False,32.477,,,,Compact,Compact/Reduced,project_implementation,incremental multi-phase SAT with persistent solver state,6220,,,,,,,22622,0,22622,985,5235,54499,40,cfg5__m-reduced__p-sparse_suffix__g-distance_closure__b-span_threshold__o-break_groups_d2__s-incrementalsat__i-imp12plus__backend-cadical,cfg5__m-reduced__p-sparse_suffix__g-distance_closure__b-span_threshold__o-break_groups_d2__s-incrementalsat__i-imp12plus__backend-cadical,reduced,distance_closure,sparse_suffix,distance_closure,IncrementalSAT,CaDiCaL,1.5.3,imp12+,span_threshold,total_break_groups_subject_to_range_at_most_2,BGD2,IC12P,54499,0,0,205,15916,5084,1415,,0,117,1,,,,,,0,0,0,0,0,,,"formalism-specific model size: SAT/MaxSAT reports base CNF and soft clauses, MIP reports variables/linear constraints/nonzeros, and CP reports integer variables plus linear/global constraints; SAT bound/totalizer overhead remains separate in optimizer_added_*",1000,992,985,985,0,0,0,0,0,0,0,1,0.000161,0.002018,0.025016,,0.027034,0.007045,"wall-clock from immediately before reading/parsing the .dzn instance through model construction, optimization, solution decoding, and independent validation; excludes worker-process startup and result-file export",,,,,,,peak_process_tree_rss_mb,84ec011d0463f3cee2bd2f333cafa4285625b1510f0ee3a2e8ab33e157e26f54,forb0003,data_table06_forb/tic-12.forb0003.dzn,1,../noves/tic-12.forb0003.dzn,1,data_table06_forb/tic-12.forb0003.dzn,https://imae.udg.edu/Recerca/LAI/,https://ima.udg.edu/Recerca/lai/b2b/b2b.zip,ee1f440ab3f6db27ab712300ad3a54a31ffd5ec1e06f81a9ac37cb7202c56528,2026-08-10T10:42:19+00:00,7200.0,,ee80a6fbd8b513f7c010668495c39621a371266a,True,3.10.12,1.8.dev25,instance-20260810-085803,Linux-6.8.0-1064-gcp-x86_64-with-glibc2.35,x86_64,4,8,15988.059,1,0,/home/g24021555/Business-Meeting-Scheduling-Problem/.venv/bin/python3 /home/g24021555/Business-Meeting-Scheduling-Problem/src/Main.py --manifest instances_manifest.csv --family forbidden --solver sat_all --objective-mode bg_d2 --domain-mode both --domain-filter-graph both --precedence-encoding both --precedence-graph both --encoding-variant imp12+ --sat-backend cadical --maxsat-backend uwrmaxsat --uwrmaxsat-bin /home/g24021555/uwrmaxsat/build/release/bin/uwrmaxsat --timeout 7200 --csv output/full_matrix_bg_d2_forbidden.csv,,,,,,,,incremental,,cadical,,staircase,sparse_suffix+distance_closure,,39,"1,2,3,4,5,6,7,8,9,10,11,12,13,14,15,16,17,18,19,20,21,22,23,24,25,26,27,28,29,30,31,32,33,34,35,36,39,41,42",992,8,7,7,,,,,"journal objective family: bg_d2 | F-selected distance-labelled E* domain propagation and cycle detection | precedence configuration: F=distance_closure, P=sparse_suffix, G=distance_closure | Reduced Domain variables after unary filtering + matching GAC + slot saturation | (20),(22)-(27) exactly once over reduced domains | (19) participant atMost-one per slot | (46),(47) clustered table capacity with compact forward channeling | (28) SparseSuffix precedence over distance_closure distance-labelled relations | exact break-group ends and unary break-group thresholds | exact schedule <-> usedSlot channeling | (43) exactly |Mp| reduced usedSlot variables | (44) atMost 2|L| busy participants per slot | (45) exact even number of busy participants | historical hard cap Delta_G <= 2",,,result
,,,,,,,,,tic-12.forb0003,b2b-84ec011d0463f3ce,b2b-lineage-tic-12,forbidden,R-SS-DC-ST-BGD2-NIS-CD-IC12P,Reduced,Filter-E*,SparseSuffix,DistanceClosure-E*,SpanThreshold,BreakGroupsD2,NonIncrementalSAT,IC12+,UNSAT,UNSAT,,,bg_d2,,,,,,,,0.031183,False,33.219,,,,Compact,Compact/Reduced,project_implementation,restart-based multi-phase SAT,6220,,,,,,,22622,0,22622,985,5235,54499,40,cfg5__m-reduced__p-sparse_suffix__g-distance_closure__b-span_threshold__o-break_groups_d2__s-nonincrementalsat__i-imp12plus__backend-cadical,cfg5__m-reduced__p-sparse_suffix__g-distance_closure__b-span_threshold__o-break_groups_d2__s-nonincrementalsat__i-imp12plus__backend-cadical,reduced,distance_closure,sparse_suffix,distance_closure,NonIncrementalSAT,CaDiCaL,1.5.3,imp12+,span_threshold,total_break_groups_subject_to_range_at_most_2,BGD2,IC12P,54499,0,0,205,15916,5084,1415,,0,117,1,,,,,,0,0,0,0,0,,,"formalism-specific model size: SAT/MaxSAT reports base CNF and soft clauses, MIP reports variables/linear constraints/nonzeros, and CP reports integer variables plus linear/global constraints; SAT bound/totalizer overhead remains separate in optimizer_added_*",1000,992,985,985,0,0,0,0,0,0,0,1,0.000166,0.001779,0.02237,,0.024149,0.007034,"wall-clock from immediately before reading/parsing the .dzn instance through model construction, optimization, solution decoding, and independent validation; excludes worker-process startup and result-file export",,,,,,,peak_process_tree_rss_mb,84ec011d0463f3cee2bd2f333cafa4285625b1510f0ee3a2e8ab33e157e26f54,forb0003,data_table06_forb/tic-12.forb0003.dzn,1,../noves/tic-12.forb0003.dzn,1,data_table06_forb/tic-12.forb0003.dzn,https://imae.udg.edu/Recerca/LAI/,https://ima.udg.edu/Recerca/lai/b2b/b2b.zip,ee1f440ab3f6db27ab712300ad3a54a31ffd5ec1e06f81a9ac37cb7202c56528,2026-08-10T10:42:19+00:00,7200.0,,ee80a6fbd8b513f7c010668495c39621a371266a,True,3.10.12,1.8.dev25,instance-20260810-085803,Linux-6.8.0-1064-gcp-x86_64-with-glibc2.35,x86_64,4,8,15988.059,1,0,/home/g24021555/Business-Meeting-Scheduling-Problem/.venv/bin/python3 /home/g24021555/Business-Meeting-Scheduling-Problem/src/Main.py --manifest instances_manifest.csv --family forbidden --solver sat_all --objective-mode bg_d2 --domain-mode both --domain-filter-graph both --precedence-encoding both --precedence-graph both --encoding-variant imp12+ --sat-backend cadical --maxsat-backend uwrmaxsat --uwrmaxsat-bin /home/g24021555/uwrmaxsat/build/release/bin/uwrmaxsat --timeout 7200 --csv output/full_matrix_bg_d2_forbidden.csv,,,,,,,,multiple,,cadical,,staircase,sparse_suffix+distance_closure,,39,"1,2,3,4,5,6,7,8,9,10,11,12,13,14,15,16,17,18,19,20,21,22,23,24,25,26,27,28,29,30,31,32,33,34,35,36,39,41,42",992,8,7,7,,,,,"journal objective family: bg_d2 | F-selected distance-labelled E* domain propagation and cycle detection | precedence configuration: F=distance_closure, P=sparse_suffix, G=distance_closure | Reduced Domain variables after unary filtering + matching GAC + slot saturation | (20),(22)-(27) exactly once over reduced domains | (19) participant atMost-one per slot | (46),(47) clustered table capacity with compact forward channeling | (28) SparseSuffix precedence over distance_closure distance-labelled relations | exact break-group ends and unary break-group thresholds | exact schedule <-> usedSlot channeling | (43) exactly |Mp| reduced usedSlot variables | (44) atMost 2|L| busy participants per slot | (45) exact even number of busy participants | historical hard cap Delta_G <= 2",,,result
,,,,,,,,,tic-12.forb0003,b2b-84ec011d0463f3ce,b2b-lineage-tic-12,forbidden,R-SS-DC-ST-BGD2-UW-IC12P,Reduced,Filter-E*,SparseSuffix,DistanceClosure-E*,SpanThreshold,BreakGroupsD2,UWrMaxSAT,IC12+,UNSAT,UNSAT,,,bg_d2,,,,,,,1,0.077096,False,34.824,,,,Compact,Compact/Reduced,project_implementation,one-shot weighted MaxSAT,6220,,,,,,,22622,117,22739,985,5235,54616,40,cfg5__m-reduced__p-sparse_suffix__g-distance_closure__b-span_threshold__o-break_groups_d2__s-uwrmaxsat__i-imp12plus__backend-uwrmaxsat,cfg5__m-reduced__p-sparse_suffix__g-distance_closure__b-span_threshold__o-break_groups_d2__s-uwrmaxsat__i-imp12plus__backend-uwrmaxsat,reduced,distance_closure,sparse_suffix,distance_closure,UWrMaxSAT,UWrMaxSAT,binary-sha256:8c68c8a386d3d7847b50d315143c2bab60e3514e59510e84a649db83cb303876,imp12+,span_threshold,total_break_groups_subject_to_range_at_most_2,BGD2,IC12P,54499,117,1,205,15916,5084,1415,1,117,117,1,,,,,,0,0,0,0,0,,,"formalism-specific model size: SAT/MaxSAT reports base CNF and soft clauses, MIP reports variables/linear constraints/nonzeros, and CP reports integer variables plus linear/global constraints; SAT bound/totalizer overhead remains separate in optimizer_added_*",1000,992,985,985,0,0,0,0,0,0,0,1,0.000155,0.002046,0.027994,,0.030041,0.047056,"wall-clock from immediately before reading/parsing the .dzn instance through model construction, optimization, solution decoding, and independent validation; excludes worker-process startup and result-file export",,,,,,,peak_process_tree_rss_mb,84ec011d0463f3cee2bd2f333cafa4285625b1510f0ee3a2e8ab33e157e26f54,forb0003,data_table06_forb/tic-12.forb0003.dzn,1,../noves/tic-12.forb0003.dzn,1,data_table06_forb/tic-12.forb0003.dzn,https://imae.udg.edu/Recerca/LAI/,https://ima.udg.edu/Recerca/lai/b2b/b2b.zip,ee1f440ab3f6db27ab712300ad3a54a31ffd5ec1e06f81a9ac37cb7202c56528,2026-08-10T10:42:19+00:00,7200.0,,ee80a6fbd8b513f7c010668495c39621a371266a,True,3.10.12,1.8.dev25,instance-20260810-085803,Linux-6.8.0-1064-gcp-x86_64-with-glibc2.35,x86_64,4,8,15988.059,1,0,/home/g24021555/Business-Meeting-Scheduling-Problem/.venv/bin/python3 /home/g24021555/Business-Meeting-Scheduling-Problem/src/Main.py --manifest instances_manifest.csv --family forbidden --solver sat_all --objective-mode bg_d2 --domain-mode both --domain-filter-graph both --precedence-encoding both --precedence-graph both --encoding-variant imp12+ --sat-backend cadical --maxsat-backend uwrmaxsat --uwrmaxsat-bin /home/g24021555/uwrmaxsat/build/release/bin/uwrmaxsat --timeout 7200 --csv output/full_matrix_bg_d2_forbidden.csv,/home/g24021555/uwrmaxsat/build/release/bin/uwrmaxsat,8c68c8a386d3d7847b50d315143c2bab60e3514e59510e84a649db83cb303876,/home/g24021555/uwrmaxsat/build/release/bin/uwrmaxsat -m /tmp/b2b_uwrmaxsat__svlev32/tic-12.forb0003.wcnf,,process exit code=20,,,maxsat,uwrmaxsat,,/home/g24021555/uwrmaxsat/build/release/bin/uwrmaxsat,staircase,sparse_suffix+distance_closure,,39,"1,2,3,4,5,6,7,8,9,10,11,12,13,14,15,16,17,18,19,20,21,22,23,24,25,26,27,28,29,30,31,32,33,34,35,36,39,41,42",992,8,7,7,,,,,"journal objective family: bg_d2 | F-selected distance-labelled E* domain propagation and cycle detection | precedence configuration: F=distance_closure, P=sparse_suffix, G=distance_closure | Reduced Domain variables after unary filtering + matching GAC + slot saturation | (20),(22)-(27) exactly once over reduced domains | (19) participant atMost-one per slot | (46),(47) clustered table capacity with compact forward channeling | (28) SparseSuffix precedence over distance_closure distance-labelled relations | exact break-group ends and unary break-group thresholds | exact schedule <-> usedSlot channeling | (43) exactly |Mp| reduced usedSlot variables | (44) atMost 2|L| busy participants per slot | (45) exact even number of busy participants | historical hard cap Delta_G <= 2",,,result
,,,,,,,,,forum-13.forb0003,b2b-86c3fb70b217e535,b2b-lineage-forum-13,forbidden,F-PW-DE-ST-BGD2-IS-CD-IC12P,Full,Filter-E*,Pairwise,Direct-E,SpanThreshold,BreakGroupsD2,IncrementalSAT,IC12+,OPTIMAL,SAT,0,0,bg_d2,0,0,0,,,,,3.298855,False,210.793,,,,Compact,Compact/Full,project_implementation,incremental multi-phase SAT with persistent solver state,152171,,,,,,,308318,0,308318,3234,148937,872991,59,cfg5__m-full__p-pairwise__g-direct__b-span_threshold__o-break_groups_d2__s-incrementalsat__i-imp12plus__backend-cadical,cfg5__m-full__p-pairwise__g-direct__b-span_threshold__o-break_groups_d2__s-incrementalsat__i-imp12plus__backend-cadical,full,distance_closure,pairwise,direct,IncrementalSAT,CaDiCaL,1.5.3,imp12+,span_threshold,total_break_groups_subject_to_range_at_most_2,BGD2,IC12P,872991,0,0,1117,118077,126112,63012,,0,580,6,,,,,,1,3656,28186,80366,28186,2.623592042000382,5,"formalism-specific model size: SAT/MaxSAT reports base CNF and soft clauses, MIP reports variables/linear constraints/nonzeros, and CP reports integer variables plus linear/global constraints; SAT bound/totalizer overhead remains separate in optimizer_added_*",3234,2446,2446,3234,0,0,0,0,0,0,0,1,0.075932,0.002103,0.413886,,0.415989,2.882866,"wall-clock from immediately before reading/parsing the .dzn instance through model construction, optimization, solution decoding, and independent validation; excludes worker-process startup and result-file export",0,0,0,0,0,"0,0,0,0,0,0,0,0,0,0,0,0,0,0,0,0,0,0,0,0,0,0,0,0,0,0,0,0,0,0,0,0,0,0,0,0,0,0,0,0,0,0,0,0,0,0,0,0,0,0,0,0,0,0,0,0,0,0,0,0,0,0,0,0,0,0,0,0,0,0",peak_process_tree_rss_mb,86c3fb70b217e535b344f6045cbf3e122be256f047e04a7bc4e9f1a0c2e0e4dd,forb0003,data_table06_forb/forum-13.forb0003.dzn,2,../noves/forum-13.forb0003.dzn | ../noves/ticf-13crafa.forb0003.dzn,2,data_table06_forb/forum-13.forb0003.dzn | data_table06_forb/ticf-13crafa.forb0003.dzn,https://imae.udg.edu/Recerca/LAI/,https://ima.udg.edu/Recerca/lai/b2b/b2b.zip,ee1f440ab3f6db27ab712300ad3a54a31ffd5ec1e06f81a9ac37cb7202c56528,2026-08-10T10:42:19+00:00,7200.0,,ee80a6fbd8b513f7c010668495c39621a371266a,True,3.10.12,1.8.dev25,instance-20260810-085803,Linux-6.8.0-1064-gcp-x86_64-with-glibc2.35,x86_64,4,8,15988.059,1,0,/home/g24021555/Business-Meeting-Scheduling-Problem/.venv/bin/python3 /home/g24021555/Business-Meeting-Scheduling-Problem/src/Main.py --manifest instances_manifest.csv --family forbidden --solver sat_all --objective-mode bg_d2 --domain-mode both --domain-filter-graph both --precedence-encoding both --precedence-graph both --encoding-variant imp12+ --sat-backend cadical --maxsat-backend uwrmaxsat --uwrmaxsat-bin /home/g24021555/uwrmaxsat/build/release/bin/uwrmaxsat --timeout 7200 --csv output/full_matrix_bg_d2_forbidden.csv,,,,,,,,incremental,,cadical,,traditional,pairwise+direct,0,58,"1,2,3,4,5,6,7,8,9,10,11,12,13,14,15,16,18,19,23,24,25,26,27,28,29,30,31,32,33,34,35,36,37,38,39,40,41,42,44,45,46,47,48,49,50,52,53,54,56,57,59,60,62,63,64,65,66,70",2446,788,0,0,"0,0,0,0,0,0,0,0,0,0,0,0,0,0,0,0,0,0,0,0,0,0,0,0,0,0,0,0,0,0,0,0,0,0,0,0,0,0,0,0,0,0,0,0,0,0,0,0,0,0,0,0,0,0,0,0,0,0,0,0,0,0,0,0,0,0,0,0,0,0","6,10,18,24,28,26,28,28,28,28,28,24,18,8,4,2,0,0,0,0,0","6,11,7,8,12,5,4,10,9,14,1,2,6,7,8,4,5,3,5,7,3,2,4,6,7,5,10,9,7,11,6,5,8,12,9,13,7,8,11,10,13,12,14,16,15,2,5,4,4,3,10,8,9,5,11,7,6,11,13,12,10,3,9,13,12,10,11,6,9,8,3,7,10,12,4,11,5,9,3,11,12,13,7,6,8,10,4,5,8,13,6,7,4,10,12,11,5,9,12,11,10,9,13,8,8,4,1,2,9,3,6,7,5,4,12,11,5,6,8,10,9,5,6,13,14,9,11,8,4,3,12,10,7,7,14,5,11,6,4,15,13,8,1,12,3,10,9,2,10,7,6,11,9,8",1:M11 M107 M143 | 2:M12 M22 M46 M108 M148 | 3:M18 M21 M50 M62 M71 M79 M110 M130 M145 | 4:M7 M16 M23 M48 M49 M75 M87 M93 M106 M114 M129 M139 | 5:M6 M17 M19 M26 M32 M47 M54 M77 M88 M97 M113 M117 M122 M136 | 6:M1 M13 M24 M31 M57 M68 M84 M91 M111 M118 M123 M138 M151 | 7:M3 M14 M20 M25 M29 M37 M56 M72 M83 M92 M112 M133 M134 M150 | 8:M4 M15 M33 M38 M52 M70 M85 M89 M104 M105 M119 M128 M142 M154 | 9:M9 M28 M35 M53 M63 M69 M78 M98 M102 M109 M121 M126 M147 M153 | 10:M8 M27 M40 M51 M61 M66 M73 M86 M94 M101 M120 M132 M146 M149 | 11:M2 M30 M39 M55 M58 M67 M76 M80 M96 M100 M116 M127 M137 M152 | 12:M5 M34 M42 M60 M65 M74 M81 M95 M99 M115 M131 M144 | 13:M36 M41 M59 M64 M82 M90 M103 M124 M141 | 14:M10 M43 M125 M135 | 15:M45 M140 | 16:M44 | 17: | 18: | 19: | 20: | 21:,"journal objective family: bg_d2 | F-selected distance-labelled E* domain propagation and cycle detection | precedence configuration: F=distance_closure, P=pairwise, G=direct | Full Domain MxT schedule variables + explicit unary exclusions | (20),(22)-(27) exactly once over full domains | (22)-(27) session/fixed/forbidden exclusions as hard unit clauses | (19) participant atMost-one per slot | (46),(47) clustered table capacity with compact forward channeling | (28) Pairwise precedence over direct distance-labelled relations | exact break-group ends and unary break-group thresholds | exact schedule <-> usedSlot channeling | (43) exactly |Mp| full usedSlot variables | (44) atMost 2|L| busy participants per slot | (45) exact even number of busy participants | historical hard cap Delta_G <= 2",0,"(0,)",result
,,,,,,,,,forum-13.forb0003,b2b-86c3fb70b217e535,b2b-lineage-forum-13,forbidden,F-PW-DE-ST-BGD2-NIS-CD-IC12P,Full,Filter-E*,Pairwise,Direct-E,SpanThreshold,BreakGroupsD2,NonIncrementalSAT,IC12+,OPTIMAL,SAT,0,0,bg_d2,0,0,0,,,,,6.298731,False,228.277,,,,Compact,Compact/Full,project_implementation,restart-based multi-phase SAT,152171,,,,,,,308318,0,308318,3234,148937,872991,59,cfg5__m-full__p-pairwise__g-direct__b-span_threshold__o-break_groups_d2__s-nonincrementalsat__i-imp12plus__backend-cadical,cfg5__m-full__p-pairwise__g-direct__b-span_threshold__o-break_groups_d2__s-nonincrementalsat__i-imp12plus__backend-cadical,full,distance_closure,pairwise,direct,NonIncrementalSAT,CaDiCaL,1.5.3,imp12+,span_threshold,total_break_groups_subject_to_range_at_most_2,BGD2,IC12P,872991,0,0,1117,118077,126112,63012,,0,580,6,,,,,,6,11739,24016,59212,44052,5.622685451000507,5,"formalism-specific model size: SAT/MaxSAT reports base CNF and soft clauses, MIP reports variables/linear constraints/nonzeros, and CP reports integer variables plus linear/global constraints; SAT bound/totalizer overhead remains separate in optimizer_added_*",3234,2446,2446,3234,0,0,0,0,0,0,0,1,0.074792,0.00213,0.405317,,0.407447,5.891284,"wall-clock from immediately before reading/parsing the .dzn instance through model construction, optimization, solution decoding, and independent validation; excludes worker-process startup and result-file export",0,0,0,0,0,"0,0,0,0,0,0,0,0,0,0,0,0,0,0,0,0,0,0,0,0,0,0,0,0,0,0,0,0,0,0,0,0,0,0,0,0,0,0,0,0,0,0,0,0,0,0,0,0,0,0,0,0,0,0,0,0,0,0,0,0,0,0,0,0,0,0,0,0,0,0",peak_process_tree_rss_mb,86c3fb70b217e535b344f6045cbf3e122be256f047e04a7bc4e9f1a0c2e0e4dd,forb0003,data_table06_forb/forum-13.forb0003.dzn,2,../noves/forum-13.forb0003.dzn | ../noves/ticf-13crafa.forb0003.dzn,2,data_table06_forb/forum-13.forb0003.dzn | data_table06_forb/ticf-13crafa.forb0003.dzn,https://imae.udg.edu/Recerca/LAI/,https://ima.udg.edu/Recerca/lai/b2b/b2b.zip,ee1f440ab3f6db27ab712300ad3a54a31ffd5ec1e06f81a9ac37cb7202c56528,2026-08-10T10:42:19+00:00,7200.0,,ee80a6fbd8b513f7c010668495c39621a371266a,True,3.10.12,1.8.dev25,instance-20260810-085803,Linux-6.8.0-1064-gcp-x86_64-with-glibc2.35,x86_64,4,8,15988.059,1,0,/home/g24021555/Business-Meeting-Scheduling-Problem/.venv/bin/python3 /home/g24021555/Business-Meeting-Scheduling-Problem/src/Main.py --manifest instances_manifest.csv --family forbidden --solver sat_all --objective-mode bg_d2 --domain-mode both --domain-filter-graph both --precedence-encoding both --precedence-graph both --encoding-variant imp12+ --sat-backend cadical --maxsat-backend uwrmaxsat --uwrmaxsat-bin /home/g24021555/uwrmaxsat/build/release/bin/uwrmaxsat --timeout 7200 --csv output/full_matrix_bg_d2_forbidden.csv,,,,,,,,multiple,,cadical,,traditional,pairwise+direct,0,58,"1,2,3,4,5,6,7,8,9,10,11,12,13,14,15,16,18,19,23,24,25,26,27,28,29,30,31,32,33,34,35,36,37,38,39,40,41,42,44,45,46,47,48,49,50,52,53,54,56,57,59,60,62,63,64,65,66,70",2446,788,0,0,"0,0,0,0,0,0,0,0,0,0,0,0,0,0,0,0,0,0,0,0,0,0,0,0,0,0,0,0,0,0,0,0,0,0,0,0,0,0,0,0,0,0,0,0,0,0,0,0,0,0,0,0,0,0,0,0,0,0,0,0,0,0,0,0,0,0,0,0,0,0","2,10,18,24,26,28,28,28,28,28,26,26,20,8,4,4,0,0,0,0,0","5,9,12,10,13,7,6,11,8,14,4,7,6,3,2,1,5,8,6,7,3,2,5,4,8,6,12,11,9,10,6,8,7,8,11,12,9,7,10,13,12,13,14,16,15,5,4,9,5,7,10,6,11,4,9,12,8,11,12,10,13,3,7,3,4,6,5,13,10,9,8,11,5,7,6,4,12,9,4,12,11,13,8,3,10,6,7,5,3,10,6,4,2,5,11,9,7,8,12,8,10,13,11,9,10,2,6,9,4,7,8,3,5,5,12,6,7,11,4,10,9,5,9,13,14,11,4,7,10,6,12,3,8,4,11,9,12,7,3,15,10,13,6,2,8,14,5,16,11,8,10,13,12,9",1:M16 | 2:M15 M22 M93 M106 M144 | 3:M14 M21 M62 M64 M84 M89 M112 M132 M139 | 4:M11 M24 M47 M54 M65 M76 M79 M92 M109 M119 M127 M134 | 5:M1 M17 M23 M46 M49 M67 M73 M88 M94 M113 M114 M122 M147 | 6:M7 M13 M19 M26 M31 M52 M66 M75 M86 M91 M107 M116 M130 M143 | 7:M6 M12 M20 M33 M38 M50 M63 M74 M87 M97 M110 M117 M128 M138 | 8:M9 M18 M25 M32 M34 M57 M71 M83 M98 M100 M111 M133 M145 M150 | 9:M2 M29 M37 M48 M55 M70 M78 M96 M104 M108 M121 M123 M136 M154 | 10:M4 M30 M39 M51 M60 M69 M85 M90 M101 M105 M120 M129 M141 M151 | 11:M8 M28 M35 M53 M58 M72 M81 M95 M103 M118 M126 M135 M149 | 12:M3 M27 M36 M41 M56 M59 M77 M80 M99 M115 M131 M137 M153 | 13:M5 M40 M42 M61 M68 M82 M102 M124 M142 M152 | 14:M10 M43 M125 M146 | 15:M45 M140 | 16:M44 M148 | 17: | 18: | 19: | 20: | 21:,"journal objective family: bg_d2 | F-selected distance-labelled E* domain propagation and cycle detection | precedence configuration: F=distance_closure, P=pairwise, G=direct | Full Domain MxT schedule variables + explicit unary exclusions | (20),(22)-(27) exactly once over full domains | (22)-(27) session/fixed/forbidden exclusions as hard unit clauses | (19) participant atMost-one per slot | (46),(47) clustered table capacity with compact forward channeling | (28) Pairwise precedence over direct distance-labelled relations | exact break-group ends and unary break-group thresholds | exact schedule <-> usedSlot channeling | (43) exactly |Mp| full usedSlot variables | (44) atMost 2|L| busy participants per slot | (45) exact even number of busy participants | historical hard cap Delta_G <= 2",0,"(0,)",result
,,,,,,,,,forum-13.forb0003,b2b-86c3fb70b217e535,b2b-lineage-forum-13,forbidden,F-PW-DE-ST-BGD2-UW-IC12P,Full,Filter-E*,Pairwise,Direct-E,SpanThreshold,BreakGroupsD2,UWrMaxSAT,IC12+,OPTIMAL,SAT,0,0,bg_d2,0,0,0,,,0,1,4.397786,False,254.578,,,,Compact,Compact/Full,project_implementation,one-shot weighted MaxSAT,152171,,,,,,,308318,580,308898,3234,148937,873571,59,cfg5__m-full__p-pairwise__g-direct__b-span_threshold__o-break_groups_d2__s-uwrmaxsat__i-imp12plus__backend-uwrmaxsat,cfg5__m-full__p-pairwise__g-direct__b-span_threshold__o-break_groups_d2__s-uwrmaxsat__i-imp12plus__backend-uwrmaxsat,full,distance_closure,pairwise,direct,UWrMaxSAT,UWrMaxSAT,binary-sha256:8c68c8a386d3d7847b50d315143c2bab60e3514e59510e84a649db83cb303876,imp12+,span_threshold,total_break_groups_subject_to_range_at_most_2,BGD2,IC12P,872991,580,1,1117,118077,126112,63012,1,580,580,1,,,,,,0,0,0,0,0,,,"formalism-specific model size: SAT/MaxSAT reports base CNF and soft clauses, MIP reports variables/linear constraints/nonzeros, and CP reports integer variables plus linear/global constraints; SAT bound/totalizer overhead remains separate in optimizer_added_*",3234,2446,2446,3234,0,0,0,0,0,0,0,1,0.074633,0.00235,0.406799,,0.409149,3.988638,"wall-clock from immediately before reading/parsing the .dzn instance through model construction, optimization, solution decoding, and independent validation; excludes worker-process startup and result-file export",0,0,0,0,0,"0,0,0,0,0,0,0,0,0,0,0,0,0,0,0,0,0,0,0,0,0,0,0,0,0,0,0,0,0,0,0,0,0,0,0,0,0,0,0,0,0,0,0,0,0,0,0,0,0,0,0,0,0,0,0,0,0,0,0,0,0,0,0,0,0,0,0,0,0,0",peak_process_tree_rss_mb,86c3fb70b217e535b344f6045cbf3e122be256f047e04a7bc4e9f1a0c2e0e4dd,forb0003,data_table06_forb/forum-13.forb0003.dzn,2,../noves/forum-13.forb0003.dzn | ../noves/ticf-13crafa.forb0003.dzn,2,data_table06_forb/forum-13.forb0003.dzn | data_table06_forb/ticf-13crafa.forb0003.dzn,https://imae.udg.edu/Recerca/LAI/,https://ima.udg.edu/Recerca/lai/b2b/b2b.zip,ee1f440ab3f6db27ab712300ad3a54a31ffd5ec1e06f81a9ac37cb7202c56528,2026-08-10T10:42:19+00:00,7200.0,,ee80a6fbd8b513f7c010668495c39621a371266a,True,3.10.12,1.8.dev25,instance-20260810-085803,Linux-6.8.0-1064-gcp-x86_64-with-glibc2.35,x86_64,4,8,15988.059,1,0,/home/g24021555/Business-Meeting-Scheduling-Problem/.venv/bin/python3 /home/g24021555/Business-Meeting-Scheduling-Problem/src/Main.py --manifest instances_manifest.csv --family forbidden --solver sat_all --objective-mode bg_d2 --domain-mode both --domain-filter-graph both --precedence-encoding both --precedence-graph both --encoding-variant imp12+ --sat-backend cadical --maxsat-backend uwrmaxsat --uwrmaxsat-bin /home/g24021555/uwrmaxsat/build/release/bin/uwrmaxsat --timeout 7200 --csv output/full_matrix_bg_d2_forbidden.csv,/home/g24021555/uwrmaxsat/build/release/bin/uwrmaxsat,8c68c8a386d3d7847b50d315143c2bab60e3514e59510e84a649db83cb303876,/home/g24021555/uwrmaxsat/build/release/bin/uwrmaxsat -m /tmp/b2b_uwrmaxsat_ywsee4l3/forum-13.forb0003.wcnf,,process exit code=30,,,maxsat,uwrmaxsat,,/home/g24021555/uwrmaxsat/build/release/bin/uwrmaxsat,traditional,pairwise+direct,0,58,"1,2,3,4,5,6,7,8,9,10,11,12,13,14,15,16,18,19,23,24,25,26,27,28,29,30,31,32,33,34,35,36,37,38,39,40,41,42,44,45,46,47,48,49,50,52,53,54,56,57,59,60,62,63,64,65,66,70",2446,788,0,0,"0,0,0,0,0,0,0,0,0,0,0,0,0,0,0,0,0,0,0,0,0,0,0,0,0,0,0,0,0,0,0,0,0,0,0,0,0,0,0,0,0,0,0,0,0,0,0,0,0,0,0,0,0,0,0,0,0,0,0,0,0,0,0,0,0,0,0,0,0,0","8,14,20,22,26,28,28,28,28,26,22,22,20,8,6,2,0,0,0,0,0","6,10,11,9,12,5,7,13,8,14,4,6,7,8,3,5,1,2,4,6,2,3,5,7,3,6,11,10,7,9,6,8,5,12,8,13,9,10,11,7,12,13,14,16,15,2,4,3,4,6,7,1,3,2,9,8,5,11,12,10,9,3,7,5,6,8,4,7,12,10,8,13,5,9,4,6,11,10,7,12,11,13,8,3,6,5,9,4,5,8,9,6,3,1,10,4,2,7,12,10,13,11,9,8,9,5,7,3,2,6,4,8,10,9,6,10,5,12,11,7,13,5,4,15,14,7,6,9,13,11,10,12,8,3,9,8,14,2,7,13,5,11,1,4,6,12,10,15,11,8,10,13,12,9",1:M17 M52 M94 M143 | 2:M18 M21 M46 M54 M97 M109 M138 | 3:M15 M22 M25 M48 M53 M62 M84 M93 M108 M134 | 4:M11 M19 M47 M49 M67 M75 M88 M96 M111 M123 M144 | 5:M6 M16 M23 M33 M57 M64 M73 M86 M89 M106 M117 M122 M141 | 6:M1 M12 M20 M26 M31 M50 M65 M76 M85 M92 M110 M115 M127 M145 | 7:M7 M13 M24 M29 M40 M51 M63 M68 M79 M98 M107 M120 M126 M139 | 8:M9 M14 M32 M35 M56 M66 M71 M83 M90 M104 M112 M133 M136 M150 | 9:M4 M30 M37 M55 M61 M74 M87 M91 M103 M105 M114 M128 M135 M154 | 10:M2 M28 M38 M60 M70 M78 M95 M100 M113 M116 M131 M147 M151 | 11:M3 M27 M39 M58 M77 M81 M102 M119 M130 M142 M149 | 12:M5 M34 M41 M59 M69 M80 M99 M118 M132 M146 M153 | 13:M8 M36 M42 M72 M82 M101 M121 M129 M140 M152 | 14:M10 M43 M125 M137 | 15:M45 M124 M148 | 16:M44 | 17: | 18: | 19: | 20: | 21:,"journal objective family: bg_d2 | F-selected distance-labelled E* domain propagation and cycle detection | precedence configuration: F=distance_closure, P=pairwise, G=direct | Full Domain MxT schedule variables + explicit unary exclusions | (20),(22)-(27) exactly once over full domains | (22)-(27) session/fixed/forbidden exclusions as hard unit clauses | (19) participant atMost-one per slot | (46),(47) clustered table capacity with compact forward channeling | (28) Pairwise precedence over direct distance-labelled relations | exact break-group ends and unary break-group thresholds | exact schedule <-> usedSlot channeling | (43) exactly |Mp| full usedSlot variables | (44) atMost 2|L| busy participants per slot | (45) exact even number of busy participants | historical hard cap Delta_G <= 2",,,result
,,,,,,,,,forum-13.forb0003,b2b-86c3fb70b217e535,b2b-lineage-forum-13,forbidden,F-PW-DC-ST-BGD2-IS-CD-IC12P,Full,Filter-E*,Pairwise,DistanceClosure-E*,SpanThreshold,BreakGroupsD2,IncrementalSAT,IC12+,OPTIMAL,SAT,0,0,bg_d2,0,0,0,,,,,3.390504,False,211.223,,,,Compact,Compact/Full,project_implementation,incremental multi-phase SAT with persistent solver state,152171,,,,,,,308318,0,308318,3234,148937,872991,59,cfg5__m-full__p-pairwise__g-distance_closure__b-span_threshold__o-break_groups_d2__s-incrementalsat__i-imp12plus__backend-cadical,cfg5__m-full__p-pairwise__g-distance_closure__b-span_threshold__o-break_groups_d2__s-incrementalsat__i-imp12plus__backend-cadical,full,distance_closure,pairwise,distance_closure,IncrementalSAT,CaDiCaL,1.5.3,imp12+,span_threshold,total_break_groups_subject_to_range_at_most_2,BGD2,IC12P,872991,0,0,1117,118077,126112,63012,,0,580,6,,,,,,1,3656,28186,80366,28186,2.700015354000243,5,"formalism-specific model size: SAT/MaxSAT reports base CNF and soft clauses, MIP reports variables/linear constraints/nonzeros, and CP reports integer variables plus linear/global constraints; SAT bound/totalizer overhead remains separate in optimizer_added_*",3234,2446,2446,3234,0,0,0,0,0,0,0,1,0.077975,0.002146,0.425176,,0.427323,2.963181,"wall-clock from immediately before reading/parsing the .dzn instance through model construction, optimization, solution decoding, and independent validation; excludes worker-process startup and result-file export",0,0,0,0,0,"0,0,0,0,0,0,0,0,0,0,0,0,0,0,0,0,0,0,0,0,0,0,0,0,0,0,0,0,0,0,0,0,0,0,0,0,0,0,0,0,0,0,0,0,0,0,0,0,0,0,0,0,0,0,0,0,0,0,0,0,0,0,0,0,0,0,0,0,0,0",peak_process_tree_rss_mb,86c3fb70b217e535b344f6045cbf3e122be256f047e04a7bc4e9f1a0c2e0e4dd,forb0003,data_table06_forb/forum-13.forb0003.dzn,2,../noves/forum-13.forb0003.dzn | ../noves/ticf-13crafa.forb0003.dzn,2,data_table06_forb/forum-13.forb0003.dzn | data_table06_forb/ticf-13crafa.forb0003.dzn,https://imae.udg.edu/Recerca/LAI/,https://ima.udg.edu/Recerca/lai/b2b/b2b.zip,ee1f440ab3f6db27ab712300ad3a54a31ffd5ec1e06f81a9ac37cb7202c56528,2026-08-10T10:42:19+00:00,7200.0,,ee80a6fbd8b513f7c010668495c39621a371266a,True,3.10.12,1.8.dev25,instance-20260810-085803,Linux-6.8.0-1064-gcp-x86_64-with-glibc2.35,x86_64,4,8,15988.059,1,0,/home/g24021555/Business-Meeting-Scheduling-Problem/.venv/bin/python3 /home/g24021555/Business-Meeting-Scheduling-Problem/src/Main.py --manifest instances_manifest.csv --family forbidden --solver sat_all --objective-mode bg_d2 --domain-mode both --domain-filter-graph both --precedence-encoding both --precedence-graph both --encoding-variant imp12+ --sat-backend cadical --maxsat-backend uwrmaxsat --uwrmaxsat-bin /home/g24021555/uwrmaxsat/build/release/bin/uwrmaxsat --timeout 7200 --csv output/full_matrix_bg_d2_forbidden.csv,,,,,,,,incremental,,cadical,,factorial,pairwise+distance_closure,0,58,"1,2,3,4,5,6,7,8,9,10,11,12,13,14,15,16,18,19,23,24,25,26,27,28,29,30,31,32,33,34,35,36,37,38,39,40,41,42,44,45,46,47,48,49,50,52,53,54,56,57,59,60,62,63,64,65,66,70",2446,788,0,0,"0,0,0,0,0,0,0,0,0,0,0,0,0,0,0,0,0,0,0,0,0,0,0,0,0,0,0,0,0,0,0,0,0,0,0,0,0,0,0,0,0,0,0,0,0,0,0,0,0,0,0,0,0,0,0,0,0,0,0,0,0,0,0,0,0,0,0,0,0,0","6,10,18,24,28,26,28,28,28,28,28,24,18,8,4,2,0,0,0,0,0","6,11,7,8,12,5,4,10,9,14,1,2,6,7,8,4,5,3,5,7,3,2,4,6,7,5,10,9,7,11,6,5,8,12,9,13,7,8,11,10,13,12,14,16,15,2,5,4,4,3,10,8,9,5,11,7,6,11,13,12,10,3,9,13,12,10,11,6,9,8,3,7,10,12,4,11,5,9,3,11,12,13,7,6,8,10,4,5,8,13,6,7,4,10,12,11,5,9,12,11,10,9,13,8,8,4,1,2,9,3,6,7,5,4,12,11,5,6,8,10,9,5,6,13,14,9,11,8,4,3,12,10,7,7,14,5,11,6,4,15,13,8,1,12,3,10,9,2,10,7,6,11,9,8",1:M11 M107 M143 | 2:M12 M22 M46 M108 M148 | 3:M18 M21 M50 M62 M71 M79 M110 M130 M145 | 4:M7 M16 M23 M48 M49 M75 M87 M93 M106 M114 M129 M139 | 5:M6 M17 M19 M26 M32 M47 M54 M77 M88 M97 M113 M117 M122 M136 | 6:M1 M13 M24 M31 M57 M68 M84 M91 M111 M118 M123 M138 M151 | 7:M3 M14 M20 M25 M29 M37 M56 M72 M83 M92 M112 M133 M134 M150 | 8:M4 M15 M33 M38 M52 M70 M85 M89 M104 M105 M119 M128 M142 M154 | 9:M9 M28 M35 M53 M63 M69 M78 M98 M102 M109 M121 M126 M147 M153 | 10:M8 M27 M40 M51 M61 M66 M73 M86 M94 M101 M120 M132 M146 M149 | 11:M2 M30 M39 M55 M58 M67 M76 M80 M96 M100 M116 M127 M137 M152 | 12:M5 M34 M42 M60 M65 M74 M81 M95 M99 M115 M131 M144 | 13:M36 M41 M59 M64 M82 M90 M103 M124 M141 | 14:M10 M43 M125 M135 | 15:M45 M140 | 16:M44 | 17: | 18: | 19: | 20: | 21:,"journal objective family: bg_d2 | F-selected distance-labelled E* domain propagation and cycle detection | precedence configuration: F=distance_closure, P=pairwise, G=distance_closure | Full Domain MxT schedule variables + explicit unary exclusions | (20),(22)-(27) exactly once over full domains | (22)-(27) session/fixed/forbidden exclusions as hard unit clauses | (19) participant atMost-one per slot | (46),(47) clustered table capacity with compact forward channeling | (28) Pairwise precedence over distance_closure distance-labelled relations | exact break-group ends and unary break-group thresholds | exact schedule <-> usedSlot channeling | (43) exactly |Mp| full usedSlot variables | (44) atMost 2|L| busy participants per slot | (45) exact even number of busy participants | historical hard cap Delta_G <= 2",0,"(0,)",result
,,,,,,,,,forum-13.forb0003,b2b-86c3fb70b217e535,b2b-lineage-forum-13,forbidden,F-PW-DC-ST-BGD2-NIS-CD-IC12P,Full,Filter-E*,Pairwise,DistanceClosure-E*,SpanThreshold,BreakGroupsD2,NonIncrementalSAT,IC12+,OPTIMAL,SAT,0,0,bg_d2,0,0,0,,,,,6.557782,False,226.297,,,,Compact,Compact/Full,project_implementation,restart-based multi-phase SAT,152171,,,,,,,308318,0,308318,3234,148937,872991,59,cfg5__m-full__p-pairwise__g-distance_closure__b-span_threshold__o-break_groups_d2__s-nonincrementalsat__i-imp12plus__backend-cadical,cfg5__m-full__p-pairwise__g-distance_closure__b-span_threshold__o-break_groups_d2__s-nonincrementalsat__i-imp12plus__backend-cadical,full,distance_closure,pairwise,distance_closure,NonIncrementalSAT,CaDiCaL,1.5.3,imp12+,span_threshold,total_break_groups_subject_to_range_at_most_2,BGD2,IC12P,872991,0,0,1117,118077,126112,63012,,0,580,6,,,,,,6,11739,24016,59212,44052,5.85146401899965,5,"formalism-specific model size: SAT/MaxSAT reports base CNF and soft clauses, MIP reports variables/linear constraints/nonzeros, and CP reports integer variables plus linear/global constraints; SAT bound/totalizer overhead remains separate in optimizer_added_*",3234,2446,2446,3234,0,0,0,0,0,0,0,1,0.077083,0.002145,0.425659,,0.427805,6.129978,"wall-clock from immediately before reading/parsing the .dzn instance through model construction, optimization, solution decoding, and independent validation; excludes worker-process startup and result-file export",0,0,0,0,0,"0,0,0,0,0,0,0,0,0,0,0,0,0,0,0,0,0,0,0,0,0,0,0,0,0,0,0,0,0,0,0,0,0,0,0,0,0,0,0,0,0,0,0,0,0,0,0,0,0,0,0,0,0,0,0,0,0,0,0,0,0,0,0,0,0,0,0,0,0,0",peak_process_tree_rss_mb,86c3fb70b217e535b344f6045cbf3e122be256f047e04a7bc4e9f1a0c2e0e4dd,forb0003,data_table06_forb/forum-13.forb0003.dzn,2,../noves/forum-13.forb0003.dzn | ../noves/ticf-13crafa.forb0003.dzn,2,data_table06_forb/forum-13.forb0003.dzn | data_table06_forb/ticf-13crafa.forb0003.dzn,https://imae.udg.edu/Recerca/LAI/,https://ima.udg.edu/Recerca/lai/b2b/b2b.zip,ee1f440ab3f6db27ab712300ad3a54a31ffd5ec1e06f81a9ac37cb7202c56528,2026-08-10T10:42:19+00:00,7200.0,,ee80a6fbd8b513f7c010668495c39621a371266a,True,3.10.12,1.8.dev25,instance-20260810-085803,Linux-6.8.0-1064-gcp-x86_64-with-glibc2.35,x86_64,4,8,15988.059,1,0,/home/g24021555/Business-Meeting-Scheduling-Problem/.venv/bin/python3 /home/g24021555/Business-Meeting-Scheduling-Problem/src/Main.py --manifest instances_manifest.csv --family forbidden --solver sat_all --objective-mode bg_d2 --domain-mode both --domain-filter-graph both --precedence-encoding both --precedence-graph both --encoding-variant imp12+ --sat-backend cadical --maxsat-backend uwrmaxsat --uwrmaxsat-bin /home/g24021555/uwrmaxsat/build/release/bin/uwrmaxsat --timeout 7200 --csv output/full_matrix_bg_d2_forbidden.csv,,,,,,,,multiple,,cadical,,factorial,pairwise+distance_closure,0,58,"1,2,3,4,5,6,7,8,9,10,11,12,13,14,15,16,18,19,23,24,25,26,27,28,29,30,31,32,33,34,35,36,37,38,39,40,41,42,44,45,46,47,48,49,50,52,53,54,56,57,59,60,62,63,64,65,66,70",2446,788,0,0,"0,0,0,0,0,0,0,0,0,0,0,0,0,0,0,0,0,0,0,0,0,0,0,0,0,0,0,0,0,0,0,0,0,0,0,0,0,0,0,0,0,0,0,0,0,0,0,0,0,0,0,0,0,0,0,0,0,0,0,0,0,0,0,0,0,0,0,0,0,0","2,10,18,24,26,28,28,28,28,28,26,26,20,8,4,4,0,0,0,0,0","5,9,12,10,13,7,6,11,8,14,4,7,6,3,2,1,5,8,6,7,3,2,5,4,8,6,12,11,9,10,6,8,7,8,11,12,9,7,10,13,12,13,14,16,15,5,4,9,5,7,10,6,11,4,9,12,8,11,12,10,13,3,7,3,4,6,5,13,10,9,8,11,5,7,6,4,12,9,4,12,11,13,8,3,10,6,7,5,3,10,6,4,2,5,11,9,7,8,12,8,10,13,11,9,10,2,6,9,4,7,8,3,5,5,12,6,7,11,4,10,9,5,9,13,14,11,4,7,10,6,12,3,8,4,11,9,12,7,3,15,10,13,6,2,8,14,5,16,11,8,10,13,12,9",1:M16 | 2:M15 M22 M93 M106 M144 | 3:M14 M21 M62 M64 M84 M89 M112 M132 M139 | 4:M11 M24 M47 M54 M65 M76 M79 M92 M109 M119 M127 M134 | 5:M1 M17 M23 M46 M49 M67 M73 M88 M94 M113 M114 M122 M147 | 6:M7 M13 M19 M26 M31 M52 M66 M75 M86 M91 M107 M116 M130 M143 | 7:M6 M12 M20 M33 M38 M50 M63 M74 M87 M97 M110 M117 M128 M138 | 8:M9 M18 M25 M32 M34 M57 M71 M83 M98 M100 M111 M133 M145 M150 | 9:M2 M29 M37 M48 M55 M70 M78 M96 M104 M108 M121 M123 M136 M154 | 10:M4 M30 M39 M51 M60 M69 M85 M90 M101 M105 M120 M129 M141 M151 | 11:M8 M28 M35 M53 M58 M72 M81 M95 M103 M118 M126 M135 M149 | 12:M3 M27 M36 M41 M56 M59 M77 M80 M99 M115 M131 M137 M153 | 13:M5 M40 M42 M61 M68 M82 M102 M124 M142 M152 | 14:M10 M43 M125 M146 | 15:M45 M140 | 16:M44 M148 | 17: | 18: | 19: | 20: | 21:,"journal objective family: bg_d2 | F-selected distance-labelled E* domain propagation and cycle detection | precedence configuration: F=distance_closure, P=pairwise, G=distance_closure | Full Domain MxT schedule variables + explicit unary exclusions | (20),(22)-(27) exactly once over full domains | (22)-(27) session/fixed/forbidden exclusions as hard unit clauses | (19) participant atMost-one per slot | (46),(47) clustered table capacity with compact forward channeling | (28) Pairwise precedence over distance_closure distance-labelled relations | exact break-group ends and unary break-group thresholds | exact schedule <-> usedSlot channeling | (43) exactly |Mp| full usedSlot variables | (44) atMost 2|L| busy participants per slot | (45) exact even number of busy participants | historical hard cap Delta_G <= 2",0,"(0,)",result
,,,,,,,,,forum-13.forb0003,b2b-86c3fb70b217e535,b2b-lineage-forum-13,forbidden,F-PW-DC-ST-BGD2-UW-IC12P,Full,Filter-E*,Pairwise,DistanceClosure-E*,SpanThreshold,BreakGroupsD2,UWrMaxSAT,IC12+,OPTIMAL,SAT,0,0,bg_d2,0,0,0,,,0,1,4.489739,False,254.672,,,,Compact,Compact/Full,project_implementation,one-shot weighted MaxSAT,152171,,,,,,,308318,580,308898,3234,148937,873571,59,cfg5__m-full__p-pairwise__g-distance_closure__b-span_threshold__o-break_groups_d2__s-uwrmaxsat__i-imp12plus__backend-uwrmaxsat,cfg5__m-full__p-pairwise__g-distance_closure__b-span_threshold__o-break_groups_d2__s-uwrmaxsat__i-imp12plus__backend-uwrmaxsat,full,distance_closure,pairwise,distance_closure,UWrMaxSAT,UWrMaxSAT,binary-sha256:8c68c8a386d3d7847b50d315143c2bab60e3514e59510e84a649db83cb303876,imp12+,span_threshold,total_break_groups_subject_to_range_at_most_2,BGD2,IC12P,872991,580,1,1117,118077,126112,63012,1,580,580,1,,,,,,0,0,0,0,0,,,"formalism-specific model size: SAT/MaxSAT reports base CNF and soft clauses, MIP reports variables/linear constraints/nonzeros, and CP reports integer variables plus linear/global constraints; SAT bound/totalizer overhead remains separate in optimizer_added_*",3234,2446,2446,3234,0,0,0,0,0,0,0,1,0.077258,0.002129,0.421046,,0.423175,4.066564,"wall-clock from immediately before reading/parsing the .dzn instance through model construction, optimization, solution decoding, and independent validation; excludes worker-process startup and result-file export",0,0,0,0,0,"0,0,0,0,0,0,0,0,0,0,0,0,0,0,0,0,0,0,0,0,0,0,0,0,0,0,0,0,0,0,0,0,0,0,0,0,0,0,0,0,0,0,0,0,0,0,0,0,0,0,0,0,0,0,0,0,0,0,0,0,0,0,0,0,0,0,0,0,0,0",peak_process_tree_rss_mb,86c3fb70b217e535b344f6045cbf3e122be256f047e04a7bc4e9f1a0c2e0e4dd,forb0003,data_table06_forb/forum-13.forb0003.dzn,2,../noves/forum-13.forb0003.dzn | ../noves/ticf-13crafa.forb0003.dzn,2,data_table06_forb/forum-13.forb0003.dzn | data_table06_forb/ticf-13crafa.forb0003.dzn,https://imae.udg.edu/Recerca/LAI/,https://ima.udg.edu/Recerca/lai/b2b/b2b.zip,ee1f440ab3f6db27ab712300ad3a54a31ffd5ec1e06f81a9ac37cb7202c56528,2026-08-10T10:42:19+00:00,7200.0,,ee80a6fbd8b513f7c010668495c39621a371266a,True,3.10.12,1.8.dev25,instance-20260810-085803,Linux-6.8.0-1064-gcp-x86_64-with-glibc2.35,x86_64,4,8,15988.059,1,0,/home/g24021555/Business-Meeting-Scheduling-Problem/.venv/bin/python3 /home/g24021555/Business-Meeting-Scheduling-Problem/src/Main.py --manifest instances_manifest.csv --family forbidden --solver sat_all --objective-mode bg_d2 --domain-mode both --domain-filter-graph both --precedence-encoding both --precedence-graph both --encoding-variant imp12+ --sat-backend cadical --maxsat-backend uwrmaxsat --uwrmaxsat-bin /home/g24021555/uwrmaxsat/build/release/bin/uwrmaxsat --timeout 7200 --csv output/full_matrix_bg_d2_forbidden.csv,/home/g24021555/uwrmaxsat/build/release/bin/uwrmaxsat,8c68c8a386d3d7847b50d315143c2bab60e3514e59510e84a649db83cb303876,/home/g24021555/uwrmaxsat/build/release/bin/uwrmaxsat -m /tmp/b2b_uwrmaxsat_m7nxfa_y/forum-13.forb0003.wcnf,,process exit code=30,,,maxsat,uwrmaxsat,,/home/g24021555/uwrmaxsat/build/release/bin/uwrmaxsat,factorial,pairwise+distance_closure,0,58,"1,2,3,4,5,6,7,8,9,10,11,12,13,14,15,16,18,19,23,24,25,26,27,28,29,30,31,32,33,34,35,36,37,38,39,40,41,42,44,45,46,47,48,49,50,52,53,54,56,57,59,60,62,63,64,65,66,70",2446,788,0,0,"0,0,0,0,0,0,0,0,0,0,0,0,0,0,0,0,0,0,0,0,0,0,0,0,0,0,0,0,0,0,0,0,0,0,0,0,0,0,0,0,0,0,0,0,0,0,0,0,0,0,0,0,0,0,0,0,0,0,0,0,0,0,0,0,0,0,0,0,0,0","8,14,20,22,26,28,28,28,28,26,22,22,20,8,6,2,0,0,0,0,0","6,10,11,9,12,5,7,13,8,14,4,6,7,8,3,5,1,2,4,6,2,3,5,7,3,6,11,10,7,9,6,8,5,12,8,13,9,10,11,7,12,13,14,16,15,2,4,3,4,6,7,1,3,2,9,8,5,11,12,10,9,3,7,5,6,8,4,7,12,10,8,13,5,9,4,6,11,10,7,12,11,13,8,3,6,5,9,4,5,8,9,6,3,1,10,4,2,7,12,10,13,11,9,8,9,5,7,3,2,6,4,8,10,9,6,10,5,12,11,7,13,5,4,15,14,7,6,9,13,11,10,12,8,3,9,8,14,2,7,13,5,11,1,4,6,12,10,15,11,8,10,13,12,9",1:M17 M52 M94 M143 | 2:M18 M21 M46 M54 M97 M109 M138 | 3:M15 M22 M25 M48 M53 M62 M84 M93 M108 M134 | 4:M11 M19 M47 M49 M67 M75 M88 M96 M111 M123 M144 | 5:M6 M16 M23 M33 M57 M64 M73 M86 M89 M106 M117 M122 M141 | 6:M1 M12 M20 M26 M31 M50 M65 M76 M85 M92 M110 M115 M127 M145 | 7:M7 M13 M24 M29 M40 M51 M63 M68 M79 M98 M107 M120 M126 M139 | 8:M9 M14 M32 M35 M56 M66 M71 M83 M90 M104 M112 M133 M136 M150 | 9:M4 M30 M37 M55 M61 M74 M87 M91 M103 M105 M114 M128 M135 M154 | 10:M2 M28 M38 M60 M70 M78 M95 M100 M113 M116 M131 M147 M151 | 11:M3 M27 M39 M58 M77 M81 M102 M119 M130 M142 M149 | 12:M5 M34 M41 M59 M69 M80 M99 M118 M132 M146 M153 | 13:M8 M36 M42 M72 M82 M101 M121 M129 M140 M152 | 14:M10 M43 M125 M137 | 15:M45 M124 M148 | 16:M44 | 17: | 18: | 19: | 20: | 21:,"journal objective family: bg_d2 | F-selected distance-labelled E* domain propagation and cycle detection | precedence configuration: F=distance_closure, P=pairwise, G=distance_closure | Full Domain MxT schedule variables + explicit unary exclusions | (20),(22)-(27) exactly once over full domains | (22)-(27) session/fixed/forbidden exclusions as hard unit clauses | (19) participant atMost-one per slot | (46),(47) clustered table capacity with compact forward channeling | (28) Pairwise precedence over distance_closure distance-labelled relations | exact break-group ends and unary break-group thresholds | exact schedule <-> usedSlot channeling | (43) exactly |Mp| full usedSlot variables | (44) atMost 2|L| busy participants per slot | (45) exact even number of busy participants | historical hard cap Delta_G <= 2",,,result
,,,,,,,,,forum-13.forb0003,b2b-86c3fb70b217e535,b2b-lineage-forum-13,forbidden,F-SS-DE-ST-BGD2-IS-CD-IC12P,Full,Filter-E*,SparseSuffix,Direct-E,SpanThreshold,BreakGroupsD2,IncrementalSAT,IC12+,OPTIMAL,SAT,0,0,bg_d2,0,0,0,,,,,3.442357,False,211.227,,,,Compact,Compact/Full,project_implementation,incremental multi-phase SAT with persistent solver state,152171,,,,,,,308318,0,308318,3234,148937,872991,59,cfg5__m-full__p-sparse_suffix__g-direct__b-span_threshold__o-break_groups_d2__s-incrementalsat__i-imp12plus__backend-cadical,cfg5__m-full__p-sparse_suffix__g-direct__b-span_threshold__o-break_groups_d2__s-incrementalsat__i-imp12plus__backend-cadical,full,distance_closure,sparse_suffix,direct,IncrementalSAT,CaDiCaL,1.5.3,imp12+,span_threshold,total_break_groups_subject_to_range_at_most_2,BGD2,IC12P,872991,0,0,1117,118077,126112,63012,,0,580,6,,,,,,1,3656,28186,80366,28186,2.739396903999477,5,"formalism-specific model size: SAT/MaxSAT reports base CNF and soft clauses, MIP reports variables/linear constraints/nonzeros, and CP reports integer variables plus linear/global constraints; SAT bound/totalizer overhead remains separate in optimizer_added_*",3234,2446,2446,3234,0,0,0,0,0,0,0,1,0.077798,0.002339,0.425625,,0.427964,3.014393,"wall-clock from immediately before reading/parsing the .dzn instance through model construction, optimization, solution decoding, and independent validation; excludes worker-process startup and result-file export",0,0,0,0,0,"0,0,0,0,0,0,0,0,0,0,0,0,0,0,0,0,0,0,0,0,0,0,0,0,0,0,0,0,0,0,0,0,0,0,0,0,0,0,0,0,0,0,0,0,0,0,0,0,0,0,0,0,0,0,0,0,0,0,0,0,0,0,0,0,0,0,0,0,0,0",peak_process_tree_rss_mb,86c3fb70b217e535b344f6045cbf3e122be256f047e04a7bc4e9f1a0c2e0e4dd,forb0003,data_table06_forb/forum-13.forb0003.dzn,2,../noves/forum-13.forb0003.dzn | ../noves/ticf-13crafa.forb0003.dzn,2,data_table06_forb/forum-13.forb0003.dzn | data_table06_forb/ticf-13crafa.forb0003.dzn,https://imae.udg.edu/Recerca/LAI/,https://ima.udg.edu/Recerca/lai/b2b/b2b.zip,ee1f440ab3f6db27ab712300ad3a54a31ffd5ec1e06f81a9ac37cb7202c56528,2026-08-10T10:42:19+00:00,7200.0,,ee80a6fbd8b513f7c010668495c39621a371266a,True,3.10.12,1.8.dev25,instance-20260810-085803,Linux-6.8.0-1064-gcp-x86_64-with-glibc2.35,x86_64,4,8,15988.059,1,0,/home/g24021555/Business-Meeting-Scheduling-Problem/.venv/bin/python3 /home/g24021555/Business-Meeting-Scheduling-Problem/src/Main.py --manifest instances_manifest.csv --family forbidden --solver sat_all --objective-mode bg_d2 --domain-mode both --domain-filter-graph both --precedence-encoding both --precedence-graph both --encoding-variant imp12+ --sat-backend cadical --maxsat-backend uwrmaxsat --uwrmaxsat-bin /home/g24021555/uwrmaxsat/build/release/bin/uwrmaxsat --timeout 7200 --csv output/full_matrix_bg_d2_forbidden.csv,,,,,,,,incremental,,cadical,,factorial,sparse_suffix+direct,0,58,"1,2,3,4,5,6,7,8,9,10,11,12,13,14,15,16,18,19,23,24,25,26,27,28,29,30,31,32,33,34,35,36,37,38,39,40,41,42,44,45,46,47,48,49,50,52,53,54,56,57,59,60,62,63,64,65,66,70",2446,788,0,0,"0,0,0,0,0,0,0,0,0,0,0,0,0,0,0,0,0,0,0,0,0,0,0,0,0,0,0,0,0,0,0,0,0,0,0,0,0,0,0,0,0,0,0,0,0,0,0,0,0,0,0,0,0,0,0,0,0,0,0,0,0,0,0,0,0,0,0,0,0,0","6,10,18,24,28,26,28,28,28,28,28,24,18,8,4,2,0,0,0,0,0","6,11,7,8,12,5,4,10,9,14,1,2,6,7,8,4,5,3,5,7,3,2,4,6,7,5,10,9,7,11,6,5,8,12,9,13,7,8,11,10,13,12,14,16,15,2,5,4,4,3,10,8,9,5,11,7,6,11,13,12,10,3,9,13,12,10,11,6,9,8,3,7,10,12,4,11,5,9,3,11,12,13,7,6,8,10,4,5,8,13,6,7,4,10,12,11,5,9,12,11,10,9,13,8,8,4,1,2,9,3,6,7,5,4,12,11,5,6,8,10,9,5,6,13,14,9,11,8,4,3,12,10,7,7,14,5,11,6,4,15,13,8,1,12,3,10,9,2,10,7,6,11,9,8",1:M11 M107 M143 | 2:M12 M22 M46 M108 M148 | 3:M18 M21 M50 M62 M71 M79 M110 M130 M145 | 4:M7 M16 M23 M48 M49 M75 M87 M93 M106 M114 M129 M139 | 5:M6 M17 M19 M26 M32 M47 M54 M77 M88 M97 M113 M117 M122 M136 | 6:M1 M13 M24 M31 M57 M68 M84 M91 M111 M118 M123 M138 M151 | 7:M3 M14 M20 M25 M29 M37 M56 M72 M83 M92 M112 M133 M134 M150 | 8:M4 M15 M33 M38 M52 M70 M85 M89 M104 M105 M119 M128 M142 M154 | 9:M9 M28 M35 M53 M63 M69 M78 M98 M102 M109 M121 M126 M147 M153 | 10:M8 M27 M40 M51 M61 M66 M73 M86 M94 M101 M120 M132 M146 M149 | 11:M2 M30 M39 M55 M58 M67 M76 M80 M96 M100 M116 M127 M137 M152 | 12:M5 M34 M42 M60 M65 M74 M81 M95 M99 M115 M131 M144 | 13:M36 M41 M59 M64 M82 M90 M103 M124 M141 | 14:M10 M43 M125 M135 | 15:M45 M140 | 16:M44 | 17: | 18: | 19: | 20: | 21:,"journal objective family: bg_d2 | F-selected distance-labelled E* domain propagation and cycle detection | precedence configuration: F=distance_closure, P=sparse_suffix, G=direct | Full Domain MxT schedule variables + explicit unary exclusions | (20),(22)-(27) exactly once over full domains | (22)-(27) session/fixed/forbidden exclusions as hard unit clauses | (19) participant atMost-one per slot | (46),(47) clustered table capacity with compact forward channeling | (28) SparseSuffix precedence over direct distance-labelled relations | exact break-group ends and unary break-group thresholds | exact schedule <-> usedSlot channeling | (43) exactly |Mp| full usedSlot variables | (44) atMost 2|L| busy participants per slot | (45) exact even number of busy participants | historical hard cap Delta_G <= 2",0,"(0,)",result
,,,,,,,,,forum-13.forb0003,b2b-86c3fb70b217e535,b2b-lineage-forum-13,forbidden,F-SS-DE-ST-BGD2-NIS-CD-IC12P,Full,Filter-E*,SparseSuffix,Direct-E,SpanThreshold,BreakGroupsD2,NonIncrementalSAT,IC12+,OPTIMAL,SAT,0,0,bg_d2,0,0,0,,,,,6.434399,False,226.289,,,,Compact,Compact/Full,project_implementation,restart-based multi-phase SAT,152171,,,,,,,308318,0,308318,3234,148937,872991,59,cfg5__m-full__p-sparse_suffix__g-direct__b-span_threshold__o-break_groups_d2__s-nonincrementalsat__i-imp12plus__backend-cadical,cfg5__m-full__p-sparse_suffix__g-direct__b-span_threshold__o-break_groups_d2__s-nonincrementalsat__i-imp12plus__backend-cadical,full,distance_closure,sparse_suffix,direct,NonIncrementalSAT,CaDiCaL,1.5.3,imp12+,span_threshold,total_break_groups_subject_to_range_at_most_2,BGD2,IC12P,872991,0,0,1117,118077,126112,63012,,0,580,6,,,,,,6,11739,24016,59212,44052,5.726133210000626,5,"formalism-specific model size: SAT/MaxSAT reports base CNF and soft clauses, MIP reports variables/linear constraints/nonzeros, and CP reports integer variables plus linear/global constraints; SAT bound/totalizer overhead remains separate in optimizer_added_*",3234,2446,2446,3234,0,0,0,0,0,0,0,1,0.083161,0.002648,0.427703,,0.430351,6.004047,"wall-clock from immediately before reading/parsing the .dzn instance through model construction, optimization, solution decoding, and independent validation; excludes worker-process startup and result-file export",0,0,0,0,0,"0,0,0,0,0,0,0,0,0,0,0,0,0,0,0,0,0,0,0,0,0,0,0,0,0,0,0,0,0,0,0,0,0,0,0,0,0,0,0,0,0,0,0,0,0,0,0,0,0,0,0,0,0,0,0,0,0,0,0,0,0,0,0,0,0,0,0,0,0,0",peak_process_tree_rss_mb,86c3fb70b217e535b344f6045cbf3e122be256f047e04a7bc4e9f1a0c2e0e4dd,forb0003,data_table06_forb/forum-13.forb0003.dzn,2,../noves/forum-13.forb0003.dzn | ../noves/ticf-13crafa.forb0003.dzn,2,data_table06_forb/forum-13.forb0003.dzn | data_table06_forb/ticf-13crafa.forb0003.dzn,https://imae.udg.edu/Recerca/LAI/,https://ima.udg.edu/Recerca/lai/b2b/b2b.zip,ee1f440ab3f6db27ab712300ad3a54a31ffd5ec1e06f81a9ac37cb7202c56528,2026-08-10T10:42:19+00:00,7200.0,,ee80a6fbd8b513f7c010668495c39621a371266a,True,3.10.12,1.8.dev25,instance-20260810-085803,Linux-6.8.0-1064-gcp-x86_64-with-glibc2.35,x86_64,4,8,15988.059,1,0,/home/g24021555/Business-Meeting-Scheduling-Problem/.venv/bin/python3 /home/g24021555/Business-Meeting-Scheduling-Problem/src/Main.py --manifest instances_manifest.csv --family forbidden --solver sat_all --objective-mode bg_d2 --domain-mode both --domain-filter-graph both --precedence-encoding both --precedence-graph both --encoding-variant imp12+ --sat-backend cadical --maxsat-backend uwrmaxsat --uwrmaxsat-bin /home/g24021555/uwrmaxsat/build/release/bin/uwrmaxsat --timeout 7200 --csv output/full_matrix_bg_d2_forbidden.csv,,,,,,,,multiple,,cadical,,factorial,sparse_suffix+direct,0,58,"1,2,3,4,5,6,7,8,9,10,11,12,13,14,15,16,18,19,23,24,25,26,27,28,29,30,31,32,33,34,35,36,37,38,39,40,41,42,44,45,46,47,48,49,50,52,53,54,56,57,59,60,62,63,64,65,66,70",2446,788,0,0,"0,0,0,0,0,0,0,0,0,0,0,0,0,0,0,0,0,0,0,0,0,0,0,0,0,0,0,0,0,0,0,0,0,0,0,0,0,0,0,0,0,0,0,0,0,0,0,0,0,0,0,0,0,0,0,0,0,0,0,0,0,0,0,0,0,0,0,0,0,0","2,10,18,24,26,28,28,28,28,28,26,26,20,8,4,4,0,0,0,0,0","5,9,12,10,13,7,6,11,8,14,4,7,6,3,2,1,5,8,6,7,3,2,5,4,8,6,12,11,9,10,6,8,7,8,11,12,9,7,10,13,12,13,14,16,15,5,4,9,5,7,10,6,11,4,9,12,8,11,12,10,13,3,7,3,4,6,5,13,10,9,8,11,5,7,6,4,12,9,4,12,11,13,8,3,10,6,7,5,3,10,6,4,2,5,11,9,7,8,12,8,10,13,11,9,10,2,6,9,4,7,8,3,5,5,12,6,7,11,4,10,9,5,9,13,14,11,4,7,10,6,12,3,8,4,11,9,12,7,3,15,10,13,6,2,8,14,5,16,11,8,10,13,12,9",1:M16 | 2:M15 M22 M93 M106 M144 | 3:M14 M21 M62 M64 M84 M89 M112 M132 M139 | 4:M11 M24 M47 M54 M65 M76 M79 M92 M109 M119 M127 M134 | 5:M1 M17 M23 M46 M49 M67 M73 M88 M94 M113 M114 M122 M147 | 6:M7 M13 M19 M26 M31 M52 M66 M75 M86 M91 M107 M116 M130 M143 | 7:M6 M12 M20 M33 M38 M50 M63 M74 M87 M97 M110 M117 M128 M138 | 8:M9 M18 M25 M32 M34 M57 M71 M83 M98 M100 M111 M133 M145 M150 | 9:M2 M29 M37 M48 M55 M70 M78 M96 M104 M108 M121 M123 M136 M154 | 10:M4 M30 M39 M51 M60 M69 M85 M90 M101 M105 M120 M129 M141 M151 | 11:M8 M28 M35 M53 M58 M72 M81 M95 M103 M118 M126 M135 M149 | 12:M3 M27 M36 M41 M56 M59 M77 M80 M99 M115 M131 M137 M153 | 13:M5 M40 M42 M61 M68 M82 M102 M124 M142 M152 | 14:M10 M43 M125 M146 | 15:M45 M140 | 16:M44 M148 | 17: | 18: | 19: | 20: | 21:,"journal objective family: bg_d2 | F-selected distance-labelled E* domain propagation and cycle detection | precedence configuration: F=distance_closure, P=sparse_suffix, G=direct | Full Domain MxT schedule variables + explicit unary exclusions | (20),(22)-(27) exactly once over full domains | (22)-(27) session/fixed/forbidden exclusions as hard unit clauses | (19) participant atMost-one per slot | (46),(47) clustered table capacity with compact forward channeling | (28) SparseSuffix precedence over direct distance-labelled relations | exact break-group ends and unary break-group thresholds | exact schedule <-> usedSlot channeling | (43) exactly |Mp| full usedSlot variables | (44) atMost 2|L| busy participants per slot | (45) exact even number of busy participants | historical hard cap Delta_G <= 2",0,"(0,)",result
,,,,,,,,,forum-13.forb0003,b2b-86c3fb70b217e535,b2b-lineage-forum-13,forbidden,F-SS-DE-ST-BGD2-UW-IC12P,Full,Filter-E*,SparseSuffix,Direct-E,SpanThreshold,BreakGroupsD2,UWrMaxSAT,IC12+,OPTIMAL,SAT,0,0,bg_d2,0,0,0,,,0,1,4.469956,False,254.496,,,,Compact,Compact/Full,project_implementation,one-shot weighted MaxSAT,152171,,,,,,,308318,580,308898,3234,148937,873571,59,cfg5__m-full__p-sparse_suffix__g-direct__b-span_threshold__o-break_groups_d2__s-uwrmaxsat__i-imp12plus__backend-uwrmaxsat,cfg5__m-full__p-sparse_suffix__g-direct__b-span_threshold__o-break_groups_d2__s-uwrmaxsat__i-imp12plus__backend-uwrmaxsat,full,distance_closure,sparse_suffix,direct,UWrMaxSAT,UWrMaxSAT,binary-sha256:8c68c8a386d3d7847b50d315143c2bab60e3514e59510e84a649db83cb303876,imp12+,span_threshold,total_break_groups_subject_to_range_at_most_2,BGD2,IC12P,872991,580,1,1117,118077,126112,63012,1,580,580,1,,,,,,0,0,0,0,0,,,"formalism-specific model size: SAT/MaxSAT reports base CNF and soft clauses, MIP reports variables/linear constraints/nonzeros, and CP reports integer variables plus linear/global constraints; SAT bound/totalizer overhead remains separate in optimizer_added_*",3234,2446,2446,3234,0,0,0,0,0,0,0,1,0.07864,0.002452,0.43423,,0.436682,4.033274,"wall-clock from immediately before reading/parsing the .dzn instance through model construction, optimization, solution decoding, and independent validation; excludes worker-process startup and result-file export",0,0,0,0,0,"0,0,0,0,0,0,0,0,0,0,0,0,0,0,0,0,0,0,0,0,0,0,0,0,0,0,0,0,0,0,0,0,0,0,0,0,0,0,0,0,0,0,0,0,0,0,0,0,0,0,0,0,0,0,0,0,0,0,0,0,0,0,0,0,0,0,0,0,0,0",peak_process_tree_rss_mb,86c3fb70b217e535b344f6045cbf3e122be256f047e04a7bc4e9f1a0c2e0e4dd,forb0003,data_table06_forb/forum-13.forb0003.dzn,2,../noves/forum-13.forb0003.dzn | ../noves/ticf-13crafa.forb0003.dzn,2,data_table06_forb/forum-13.forb0003.dzn | data_table06_forb/ticf-13crafa.forb0003.dzn,https://imae.udg.edu/Recerca/LAI/,https://ima.udg.edu/Recerca/lai/b2b/b2b.zip,ee1f440ab3f6db27ab712300ad3a54a31ffd5ec1e06f81a9ac37cb7202c56528,2026-08-10T10:42:19+00:00,7200.0,,ee80a6fbd8b513f7c010668495c39621a371266a,True,3.10.12,1.8.dev25,instance-20260810-085803,Linux-6.8.0-1064-gcp-x86_64-with-glibc2.35,x86_64,4,8,15988.059,1,0,/home/g24021555/Business-Meeting-Scheduling-Problem/.venv/bin/python3 /home/g24021555/Business-Meeting-Scheduling-Problem/src/Main.py --manifest instances_manifest.csv --family forbidden --solver sat_all --objective-mode bg_d2 --domain-mode both --domain-filter-graph both --precedence-encoding both --precedence-graph both --encoding-variant imp12+ --sat-backend cadical --maxsat-backend uwrmaxsat --uwrmaxsat-bin /home/g24021555/uwrmaxsat/build/release/bin/uwrmaxsat --timeout 7200 --csv output/full_matrix_bg_d2_forbidden.csv,/home/g24021555/uwrmaxsat/build/release/bin/uwrmaxsat,8c68c8a386d3d7847b50d315143c2bab60e3514e59510e84a649db83cb303876,/home/g24021555/uwrmaxsat/build/release/bin/uwrmaxsat -m /tmp/b2b_uwrmaxsat_mtqu7frq/forum-13.forb0003.wcnf,,process exit code=30,,,maxsat,uwrmaxsat,,/home/g24021555/uwrmaxsat/build/release/bin/uwrmaxsat,factorial,sparse_suffix+direct,0,58,"1,2,3,4,5,6,7,8,9,10,11,12,13,14,15,16,18,19,23,24,25,26,27,28,29,30,31,32,33,34,35,36,37,38,39,40,41,42,44,45,46,47,48,49,50,52,53,54,56,57,59,60,62,63,64,65,66,70",2446,788,0,0,"0,0,0,0,0,0,0,0,0,0,0,0,0,0,0,0,0,0,0,0,0,0,0,0,0,0,0,0,0,0,0,0,0,0,0,0,0,0,0,0,0,0,0,0,0,0,0,0,0,0,0,0,0,0,0,0,0,0,0,0,0,0,0,0,0,0,0,0,0,0","8,14,20,22,26,28,28,28,28,26,22,22,20,8,6,2,0,0,0,0,0","6,10,11,9,12,5,7,13,8,14,4,6,7,8,3,5,1,2,4,6,2,3,5,7,3,6,11,10,7,9,6,8,5,12,8,13,9,10,11,7,12,13,14,16,15,2,4,3,4,6,7,1,3,2,9,8,5,11,12,10,9,3,7,5,6,8,4,7,12,10,8,13,5,9,4,6,11,10,7,12,11,13,8,3,6,5,9,4,5,8,9,6,3,1,10,4,2,7,12,10,13,11,9,8,9,5,7,3,2,6,4,8,10,9,6,10,5,12,11,7,13,5,4,15,14,7,6,9,13,11,10,12,8,3,9,8,14,2,7,13,5,11,1,4,6,12,10,15,11,8,10,13,12,9",1:M17 M52 M94 M143 | 2:M18 M21 M46 M54 M97 M109 M138 | 3:M15 M22 M25 M48 M53 M62 M84 M93 M108 M134 | 4:M11 M19 M47 M49 M67 M75 M88 M96 M111 M123 M144 | 5:M6 M16 M23 M33 M57 M64 M73 M86 M89 M106 M117 M122 M141 | 6:M1 M12 M20 M26 M31 M50 M65 M76 M85 M92 M110 M115 M127 M145 | 7:M7 M13 M24 M29 M40 M51 M63 M68 M79 M98 M107 M120 M126 M139 | 8:M9 M14 M32 M35 M56 M66 M71 M83 M90 M104 M112 M133 M136 M150 | 9:M4 M30 M37 M55 M61 M74 M87 M91 M103 M105 M114 M128 M135 M154 | 10:M2 M28 M38 M60 M70 M78 M95 M100 M113 M116 M131 M147 M151 | 11:M3 M27 M39 M58 M77 M81 M102 M119 M130 M142 M149 | 12:M5 M34 M41 M59 M69 M80 M99 M118 M132 M146 M153 | 13:M8 M36 M42 M72 M82 M101 M121 M129 M140 M152 | 14:M10 M43 M125 M137 | 15:M45 M124 M148 | 16:M44 | 17: | 18: | 19: | 20: | 21:,"journal objective family: bg_d2 | F-selected distance-labelled E* domain propagation and cycle detection | precedence configuration: F=distance_closure, P=sparse_suffix, G=direct | Full Domain MxT schedule variables + explicit unary exclusions | (20),(22)-(27) exactly once over full domains | (22)-(27) session/fixed/forbidden exclusions as hard unit clauses | (19) participant atMost-one per slot | (46),(47) clustered table capacity with compact forward channeling | (28) SparseSuffix precedence over direct distance-labelled relations | exact break-group ends and unary break-group thresholds | exact schedule <-> usedSlot channeling | (43) exactly |Mp| full usedSlot variables | (44) atMost 2|L| busy participants per slot | (45) exact even number of busy participants | historical hard cap Delta_G <= 2",,,result
,,,,,,,,,forum-13.forb0003,b2b-86c3fb70b217e535,b2b-lineage-forum-13,forbidden,F-SS-DC-ST-BGD2-IS-CD-IC12P,Full,Filter-E*,SparseSuffix,DistanceClosure-E*,SpanThreshold,BreakGroupsD2,IncrementalSAT,IC12+,OPTIMAL,SAT,0,0,bg_d2,0,0,0,,,,,3.394324,False,208.145,,,,Compact,Compact/Full,project_implementation,incremental multi-phase SAT with persistent solver state,152171,,,,,,,308318,0,308318,3234,148937,872991,59,cfg5__m-full__p-sparse_suffix__g-distance_closure__b-span_threshold__o-break_groups_d2__s-incrementalsat__i-imp12plus__backend-cadical,cfg5__m-full__p-sparse_suffix__g-distance_closure__b-span_threshold__o-break_groups_d2__s-incrementalsat__i-imp12plus__backend-cadical,full,distance_closure,sparse_suffix,distance_closure,IncrementalSAT,CaDiCaL,1.5.3,imp12+,span_threshold,total_break_groups_subject_to_range_at_most_2,BGD2,IC12P,872991,0,0,1117,118077,126112,63012,,0,580,6,,,,,,1,3656,28186,80366,28186,2.6974455070003387,5,"formalism-specific model size: SAT/MaxSAT reports base CNF and soft clauses, MIP reports variables/linear constraints/nonzeros, and CP reports integer variables plus linear/global constraints; SAT bound/totalizer overhead remains separate in optimizer_added_*",3234,2446,2446,3234,0,0,0,0,0,0,0,1,0.077742,0.002472,0.424886,,0.427358,2.966967,"wall-clock from immediately before reading/parsing the .dzn instance through model construction, optimization, solution decoding, and independent validation; excludes worker-process startup and result-file export",0,0,0,0,0,"0,0,0,0,0,0,0,0,0,0,0,0,0,0,0,0,0,0,0,0,0,0,0,0,0,0,0,0,0,0,0,0,0,0,0,0,0,0,0,0,0,0,0,0,0,0,0,0,0,0,0,0,0,0,0,0,0,0,0,0,0,0,0,0,0,0,0,0,0,0",peak_process_tree_rss_mb,86c3fb70b217e535b344f6045cbf3e122be256f047e04a7bc4e9f1a0c2e0e4dd,forb0003,data_table06_forb/forum-13.forb0003.dzn,2,../noves/forum-13.forb0003.dzn | ../noves/ticf-13crafa.forb0003.dzn,2,data_table06_forb/forum-13.forb0003.dzn | data_table06_forb/ticf-13crafa.forb0003.dzn,https://imae.udg.edu/Recerca/LAI/,https://ima.udg.edu/Recerca/lai/b2b/b2b.zip,ee1f440ab3f6db27ab712300ad3a54a31ffd5ec1e06f81a9ac37cb7202c56528,2026-08-10T10:42:19+00:00,7200.0,,ee80a6fbd8b513f7c010668495c39621a371266a,True,3.10.12,1.8.dev25,instance-20260810-085803,Linux-6.8.0-1064-gcp-x86_64-with-glibc2.35,x86_64,4,8,15988.059,1,0,/home/g24021555/Business-Meeting-Scheduling-Problem/.venv/bin/python3 /home/g24021555/Business-Meeting-Scheduling-Problem/src/Main.py --manifest instances_manifest.csv --family forbidden --solver sat_all --objective-mode bg_d2 --domain-mode both --domain-filter-graph both --precedence-encoding both --precedence-graph both --encoding-variant imp12+ --sat-backend cadical --maxsat-backend uwrmaxsat --uwrmaxsat-bin /home/g24021555/uwrmaxsat/build/release/bin/uwrmaxsat --timeout 7200 --csv output/full_matrix_bg_d2_forbidden.csv,,,,,,,,incremental,,cadical,,staircase,sparse_suffix+distance_closure,0,58,"1,2,3,4,5,6,7,8,9,10,11,12,13,14,15,16,18,19,23,24,25,26,27,28,29,30,31,32,33,34,35,36,37,38,39,40,41,42,44,45,46,47,48,49,50,52,53,54,56,57,59,60,62,63,64,65,66,70",2446,788,0,0,"0,0,0,0,0,0,0,0,0,0,0,0,0,0,0,0,0,0,0,0,0,0,0,0,0,0,0,0,0,0,0,0,0,0,0,0,0,0,0,0,0,0,0,0,0,0,0,0,0,0,0,0,0,0,0,0,0,0,0,0,0,0,0,0,0,0,0,0,0,0","6,10,18,24,28,26,28,28,28,28,28,24,18,8,4,2,0,0,0,0,0","6,11,7,8,12,5,4,10,9,14,1,2,6,7,8,4,5,3,5,7,3,2,4,6,7,5,10,9,7,11,6,5,8,12,9,13,7,8,11,10,13,12,14,16,15,2,5,4,4,3,10,8,9,5,11,7,6,11,13,12,10,3,9,13,12,10,11,6,9,8,3,7,10,12,4,11,5,9,3,11,12,13,7,6,8,10,4,5,8,13,6,7,4,10,12,11,5,9,12,11,10,9,13,8,8,4,1,2,9,3,6,7,5,4,12,11,5,6,8,10,9,5,6,13,14,9,11,8,4,3,12,10,7,7,14,5,11,6,4,15,13,8,1,12,3,10,9,2,10,7,6,11,9,8",1:M11 M107 M143 | 2:M12 M22 M46 M108 M148 | 3:M18 M21 M50 M62 M71 M79 M110 M130 M145 | 4:M7 M16 M23 M48 M49 M75 M87 M93 M106 M114 M129 M139 | 5:M6 M17 M19 M26 M32 M47 M54 M77 M88 M97 M113 M117 M122 M136 | 6:M1 M13 M24 M31 M57 M68 M84 M91 M111 M118 M123 M138 M151 | 7:M3 M14 M20 M25 M29 M37 M56 M72 M83 M92 M112 M133 M134 M150 | 8:M4 M15 M33 M38 M52 M70 M85 M89 M104 M105 M119 M128 M142 M154 | 9:M9 M28 M35 M53 M63 M69 M78 M98 M102 M109 M121 M126 M147 M153 | 10:M8 M27 M40 M51 M61 M66 M73 M86 M94 M101 M120 M132 M146 M149 | 11:M2 M30 M39 M55 M58 M67 M76 M80 M96 M100 M116 M127 M137 M152 | 12:M5 M34 M42 M60 M65 M74 M81 M95 M99 M115 M131 M144 | 13:M36 M41 M59 M64 M82 M90 M103 M124 M141 | 14:M10 M43 M125 M135 | 15:M45 M140 | 16:M44 | 17: | 18: | 19: | 20: | 21:,"journal objective family: bg_d2 | F-selected distance-labelled E* domain propagation and cycle detection | precedence configuration: F=distance_closure, P=sparse_suffix, G=distance_closure | Full Domain MxT schedule variables + explicit unary exclusions | (20),(22)-(27) exactly once over full domains | (22)-(27) session/fixed/forbidden exclusions as hard unit clauses | (19) participant atMost-one per slot | (46),(47) clustered table capacity with compact forward channeling | (28) SparseSuffix precedence over distance_closure distance-labelled relations | exact break-group ends and unary break-group thresholds | exact schedule <-> usedSlot channeling | (43) exactly |Mp| full usedSlot variables | (44) atMost 2|L| busy participants per slot | (45) exact even number of busy participants | historical hard cap Delta_G <= 2",0,"(0,)",result
,,,,,,,,,forum-13.forb0003,b2b-86c3fb70b217e535,b2b-lineage-forum-13,forbidden,F-SS-DC-ST-BGD2-NIS-CD-IC12P,Full,Filter-E*,SparseSuffix,DistanceClosure-E*,SpanThreshold,BreakGroupsD2,NonIncrementalSAT,IC12+,OPTIMAL,SAT,0,0,bg_d2,0,0,0,,,,,6.389147,False,221.754,,,,Compact,Compact/Full,project_implementation,restart-based multi-phase SAT,152171,,,,,,,308318,0,308318,3234,148937,872991,59,cfg5__m-full__p-sparse_suffix__g-distance_closure__b-span_threshold__o-break_groups_d2__s-nonincrementalsat__i-imp12plus__backend-cadical,cfg5__m-full__p-sparse_suffix__g-distance_closure__b-span_threshold__o-break_groups_d2__s-nonincrementalsat__i-imp12plus__backend-cadical,full,distance_closure,sparse_suffix,distance_closure,NonIncrementalSAT,CaDiCaL,1.5.3,imp12+,span_threshold,total_break_groups_subject_to_range_at_most_2,BGD2,IC12P,872991,0,0,1117,118077,126112,63012,,0,580,6,,,,,,6,11739,24016,59212,44052,5.699634495999817,5,"formalism-specific model size: SAT/MaxSAT reports base CNF and soft clauses, MIP reports variables/linear constraints/nonzeros, and CP reports integer variables plus linear/global constraints; SAT bound/totalizer overhead remains separate in optimizer_added_*",3234,2446,2446,3234,0,0,0,0,0,0,0,1,0.074821,0.002161,0.419191,,0.421353,5.967794,"wall-clock from immediately before reading/parsing the .dzn instance through model construction, optimization, solution decoding, and independent validation; excludes worker-process startup and result-file export",0,0,0,0,0,"0,0,0,0,0,0,0,0,0,0,0,0,0,0,0,0,0,0,0,0,0,0,0,0,0,0,0,0,0,0,0,0,0,0,0,0,0,0,0,0,0,0,0,0,0,0,0,0,0,0,0,0,0,0,0,0,0,0,0,0,0,0,0,0,0,0,0,0,0,0",peak_process_tree_rss_mb,86c3fb70b217e535b344f6045cbf3e122be256f047e04a7bc4e9f1a0c2e0e4dd,forb0003,data_table06_forb/forum-13.forb0003.dzn,2,../noves/forum-13.forb0003.dzn | ../noves/ticf-13crafa.forb0003.dzn,2,data_table06_forb/forum-13.forb0003.dzn | data_table06_forb/ticf-13crafa.forb0003.dzn,https://imae.udg.edu/Recerca/LAI/,https://ima.udg.edu/Recerca/lai/b2b/b2b.zip,ee1f440ab3f6db27ab712300ad3a54a31ffd5ec1e06f81a9ac37cb7202c56528,2026-08-10T10:42:19+00:00,7200.0,,ee80a6fbd8b513f7c010668495c39621a371266a,True,3.10.12,1.8.dev25,instance-20260810-085803,Linux-6.8.0-1064-gcp-x86_64-with-glibc2.35,x86_64,4,8,15988.059,1,0,/home/g24021555/Business-Meeting-Scheduling-Problem/.venv/bin/python3 /home/g24021555/Business-Meeting-Scheduling-Problem/src/Main.py --manifest instances_manifest.csv --family forbidden --solver sat_all --objective-mode bg_d2 --domain-mode both --domain-filter-graph both --precedence-encoding both --precedence-graph both --encoding-variant imp12+ --sat-backend cadical --maxsat-backend uwrmaxsat --uwrmaxsat-bin /home/g24021555/uwrmaxsat/build/release/bin/uwrmaxsat --timeout 7200 --csv output/full_matrix_bg_d2_forbidden.csv,,,,,,,,multiple,,cadical,,staircase,sparse_suffix+distance_closure,0,58,"1,2,3,4,5,6,7,8,9,10,11,12,13,14,15,16,18,19,23,24,25,26,27,28,29,30,31,32,33,34,35,36,37,38,39,40,41,42,44,45,46,47,48,49,50,52,53,54,56,57,59,60,62,63,64,65,66,70",2446,788,0,0,"0,0,0,0,0,0,0,0,0,0,0,0,0,0,0,0,0,0,0,0,0,0,0,0,0,0,0,0,0,0,0,0,0,0,0,0,0,0,0,0,0,0,0,0,0,0,0,0,0,0,0,0,0,0,0,0,0,0,0,0,0,0,0,0,0,0,0,0,0,0","2,10,18,24,26,28,28,28,28,28,26,26,20,8,4,4,0,0,0,0,0","5,9,12,10,13,7,6,11,8,14,4,7,6,3,2,1,5,8,6,7,3,2,5,4,8,6,12,11,9,10,6,8,7,8,11,12,9,7,10,13,12,13,14,16,15,5,4,9,5,7,10,6,11,4,9,12,8,11,12,10,13,3,7,3,4,6,5,13,10,9,8,11,5,7,6,4,12,9,4,12,11,13,8,3,10,6,7,5,3,10,6,4,2,5,11,9,7,8,12,8,10,13,11,9,10,2,6,9,4,7,8,3,5,5,12,6,7,11,4,10,9,5,9,13,14,11,4,7,10,6,12,3,8,4,11,9,12,7,3,15,10,13,6,2,8,14,5,16,11,8,10,13,12,9",1:M16 | 2:M15 M22 M93 M106 M144 | 3:M14 M21 M62 M64 M84 M89 M112 M132 M139 | 4:M11 M24 M47 M54 M65 M76 M79 M92 M109 M119 M127 M134 | 5:M1 M17 M23 M46 M49 M67 M73 M88 M94 M113 M114 M122 M147 | 6:M7 M13 M19 M26 M31 M52 M66 M75 M86 M91 M107 M116 M130 M143 | 7:M6 M12 M20 M33 M38 M50 M63 M74 M87 M97 M110 M117 M128 M138 | 8:M9 M18 M25 M32 M34 M57 M71 M83 M98 M100 M111 M133 M145 M150 | 9:M2 M29 M37 M48 M55 M70 M78 M96 M104 M108 M121 M123 M136 M154 | 10:M4 M30 M39 M51 M60 M69 M85 M90 M101 M105 M120 M129 M141 M151 | 11:M8 M28 M35 M53 M58 M72 M81 M95 M103 M118 M126 M135 M149 | 12:M3 M27 M36 M41 M56 M59 M77 M80 M99 M115 M131 M137 M153 | 13:M5 M40 M42 M61 M68 M82 M102 M124 M142 M152 | 14:M10 M43 M125 M146 | 15:M45 M140 | 16:M44 M148 | 17: | 18: | 19: | 20: | 21:,"journal objective family: bg_d2 | F-selected distance-labelled E* domain propagation and cycle detection | precedence configuration: F=distance_closure, P=sparse_suffix, G=distance_closure | Full Domain MxT schedule variables + explicit unary exclusions | (20),(22)-(27) exactly once over full domains | (22)-(27) session/fixed/forbidden exclusions as hard unit clauses | (19) participant atMost-one per slot | (46),(47) clustered table capacity with compact forward channeling | (28) SparseSuffix precedence over distance_closure distance-labelled relations | exact break-group ends and unary break-group thresholds | exact schedule <-> usedSlot channeling | (43) exactly |Mp| full usedSlot variables | (44) atMost 2|L| busy participants per slot | (45) exact even number of busy participants | historical hard cap Delta_G <= 2",0,"(0,)",result
,,,,,,,,,forum-13.forb0003,b2b-86c3fb70b217e535,b2b-lineage-forum-13,forbidden,F-SS-DC-ST-BGD2-UW-IC12P,Full,Filter-E*,SparseSuffix,DistanceClosure-E*,SpanThreshold,BreakGroupsD2,UWrMaxSAT,IC12+,OPTIMAL,SAT,0,0,bg_d2,0,0,0,,,0,1,4.317497,False,254.48,,,,Compact,Compact/Full,project_implementation,one-shot weighted MaxSAT,152171,,,,,,,308318,580,308898,3234,148937,873571,59,cfg5__m-full__p-sparse_suffix__g-distance_closure__b-span_threshold__o-break_groups_d2__s-uwrmaxsat__i-imp12plus__backend-uwrmaxsat,cfg5__m-full__p-sparse_suffix__g-distance_closure__b-span_threshold__o-break_groups_d2__s-uwrmaxsat__i-imp12plus__backend-uwrmaxsat,full,distance_closure,sparse_suffix,distance_closure,UWrMaxSAT,UWrMaxSAT,binary-sha256:8c68c8a386d3d7847b50d315143c2bab60e3514e59510e84a649db83cb303876,imp12+,span_threshold,total_break_groups_subject_to_range_at_most_2,BGD2,IC12P,872991,580,1,1117,118077,126112,63012,1,580,580,1,,,,,,0,0,0,0,0,,,"formalism-specific model size: SAT/MaxSAT reports base CNF and soft clauses, MIP reports variables/linear constraints/nonzeros, and CP reports integer variables plus linear/global constraints; SAT bound/totalizer overhead remains separate in optimizer_added_*",3234,2446,2446,3234,0,0,0,0,0,0,0,1,0.077498,0.002458,0.428671,,0.43113,3.886367,"wall-clock from immediately before reading/parsing the .dzn instance through model construction, optimization, solution decoding, and independent validation; excludes worker-process startup and result-file export",0,0,0,0,0,"0,0,0,0,0,0,0,0,0,0,0,0,0,0,0,0,0,0,0,0,0,0,0,0,0,0,0,0,0,0,0,0,0,0,0,0,0,0,0,0,0,0,0,0,0,0,0,0,0,0,0,0,0,0,0,0,0,0,0,0,0,0,0,0,0,0,0,0,0,0",peak_process_tree_rss_mb,86c3fb70b217e535b344f6045cbf3e122be256f047e04a7bc4e9f1a0c2e0e4dd,forb0003,data_table06_forb/forum-13.forb0003.dzn,2,../noves/forum-13.forb0003.dzn | ../noves/ticf-13crafa.forb0003.dzn,2,data_table06_forb/forum-13.forb0003.dzn | data_table06_forb/ticf-13crafa.forb0003.dzn,https://imae.udg.edu/Recerca/LAI/,https://ima.udg.edu/Recerca/lai/b2b/b2b.zip,ee1f440ab3f6db27ab712300ad3a54a31ffd5ec1e06f81a9ac37cb7202c56528,2026-08-10T10:42:19+00:00,7200.0,,ee80a6fbd8b513f7c010668495c39621a371266a,True,3.10.12,1.8.dev25,instance-20260810-085803,Linux-6.8.0-1064-gcp-x86_64-with-glibc2.35,x86_64,4,8,15988.059,1,0,/home/g24021555/Business-Meeting-Scheduling-Problem/.venv/bin/python3 /home/g24021555/Business-Meeting-Scheduling-Problem/src/Main.py --manifest instances_manifest.csv --family forbidden --solver sat_all --objective-mode bg_d2 --domain-mode both --domain-filter-graph both --precedence-encoding both --precedence-graph both --encoding-variant imp12+ --sat-backend cadical --maxsat-backend uwrmaxsat --uwrmaxsat-bin /home/g24021555/uwrmaxsat/build/release/bin/uwrmaxsat --timeout 7200 --csv output/full_matrix_bg_d2_forbidden.csv,/home/g24021555/uwrmaxsat/build/release/bin/uwrmaxsat,8c68c8a386d3d7847b50d315143c2bab60e3514e59510e84a649db83cb303876,/home/g24021555/uwrmaxsat/build/release/bin/uwrmaxsat -m /tmp/b2b_uwrmaxsat_75xzfgie/forum-13.forb0003.wcnf,,process exit code=30,,,maxsat,uwrmaxsat,,/home/g24021555/uwrmaxsat/build/release/bin/uwrmaxsat,staircase,sparse_suffix+distance_closure,0,58,"1,2,3,4,5,6,7,8,9,10,11,12,13,14,15,16,18,19,23,24,25,26,27,28,29,30,31,32,33,34,35,36,37,38,39,40,41,42,44,45,46,47,48,49,50,52,53,54,56,57,59,60,62,63,64,65,66,70",2446,788,0,0,"0,0,0,0,0,0,0,0,0,0,0,0,0,0,0,0,0,0,0,0,0,0,0,0,0,0,0,0,0,0,0,0,0,0,0,0,0,0,0,0,0,0,0,0,0,0,0,0,0,0,0,0,0,0,0,0,0,0,0,0,0,0,0,0,0,0,0,0,0,0","8,14,20,22,26,28,28,28,28,26,22,22,20,8,6,2,0,0,0,0,0","6,10,11,9,12,5,7,13,8,14,4,6,7,8,3,5,1,2,4,6,2,3,5,7,3,6,11,10,7,9,6,8,5,12,8,13,9,10,11,7,12,13,14,16,15,2,4,3,4,6,7,1,3,2,9,8,5,11,12,10,9,3,7,5,6,8,4,7,12,10,8,13,5,9,4,6,11,10,7,12,11,13,8,3,6,5,9,4,5,8,9,6,3,1,10,4,2,7,12,10,13,11,9,8,9,5,7,3,2,6,4,8,10,9,6,10,5,12,11,7,13,5,4,15,14,7,6,9,13,11,10,12,8,3,9,8,14,2,7,13,5,11,1,4,6,12,10,15,11,8,10,13,12,9",1:M17 M52 M94 M143 | 2:M18 M21 M46 M54 M97 M109 M138 | 3:M15 M22 M25 M48 M53 M62 M84 M93 M108 M134 | 4:M11 M19 M47 M49 M67 M75 M88 M96 M111 M123 M144 | 5:M6 M16 M23 M33 M57 M64 M73 M86 M89 M106 M117 M122 M141 | 6:M1 M12 M20 M26 M31 M50 M65 M76 M85 M92 M110 M115 M127 M145 | 7:M7 M13 M24 M29 M40 M51 M63 M68 M79 M98 M107 M120 M126 M139 | 8:M9 M14 M32 M35 M56 M66 M71 M83 M90 M104 M112 M133 M136 M150 | 9:M4 M30 M37 M55 M61 M74 M87 M91 M103 M105 M114 M128 M135 M154 | 10:M2 M28 M38 M60 M70 M78 M95 M100 M113 M116 M131 M147 M151 | 11:M3 M27 M39 M58 M77 M81 M102 M119 M130 M142 M149 | 12:M5 M34 M41 M59 M69 M80 M99 M118 M132 M146 M153 | 13:M8 M36 M42 M72 M82 M101 M121 M129 M140 M152 | 14:M10 M43 M125 M137 | 15:M45 M124 M148 | 16:M44 | 17: | 18: | 19: | 20: | 21:,"journal objective family: bg_d2 | F-selected distance-labelled E* domain propagation and cycle detection | precedence configuration: F=distance_closure, P=sparse_suffix, G=distance_closure | Full Domain MxT schedule variables + explicit unary exclusions | (20),(22)-(27) exactly once over full domains | (22)-(27) session/fixed/forbidden exclusions as hard unit clauses | (19) participant atMost-one per slot | (46),(47) clustered table capacity with compact forward channeling | (28) SparseSuffix precedence over distance_closure distance-labelled relations | exact break-group ends and unary break-group thresholds | exact schedule <-> usedSlot channeling | (43) exactly |Mp| full usedSlot variables | (44) atMost 2|L| busy participants per slot | (45) exact even number of busy participants | historical hard cap Delta_G <= 2",,,result
,,,,,,,,,forum-13.forb0003,b2b-86c3fb70b217e535,b2b-lineage-forum-13,forbidden,R-PW-DE-ST-BGD2-IS-CD-IC12P,Reduced,Filter-E*,Pairwise,Direct-E,SpanThreshold,BreakGroupsD2,IncrementalSAT,IC12+,OPTIMAL,SAT,0,0,bg_d2,0,0,0,,,,,3.955345,False,199.219,,,,Compact,Compact/Reduced,project_implementation,incremental multi-phase SAT with persistent solver state,130292,,,,,,,260469,0,260469,2446,127846,741003,59,cfg5__m-reduced__p-pairwise__g-direct__b-span_threshold__o-break_groups_d2__s-incrementalsat__i-imp12plus__backend-cadical,cfg5__m-reduced__p-pairwise__g-direct__b-span_threshold__o-break_groups_d2__s-incrementalsat__i-imp12plus__backend-cadical,reduced,distance_closure,pairwise,direct,IncrementalSAT,CaDiCaL,1.5.3,imp12+,span_threshold,total_break_groups_subject_to_range_at_most_2,BGD2,IC12P,741003,0,0,341,97469,109006,53653,,0,580,7,,,,,,1,4048,42163,121931,42163,3.3317080829992847,6,"formalism-specific model size: SAT/MaxSAT reports base CNF and soft clauses, MIP reports variables/linear constraints/nonzeros, and CP reports integer variables plus linear/global constraints; SAT bound/totalizer overhead remains separate in optimizer_added_*",3234,2446,2446,2446,0,0,0,0,0,0,0,1,0.075457,0.002132,0.350378,,0.35251,3.602835,"wall-clock from immediately before reading/parsing the .dzn instance through model construction, optimization, solution decoding, and independent validation; excludes worker-process startup and result-file export",0,0,0,0,0,"0,0,0,0,0,0,0,0,0,0,0,0,0,0,0,0,0,0,0,0,0,0,0,0,0,0,0,0,0,0,0,0,0,0,0,0,0,0,0,0,0,0,0,0,0,0,0,0,0,0,0,0,0,0,0,0,0,0,0,0,0,0,0,0,0,0,0,0,0,0",peak_process_tree_rss_mb,86c3fb70b217e535b344f6045cbf3e122be256f047e04a7bc4e9f1a0c2e0e4dd,forb0003,data_table06_forb/forum-13.forb0003.dzn,2,../noves/forum-13.forb0003.dzn | ../noves/ticf-13crafa.forb0003.dzn,2,data_table06_forb/forum-13.forb0003.dzn | data_table06_forb/ticf-13crafa.forb0003.dzn,https://imae.udg.edu/Recerca/LAI/,https://ima.udg.edu/Recerca/lai/b2b/b2b.zip,ee1f440ab3f6db27ab712300ad3a54a31ffd5ec1e06f81a9ac37cb7202c56528,2026-08-10T10:42:19+00:00,7200.0,,ee80a6fbd8b513f7c010668495c39621a371266a,True,3.10.12,1.8.dev25,instance-20260810-085803,Linux-6.8.0-1064-gcp-x86_64-with-glibc2.35,x86_64,4,8,15988.059,1,0,/home/g24021555/Business-Meeting-Scheduling-Problem/.venv/bin/python3 /home/g24021555/Business-Meeting-Scheduling-Problem/src/Main.py --manifest instances_manifest.csv --family forbidden --solver sat_all --objective-mode bg_d2 --domain-mode both --domain-filter-graph both --precedence-encoding both --precedence-graph both --encoding-variant imp12+ --sat-backend cadical --maxsat-backend uwrmaxsat --uwrmaxsat-bin /home/g24021555/uwrmaxsat/build/release/bin/uwrmaxsat --timeout 7200 --csv output/full_matrix_bg_d2_forbidden.csv,,,,,,,,incremental,,cadical,,traditional,pairwise+direct,0,58,"1,2,3,4,5,6,7,8,9,10,11,12,13,14,15,16,18,19,23,24,25,26,27,28,29,30,31,32,33,34,35,36,37,38,39,40,41,42,44,45,46,47,48,49,50,52,53,54,56,57,59,60,62,63,64,65,66,70",2446,788,0,0,"0,0,0,0,0,0,0,0,0,0,0,0,0,0,0,0,0,0,0,0,0,0,0,0,0,0,0,0,0,0,0,0,0,0,0,0,0,0,0,0,0,0,0,0,0,0,0,0,0,0,0,0,0,0,0,0,0,0,0,0,0,0,0,0,0,0,0,0,0,0","6,6,16,20,24,26,28,28,28,28,28,28,22,10,6,4,0,0,0,0,0","6,10,4,5,11,12,9,7,8,14,13,10,9,12,16,15,11,14,5,7,4,3,6,8,7,11,7,3,4,9,8,5,6,9,6,12,7,10,11,8,12,13,14,16,15,10,8,11,11,6,12,10,5,7,13,8,9,11,13,12,10,12,7,5,3,6,4,1,6,9,8,10,2,7,3,4,5,10,9,12,11,13,8,6,7,3,5,4,8,6,10,11,5,9,13,7,12,4,12,8,11,13,10,9,5,11,9,13,8,12,10,6,7,9,6,5,2,4,7,3,1,10,12,13,14,9,4,7,3,6,11,5,8,7,8,2,5,9,10,15,4,12,13,3,1,14,6,11,13,10,8,12,11,9",1:M68 M121 M145 | 2:M73 M117 M136 | 3:M22 M28 M65 M75 M86 M120 M129 M144 | 4:M3 M21 M29 M67 M76 M88 M98 M118 M127 M141 | 5:M4 M19 M32 M53 M64 M77 M87 M93 M105 M116 M132 M137 | 6:M1 M23 M33 M35 M50 M66 M69 M84 M90 M112 M115 M130 M147 | 7:M8 M20 M25 M27 M37 M54 M63 M74 M85 M96 M113 M119 M128 M134 | 8:M9 M24 M31 M40 M47 M56 M71 M83 M89 M100 M109 M133 M135 M151 | 9:M7 M13 M30 M34 M57 M70 M79 M94 M104 M107 M114 M126 M138 M154 | 10:M2 M12 M38 M46 M52 M61 M72 M78 M91 M103 M111 M122 M139 M150 | 11:M5 M17 M26 M39 M48 M49 M58 M81 M92 M101 M106 M131 M148 M153 | 12:M6 M14 M36 M41 M51 M60 M62 M80 M97 M99 M110 M123 M142 M152 | 13:M11 M42 M55 M59 M82 M95 M102 M108 M124 M143 M149 | 14:M10 M18 M43 M125 M146 | 15:M16 M45 M140 | 16:M15 M44 | 17: | 18: | 19: | 20: | 21:,"journal objective family: bg_d2 | F-selected distance-labelled E* domain propagation and cycle detection | precedence configuration: F=distance_closure, P=pairwise, G=direct | Reduced Domain variables after unary filtering + matching GAC + slot saturation | (20),(22)-(27) exactly once over reduced domains | (19) participant atMost-one per slot | (46),(47) clustered table capacity with compact forward channeling | (28) Pairwise precedence over direct distance-labelled relations | exact break-group ends and unary break-group thresholds | exact schedule <-> usedSlot channeling | (43) exactly |Mp| reduced usedSlot variables | (44) atMost 2|L| busy participants per slot | (45) exact even number of busy participants | historical hard cap Delta_G <= 2",0,"(0,)",result
,,,,,,,,,forum-13.forb0003,b2b-86c3fb70b217e535,b2b-lineage-forum-13,forbidden,R-PW-DE-ST-BGD2-NIS-CD-IC12P,Reduced,Filter-E*,Pairwise,Direct-E,SpanThreshold,BreakGroupsD2,NonIncrementalSAT,IC12+,OPTIMAL,SAT,0,0,bg_d2,0,0,0,,,,,4.638634,False,213.914,,,,Compact,Compact/Reduced,project_implementation,restart-based multi-phase SAT,130292,,,,,,,260469,0,260469,2446,127846,741003,59,cfg5__m-reduced__p-pairwise__g-direct__b-span_threshold__o-break_groups_d2__s-nonincrementalsat__i-imp12plus__backend-cadical,cfg5__m-reduced__p-pairwise__g-direct__b-span_threshold__o-break_groups_d2__s-nonincrementalsat__i-imp12plus__backend-cadical,reduced,distance_closure,pairwise,direct,NonIncrementalSAT,CaDiCaL,1.5.3,imp12+,span_threshold,total_break_groups_subject_to_range_at_most_2,BGD2,IC12P,741003,0,0,341,97469,109006,53653,,0,580,7,,,,,,7,18564,37640,93298,71756,3.985658630999751,6,"formalism-specific model size: SAT/MaxSAT reports base CNF and soft clauses, MIP reports variables/linear constraints/nonzeros, and CP reports integer variables plus linear/global constraints; SAT bound/totalizer overhead remains separate in optimizer_added_*",3234,2446,2446,2446,0,0,0,0,0,0,0,1,0.076552,0.002446,0.35189,,0.354335,4.284299,"wall-clock from immediately before reading/parsing the .dzn instance through model construction, optimization, solution decoding, and independent validation; excludes worker-process startup and result-file export",0,0,0,0,0,"0,0,0,0,0,0,0,0,0,0,0,0,0,0,0,0,0,0,0,0,0,0,0,0,0,0,0,0,0,0,0,0,0,0,0,0,0,0,0,0,0,0,0,0,0,0,0,0,0,0,0,0,0,0,0,0,0,0,0,0,0,0,0,0,0,0,0,0,0,0",peak_process_tree_rss_mb,86c3fb70b217e535b344f6045cbf3e122be256f047e04a7bc4e9f1a0c2e0e4dd,forb0003,data_table06_forb/forum-13.forb0003.dzn,2,../noves/forum-13.forb0003.dzn | ../noves/ticf-13crafa.forb0003.dzn,2,data_table06_forb/forum-13.forb0003.dzn | data_table06_forb/ticf-13crafa.forb0003.dzn,https://imae.udg.edu/Recerca/LAI/,https://ima.udg.edu/Recerca/lai/b2b/b2b.zip,ee1f440ab3f6db27ab712300ad3a54a31ffd5ec1e06f81a9ac37cb7202c56528,2026-08-10T10:42:19+00:00,7200.0,,ee80a6fbd8b513f7c010668495c39621a371266a,True,3.10.12,1.8.dev25,instance-20260810-085803,Linux-6.8.0-1064-gcp-x86_64-with-glibc2.35,x86_64,4,8,15988.059,1,0,/home/g24021555/Business-Meeting-Scheduling-Problem/.venv/bin/python3 /home/g24021555/Business-Meeting-Scheduling-Problem/src/Main.py --manifest instances_manifest.csv --family forbidden --solver sat_all --objective-mode bg_d2 --domain-mode both --domain-filter-graph both --precedence-encoding both --precedence-graph both --encoding-variant imp12+ --sat-backend cadical --maxsat-backend uwrmaxsat --uwrmaxsat-bin /home/g24021555/uwrmaxsat/build/release/bin/uwrmaxsat --timeout 7200 --csv output/full_matrix_bg_d2_forbidden.csv,,,,,,,,multiple,,cadical,,traditional,pairwise+direct,0,58,"1,2,3,4,5,6,7,8,9,10,11,12,13,14,15,16,18,19,23,24,25,26,27,28,29,30,31,32,33,34,35,36,37,38,39,40,41,42,44,45,46,47,48,49,50,52,53,54,56,57,59,60,62,63,64,65,66,70",2446,788,0,0,"0,0,0,0,0,0,0,0,0,0,0,0,0,0,0,0,0,0,0,0,0,0,0,0,0,0,0,0,0,0,0,0,0,0,0,0,0,0,0,0,0,0,0,0,0,0,0,0,0,0,0,0,0,0,0,0,0,0,0,0,0,0,0,0,0,0,0,0,0,0","8,12,24,28,28,28,28,28,28,24,22,20,16,8,4,2,0,0,0,0,0","6,9,7,10,13,11,8,5,12,14,1,8,4,7,3,6,2,5,7,9,4,5,6,8,4,5,10,4,8,9,7,5,6,11,9,12,7,6,10,8,12,13,14,16,15,4,3,2,9,6,10,7,4,3,11,8,5,11,13,12,10,3,7,3,5,6,4,6,3,8,10,11,9,7,2,5,4,10,8,12,11,13,9,4,7,3,5,6,9,12,7,5,3,8,11,6,4,10,12,8,11,10,13,9,5,2,9,4,7,1,3,8,6,4,5,7,3,6,9,2,1,3,10,13,14,9,4,6,5,7,12,11,8,8,13,3,4,5,9,15,7,12,6,2,1,11,10,14,11,10,9,12,13,8",1:M11 M110 M121 M145 | 2:M17 M48 M75 M106 M120 M144 | 3:M15 M47 M54 M62 M64 M69 M86 M93 M111 M117 M122 M136 | 4:M13 M21 M25 M28 M46 M53 M67 M77 M84 M97 M108 M114 M127 M137 | 5:M8 M18 M22 M26 M32 M57 M65 M76 M87 M92 M105 M115 M129 M138 | 6:M1 M16 M23 M33 M38 M50 M66 M68 M88 M96 M113 M118 M128 M143 | 7:M3 M14 M19 M31 M37 M52 M63 M74 M85 M91 M109 M116 M130 M141 | 8:M7 M12 M24 M29 M40 M56 M70 M79 M94 M100 M112 M133 M134 M154 | 9:M2 M20 M30 M35 M49 M73 M83 M89 M104 M107 M119 M126 M139 M151 | 10:M4 M27 M39 M51 M61 M71 M78 M98 M102 M123 M147 M150 | 11:M6 M34 M55 M58 M72 M81 M95 M101 M132 M146 M149 | 12:M9 M36 M41 M60 M80 M90 M99 M131 M142 M152 | 13:M5 M42 M59 M82 M103 M124 M135 M153 | 14:M10 M43 M125 M148 | 15:M45 M140 | 16:M44 | 17: | 18: | 19: | 20: | 21:,"journal objective family: bg_d2 | F-selected distance-labelled E* domain propagation and cycle detection | precedence configuration: F=distance_closure, P=pairwise, G=direct | Reduced Domain variables after unary filtering + matching GAC + slot saturation | (20),(22)-(27) exactly once over reduced domains | (19) participant atMost-one per slot | (46),(47) clustered table capacity with compact forward channeling | (28) Pairwise precedence over direct distance-labelled relations | exact break-group ends and unary break-group thresholds | exact schedule <-> usedSlot channeling | (43) exactly |Mp| reduced usedSlot variables | (44) atMost 2|L| busy participants per slot | (45) exact even number of busy participants | historical hard cap Delta_G <= 2",0,"(0,)",result
,,,,,,,,,forum-13.forb0003,b2b-86c3fb70b217e535,b2b-lineage-forum-13,forbidden,R-PW-DE-ST-BGD2-UW-IC12P,Reduced,Filter-E*,Pairwise,Direct-E,SpanThreshold,BreakGroupsD2,UWrMaxSAT,IC12+,OPTIMAL,SAT,0,0,bg_d2,0,0,0,,,0,1,3.579498,False,207.543,,,,Compact,Compact/Reduced,project_implementation,one-shot weighted MaxSAT,130292,,,,,,,260469,580,261049,2446,127846,741583,59,cfg5__m-reduced__p-pairwise__g-direct__b-span_threshold__o-break_groups_d2__s-uwrmaxsat__i-imp12plus__backend-uwrmaxsat,cfg5__m-reduced__p-pairwise__g-direct__b-span_threshold__o-break_groups_d2__s-uwrmaxsat__i-imp12plus__backend-uwrmaxsat,reduced,distance_closure,pairwise,direct,UWrMaxSAT,UWrMaxSAT,binary-sha256:8c68c8a386d3d7847b50d315143c2bab60e3514e59510e84a649db83cb303876,imp12+,span_threshold,total_break_groups_subject_to_range_at_most_2,BGD2,IC12P,741003,580,1,341,97469,109006,53653,1,580,580,1,,,,,,0,0,0,0,0,,,"formalism-specific model size: SAT/MaxSAT reports base CNF and soft clauses, MIP reports variables/linear constraints/nonzeros, and CP reports integer variables plus linear/global constraints; SAT bound/totalizer overhead remains separate in optimizer_added_*",3234,2446,2446,2446,0,0,0,0,0,0,0,1,0.074919,0.002138,0.350652,,0.352789,3.226709,"wall-clock from immediately before reading/parsing the .dzn instance through model construction, optimization, solution decoding, and independent validation; excludes worker-process startup and result-file export",0,0,0,0,0,"0,0,0,0,0,0,0,0,0,0,0,0,0,0,0,0,0,0,0,0,0,0,0,0,0,0,0,0,0,0,0,0,0,0,0,0,0,0,0,0,0,0,0,0,0,0,0,0,0,0,0,0,0,0,0,0,0,0,0,0,0,0,0,0,0,0,0,0,0,0",peak_process_tree_rss_mb,86c3fb70b217e535b344f6045cbf3e122be256f047e04a7bc4e9f1a0c2e0e4dd,forb0003,data_table06_forb/forum-13.forb0003.dzn,2,../noves/forum-13.forb0003.dzn | ../noves/ticf-13crafa.forb0003.dzn,2,data_table06_forb/forum-13.forb0003.dzn | data_table06_forb/ticf-13crafa.forb0003.dzn,https://imae.udg.edu/Recerca/LAI/,https://ima.udg.edu/Recerca/lai/b2b/b2b.zip,ee1f440ab3f6db27ab712300ad3a54a31ffd5ec1e06f81a9ac37cb7202c56528,2026-08-10T10:42:19+00:00,7200.0,,ee80a6fbd8b513f7c010668495c39621a371266a,True,3.10.12,1.8.dev25,instance-20260810-085803,Linux-6.8.0-1064-gcp-x86_64-with-glibc2.35,x86_64,4,8,15988.059,1,0,/home/g24021555/Business-Meeting-Scheduling-Problem/.venv/bin/python3 /home/g24021555/Business-Meeting-Scheduling-Problem/src/Main.py --manifest instances_manifest.csv --family forbidden --solver sat_all --objective-mode bg_d2 --domain-mode both --domain-filter-graph both --precedence-encoding both --precedence-graph both --encoding-variant imp12+ --sat-backend cadical --maxsat-backend uwrmaxsat --uwrmaxsat-bin /home/g24021555/uwrmaxsat/build/release/bin/uwrmaxsat --timeout 7200 --csv output/full_matrix_bg_d2_forbidden.csv,/home/g24021555/uwrmaxsat/build/release/bin/uwrmaxsat,8c68c8a386d3d7847b50d315143c2bab60e3514e59510e84a649db83cb303876,/home/g24021555/uwrmaxsat/build/release/bin/uwrmaxsat -m /tmp/b2b_uwrmaxsat_y7dnqy_u/forum-13.forb0003.wcnf,,process exit code=30,,,maxsat,uwrmaxsat,,/home/g24021555/uwrmaxsat/build/release/bin/uwrmaxsat,traditional,pairwise+direct,0,58,"1,2,3,4,5,6,7,8,9,10,11,12,13,14,15,16,18,19,23,24,25,26,27,28,29,30,31,32,33,34,35,36,37,38,39,40,41,42,44,45,46,47,48,49,50,52,53,54,56,57,59,60,62,63,64,65,66,70",2446,788,0,0,"0,0,0,0,0,0,0,0,0,0,0,0,0,0,0,0,0,0,0,0,0,0,0,0,0,0,0,0,0,0,0,0,0,0,0,0,0,0,0,0,0,0,0,0,0,0,0,0,0,0,0,0,0,0,0,0,0,0,0,0,0,0,0,0,0,0,0,0,0,0","8,14,16,22,28,28,28,28,28,28,26,22,16,8,6,2,0,0,0,0,0","7,6,8,10,13,5,11,12,9,14,3,2,8,4,7,1,6,5,5,6,1,2,4,3,8,7,5,7,11,10,6,8,9,7,9,12,10,6,11,8,12,13,14,16,15,4,5,6,4,12,8,6,9,5,11,10,7,10,13,12,11,5,9,13,12,10,11,6,11,5,3,9,10,8,4,2,7,9,3,12,11,13,7,6,8,10,5,4,8,4,7,9,2,3,10,6,5,11,13,9,12,11,8,10,9,6,1,4,5,2,7,8,3,5,7,9,3,6,10,4,2,10,6,12,14,9,15,13,5,4,7,11,8,6,8,10,13,7,4,15,5,11,3,14,2,12,9,1,11,7,9,12,10,8",1:M16 M21 M107 M148 | 2:M12 M22 M76 M93 M110 M121 M145 | 3:M11 M24 M71 M79 M94 M113 M117 M143 | 4:M14 M23 M46 M49 M75 M88 M90 M108 M120 M130 M139 | 5:M6 M18 M19 M27 M47 M54 M62 M70 M87 M97 M109 M114 M129 M141 | 6:M2 M17 M20 M31 M38 M48 M52 M68 M84 M96 M106 M118 M123 M134 | 7:M1 M15 M26 M28 M34 M57 M77 M83 M91 M111 M115 M131 M138 M150 | 8:M3 M13 M25 M32 M40 M51 M74 M85 M89 M103 M112 M133 M135 M154 | 9:M9 M33 M35 M53 M63 M72 M78 M92 M100 M105 M116 M126 M147 M151 | 10:M4 M30 M37 M56 M58 M66 M73 M86 M95 M104 M119 M122 M136 M153 | 11:M7 M29 M39 M55 M61 M67 M69 M81 M98 M102 M132 M142 M149 | 12:M8 M36 M41 M50 M60 M65 M80 M101 M124 M146 M152 | 13:M5 M42 M59 M64 M82 M99 M128 M137 | 14:M10 M43 M125 M144 | 15:M45 M127 M140 | 16:M44 | 17: | 18: | 19: | 20: | 21:,"journal objective family: bg_d2 | F-selected distance-labelled E* domain propagation and cycle detection | precedence configuration: F=distance_closure, P=pairwise, G=direct | Reduced Domain variables after unary filtering + matching GAC + slot saturation | (20),(22)-(27) exactly once over reduced domains | (19) participant atMost-one per slot | (46),(47) clustered table capacity with compact forward channeling | (28) Pairwise precedence over direct distance-labelled relations | exact break-group ends and unary break-group thresholds | exact schedule <-> usedSlot channeling | (43) exactly |Mp| reduced usedSlot variables | (44) atMost 2|L| busy participants per slot | (45) exact even number of busy participants | historical hard cap Delta_G <= 2",,,result
,,,,,,,,,forum-13.forb0003,b2b-86c3fb70b217e535,b2b-lineage-forum-13,forbidden,R-PW-DC-ST-BGD2-IS-CD-IC12P,Reduced,Filter-E*,Pairwise,DistanceClosure-E*,SpanThreshold,BreakGroupsD2,IncrementalSAT,IC12+,OPTIMAL,SAT,0,0,bg_d2,0,0,0,,,,,4.025695,False,201.168,,,,Compact,Compact/Reduced,project_implementation,incremental multi-phase SAT with persistent solver state,130292,,,,,,,260469,0,260469,2446,127846,741003,59,cfg5__m-reduced__p-pairwise__g-distance_closure__b-span_threshold__o-break_groups_d2__s-incrementalsat__i-imp12plus__backend-cadical,cfg5__m-reduced__p-pairwise__g-distance_closure__b-span_threshold__o-break_groups_d2__s-incrementalsat__i-imp12plus__backend-cadical,reduced,distance_closure,pairwise,distance_closure,IncrementalSAT,CaDiCaL,1.5.3,imp12+,span_threshold,total_break_groups_subject_to_range_at_most_2,BGD2,IC12P,741003,0,0,341,97469,109006,53653,,0,580,7,,,,,,1,4048,42163,121931,42163,3.382719950000137,6,"formalism-specific model size: SAT/MaxSAT reports base CNF and soft clauses, MIP reports variables/linear constraints/nonzeros, and CP reports integer variables plus linear/global constraints; SAT bound/totalizer overhead remains separate in optimizer_added_*",3234,2446,2446,2446,0,0,0,0,0,0,0,1,0.074954,0.002136,0.356905,,0.359041,3.666654,"wall-clock from immediately before reading/parsing the .dzn instance through model construction, optimization, solution decoding, and independent validation; excludes worker-process startup and result-file export",0,0,0,0,0,"0,0,0,0,0,0,0,0,0,0,0,0,0,0,0,0,0,0,0,0,0,0,0,0,0,0,0,0,0,0,0,0,0,0,0,0,0,0,0,0,0,0,0,0,0,0,0,0,0,0,0,0,0,0,0,0,0,0,0,0,0,0,0,0,0,0,0,0,0,0",peak_process_tree_rss_mb,86c3fb70b217e535b344f6045cbf3e122be256f047e04a7bc4e9f1a0c2e0e4dd,forb0003,data_table06_forb/forum-13.forb0003.dzn,2,../noves/forum-13.forb0003.dzn | ../noves/ticf-13crafa.forb0003.dzn,2,data_table06_forb/forum-13.forb0003.dzn | data_table06_forb/ticf-13crafa.forb0003.dzn,https://imae.udg.edu/Recerca/LAI/,https://ima.udg.edu/Recerca/lai/b2b/b2b.zip,ee1f440ab3f6db27ab712300ad3a54a31ffd5ec1e06f81a9ac37cb7202c56528,2026-08-10T10:42:19+00:00,7200.0,,ee80a6fbd8b513f7c010668495c39621a371266a,True,3.10.12,1.8.dev25,instance-20260810-085803,Linux-6.8.0-1064-gcp-x86_64-with-glibc2.35,x86_64,4,8,15988.059,1,0,/home/g24021555/Business-Meeting-Scheduling-Problem/.venv/bin/python3 /home/g24021555/Business-Meeting-Scheduling-Problem/src/Main.py --manifest instances_manifest.csv --family forbidden --solver sat_all --objective-mode bg_d2 --domain-mode both --domain-filter-graph both --precedence-encoding both --precedence-graph both --encoding-variant imp12+ --sat-backend cadical --maxsat-backend uwrmaxsat --uwrmaxsat-bin /home/g24021555/uwrmaxsat/build/release/bin/uwrmaxsat --timeout 7200 --csv output/full_matrix_bg_d2_forbidden.csv,,,,,,,,incremental,,cadical,,factorial,pairwise+distance_closure,0,58,"1,2,3,4,5,6,7,8,9,10,11,12,13,14,15,16,18,19,23,24,25,26,27,28,29,30,31,32,33,34,35,36,37,38,39,40,41,42,44,45,46,47,48,49,50,52,53,54,56,57,59,60,62,63,64,65,66,70",2446,788,0,0,"0,0,0,0,0,0,0,0,0,0,0,0,0,0,0,0,0,0,0,0,0,0,0,0,0,0,0,0,0,0,0,0,0,0,0,0,0,0,0,0,0,0,0,0,0,0,0,0,0,0,0,0,0,0,0,0,0,0,0,0,0,0,0,0,0,0,0,0,0,0","6,6,16,20,24,26,28,28,28,28,28,28,22,10,6,4,0,0,0,0,0","6,10,4,5,11,12,9,7,8,14,13,10,9,12,16,15,11,14,5,7,4,3,6,8,7,11,7,3,4,9,8,5,6,9,6,12,7,10,11,8,12,13,14,16,15,10,8,11,11,6,12,10,5,7,13,8,9,11,13,12,10,12,7,5,3,6,4,1,6,9,8,10,2,7,3,4,5,10,9,12,11,13,8,6,7,3,5,4,8,6,10,11,5,9,13,7,12,4,12,8,11,13,10,9,5,11,9,13,8,12,10,6,7,9,6,5,2,4,7,3,1,10,12,13,14,9,4,7,3,6,11,5,8,7,8,2,5,9,10,15,4,12,13,3,1,14,6,11,13,10,8,12,11,9",1:M68 M121 M145 | 2:M73 M117 M136 | 3:M22 M28 M65 M75 M86 M120 M129 M144 | 4:M3 M21 M29 M67 M76 M88 M98 M118 M127 M141 | 5:M4 M19 M32 M53 M64 M77 M87 M93 M105 M116 M132 M137 | 6:M1 M23 M33 M35 M50 M66 M69 M84 M90 M112 M115 M130 M147 | 7:M8 M20 M25 M27 M37 M54 M63 M74 M85 M96 M113 M119 M128 M134 | 8:M9 M24 M31 M40 M47 M56 M71 M83 M89 M100 M109 M133 M135 M151 | 9:M7 M13 M30 M34 M57 M70 M79 M94 M104 M107 M114 M126 M138 M154 | 10:M2 M12 M38 M46 M52 M61 M72 M78 M91 M103 M111 M122 M139 M150 | 11:M5 M17 M26 M39 M48 M49 M58 M81 M92 M101 M106 M131 M148 M153 | 12:M6 M14 M36 M41 M51 M60 M62 M80 M97 M99 M110 M123 M142 M152 | 13:M11 M42 M55 M59 M82 M95 M102 M108 M124 M143 M149 | 14:M10 M18 M43 M125 M146 | 15:M16 M45 M140 | 16:M15 M44 | 17: | 18: | 19: | 20: | 21:,"journal objective family: bg_d2 | F-selected distance-labelled E* domain propagation and cycle detection | precedence configuration: F=distance_closure, P=pairwise, G=distance_closure | Reduced Domain variables after unary filtering + matching GAC + slot saturation | (20),(22)-(27) exactly once over reduced domains | (19) participant atMost-one per slot | (46),(47) clustered table capacity with compact forward channeling | (28) Pairwise precedence over distance_closure distance-labelled relations | exact break-group ends and unary break-group thresholds | exact schedule <-> usedSlot channeling | (43) exactly |Mp| reduced usedSlot variables | (44) atMost 2|L| busy participants per slot | (45) exact even number of busy participants | historical hard cap Delta_G <= 2",0,"(0,)",result
,,,,,,,,,forum-13.forb0003,b2b-86c3fb70b217e535,b2b-lineage-forum-13,forbidden,R-PW-DC-ST-BGD2-NIS-CD-IC12P,Reduced,Filter-E*,Pairwise,DistanceClosure-E*,SpanThreshold,BreakGroupsD2,NonIncrementalSAT,IC12+,OPTIMAL,SAT,0,0,bg_d2,0,0,0,,,,,4.688627,False,211.297,,,,Compact,Compact/Reduced,project_implementation,restart-based multi-phase SAT,130292,,,,,,,260469,0,260469,2446,127846,741003,59,cfg5__m-reduced__p-pairwise__g-distance_closure__b-span_threshold__o-break_groups_d2__s-nonincrementalsat__i-imp12plus__backend-cadical,cfg5__m-reduced__p-pairwise__g-distance_closure__b-span_threshold__o-break_groups_d2__s-nonincrementalsat__i-imp12plus__backend-cadical,reduced,distance_closure,pairwise,distance_closure,NonIncrementalSAT,CaDiCaL,1.5.3,imp12+,span_threshold,total_break_groups_subject_to_range_at_most_2,BGD2,IC12P,741003,0,0,341,97469,109006,53653,,0,580,7,,,,,,7,18564,37640,93298,71756,4.042203891999634,6,"formalism-specific model size: SAT/MaxSAT reports base CNF and soft clauses, MIP reports variables/linear constraints/nonzeros, and CP reports integer variables plus linear/global constraints; SAT bound/totalizer overhead remains separate in optimizer_added_*",3234,2446,2446,2446,0,0,0,0,0,0,0,1,0.07475,0.002432,0.362225,,0.364657,4.32397,"wall-clock from immediately before reading/parsing the .dzn instance through model construction, optimization, solution decoding, and independent validation; excludes worker-process startup and result-file export",0,0,0,0,0,"0,0,0,0,0,0,0,0,0,0,0,0,0,0,0,0,0,0,0,0,0,0,0,0,0,0,0,0,0,0,0,0,0,0,0,0,0,0,0,0,0,0,0,0,0,0,0,0,0,0,0,0,0,0,0,0,0,0,0,0,0,0,0,0,0,0,0,0,0,0",peak_process_tree_rss_mb,86c3fb70b217e535b344f6045cbf3e122be256f047e04a7bc4e9f1a0c2e0e4dd,forb0003,data_table06_forb/forum-13.forb0003.dzn,2,../noves/forum-13.forb0003.dzn | ../noves/ticf-13crafa.forb0003.dzn,2,data_table06_forb/forum-13.forb0003.dzn | data_table06_forb/ticf-13crafa.forb0003.dzn,https://imae.udg.edu/Recerca/LAI/,https://ima.udg.edu/Recerca/lai/b2b/b2b.zip,ee1f440ab3f6db27ab712300ad3a54a31ffd5ec1e06f81a9ac37cb7202c56528,2026-08-10T10:42:19+00:00,7200.0,,ee80a6fbd8b513f7c010668495c39621a371266a,True,3.10.12,1.8.dev25,instance-20260810-085803,Linux-6.8.0-1064-gcp-x86_64-with-glibc2.35,x86_64,4,8,15988.059,1,0,/home/g24021555/Business-Meeting-Scheduling-Problem/.venv/bin/python3 /home/g24021555/Business-Meeting-Scheduling-Problem/src/Main.py --manifest instances_manifest.csv --family forbidden --solver sat_all --objective-mode bg_d2 --domain-mode both --domain-filter-graph both --precedence-encoding both --precedence-graph both --encoding-variant imp12+ --sat-backend cadical --maxsat-backend uwrmaxsat --uwrmaxsat-bin /home/g24021555/uwrmaxsat/build/release/bin/uwrmaxsat --timeout 7200 --csv output/full_matrix_bg_d2_forbidden.csv,,,,,,,,multiple,,cadical,,factorial,pairwise+distance_closure,0,58,"1,2,3,4,5,6,7,8,9,10,11,12,13,14,15,16,18,19,23,24,25,26,27,28,29,30,31,32,33,34,35,36,37,38,39,40,41,42,44,45,46,47,48,49,50,52,53,54,56,57,59,60,62,63,64,65,66,70",2446,788,0,0,"0,0,0,0,0,0,0,0,0,0,0,0,0,0,0,0,0,0,0,0,0,0,0,0,0,0,0,0,0,0,0,0,0,0,0,0,0,0,0,0,0,0,0,0,0,0,0,0,0,0,0,0,0,0,0,0,0,0,0,0,0,0,0,0,0,0,0,0,0,0","8,12,24,28,28,28,28,28,28,24,22,20,16,8,4,2,0,0,0,0,0","6,9,7,10,13,11,8,5,12,14,1,8,4,7,3,6,2,5,7,9,4,5,6,8,4,5,10,4,8,9,7,5,6,11,9,12,7,6,10,8,12,13,14,16,15,4,3,2,9,6,10,7,4,3,11,8,5,11,13,12,10,3,7,3,5,6,4,6,3,8,10,11,9,7,2,5,4,10,8,12,11,13,9,4,7,3,5,6,9,12,7,5,3,8,11,6,4,10,12,8,11,10,13,9,5,2,9,4,7,1,3,8,6,4,5,7,3,6,9,2,1,3,10,13,14,9,4,6,5,7,12,11,8,8,13,3,4,5,9,15,7,12,6,2,1,11,10,14,11,10,9,12,13,8",1:M11 M110 M121 M145 | 2:M17 M48 M75 M106 M120 M144 | 3:M15 M47 M54 M62 M64 M69 M86 M93 M111 M117 M122 M136 | 4:M13 M21 M25 M28 M46 M53 M67 M77 M84 M97 M108 M114 M127 M137 | 5:M8 M18 M22 M26 M32 M57 M65 M76 M87 M92 M105 M115 M129 M138 | 6:M1 M16 M23 M33 M38 M50 M66 M68 M88 M96 M113 M118 M128 M143 | 7:M3 M14 M19 M31 M37 M52 M63 M74 M85 M91 M109 M116 M130 M141 | 8:M7 M12 M24 M29 M40 M56 M70 M79 M94 M100 M112 M133 M134 M154 | 9:M2 M20 M30 M35 M49 M73 M83 M89 M104 M107 M119 M126 M139 M151 | 10:M4 M27 M39 M51 M61 M71 M78 M98 M102 M123 M147 M150 | 11:M6 M34 M55 M58 M72 M81 M95 M101 M132 M146 M149 | 12:M9 M36 M41 M60 M80 M90 M99 M131 M142 M152 | 13:M5 M42 M59 M82 M103 M124 M135 M153 | 14:M10 M43 M125 M148 | 15:M45 M140 | 16:M44 | 17: | 18: | 19: | 20: | 21:,"journal objective family: bg_d2 | F-selected distance-labelled E* domain propagation and cycle detection | precedence configuration: F=distance_closure, P=pairwise, G=distance_closure | Reduced Domain variables after unary filtering + matching GAC + slot saturation | (20),(22)-(27) exactly once over reduced domains | (19) participant atMost-one per slot | (46),(47) clustered table capacity with compact forward channeling | (28) Pairwise precedence over distance_closure distance-labelled relations | exact break-group ends and unary break-group thresholds | exact schedule <-> usedSlot channeling | (43) exactly |Mp| reduced usedSlot variables | (44) atMost 2|L| busy participants per slot | (45) exact even number of busy participants | historical hard cap Delta_G <= 2",0,"(0,)",result
,,,,,,,,,forum-13.forb0003,b2b-86c3fb70b217e535,b2b-lineage-forum-13,forbidden,R-PW-DC-ST-BGD2-UW-IC12P,Reduced,Filter-E*,Pairwise,DistanceClosure-E*,SpanThreshold,BreakGroupsD2,UWrMaxSAT,IC12+,OPTIMAL,SAT,0,0,bg_d2,0,0,0,,,0,1,3.730805,False,207.523,,,,Compact,Compact/Reduced,project_implementation,one-shot weighted MaxSAT,130292,,,,,,,260469,580,261049,2446,127846,741583,59,cfg5__m-reduced__p-pairwise__g-distance_closure__b-span_threshold__o-break_groups_d2__s-uwrmaxsat__i-imp12plus__backend-uwrmaxsat,cfg5__m-reduced__p-pairwise__g-distance_closure__b-span_threshold__o-break_groups_d2__s-uwrmaxsat__i-imp12plus__backend-uwrmaxsat,reduced,distance_closure,pairwise,distance_closure,UWrMaxSAT,UWrMaxSAT,binary-sha256:8c68c8a386d3d7847b50d315143c2bab60e3514e59510e84a649db83cb303876,imp12+,span_threshold,total_break_groups_subject_to_range_at_most_2,BGD2,IC12P,741003,580,1,341,97469,109006,53653,1,580,580,1,,,,,,0,0,0,0,0,,,"formalism-specific model size: SAT/MaxSAT reports base CNF and soft clauses, MIP reports variables/linear constraints/nonzeros, and CP reports integer variables plus linear/global constraints; SAT bound/totalizer overhead remains separate in optimizer_added_*",3234,2446,2446,2446,0,0,0,0,0,0,0,1,0.074273,0.002439,0.358146,,0.360585,3.37022,"wall-clock from immediately before reading/parsing the .dzn instance through model construction, optimization, solution decoding, and independent validation; excludes worker-process startup and result-file export",0,0,0,0,0,"0,0,0,0,0,0,0,0,0,0,0,0,0,0,0,0,0,0,0,0,0,0,0,0,0,0,0,0,0,0,0,0,0,0,0,0,0,0,0,0,0,0,0,0,0,0,0,0,0,0,0,0,0,0,0,0,0,0,0,0,0,0,0,0,0,0,0,0,0,0",peak_process_tree_rss_mb,86c3fb70b217e535b344f6045cbf3e122be256f047e04a7bc4e9f1a0c2e0e4dd,forb0003,data_table06_forb/forum-13.forb0003.dzn,2,../noves/forum-13.forb0003.dzn | ../noves/ticf-13crafa.forb0003.dzn,2,data_table06_forb/forum-13.forb0003.dzn | data_table06_forb/ticf-13crafa.forb0003.dzn,https://imae.udg.edu/Recerca/LAI/,https://ima.udg.edu/Recerca/lai/b2b/b2b.zip,ee1f440ab3f6db27ab712300ad3a54a31ffd5ec1e06f81a9ac37cb7202c56528,2026-08-10T10:42:19+00:00,7200.0,,ee80a6fbd8b513f7c010668495c39621a371266a,True,3.10.12,1.8.dev25,instance-20260810-085803,Linux-6.8.0-1064-gcp-x86_64-with-glibc2.35,x86_64,4,8,15988.059,1,0,/home/g24021555/Business-Meeting-Scheduling-Problem/.venv/bin/python3 /home/g24021555/Business-Meeting-Scheduling-Problem/src/Main.py --manifest instances_manifest.csv --family forbidden --solver sat_all --objective-mode bg_d2 --domain-mode both --domain-filter-graph both --precedence-encoding both --precedence-graph both --encoding-variant imp12+ --sat-backend cadical --maxsat-backend uwrmaxsat --uwrmaxsat-bin /home/g24021555/uwrmaxsat/build/release/bin/uwrmaxsat --timeout 7200 --csv output/full_matrix_bg_d2_forbidden.csv,/home/g24021555/uwrmaxsat/build/release/bin/uwrmaxsat,8c68c8a386d3d7847b50d315143c2bab60e3514e59510e84a649db83cb303876,/home/g24021555/uwrmaxsat/build/release/bin/uwrmaxsat -m /tmp/b2b_uwrmaxsat_uhh584j8/forum-13.forb0003.wcnf,,process exit code=30,,,maxsat,uwrmaxsat,,/home/g24021555/uwrmaxsat/build/release/bin/uwrmaxsat,factorial,pairwise+distance_closure,0,58,"1,2,3,4,5,6,7,8,9,10,11,12,13,14,15,16,18,19,23,24,25,26,27,28,29,30,31,32,33,34,35,36,37,38,39,40,41,42,44,45,46,47,48,49,50,52,53,54,56,57,59,60,62,63,64,65,66,70",2446,788,0,0,"0,0,0,0,0,0,0,0,0,0,0,0,0,0,0,0,0,0,0,0,0,0,0,0,0,0,0,0,0,0,0,0,0,0,0,0,0,0,0,0,0,0,0,0,0,0,0,0,0,0,0,0,0,0,0,0,0,0,0,0,0,0,0,0,0,0,0,0,0,0","8,14,16,22,28,28,28,28,28,28,26,22,16,8,6,2,0,0,0,0,0","7,6,8,10,13,5,11,12,9,14,3,2,8,4,7,1,6,5,5,6,1,2,4,3,8,7,5,7,11,10,6,8,9,7,9,12,10,6,11,8,12,13,14,16,15,4,5,6,4,12,8,6,9,5,11,10,7,10,13,12,11,5,9,13,12,10,11,6,11,5,3,9,10,8,4,2,7,9,3,12,11,13,7,6,8,10,5,4,8,4,7,9,2,3,10,6,5,11,13,9,12,11,8,10,9,6,1,4,5,2,7,8,3,5,7,9,3,6,10,4,2,10,6,12,14,9,15,13,5,4,7,11,8,6,8,10,13,7,4,15,5,11,3,14,2,12,9,1,11,7,9,12,10,8",1:M16 M21 M107 M148 | 2:M12 M22 M76 M93 M110 M121 M145 | 3:M11 M24 M71 M79 M94 M113 M117 M143 | 4:M14 M23 M46 M49 M75 M88 M90 M108 M120 M130 M139 | 5:M6 M18 M19 M27 M47 M54 M62 M70 M87 M97 M109 M114 M129 M141 | 6:M2 M17 M20 M31 M38 M48 M52 M68 M84 M96 M106 M118 M123 M134 | 7:M1 M15 M26 M28 M34 M57 M77 M83 M91 M111 M115 M131 M138 M150 | 8:M3 M13 M25 M32 M40 M51 M74 M85 M89 M103 M112 M133 M135 M154 | 9:M9 M33 M35 M53 M63 M72 M78 M92 M100 M105 M116 M126 M147 M151 | 10:M4 M30 M37 M56 M58 M66 M73 M86 M95 M104 M119 M122 M136 M153 | 11:M7 M29 M39 M55 M61 M67 M69 M81 M98 M102 M132 M142 M149 | 12:M8 M36 M41 M50 M60 M65 M80 M101 M124 M146 M152 | 13:M5 M42 M59 M64 M82 M99 M128 M137 | 14:M10 M43 M125 M144 | 15:M45 M127 M140 | 16:M44 | 17: | 18: | 19: | 20: | 21:,"journal objective family: bg_d2 | F-selected distance-labelled E* domain propagation and cycle detection | precedence configuration: F=distance_closure, P=pairwise, G=distance_closure | Reduced Domain variables after unary filtering + matching GAC + slot saturation | (20),(22)-(27) exactly once over reduced domains | (19) participant atMost-one per slot | (46),(47) clustered table capacity with compact forward channeling | (28) Pairwise precedence over distance_closure distance-labelled relations | exact break-group ends and unary break-group thresholds | exact schedule <-> usedSlot channeling | (43) exactly |Mp| reduced usedSlot variables | (44) atMost 2|L| busy participants per slot | (45) exact even number of busy participants | historical hard cap Delta_G <= 2",,,result
,,,,,,,,,forum-13.forb0003,b2b-86c3fb70b217e535,b2b-lineage-forum-13,forbidden,R-SS-DE-ST-BGD2-IS-CD-IC12P,Reduced,Filter-E*,SparseSuffix,Direct-E,SpanThreshold,BreakGroupsD2,IncrementalSAT,IC12+,OPTIMAL,SAT,0,0,bg_d2,0,0,0,,,,,4.043493,False,200.316,,,,Compact,Compact/Reduced,project_implementation,incremental multi-phase SAT with persistent solver state,130292,,,,,,,260469,0,260469,2446,127846,741003,59,cfg5__m-reduced__p-sparse_suffix__g-direct__b-span_threshold__o-break_groups_d2__s-incrementalsat__i-imp12plus__backend-cadical,cfg5__m-reduced__p-sparse_suffix__g-direct__b-span_threshold__o-break_groups_d2__s-incrementalsat__i-imp12plus__backend-cadical,reduced,distance_closure,sparse_suffix,direct,IncrementalSAT,CaDiCaL,1.5.3,imp12+,span_threshold,total_break_groups_subject_to_range_at_most_2,BGD2,IC12P,741003,0,0,341,97469,109006,53653,,0,580,7,,,,,,1,4048,42163,121931,42163,3.40701311399971,6,"formalism-specific model size: SAT/MaxSAT reports base CNF and soft clauses, MIP reports variables/linear constraints/nonzeros, and CP reports integer variables plus linear/global constraints; SAT bound/totalizer overhead remains separate in optimizer_added_*",3234,2446,2446,2446,0,0,0,0,0,0,0,1,0.075072,0.002453,0.357306,,0.359759,3.683734,"wall-clock from immediately before reading/parsing the .dzn instance through model construction, optimization, solution decoding, and independent validation; excludes worker-process startup and result-file export",0,0,0,0,0,"0,0,0,0,0,0,0,0,0,0,0,0,0,0,0,0,0,0,0,0,0,0,0,0,0,0,0,0,0,0,0,0,0,0,0,0,0,0,0,0,0,0,0,0,0,0,0,0,0,0,0,0,0,0,0,0,0,0,0,0,0,0,0,0,0,0,0,0,0,0",peak_process_tree_rss_mb,86c3fb70b217e535b344f6045cbf3e122be256f047e04a7bc4e9f1a0c2e0e4dd,forb0003,data_table06_forb/forum-13.forb0003.dzn,2,../noves/forum-13.forb0003.dzn | ../noves/ticf-13crafa.forb0003.dzn,2,data_table06_forb/forum-13.forb0003.dzn | data_table06_forb/ticf-13crafa.forb0003.dzn,https://imae.udg.edu/Recerca/LAI/,https://ima.udg.edu/Recerca/lai/b2b/b2b.zip,ee1f440ab3f6db27ab712300ad3a54a31ffd5ec1e06f81a9ac37cb7202c56528,2026-08-10T10:42:19+00:00,7200.0,,ee80a6fbd8b513f7c010668495c39621a371266a,True,3.10.12,1.8.dev25,instance-20260810-085803,Linux-6.8.0-1064-gcp-x86_64-with-glibc2.35,x86_64,4,8,15988.059,1,0,/home/g24021555/Business-Meeting-Scheduling-Problem/.venv/bin/python3 /home/g24021555/Business-Meeting-Scheduling-Problem/src/Main.py --manifest instances_manifest.csv --family forbidden --solver sat_all --objective-mode bg_d2 --domain-mode both --domain-filter-graph both --precedence-encoding both --precedence-graph both --encoding-variant imp12+ --sat-backend cadical --maxsat-backend uwrmaxsat --uwrmaxsat-bin /home/g24021555/uwrmaxsat/build/release/bin/uwrmaxsat --timeout 7200 --csv output/full_matrix_bg_d2_forbidden.csv,,,,,,,,incremental,,cadical,,factorial,sparse_suffix+direct,0,58,"1,2,3,4,5,6,7,8,9,10,11,12,13,14,15,16,18,19,23,24,25,26,27,28,29,30,31,32,33,34,35,36,37,38,39,40,41,42,44,45,46,47,48,49,50,52,53,54,56,57,59,60,62,63,64,65,66,70",2446,788,0,0,"0,0,0,0,0,0,0,0,0,0,0,0,0,0,0,0,0,0,0,0,0,0,0,0,0,0,0,0,0,0,0,0,0,0,0,0,0,0,0,0,0,0,0,0,0,0,0,0,0,0,0,0,0,0,0,0,0,0,0,0,0,0,0,0,0,0,0,0,0,0","6,6,16,20,24,26,28,28,28,28,28,28,22,10,6,4,0,0,0,0,0","6,10,4,5,11,12,9,7,8,14,13,10,9,12,16,15,11,14,5,7,4,3,6,8,7,11,7,3,4,9,8,5,6,9,6,12,7,10,11,8,12,13,14,16,15,10,8,11,11,6,12,10,5,7,13,8,9,11,13,12,10,12,7,5,3,6,4,1,6,9,8,10,2,7,3,4,5,10,9,12,11,13,8,6,7,3,5,4,8,6,10,11,5,9,13,7,12,4,12,8,11,13,10,9,5,11,9,13,8,12,10,6,7,9,6,5,2,4,7,3,1,10,12,13,14,9,4,7,3,6,11,5,8,7,8,2,5,9,10,15,4,12,13,3,1,14,6,11,13,10,8,12,11,9",1:M68 M121 M145 | 2:M73 M117 M136 | 3:M22 M28 M65 M75 M86 M120 M129 M144 | 4:M3 M21 M29 M67 M76 M88 M98 M118 M127 M141 | 5:M4 M19 M32 M53 M64 M77 M87 M93 M105 M116 M132 M137 | 6:M1 M23 M33 M35 M50 M66 M69 M84 M90 M112 M115 M130 M147 | 7:M8 M20 M25 M27 M37 M54 M63 M74 M85 M96 M113 M119 M128 M134 | 8:M9 M24 M31 M40 M47 M56 M71 M83 M89 M100 M109 M133 M135 M151 | 9:M7 M13 M30 M34 M57 M70 M79 M94 M104 M107 M114 M126 M138 M154 | 10:M2 M12 M38 M46 M52 M61 M72 M78 M91 M103 M111 M122 M139 M150 | 11:M5 M17 M26 M39 M48 M49 M58 M81 M92 M101 M106 M131 M148 M153 | 12:M6 M14 M36 M41 M51 M60 M62 M80 M97 M99 M110 M123 M142 M152 | 13:M11 M42 M55 M59 M82 M95 M102 M108 M124 M143 M149 | 14:M10 M18 M43 M125 M146 | 15:M16 M45 M140 | 16:M15 M44 | 17: | 18: | 19: | 20: | 21:,"journal objective family: bg_d2 | F-selected distance-labelled E* domain propagation and cycle detection | precedence configuration: F=distance_closure, P=sparse_suffix, G=direct | Reduced Domain variables after unary filtering + matching GAC + slot saturation | (20),(22)-(27) exactly once over reduced domains | (19) participant atMost-one per slot | (46),(47) clustered table capacity with compact forward channeling | (28) SparseSuffix precedence over direct distance-labelled relations | exact break-group ends and unary break-group thresholds | exact schedule <-> usedSlot channeling | (43) exactly |Mp| reduced usedSlot variables | (44) atMost 2|L| busy participants per slot | (45) exact even number of busy participants | historical hard cap Delta_G <= 2",0,"(0,)",result
,,,,,,,,,forum-13.forb0003,b2b-86c3fb70b217e535,b2b-lineage-forum-13,forbidden,R-SS-DE-ST-BGD2-NIS-CD-IC12P,Reduced,Filter-E*,SparseSuffix,Direct-E,SpanThreshold,BreakGroupsD2,NonIncrementalSAT,IC12+,OPTIMAL,SAT,0,0,bg_d2,0,0,0,,,,,4.757569,False,215.793,,,,Compact,Compact/Reduced,project_implementation,restart-based multi-phase SAT,130292,,,,,,,260469,0,260469,2446,127846,741003,59,cfg5__m-reduced__p-sparse_suffix__g-direct__b-span_threshold__o-break_groups_d2__s-nonincrementalsat__i-imp12plus__backend-cadical,cfg5__m-reduced__p-sparse_suffix__g-direct__b-span_threshold__o-break_groups_d2__s-nonincrementalsat__i-imp12plus__backend-cadical,reduced,distance_closure,sparse_suffix,direct,NonIncrementalSAT,CaDiCaL,1.5.3,imp12+,span_threshold,total_break_groups_subject_to_range_at_most_2,BGD2,IC12P,741003,0,0,341,97469,109006,53653,,0,580,7,,,,,,7,18564,37640,93298,71756,4.102234019000207,6,"formalism-specific model size: SAT/MaxSAT reports base CNF and soft clauses, MIP reports variables/linear constraints/nonzeros, and CP reports integer variables plus linear/global constraints; SAT bound/totalizer overhead remains separate in optimizer_added_*",3234,2446,2446,2446,0,0,0,0,0,0,0,1,0.075033,0.002497,0.359796,,0.362293,4.395276,"wall-clock from immediately before reading/parsing the .dzn instance through model construction, optimization, solution decoding, and independent validation; excludes worker-process startup and result-file export",0,0,0,0,0,"0,0,0,0,0,0,0,0,0,0,0,0,0,0,0,0,0,0,0,0,0,0,0,0,0,0,0,0,0,0,0,0,0,0,0,0,0,0,0,0,0,0,0,0,0,0,0,0,0,0,0,0,0,0,0,0,0,0,0,0,0,0,0,0,0,0,0,0,0,0",peak_process_tree_rss_mb,86c3fb70b217e535b344f6045cbf3e122be256f047e04a7bc4e9f1a0c2e0e4dd,forb0003,data_table06_forb/forum-13.forb0003.dzn,2,../noves/forum-13.forb0003.dzn | ../noves/ticf-13crafa.forb0003.dzn,2,data_table06_forb/forum-13.forb0003.dzn | data_table06_forb/ticf-13crafa.forb0003.dzn,https://imae.udg.edu/Recerca/LAI/,https://ima.udg.edu/Recerca/lai/b2b/b2b.zip,ee1f440ab3f6db27ab712300ad3a54a31ffd5ec1e06f81a9ac37cb7202c56528,2026-08-10T10:42:19+00:00,7200.0,,ee80a6fbd8b513f7c010668495c39621a371266a,True,3.10.12,1.8.dev25,instance-20260810-085803,Linux-6.8.0-1064-gcp-x86_64-with-glibc2.35,x86_64,4,8,15988.059,1,0,/home/g24021555/Business-Meeting-Scheduling-Problem/.venv/bin/python3 /home/g24021555/Business-Meeting-Scheduling-Problem/src/Main.py --manifest instances_manifest.csv --family forbidden --solver sat_all --objective-mode bg_d2 --domain-mode both --domain-filter-graph both --precedence-encoding both --precedence-graph both --encoding-variant imp12+ --sat-backend cadical --maxsat-backend uwrmaxsat --uwrmaxsat-bin /home/g24021555/uwrmaxsat/build/release/bin/uwrmaxsat --timeout 7200 --csv output/full_matrix_bg_d2_forbidden.csv,,,,,,,,multiple,,cadical,,factorial,sparse_suffix+direct,0,58,"1,2,3,4,5,6,7,8,9,10,11,12,13,14,15,16,18,19,23,24,25,26,27,28,29,30,31,32,33,34,35,36,37,38,39,40,41,42,44,45,46,47,48,49,50,52,53,54,56,57,59,60,62,63,64,65,66,70",2446,788,0,0,"0,0,0,0,0,0,0,0,0,0,0,0,0,0,0,0,0,0,0,0,0,0,0,0,0,0,0,0,0,0,0,0,0,0,0,0,0,0,0,0,0,0,0,0,0,0,0,0,0,0,0,0,0,0,0,0,0,0,0,0,0,0,0,0,0,0,0,0,0,0","8,12,24,28,28,28,28,28,28,24,22,20,16,8,4,2,0,0,0,0,0","6,9,7,10,13,11,8,5,12,14,1,8,4,7,3,6,2,5,7,9,4,5,6,8,4,5,10,4,8,9,7,5,6,11,9,12,7,6,10,8,12,13,14,16,15,4,3,2,9,6,10,7,4,3,11,8,5,11,13,12,10,3,7,3,5,6,4,6,3,8,10,11,9,7,2,5,4,10,8,12,11,13,9,4,7,3,5,6,9,12,7,5,3,8,11,6,4,10,12,8,11,10,13,9,5,2,9,4,7,1,3,8,6,4,5,7,3,6,9,2,1,3,10,13,14,9,4,6,5,7,12,11,8,8,13,3,4,5,9,15,7,12,6,2,1,11,10,14,11,10,9,12,13,8",1:M11 M110 M121 M145 | 2:M17 M48 M75 M106 M120 M144 | 3:M15 M47 M54 M62 M64 M69 M86 M93 M111 M117 M122 M136 | 4:M13 M21 M25 M28 M46 M53 M67 M77 M84 M97 M108 M114 M127 M137 | 5:M8 M18 M22 M26 M32 M57 M65 M76 M87 M92 M105 M115 M129 M138 | 6:M1 M16 M23 M33 M38 M50 M66 M68 M88 M96 M113 M118 M128 M143 | 7:M3 M14 M19 M31 M37 M52 M63 M74 M85 M91 M109 M116 M130 M141 | 8:M7 M12 M24 M29 M40 M56 M70 M79 M94 M100 M112 M133 M134 M154 | 9:M2 M20 M30 M35 M49 M73 M83 M89 M104 M107 M119 M126 M139 M151 | 10:M4 M27 M39 M51 M61 M71 M78 M98 M102 M123 M147 M150 | 11:M6 M34 M55 M58 M72 M81 M95 M101 M132 M146 M149 | 12:M9 M36 M41 M60 M80 M90 M99 M131 M142 M152 | 13:M5 M42 M59 M82 M103 M124 M135 M153 | 14:M10 M43 M125 M148 | 15:M45 M140 | 16:M44 | 17: | 18: | 19: | 20: | 21:,"journal objective family: bg_d2 | F-selected distance-labelled E* domain propagation and cycle detection | precedence configuration: F=distance_closure, P=sparse_suffix, G=direct | Reduced Domain variables after unary filtering + matching GAC + slot saturation | (20),(22)-(27) exactly once over reduced domains | (19) participant atMost-one per slot | (46),(47) clustered table capacity with compact forward channeling | (28) SparseSuffix precedence over direct distance-labelled relations | exact break-group ends and unary break-group thresholds | exact schedule <-> usedSlot channeling | (43) exactly |Mp| reduced usedSlot variables | (44) atMost 2|L| busy participants per slot | (45) exact even number of busy participants | historical hard cap Delta_G <= 2",0,"(0,)",result
,,,,,,,,,forum-13.forb0003,b2b-86c3fb70b217e535,b2b-lineage-forum-13,forbidden,R-SS-DE-ST-BGD2-UW-IC12P,Reduced,Filter-E*,SparseSuffix,Direct-E,SpanThreshold,BreakGroupsD2,UWrMaxSAT,IC12+,OPTIMAL,SAT,0,0,bg_d2,0,0,0,,,0,1,3.730977,False,207.559,,,,Compact,Compact/Reduced,project_implementation,one-shot weighted MaxSAT,130292,,,,,,,260469,580,261049,2446,127846,741583,59,cfg5__m-reduced__p-sparse_suffix__g-direct__b-span_threshold__o-break_groups_d2__s-uwrmaxsat__i-imp12plus__backend-uwrmaxsat,cfg5__m-reduced__p-sparse_suffix__g-direct__b-span_threshold__o-break_groups_d2__s-uwrmaxsat__i-imp12plus__backend-uwrmaxsat,reduced,distance_closure,sparse_suffix,direct,UWrMaxSAT,UWrMaxSAT,binary-sha256:8c68c8a386d3d7847b50d315143c2bab60e3514e59510e84a649db83cb303876,imp12+,span_threshold,total_break_groups_subject_to_range_at_most_2,BGD2,IC12P,741003,580,1,341,97469,109006,53653,1,580,580,1,,,,,,0,0,0,0,0,,,"formalism-specific model size: SAT/MaxSAT reports base CNF and soft clauses, MIP reports variables/linear constraints/nonzeros, and CP reports integer variables plus linear/global constraints; SAT bound/totalizer overhead remains separate in optimizer_added_*",3234,2446,2446,2446,0,0,0,0,0,0,0,1,0.078272,0.00246,0.370451,,0.372911,3.358066,"wall-clock from immediately before reading/parsing the .dzn instance through model construction, optimization, solution decoding, and independent validation; excludes worker-process startup and result-file export",0,0,0,0,0,"0,0,0,0,0,0,0,0,0,0,0,0,0,0,0,0,0,0,0,0,0,0,0,0,0,0,0,0,0,0,0,0,0,0,0,0,0,0,0,0,0,0,0,0,0,0,0,0,0,0,0,0,0,0,0,0,0,0,0,0,0,0,0,0,0,0,0,0,0,0",peak_process_tree_rss_mb,86c3fb70b217e535b344f6045cbf3e122be256f047e04a7bc4e9f1a0c2e0e4dd,forb0003,data_table06_forb/forum-13.forb0003.dzn,2,../noves/forum-13.forb0003.dzn | ../noves/ticf-13crafa.forb0003.dzn,2,data_table06_forb/forum-13.forb0003.dzn | data_table06_forb/ticf-13crafa.forb0003.dzn,https://imae.udg.edu/Recerca/LAI/,https://ima.udg.edu/Recerca/lai/b2b/b2b.zip,ee1f440ab3f6db27ab712300ad3a54a31ffd5ec1e06f81a9ac37cb7202c56528,2026-08-10T10:42:19+00:00,7200.0,,ee80a6fbd8b513f7c010668495c39621a371266a,True,3.10.12,1.8.dev25,instance-20260810-085803,Linux-6.8.0-1064-gcp-x86_64-with-glibc2.35,x86_64,4,8,15988.059,1,0,/home/g24021555/Business-Meeting-Scheduling-Problem/.venv/bin/python3 /home/g24021555/Business-Meeting-Scheduling-Problem/src/Main.py --manifest instances_manifest.csv --family forbidden --solver sat_all --objective-mode bg_d2 --domain-mode both --domain-filter-graph both --precedence-encoding both --precedence-graph both --encoding-variant imp12+ --sat-backend cadical --maxsat-backend uwrmaxsat --uwrmaxsat-bin /home/g24021555/uwrmaxsat/build/release/bin/uwrmaxsat --timeout 7200 --csv output/full_matrix_bg_d2_forbidden.csv,/home/g24021555/uwrmaxsat/build/release/bin/uwrmaxsat,8c68c8a386d3d7847b50d315143c2bab60e3514e59510e84a649db83cb303876,/home/g24021555/uwrmaxsat/build/release/bin/uwrmaxsat -m /tmp/b2b_uwrmaxsat_nwzvbvjf/forum-13.forb0003.wcnf,,process exit code=30,,,maxsat,uwrmaxsat,,/home/g24021555/uwrmaxsat/build/release/bin/uwrmaxsat,factorial,sparse_suffix+direct,0,58,"1,2,3,4,5,6,7,8,9,10,11,12,13,14,15,16,18,19,23,24,25,26,27,28,29,30,31,32,33,34,35,36,37,38,39,40,41,42,44,45,46,47,48,49,50,52,53,54,56,57,59,60,62,63,64,65,66,70",2446,788,0,0,"0,0,0,0,0,0,0,0,0,0,0,0,0,0,0,0,0,0,0,0,0,0,0,0,0,0,0,0,0,0,0,0,0,0,0,0,0,0,0,0,0,0,0,0,0,0,0,0,0,0,0,0,0,0,0,0,0,0,0,0,0,0,0,0,0,0,0,0,0,0","8,14,16,22,28,28,28,28,28,28,26,22,16,8,6,2,0,0,0,0,0","7,6,8,10,13,5,11,12,9,14,3,2,8,4,7,1,6,5,5,6,1,2,4,3,8,7,5,7,11,10,6,8,9,7,9,12,10,6,11,8,12,13,14,16,15,4,5,6,4,12,8,6,9,5,11,10,7,10,13,12,11,5,9,13,12,10,11,6,11,5,3,9,10,8,4,2,7,9,3,12,11,13,7,6,8,10,5,4,8,4,7,9,2,3,10,6,5,11,13,9,12,11,8,10,9,6,1,4,5,2,7,8,3,5,7,9,3,6,10,4,2,10,6,12,14,9,15,13,5,4,7,11,8,6,8,10,13,7,4,15,5,11,3,14,2,12,9,1,11,7,9,12,10,8",1:M16 M21 M107 M148 | 2:M12 M22 M76 M93 M110 M121 M145 | 3:M11 M24 M71 M79 M94 M113 M117 M143 | 4:M14 M23 M46 M49 M75 M88 M90 M108 M120 M130 M139 | 5:M6 M18 M19 M27 M47 M54 M62 M70 M87 M97 M109 M114 M129 M141 | 6:M2 M17 M20 M31 M38 M48 M52 M68 M84 M96 M106 M118 M123 M134 | 7:M1 M15 M26 M28 M34 M57 M77 M83 M91 M111 M115 M131 M138 M150 | 8:M3 M13 M25 M32 M40 M51 M74 M85 M89 M103 M112 M133 M135 M154 | 9:M9 M33 M35 M53 M63 M72 M78 M92 M100 M105 M116 M126 M147 M151 | 10:M4 M30 M37 M56 M58 M66 M73 M86 M95 M104 M119 M122 M136 M153 | 11:M7 M29 M39 M55 M61 M67 M69 M81 M98 M102 M132 M142 M149 | 12:M8 M36 M41 M50 M60 M65 M80 M101 M124 M146 M152 | 13:M5 M42 M59 M64 M82 M99 M128 M137 | 14:M10 M43 M125 M144 | 15:M45 M127 M140 | 16:M44 | 17: | 18: | 19: | 20: | 21:,"journal objective family: bg_d2 | F-selected distance-labelled E* domain propagation and cycle detection | precedence configuration: F=distance_closure, P=sparse_suffix, G=direct | Reduced Domain variables after unary filtering + matching GAC + slot saturation | (20),(22)-(27) exactly once over reduced domains | (19) participant atMost-one per slot | (46),(47) clustered table capacity with compact forward channeling | (28) SparseSuffix precedence over direct distance-labelled relations | exact break-group ends and unary break-group thresholds | exact schedule <-> usedSlot channeling | (43) exactly |Mp| reduced usedSlot variables | (44) atMost 2|L| busy participants per slot | (45) exact even number of busy participants | historical hard cap Delta_G <= 2",,,result
,,,,,,,,,forum-13.forb0003,b2b-86c3fb70b217e535,b2b-lineage-forum-13,forbidden,R-SS-DC-ST-BGD2-IS-CD-IC12P,Reduced,Filter-E*,SparseSuffix,DistanceClosure-E*,SpanThreshold,BreakGroupsD2,IncrementalSAT,IC12+,OPTIMAL,SAT,0,0,bg_d2,0,0,0,,,,,4.008677,False,201.66,,,,Compact,Compact/Reduced,project_implementation,incremental multi-phase SAT with persistent solver state,130292,,,,,,,260469,0,260469,2446,127846,741003,59,cfg5__m-reduced__p-sparse_suffix__g-distance_closure__b-span_threshold__o-break_groups_d2__s-incrementalsat__i-imp12plus__backend-cadical,cfg5__m-reduced__p-sparse_suffix__g-distance_closure__b-span_threshold__o-break_groups_d2__s-incrementalsat__i-imp12plus__backend-cadical,reduced,distance_closure,sparse_suffix,distance_closure,IncrementalSAT,CaDiCaL,1.5.3,imp12+,span_threshold,total_break_groups_subject_to_range_at_most_2,BGD2,IC12P,741003,0,0,341,97469,109006,53653,,0,580,7,,,,,,1,4048,42163,121931,42163,3.3685910430003787,6,"formalism-specific model size: SAT/MaxSAT reports base CNF and soft clauses, MIP reports variables/linear constraints/nonzeros, and CP reports integer variables plus linear/global constraints; SAT bound/totalizer overhead remains separate in optimizer_added_*",3234,2446,2446,2446,0,0,0,0,0,0,0,1,0.07987,0.00213,0.36188,,0.364009,3.644667,"wall-clock from immediately before reading/parsing the .dzn instance through model construction, optimization, solution decoding, and independent validation; excludes worker-process startup and result-file export",0,0,0,0,0,"0,0,0,0,0,0,0,0,0,0,0,0,0,0,0,0,0,0,0,0,0,0,0,0,0,0,0,0,0,0,0,0,0,0,0,0,0,0,0,0,0,0,0,0,0,0,0,0,0,0,0,0,0,0,0,0,0,0,0,0,0,0,0,0,0,0,0,0,0,0",peak_process_tree_rss_mb,86c3fb70b217e535b344f6045cbf3e122be256f047e04a7bc4e9f1a0c2e0e4dd,forb0003,data_table06_forb/forum-13.forb0003.dzn,2,../noves/forum-13.forb0003.dzn | ../noves/ticf-13crafa.forb0003.dzn,2,data_table06_forb/forum-13.forb0003.dzn | data_table06_forb/ticf-13crafa.forb0003.dzn,https://imae.udg.edu/Recerca/LAI/,https://ima.udg.edu/Recerca/lai/b2b/b2b.zip,ee1f440ab3f6db27ab712300ad3a54a31ffd5ec1e06f81a9ac37cb7202c56528,2026-08-10T10:42:19+00:00,7200.0,,ee80a6fbd8b513f7c010668495c39621a371266a,True,3.10.12,1.8.dev25,instance-20260810-085803,Linux-6.8.0-1064-gcp-x86_64-with-glibc2.35,x86_64,4,8,15988.059,1,0,/home/g24021555/Business-Meeting-Scheduling-Problem/.venv/bin/python3 /home/g24021555/Business-Meeting-Scheduling-Problem/src/Main.py --manifest instances_manifest.csv --family forbidden --solver sat_all --objective-mode bg_d2 --domain-mode both --domain-filter-graph both --precedence-encoding both --precedence-graph both --encoding-variant imp12+ --sat-backend cadical --maxsat-backend uwrmaxsat --uwrmaxsat-bin /home/g24021555/uwrmaxsat/build/release/bin/uwrmaxsat --timeout 7200 --csv output/full_matrix_bg_d2_forbidden.csv,,,,,,,,incremental,,cadical,,staircase,sparse_suffix+distance_closure,0,58,"1,2,3,4,5,6,7,8,9,10,11,12,13,14,15,16,18,19,23,24,25,26,27,28,29,30,31,32,33,34,35,36,37,38,39,40,41,42,44,45,46,47,48,49,50,52,53,54,56,57,59,60,62,63,64,65,66,70",2446,788,0,0,"0,0,0,0,0,0,0,0,0,0,0,0,0,0,0,0,0,0,0,0,0,0,0,0,0,0,0,0,0,0,0,0,0,0,0,0,0,0,0,0,0,0,0,0,0,0,0,0,0,0,0,0,0,0,0,0,0,0,0,0,0,0,0,0,0,0,0,0,0,0","6,6,16,20,24,26,28,28,28,28,28,28,22,10,6,4,0,0,0,0,0","6,10,4,5,11,12,9,7,8,14,13,10,9,12,16,15,11,14,5,7,4,3,6,8,7,11,7,3,4,9,8,5,6,9,6,12,7,10,11,8,12,13,14,16,15,10,8,11,11,6,12,10,5,7,13,8,9,11,13,12,10,12,7,5,3,6,4,1,6,9,8,10,2,7,3,4,5,10,9,12,11,13,8,6,7,3,5,4,8,6,10,11,5,9,13,7,12,4,12,8,11,13,10,9,5,11,9,13,8,12,10,6,7,9,6,5,2,4,7,3,1,10,12,13,14,9,4,7,3,6,11,5,8,7,8,2,5,9,10,15,4,12,13,3,1,14,6,11,13,10,8,12,11,9",1:M68 M121 M145 | 2:M73 M117 M136 | 3:M22 M28 M65 M75 M86 M120 M129 M144 | 4:M3 M21 M29 M67 M76 M88 M98 M118 M127 M141 | 5:M4 M19 M32 M53 M64 M77 M87 M93 M105 M116 M132 M137 | 6:M1 M23 M33 M35 M50 M66 M69 M84 M90 M112 M115 M130 M147 | 7:M8 M20 M25 M27 M37 M54 M63 M74 M85 M96 M113 M119 M128 M134 | 8:M9 M24 M31 M40 M47 M56 M71 M83 M89 M100 M109 M133 M135 M151 | 9:M7 M13 M30 M34 M57 M70 M79 M94 M104 M107 M114 M126 M138 M154 | 10:M2 M12 M38 M46 M52 M61 M72 M78 M91 M103 M111 M122 M139 M150 | 11:M5 M17 M26 M39 M48 M49 M58 M81 M92 M101 M106 M131 M148 M153 | 12:M6 M14 M36 M41 M51 M60 M62 M80 M97 M99 M110 M123 M142 M152 | 13:M11 M42 M55 M59 M82 M95 M102 M108 M124 M143 M149 | 14:M10 M18 M43 M125 M146 | 15:M16 M45 M140 | 16:M15 M44 | 17: | 18: | 19: | 20: | 21:,"journal objective family: bg_d2 | F-selected distance-labelled E* domain propagation and cycle detection | precedence configuration: F=distance_closure, P=sparse_suffix, G=distance_closure | Reduced Domain variables after unary filtering + matching GAC + slot saturation | (20),(22)-(27) exactly once over reduced domains | (19) participant atMost-one per slot | (46),(47) clustered table capacity with compact forward channeling | (28) SparseSuffix precedence over distance_closure distance-labelled relations | exact break-group ends and unary break-group thresholds | exact schedule <-> usedSlot channeling | (43) exactly |Mp| reduced usedSlot variables | (44) atMost 2|L| busy participants per slot | (45) exact even number of busy participants | historical hard cap Delta_G <= 2",0,"(0,)",result
,,,,,,,,,forum-13.forb0003,b2b-86c3fb70b217e535,b2b-lineage-forum-13,forbidden,R-SS-DC-ST-BGD2-NIS-CD-IC12P,Reduced,Filter-E*,SparseSuffix,DistanceClosure-E*,SpanThreshold,BreakGroupsD2,NonIncrementalSAT,IC12+,OPTIMAL,SAT,0,0,bg_d2,0,0,0,,,,,4.690549,False,215.41,,,,Compact,Compact/Reduced,project_implementation,restart-based multi-phase SAT,130292,,,,,,,260469,0,260469,2446,127846,741003,59,cfg5__m-reduced__p-sparse_suffix__g-distance_closure__b-span_threshold__o-break_groups_d2__s-nonincrementalsat__i-imp12plus__backend-cadical,cfg5__m-reduced__p-sparse_suffix__g-distance_closure__b-span_threshold__o-break_groups_d2__s-nonincrementalsat__i-imp12plus__backend-cadical,reduced,distance_closure,sparse_suffix,distance_closure,NonIncrementalSAT,CaDiCaL,1.5.3,imp12+,span_threshold,total_break_groups_subject_to_range_at_most_2,BGD2,IC12P,741003,0,0,341,97469,109006,53653,,0,580,7,,,,,,7,18564,37640,93298,71756,4.054445157000373,6,"formalism-specific model size: SAT/MaxSAT reports base CNF and soft clauses, MIP reports variables/linear constraints/nonzeros, and CP reports integer variables plus linear/global constraints; SAT bound/totalizer overhead remains separate in optimizer_added_*",3234,2446,2446,2446,0,0,0,0,0,0,0,1,0.076142,0.002135,0.352643,,0.354777,4.335772,"wall-clock from immediately before reading/parsing the .dzn instance through model construction, optimization, solution decoding, and independent validation; excludes worker-process startup and result-file export",0,0,0,0,0,"0,0,0,0,0,0,0,0,0,0,0,0,0,0,0,0,0,0,0,0,0,0,0,0,0,0,0,0,0,0,0,0,0,0,0,0,0,0,0,0,0,0,0,0,0,0,0,0,0,0,0,0,0,0,0,0,0,0,0,0,0,0,0,0,0,0,0,0,0,0",peak_process_tree_rss_mb,86c3fb70b217e535b344f6045cbf3e122be256f047e04a7bc4e9f1a0c2e0e4dd,forb0003,data_table06_forb/forum-13.forb0003.dzn,2,../noves/forum-13.forb0003.dzn | ../noves/ticf-13crafa.forb0003.dzn,2,data_table06_forb/forum-13.forb0003.dzn | data_table06_forb/ticf-13crafa.forb0003.dzn,https://imae.udg.edu/Recerca/LAI/,https://ima.udg.edu/Recerca/lai/b2b/b2b.zip,ee1f440ab3f6db27ab712300ad3a54a31ffd5ec1e06f81a9ac37cb7202c56528,2026-08-10T10:42:19+00:00,7200.0,,ee80a6fbd8b513f7c010668495c39621a371266a,True,3.10.12,1.8.dev25,instance-20260810-085803,Linux-6.8.0-1064-gcp-x86_64-with-glibc2.35,x86_64,4,8,15988.059,1,0,/home/g24021555/Business-Meeting-Scheduling-Problem/.venv/bin/python3 /home/g24021555/Business-Meeting-Scheduling-Problem/src/Main.py --manifest instances_manifest.csv --family forbidden --solver sat_all --objective-mode bg_d2 --domain-mode both --domain-filter-graph both --precedence-encoding both --precedence-graph both --encoding-variant imp12+ --sat-backend cadical --maxsat-backend uwrmaxsat --uwrmaxsat-bin /home/g24021555/uwrmaxsat/build/release/bin/uwrmaxsat --timeout 7200 --csv output/full_matrix_bg_d2_forbidden.csv,,,,,,,,multiple,,cadical,,staircase,sparse_suffix+distance_closure,0,58,"1,2,3,4,5,6,7,8,9,10,11,12,13,14,15,16,18,19,23,24,25,26,27,28,29,30,31,32,33,34,35,36,37,38,39,40,41,42,44,45,46,47,48,49,50,52,53,54,56,57,59,60,62,63,64,65,66,70",2446,788,0,0,"0,0,0,0,0,0,0,0,0,0,0,0,0,0,0,0,0,0,0,0,0,0,0,0,0,0,0,0,0,0,0,0,0,0,0,0,0,0,0,0,0,0,0,0,0,0,0,0,0,0,0,0,0,0,0,0,0,0,0,0,0,0,0,0,0,0,0,0,0,0","8,12,24,28,28,28,28,28,28,24,22,20,16,8,4,2,0,0,0,0,0","6,9,7,10,13,11,8,5,12,14,1,8,4,7,3,6,2,5,7,9,4,5,6,8,4,5,10,4,8,9,7,5,6,11,9,12,7,6,10,8,12,13,14,16,15,4,3,2,9,6,10,7,4,3,11,8,5,11,13,12,10,3,7,3,5,6,4,6,3,8,10,11,9,7,2,5,4,10,8,12,11,13,9,4,7,3,5,6,9,12,7,5,3,8,11,6,4,10,12,8,11,10,13,9,5,2,9,4,7,1,3,8,6,4,5,7,3,6,9,2,1,3,10,13,14,9,4,6,5,7,12,11,8,8,13,3,4,5,9,15,7,12,6,2,1,11,10,14,11,10,9,12,13,8",1:M11 M110 M121 M145 | 2:M17 M48 M75 M106 M120 M144 | 3:M15 M47 M54 M62 M64 M69 M86 M93 M111 M117 M122 M136 | 4:M13 M21 M25 M28 M46 M53 M67 M77 M84 M97 M108 M114 M127 M137 | 5:M8 M18 M22 M26 M32 M57 M65 M76 M87 M92 M105 M115 M129 M138 | 6:M1 M16 M23 M33 M38 M50 M66 M68 M88 M96 M113 M118 M128 M143 | 7:M3 M14 M19 M31 M37 M52 M63 M74 M85 M91 M109 M116 M130 M141 | 8:M7 M12 M24 M29 M40 M56 M70 M79 M94 M100 M112 M133 M134 M154 | 9:M2 M20 M30 M35 M49 M73 M83 M89 M104 M107 M119 M126 M139 M151 | 10:M4 M27 M39 M51 M61 M71 M78 M98 M102 M123 M147 M150 | 11:M6 M34 M55 M58 M72 M81 M95 M101 M132 M146 M149 | 12:M9 M36 M41 M60 M80 M90 M99 M131 M142 M152 | 13:M5 M42 M59 M82 M103 M124 M135 M153 | 14:M10 M43 M125 M148 | 15:M45 M140 | 16:M44 | 17: | 18: | 19: | 20: | 21:,"journal objective family: bg_d2 | F-selected distance-labelled E* domain propagation and cycle detection | precedence configuration: F=distance_closure, P=sparse_suffix, G=distance_closure | Reduced Domain variables after unary filtering + matching GAC + slot saturation | (20),(22)-(27) exactly once over reduced domains | (19) participant atMost-one per slot | (46),(47) clustered table capacity with compact forward channeling | (28) SparseSuffix precedence over distance_closure distance-labelled relations | exact break-group ends and unary break-group thresholds | exact schedule <-> usedSlot channeling | (43) exactly |Mp| reduced usedSlot variables | (44) atMost 2|L| busy participants per slot | (45) exact even number of busy participants | historical hard cap Delta_G <= 2",0,"(0,)",result
,,,,,,,,,forum-13.forb0003,b2b-86c3fb70b217e535,b2b-lineage-forum-13,forbidden,R-SS-DC-ST-BGD2-UW-IC12P,Reduced,Filter-E*,SparseSuffix,DistanceClosure-E*,SpanThreshold,BreakGroupsD2,UWrMaxSAT,IC12+,OPTIMAL,SAT,0,0,bg_d2,0,0,0,,,0,1,3.723308,False,207.523,,,,Compact,Compact/Reduced,project_implementation,one-shot weighted MaxSAT,130292,,,,,,,260469,580,261049,2446,127846,741583,59,cfg5__m-reduced__p-sparse_suffix__g-distance_closure__b-span_threshold__o-break_groups_d2__s-uwrmaxsat__i-imp12plus__backend-uwrmaxsat,cfg5__m-reduced__p-sparse_suffix__g-distance_closure__b-span_threshold__o-break_groups_d2__s-uwrmaxsat__i-imp12plus__backend-uwrmaxsat,reduced,distance_closure,sparse_suffix,distance_closure,UWrMaxSAT,UWrMaxSAT,binary-sha256:8c68c8a386d3d7847b50d315143c2bab60e3514e59510e84a649db83cb303876,imp12+,span_threshold,total_break_groups_subject_to_range_at_most_2,BGD2,IC12P,741003,580,1,341,97469,109006,53653,1,580,580,1,,,,,,0,0,0,0,0,,,"formalism-specific model size: SAT/MaxSAT reports base CNF and soft clauses, MIP reports variables/linear constraints/nonzeros, and CP reports integer variables plus linear/global constraints; SAT bound/totalizer overhead remains separate in optimizer_added_*",3234,2446,2446,2446,0,0,0,0,0,0,0,1,0.077235,0.002554,0.3632,,0.365753,3.357555,"wall-clock from immediately before reading/parsing the .dzn instance through model construction, optimization, solution decoding, and independent validation; excludes worker-process startup and result-file export",0,0,0,0,0,"0,0,0,0,0,0,0,0,0,0,0,0,0,0,0,0,0,0,0,0,0,0,0,0,0,0,0,0,0,0,0,0,0,0,0,0,0,0,0,0,0,0,0,0,0,0,0,0,0,0,0,0,0,0,0,0,0,0,0,0,0,0,0,0,0,0,0,0,0,0",peak_process_tree_rss_mb,86c3fb70b217e535b344f6045cbf3e122be256f047e04a7bc4e9f1a0c2e0e4dd,forb0003,data_table06_forb/forum-13.forb0003.dzn,2,../noves/forum-13.forb0003.dzn | ../noves/ticf-13crafa.forb0003.dzn,2,data_table06_forb/forum-13.forb0003.dzn | data_table06_forb/ticf-13crafa.forb0003.dzn,https://imae.udg.edu/Recerca/LAI/,https://ima.udg.edu/Recerca/lai/b2b/b2b.zip,ee1f440ab3f6db27ab712300ad3a54a31ffd5ec1e06f81a9ac37cb7202c56528,2026-08-10T10:42:19+00:00,7200.0,,ee80a6fbd8b513f7c010668495c39621a371266a,True,3.10.12,1.8.dev25,instance-20260810-085803,Linux-6.8.0-1064-gcp-x86_64-with-glibc2.35,x86_64,4,8,15988.059,1,0,/home/g24021555/Business-Meeting-Scheduling-Problem/.venv/bin/python3 /home/g24021555/Business-Meeting-Scheduling-Problem/src/Main.py --manifest instances_manifest.csv --family forbidden --solver sat_all --objective-mode bg_d2 --domain-mode both --domain-filter-graph both --precedence-encoding both --precedence-graph both --encoding-variant imp12+ --sat-backend cadical --maxsat-backend uwrmaxsat --uwrmaxsat-bin /home/g24021555/uwrmaxsat/build/release/bin/uwrmaxsat --timeout 7200 --csv output/full_matrix_bg_d2_forbidden.csv,/home/g24021555/uwrmaxsat/build/release/bin/uwrmaxsat,8c68c8a386d3d7847b50d315143c2bab60e3514e59510e84a649db83cb303876,/home/g24021555/uwrmaxsat/build/release/bin/uwrmaxsat -m /tmp/b2b_uwrmaxsat_a01lgjxn/forum-13.forb0003.wcnf,,process exit code=30,,,maxsat,uwrmaxsat,,/home/g24021555/uwrmaxsat/build/release/bin/uwrmaxsat,staircase,sparse_suffix+distance_closure,0,58,"1,2,3,4,5,6,7,8,9,10,11,12,13,14,15,16,18,19,23,24,25,26,27,28,29,30,31,32,33,34,35,36,37,38,39,40,41,42,44,45,46,47,48,49,50,52,53,54,56,57,59,60,62,63,64,65,66,70",2446,788,0,0,"0,0,0,0,0,0,0,0,0,0,0,0,0,0,0,0,0,0,0,0,0,0,0,0,0,0,0,0,0,0,0,0,0,0,0,0,0,0,0,0,0,0,0,0,0,0,0,0,0,0,0,0,0,0,0,0,0,0,0,0,0,0,0,0,0,0,0,0,0,0","8,14,16,22,28,28,28,28,28,28,26,22,16,8,6,2,0,0,0,0,0","7,6,8,10,13,5,11,12,9,14,3,2,8,4,7,1,6,5,5,6,1,2,4,3,8,7,5,7,11,10,6,8,9,7,9,12,10,6,11,8,12,13,14,16,15,4,5,6,4,12,8,6,9,5,11,10,7,10,13,12,11,5,9,13,12,10,11,6,11,5,3,9,10,8,4,2,7,9,3,12,11,13,7,6,8,10,5,4,8,4,7,9,2,3,10,6,5,11,13,9,12,11,8,10,9,6,1,4,5,2,7,8,3,5,7,9,3,6,10,4,2,10,6,12,14,9,15,13,5,4,7,11,8,6,8,10,13,7,4,15,5,11,3,14,2,12,9,1,11,7,9,12,10,8",1:M16 M21 M107 M148 | 2:M12 M22 M76 M93 M110 M121 M145 | 3:M11 M24 M71 M79 M94 M113 M117 M143 | 4:M14 M23 M46 M49 M75 M88 M90 M108 M120 M130 M139 | 5:M6 M18 M19 M27 M47 M54 M62 M70 M87 M97 M109 M114 M129 M141 | 6:M2 M17 M20 M31 M38 M48 M52 M68 M84 M96 M106 M118 M123 M134 | 7:M1 M15 M26 M28 M34 M57 M77 M83 M91 M111 M115 M131 M138 M150 | 8:M3 M13 M25 M32 M40 M51 M74 M85 M89 M103 M112 M133 M135 M154 | 9:M9 M33 M35 M53 M63 M72 M78 M92 M100 M105 M116 M126 M147 M151 | 10:M4 M30 M37 M56 M58 M66 M73 M86 M95 M104 M119 M122 M136 M153 | 11:M7 M29 M39 M55 M61 M67 M69 M81 M98 M102 M132 M142 M149 | 12:M8 M36 M41 M50 M60 M65 M80 M101 M124 M146 M152 | 13:M5 M42 M59 M64 M82 M99 M128 M137 | 14:M10 M43 M125 M144 | 15:M45 M127 M140 | 16:M44 | 17: | 18: | 19: | 20: | 21:,"journal objective family: bg_d2 | F-selected distance-labelled E* domain propagation and cycle detection | precedence configuration: F=distance_closure, P=sparse_suffix, G=distance_closure | Reduced Domain variables after unary filtering + matching GAC + slot saturation | (20),(22)-(27) exactly once over reduced domains | (19) participant atMost-one per slot | (46),(47) clustered table capacity with compact forward channeling | (28) SparseSuffix precedence over distance_closure distance-labelled relations | exact break-group ends and unary break-group thresholds | exact schedule <-> usedSlot channeling | (43) exactly |Mp| reduced usedSlot variables | (44) atMost 2|L| busy participants per slot | (45) exact even number of busy participants | historical hard cap Delta_G <= 2",,,result
,,,,,,,,,forumt-14.forb0003,b2b-914fbce8ca06e323,b2b-lineage-forumt-14,forbidden,F-PW-DE-ST-BGD2-IS-CD-IC12P,Full,Filter-E*,Pairwise,Direct-E,SpanThreshold,BreakGroupsD2,IncrementalSAT,IC12+,OPTIMAL,SAT,0,0,bg_d2,0,0,0,,,,,0.81214,False,69.684,,,,Compact,Compact/Full,project_implementation,incremental multi-phase SAT with persistent solver state,31446,,,,,,,83692,0,83692,2370,29076,202351,60,cfg5__m-full__p-pairwise__g-direct__b-span_threshold__o-break_groups_d2__s-incrementalsat__i-imp12plus__backend-cadical,cfg5__m-full__p-pairwise__g-direct__b-span_threshold__o-break_groups_d2__s-incrementalsat__i-imp12plus__backend-cadical,full,distance_closure,pairwise,direct,IncrementalSAT,CaDiCaL,1.5.3,imp12+,span_threshold,total_break_groups_subject_to_range_at_most_2,BGD2,IC12P,202351,0,0,426,56417,22294,4555,,0,236,6,,,,,,1,1474,11059,31512,11059,0.5572761989997161,5,"formalism-specific model size: SAT/MaxSAT reports base CNF and soft clauses, MIP reports variables/linear constraints/nonzeros, and CP reports integer variables plus linear/global constraints; SAT bound/totalizer overhead remains separate in optimizer_added_*",2370,2362,2362,2370,0,0,0,0,0,0,0,1,0.085552,0.003015,0.179378,,0.182393,0.629746,"wall-clock from immediately before reading/parsing the .dzn instance through model construction, optimization, solution decoding, and independent validation; excludes worker-process startup and result-file export",0,0,0,0,0,"0,0,0,0,0,0,0,0,0,0,0,0,0,0,0,0,0,0,0,0,0,0,0,0,0,0,0,0,0,0,0,0,0,0,0,0,0,0,0,0,0,0,0,0,0,0,0,0,0,0,0,0,0,0,0,0,0,0,0,0",peak_process_tree_rss_mb,914fbce8ca06e3233a0f6dcdad07dd221935aa429136a0ec130768a8a4a067bd,forb0003,data_table06_forb/forumt-14.forb0003.dzn,2,../noves/forumt-14.forb0003.dzn | ../noves/tic-14crafa.forb0003.dzn,2,data_table06_forb/forumt-14.forb0003.dzn | data_table06_forb/tic-14crafa.forb0003.dzn,https://imae.udg.edu/Recerca/LAI/,https://ima.udg.edu/Recerca/lai/b2b/b2b.zip,ee1f440ab3f6db27ab712300ad3a54a31ffd5ec1e06f81a9ac37cb7202c56528,2026-08-10T10:42:19+00:00,7200.0,,ee80a6fbd8b513f7c010668495c39621a371266a,True,3.10.12,1.8.dev25,instance-20260810-085803,Linux-6.8.0-1064-gcp-x86_64-with-glibc2.35,x86_64,4,8,15988.059,1,0,/home/g24021555/Business-Meeting-Scheduling-Problem/.venv/bin/python3 /home/g24021555/Business-Meeting-Scheduling-Problem/src/Main.py --manifest instances_manifest.csv --family forbidden --solver sat_all --objective-mode bg_d2 --domain-mode both --domain-filter-graph both --precedence-encoding both --precedence-graph both --encoding-variant imp12+ --sat-backend cadical --maxsat-backend uwrmaxsat --uwrmaxsat-bin /home/g24021555/uwrmaxsat/build/release/bin/uwrmaxsat --timeout 7200 --csv output/full_matrix_bg_d2_forbidden.csv,,,,,,,,incremental,,cadical,,traditional,pairwise+direct,0,59,"1,2,3,4,5,6,7,8,9,10,11,12,13,14,15,16,17,18,20,21,22,23,24,25,26,27,28,29,30,31,32,33,34,35,36,37,38,39,40,41,42,43,44,45,46,47,48,49,50,51,52,53,54,55,56,57,58,59,60",2362,8,0,0,"0,0,0,0,0,0,0,0,0,0,0,0,0,0,0,0,0,0,0,0,0,0,0,0,0,0,0,0,0,0,0,0,0,0,0,0,0,0,0,0,0,0,0,0,0,0,0,0,0,0,0,0,0,0,0,0,0,0,0,0","38,44,52,52,54,54,52,48,44,36","3,5,8,1,7,2,4,10,1,5,6,4,9,2,1,7,5,8,6,2,8,7,3,7,6,3,2,10,4,3,8,9,3,4,8,3,6,5,3,8,10,9,3,5,6,4,1,6,1,5,7,8,3,10,6,1,5,4,3,8,9,4,8,2,7,10,5,9,6,3,6,2,1,7,4,9,3,4,1,6,7,9,10,8,2,5,9,4,5,8,6,7,5,6,7,9,4,8,1,4,2,8,7,10,5,3,1,2,4,8,9,6,10,6,10,2,4,3,5,1,9,7,8,9,2,5,3,4,6,7,4,1,3,10,9,2,7,4,8,6,5,2,6,7,1,8,2,4,10,9,2,5,7,1,10,9,8,4,3,6,7,1,3,8,10,6,5,2,9,10,7,8,5,3,7,10,5,9,4,6,5,2,3,7,10,5,7,8,3,5,4,6,6,10,9,3,7,6,5,2,6,6,4,9,2,8,1,5,3,7,7,9,5,8,3,1,2,3,4,6,5,4,2,7,1,8,9,3,4,10,6,9,7,1,2,5,4",1:M4 M9 M15 M47 M49 M56 M73 M79 M99 M107 M120 M132 M145 M154 M162 M207 M216 M225 M234 | 2:M6 M14 M20 M27 M64 M72 M85 M101 M108 M116 M125 M136 M142 M147 M151 M168 M182 M200 M205 M217 M223 M235 | 3:M1 M23 M26 M30 M33 M36 M39 M43 M53 M59 M70 M77 M106 M118 M127 M133 M159 M163 M174 M183 M189 M196 M209 M215 M218 M228 | 4:M7 M12 M29 M34 M46 M58 M62 M75 M78 M88 M97 M100 M109 M117 M128 M131 M138 M148 M158 M179 M191 M203 M219 M222 M229 M237 | 5:M2 M10 M17 M38 M44 M50 M57 M67 M86 M89 M93 M105 M119 M126 M141 M152 M167 M173 M177 M181 M186 M190 M199 M208 M213 M221 M236 | 6:M11 M19 M25 M37 M45 M48 M55 M69 M71 M80 M91 M94 M112 M114 M129 M140 M143 M160 M166 M180 M192 M193 M198 M201 M202 M220 M231 | 7:M5 M16 M22 M24 M51 M65 M74 M81 M92 M95 M103 M122 M130 M137 M144 M153 M161 M171 M175 M184 M187 M197 M210 M211 M224 M233 | 8:M3 M18 M21 M31 M35 M40 M52 M60 M63 M84 M90 M98 M102 M110 M123 M139 M146 M157 M164 M172 M188 M206 M214 M226 | 9:M13 M32 M42 M61 M68 M76 M82 M87 M96 M111 M121 M124 M135 M150 M156 M169 M178 M195 M204 M212 M227 M232 | 10:M8 M28 M41 M54 M66 M83 M104 M113 M115 M134 M149 M155 M165 M170 M176 M185 M194 M230,"journal objective family: bg_d2 | F-selected distance-labelled E* domain propagation and cycle detection | precedence configuration: F=distance_closure, P=pairwise, G=direct | Full Domain MxT schedule variables + explicit unary exclusions | (20),(22)-(27) exactly once over full domains | (22)-(27) session/fixed/forbidden exclusions as hard unit clauses | (19) participant atMost-one per slot | (46),(47) clustered table capacity with compact forward channeling | (28) Pairwise precedence over direct distance-labelled relations | exact break-group ends and unary break-group thresholds | exact schedule <-> usedSlot channeling | (43) exactly |Mp| full usedSlot variables | (44) atMost 2|L| busy participants per slot | (45) exact even number of busy participants | historical hard cap Delta_G <= 2",0,"(0,)",result
,,,,,,,,,forumt-14.forb0003,b2b-914fbce8ca06e323,b2b-lineage-forumt-14,forbidden,F-PW-DE-ST-BGD2-NIS-CD-IC12P,Full,Filter-E*,Pairwise,Direct-E,SpanThreshold,BreakGroupsD2,NonIncrementalSAT,IC12+,OPTIMAL,SAT,0,0,bg_d2,0,0,0,,,,,0.861753,False,66.75,,,,Compact,Compact/Full,project_implementation,restart-based multi-phase SAT,31446,,,,,,,83692,0,83692,2370,29076,202351,60,cfg5__m-full__p-pairwise__g-direct__b-span_threshold__o-break_groups_d2__s-nonincrementalsat__i-imp12plus__backend-cadical,cfg5__m-full__p-pairwise__g-direct__b-span_threshold__o-break_groups_d2__s-nonincrementalsat__i-imp12plus__backend-cadical,full,distance_closure,pairwise,direct,NonIncrementalSAT,CaDiCaL,1.5.3,imp12+,span_threshold,total_break_groups_subject_to_range_at_most_2,BGD2,IC12P,202351,0,0,426,56417,22294,4555,,0,236,6,,,,,,6,4515,9224,22748,17220,0.6105077410002195,5,"formalism-specific model size: SAT/MaxSAT reports base CNF and soft clauses, MIP reports variables/linear constraints/nonzeros, and CP reports integer variables plus linear/global constraints; SAT bound/totalizer overhead remains separate in optimizer_added_*",2370,2362,2362,2370,0,0,0,0,0,0,0,1,0.083953,0.002643,0.177457,,0.1801,0.681653,"wall-clock from immediately before reading/parsing the .dzn instance through model construction, optimization, solution decoding, and independent validation; excludes worker-process startup and result-file export",0,0,0,0,0,"0,0,0,0,0,0,0,0,0,0,0,0,0,0,0,0,0,0,0,0,0,0,0,0,0,0,0,0,0,0,0,0,0,0,0,0,0,0,0,0,0,0,0,0,0,0,0,0,0,0,0,0,0,0,0,0,0,0,0,0",peak_process_tree_rss_mb,914fbce8ca06e3233a0f6dcdad07dd221935aa429136a0ec130768a8a4a067bd,forb0003,data_table06_forb/forumt-14.forb0003.dzn,2,../noves/forumt-14.forb0003.dzn | ../noves/tic-14crafa.forb0003.dzn,2,data_table06_forb/forumt-14.forb0003.dzn | data_table06_forb/tic-14crafa.forb0003.dzn,https://imae.udg.edu/Recerca/LAI/,https://ima.udg.edu/Recerca/lai/b2b/b2b.zip,ee1f440ab3f6db27ab712300ad3a54a31ffd5ec1e06f81a9ac37cb7202c56528,2026-08-10T10:42:19+00:00,7200.0,,ee80a6fbd8b513f7c010668495c39621a371266a,True,3.10.12,1.8.dev25,instance-20260810-085803,Linux-6.8.0-1064-gcp-x86_64-with-glibc2.35,x86_64,4,8,15988.059,1,0,/home/g24021555/Business-Meeting-Scheduling-Problem/.venv/bin/python3 /home/g24021555/Business-Meeting-Scheduling-Problem/src/Main.py --manifest instances_manifest.csv --family forbidden --solver sat_all --objective-mode bg_d2 --domain-mode both --domain-filter-graph both --precedence-encoding both --precedence-graph both --encoding-variant imp12+ --sat-backend cadical --maxsat-backend uwrmaxsat --uwrmaxsat-bin /home/g24021555/uwrmaxsat/build/release/bin/uwrmaxsat --timeout 7200 --csv output/full_matrix_bg_d2_forbidden.csv,,,,,,,,multiple,,cadical,,traditional,pairwise+direct,0,59,"1,2,3,4,5,6,7,8,9,10,11,12,13,14,15,16,17,18,20,21,22,23,24,25,26,27,28,29,30,31,32,33,34,35,36,37,38,39,40,41,42,43,44,45,46,47,48,49,50,51,52,53,54,55,56,57,58,59,60",2362,8,0,0,"0,0,0,0,0,0,0,0,0,0,0,0,0,0,0,0,0,0,0,0,0,0,0,0,0,0,0,0,0,0,0,0,0,0,0,0,0,0,0,0,0,0,0,0,0,0,0,0,0,0,0,0,0,0,0,0,0,0,0,0","44,50,54,54,54,52,50,44,38,34","1,2,3,4,5,6,7,8,1,1,1,2,3,4,5,6,7,8,1,1,2,3,4,1,2,3,4,5,2,3,1,2,3,4,2,1,4,5,3,1,4,1,2,3,7,5,6,3,5,1,2,4,6,4,2,1,5,8,3,6,7,3,1,7,2,4,5,9,10,8,1,4,8,6,7,5,2,8,3,4,1,6,7,10,9,5,8,7,5,10,6,9,2,4,3,6,5,7,6,2,8,10,7,9,5,6,7,9,7,5,9,10,8,4,3,1,6,7,10,8,9,7,5,2,8,5,7,6,10,9,7,6,2,1,10,9,8,7,6,4,5,1,9,10,4,2,9,10,3,4,7,2,1,8,9,10,4,6,3,5,6,3,7,4,5,1,9,8,10,3,8,9,10,9,5,8,2,3,1,3,2,4,8,7,9,6,2,5,4,6,3,7,6,8,5,9,7,4,10,6,6,5,6,9,8,2,3,4,7,10,3,4,5,8,7,3,3,6,10,5,10,4,8,9,2,3,6,7,5,8,2,4,6,5,4,2,3",1:M1 M9 M10 M11 M19 M20 M24 M31 M36 M40 M42 M50 M56 M63 M71 M81 M116 M134 M142 M153 M166 M179 | 2:M2 M12 M21 M25 M29 M32 M35 M43 M51 M55 M65 M77 M93 M100 M124 M133 M146 M152 M177 M181 M187 M206 M225 M231 M236 | 3:M3 M13 M22 M26 M30 M33 M39 M44 M48 M59 M62 M79 M95 M115 M149 M159 M162 M170 M178 M180 M191 M207 M211 M216 M217 M226 M237 | 4:M4 M14 M23 M27 M34 M37 M41 M52 M54 M66 M72 M80 M94 M114 M140 M145 M150 M157 M164 M182 M189 M198 M208 M212 M222 M232 M235 | 5:M5 M15 M28 M38 M46 M49 M57 M67 M76 M86 M89 M97 M105 M110 M123 M126 M141 M160 M165 M175 M188 M195 M202 M213 M220 M229 M234 | 6:M6 M16 M47 M53 M60 M74 M82 M91 M96 M99 M106 M117 M128 M132 M139 M158 M161 M186 M190 M193 M200 M201 M203 M218 M227 M233 | 7:M7 M17 M45 M61 M64 M75 M83 M88 M98 M103 M107 M109 M118 M122 M127 M131 M138 M151 M163 M184 M192 M197 M209 M215 M228 | 8:M8 M18 M58 M70 M73 M78 M87 M101 M113 M120 M125 M137 M154 M168 M171 M176 M183 M194 M205 M214 M223 M230 | 9:M68 M85 M92 M104 M108 M111 M121 M130 M136 M143 M147 M155 M167 M172 M174 M185 M196 M204 M224 | 10:M69 M84 M90 M102 M112 M119 M129 M135 M144 M148 M156 M169 M173 M199 M210 M219 M221,"journal objective family: bg_d2 | F-selected distance-labelled E* domain propagation and cycle detection | precedence configuration: F=distance_closure, P=pairwise, G=direct | Full Domain MxT schedule variables + explicit unary exclusions | (20),(22)-(27) exactly once over full domains | (22)-(27) session/fixed/forbidden exclusions as hard unit clauses | (19) participant atMost-one per slot | (46),(47) clustered table capacity with compact forward channeling | (28) Pairwise precedence over direct distance-labelled relations | exact break-group ends and unary break-group thresholds | exact schedule <-> usedSlot channeling | (43) exactly |Mp| full usedSlot variables | (44) atMost 2|L| busy participants per slot | (45) exact even number of busy participants | historical hard cap Delta_G <= 2",0,"(0,)",result
,,,,,,,,,forumt-14.forb0003,b2b-914fbce8ca06e323,b2b-lineage-forumt-14,forbidden,F-PW-DE-ST-BGD2-UW-IC12P,Full,Filter-E*,Pairwise,Direct-E,SpanThreshold,BreakGroupsD2,UWrMaxSAT,IC12+,OPTIMAL,SAT,0,0,bg_d2,0,0,0,,,0,1,0.55622,False,73.473,,,,Compact,Compact/Full,project_implementation,one-shot weighted MaxSAT,31446,,,,,,,83692,236,83928,2370,29076,202587,60,cfg5__m-full__p-pairwise__g-direct__b-span_threshold__o-break_groups_d2__s-uwrmaxsat__i-imp12plus__backend-uwrmaxsat,cfg5__m-full__p-pairwise__g-direct__b-span_threshold__o-break_groups_d2__s-uwrmaxsat__i-imp12plus__backend-uwrmaxsat,full,distance_closure,pairwise,direct,UWrMaxSAT,UWrMaxSAT,binary-sha256:8c68c8a386d3d7847b50d315143c2bab60e3514e59510e84a649db83cb303876,imp12+,span_threshold,total_break_groups_subject_to_range_at_most_2,BGD2,IC12P,202351,236,1,426,56417,22294,4555,1,236,236,1,,,,,,0,0,0,0,0,,,"formalism-specific model size: SAT/MaxSAT reports base CNF and soft clauses, MIP reports variables/linear constraints/nonzeros, and CP reports integer variables plus linear/global constraints; SAT bound/totalizer overhead remains separate in optimizer_added_*",2370,2362,2362,2370,0,0,0,0,0,0,0,1,0.085933,0.002618,0.179746,,0.182364,0.373855,"wall-clock from immediately before reading/parsing the .dzn instance through model construction, optimization, solution decoding, and independent validation; excludes worker-process startup and result-file export",0,0,0,0,0,"0,0,0,0,0,0,0,0,0,0,0,0,0,0,0,0,0,0,0,0,0,0,0,0,0,0,0,0,0,0,0,0,0,0,0,0,0,0,0,0,0,0,0,0,0,0,0,0,0,0,0,0,0,0,0,0,0,0,0,0",peak_process_tree_rss_mb,914fbce8ca06e3233a0f6dcdad07dd221935aa429136a0ec130768a8a4a067bd,forb0003,data_table06_forb/forumt-14.forb0003.dzn,2,../noves/forumt-14.forb0003.dzn | ../noves/tic-14crafa.forb0003.dzn,2,data_table06_forb/forumt-14.forb0003.dzn | data_table06_forb/tic-14crafa.forb0003.dzn,https://imae.udg.edu/Recerca/LAI/,https://ima.udg.edu/Recerca/lai/b2b/b2b.zip,ee1f440ab3f6db27ab712300ad3a54a31ffd5ec1e06f81a9ac37cb7202c56528,2026-08-10T10:42:19+00:00,7200.0,,ee80a6fbd8b513f7c010668495c39621a371266a,True,3.10.12,1.8.dev25,instance-20260810-085803,Linux-6.8.0-1064-gcp-x86_64-with-glibc2.35,x86_64,4,8,15988.059,1,0,/home/g24021555/Business-Meeting-Scheduling-Problem/.venv/bin/python3 /home/g24021555/Business-Meeting-Scheduling-Problem/src/Main.py --manifest instances_manifest.csv --family forbidden --solver sat_all --objective-mode bg_d2 --domain-mode both --domain-filter-graph both --precedence-encoding both --precedence-graph both --encoding-variant imp12+ --sat-backend cadical --maxsat-backend uwrmaxsat --uwrmaxsat-bin /home/g24021555/uwrmaxsat/build/release/bin/uwrmaxsat --timeout 7200 --csv output/full_matrix_bg_d2_forbidden.csv,/home/g24021555/uwrmaxsat/build/release/bin/uwrmaxsat,8c68c8a386d3d7847b50d315143c2bab60e3514e59510e84a649db83cb303876,/home/g24021555/uwrmaxsat/build/release/bin/uwrmaxsat -m /tmp/b2b_uwrmaxsat_wr6is0hv/forumt-14.forb0003.wcnf,,process exit code=30,,,maxsat,uwrmaxsat,,/home/g24021555/uwrmaxsat/build/release/bin/uwrmaxsat,traditional,pairwise+direct,0,59,"1,2,3,4,5,6,7,8,9,10,11,12,13,14,15,16,17,18,20,21,22,23,24,25,26,27,28,29,30,31,32,33,34,35,36,37,38,39,40,41,42,43,44,45,46,47,48,49,50,51,52,53,54,55,56,57,58,59,60",2362,8,0,0,"0,0,0,0,0,0,0,0,0,0,0,0,0,0,0,0,0,0,0,0,0,0,0,0,0,0,0,0,0,0,0,0,0,0,0,0,0,0,0,0,0,0,0,0,0,0,0,0,0,0,0,0,0,0,0,0,0,0,0,0","46,50,54,54,54,50,50,44,38,34","1,2,3,4,5,6,7,8,1,1,1,2,3,4,5,6,7,8,1,1,2,3,4,1,2,3,4,5,2,3,1,2,3,4,2,1,4,5,3,1,4,1,2,3,10,5,7,3,5,1,2,4,6,4,2,1,5,7,3,8,6,3,1,6,2,4,5,9,10,8,1,4,5,6,7,8,2,5,4,6,3,10,7,1,9,8,10,8,5,9,7,6,6,4,7,10,8,9,6,2,10,8,7,4,9,6,7,8,3,5,10,7,9,5,4,1,6,8,10,9,7,6,5,8,3,5,1,6,7,2,9,3,2,3,10,9,6,8,7,5,1,5,9,8,2,3,7,9,3,4,7,2,1,8,9,10,6,3,5,4,1,5,3,4,7,9,10,6,8,2,9,10,6,10,3,9,4,7,8,4,2,4,5,8,10,6,2,3,7,6,4,5,7,7,5,9,2,4,10,6,7,5,7,6,9,2,1,4,8,10,8,5,9,6,7,3,6,3,1,8,9,3,2,7,5,6,4,10,3,5,2,4,8,5,2,3,4",1:M1 M9 M10 M11 M19 M20 M24 M31 M36 M40 M42 M50 M56 M63 M71 M84 M116 M127 M141 M153 M161 M207 M219 | 2:M2 M12 M21 M25 M29 M32 M35 M43 M51 M55 M65 M77 M100 M130 M133 M145 M152 M170 M181 M187 M197 M206 M223 M231 M235 | 3:M3 M13 M22 M26 M30 M33 M39 M44 M48 M59 M62 M81 M109 M125 M132 M134 M146 M149 M158 M163 M175 M188 M216 M218 M222 M229 M236 | 4:M4 M14 M23 M27 M34 M37 M41 M52 M54 M66 M72 M79 M94 M104 M115 M150 M160 M164 M177 M180 M182 M191 M198 M208 M227 M232 M237 | 5:M5 M15 M28 M38 M46 M49 M57 M67 M73 M78 M89 M110 M114 M123 M126 M140 M142 M159 M162 M183 M192 M195 M202 M212 M225 M230 M234 | 6:M6 M16 M53 M61 M64 M74 M80 M92 M93 M99 M106 M117 M122 M128 M137 M157 M168 M173 M186 M190 M200 M204 M214 M217 M226 | 7:M7 M17 M47 M58 M75 M83 M91 M95 M103 M107 M112 M121 M129 M139 M147 M151 M165 M178 M189 M193 M194 M201 M203 M215 M224 | 8:M8 M18 M60 M70 M76 M86 M88 M97 M102 M108 M118 M124 M138 M144 M154 M169 M179 M184 M209 M211 M220 M233 | 9:M68 M85 M90 M98 M105 M113 M120 M131 M136 M143 M148 M155 M166 M171 M176 M196 M205 M213 M221 | 10:M45 M69 M82 M87 M96 M101 M111 M119 M135 M156 M167 M172 M174 M185 M199 M210 M228,"journal objective family: bg_d2 | F-selected distance-labelled E* domain propagation and cycle detection | precedence configuration: F=distance_closure, P=pairwise, G=direct | Full Domain MxT schedule variables + explicit unary exclusions | (20),(22)-(27) exactly once over full domains | (22)-(27) session/fixed/forbidden exclusions as hard unit clauses | (19) participant atMost-one per slot | (46),(47) clustered table capacity with compact forward channeling | (28) Pairwise precedence over direct distance-labelled relations | exact break-group ends and unary break-group thresholds | exact schedule <-> usedSlot channeling | (43) exactly |Mp| full usedSlot variables | (44) atMost 2|L| busy participants per slot | (45) exact even number of busy participants | historical hard cap Delta_G <= 2",,,result
,,,,,,,,,forumt-14.forb0003,b2b-914fbce8ca06e323,b2b-lineage-forumt-14,forbidden,F-PW-DC-ST-BGD2-IS-CD-IC12P,Full,Filter-E*,Pairwise,DistanceClosure-E*,SpanThreshold,BreakGroupsD2,IncrementalSAT,IC12+,OPTIMAL,SAT,0,0,bg_d2,0,0,0,,,,,0.805604,False,69.488,,,,Compact,Compact/Full,project_implementation,incremental multi-phase SAT with persistent solver state,31446,,,,,,,83692,0,83692,2370,29076,202351,60,cfg5__m-full__p-pairwise__g-distance_closure__b-span_threshold__o-break_groups_d2__s-incrementalsat__i-imp12plus__backend-cadical,cfg5__m-full__p-pairwise__g-distance_closure__b-span_threshold__o-break_groups_d2__s-incrementalsat__i-imp12plus__backend-cadical,full,distance_closure,pairwise,distance_closure,IncrementalSAT,CaDiCaL,1.5.3,imp12+,span_threshold,total_break_groups_subject_to_range_at_most_2,BGD2,IC12P,202351,0,0,426,56417,22294,4555,,0,236,6,,,,,,1,1474,11059,31512,11059,0.5557928450007239,5,"formalism-specific model size: SAT/MaxSAT reports base CNF and soft clauses, MIP reports variables/linear constraints/nonzeros, and CP reports integer variables plus linear/global constraints; SAT bound/totalizer overhead remains separate in optimizer_added_*",2370,2362,2362,2370,0,0,0,0,0,0,0,1,0.082131,0.003041,0.175439,,0.178479,0.627124,"wall-clock from immediately before reading/parsing the .dzn instance through model construction, optimization, solution decoding, and independent validation; excludes worker-process startup and result-file export",0,0,0,0,0,"0,0,0,0,0,0,0,0,0,0,0,0,0,0,0,0,0,0,0,0,0,0,0,0,0,0,0,0,0,0,0,0,0,0,0,0,0,0,0,0,0,0,0,0,0,0,0,0,0,0,0,0,0,0,0,0,0,0,0,0",peak_process_tree_rss_mb,914fbce8ca06e3233a0f6dcdad07dd221935aa429136a0ec130768a8a4a067bd,forb0003,data_table06_forb/forumt-14.forb0003.dzn,2,../noves/forumt-14.forb0003.dzn | ../noves/tic-14crafa.forb0003.dzn,2,data_table06_forb/forumt-14.forb0003.dzn | data_table06_forb/tic-14crafa.forb0003.dzn,https://imae.udg.edu/Recerca/LAI/,https://ima.udg.edu/Recerca/lai/b2b/b2b.zip,ee1f440ab3f6db27ab712300ad3a54a31ffd5ec1e06f81a9ac37cb7202c56528,2026-08-10T10:42:19+00:00,7200.0,,ee80a6fbd8b513f7c010668495c39621a371266a,True,3.10.12,1.8.dev25,instance-20260810-085803,Linux-6.8.0-1064-gcp-x86_64-with-glibc2.35,x86_64,4,8,15988.059,1,0,/home/g24021555/Business-Meeting-Scheduling-Problem/.venv/bin/python3 /home/g24021555/Business-Meeting-Scheduling-Problem/src/Main.py --manifest instances_manifest.csv --family forbidden --solver sat_all --objective-mode bg_d2 --domain-mode both --domain-filter-graph both --precedence-encoding both --precedence-graph both --encoding-variant imp12+ --sat-backend cadical --maxsat-backend uwrmaxsat --uwrmaxsat-bin /home/g24021555/uwrmaxsat/build/release/bin/uwrmaxsat --timeout 7200 --csv output/full_matrix_bg_d2_forbidden.csv,,,,,,,,incremental,,cadical,,factorial,pairwise+distance_closure,0,59,"1,2,3,4,5,6,7,8,9,10,11,12,13,14,15,16,17,18,20,21,22,23,24,25,26,27,28,29,30,31,32,33,34,35,36,37,38,39,40,41,42,43,44,45,46,47,48,49,50,51,52,53,54,55,56,57,58,59,60",2362,8,0,0,"0,0,0,0,0,0,0,0,0,0,0,0,0,0,0,0,0,0,0,0,0,0,0,0,0,0,0,0,0,0,0,0,0,0,0,0,0,0,0,0,0,0,0,0,0,0,0,0,0,0,0,0,0,0,0,0,0,0,0,0","38,44,52,52,54,54,52,48,44,36","3,5,8,1,7,2,4,10,1,5,6,4,9,2,1,7,5,8,6,2,8,7,3,7,6,3,2,10,4,3,8,9,3,4,8,3,6,5,3,8,10,9,3,5,6,4,1,6,1,5,7,8,3,10,6,1,5,4,3,8,9,4,8,2,7,10,5,9,6,3,6,2,1,7,4,9,3,4,1,6,7,9,10,8,2,5,9,4,5,8,6,7,5,6,7,9,4,8,1,4,2,8,7,10,5,3,1,2,4,8,9,6,10,6,10,2,4,3,5,1,9,7,8,9,2,5,3,4,6,7,4,1,3,10,9,2,7,4,8,6,5,2,6,7,1,8,2,4,10,9,2,5,7,1,10,9,8,4,3,6,7,1,3,8,10,6,5,2,9,10,7,8,5,3,7,10,5,9,4,6,5,2,3,7,10,5,7,8,3,5,4,6,6,10,9,3,7,6,5,2,6,6,4,9,2,8,1,5,3,7,7,9,5,8,3,1,2,3,4,6,5,4,2,7,1,8,9,3,4,10,6,9,7,1,2,5,4",1:M4 M9 M15 M47 M49 M56 M73 M79 M99 M107 M120 M132 M145 M154 M162 M207 M216 M225 M234 | 2:M6 M14 M20 M27 M64 M72 M85 M101 M108 M116 M125 M136 M142 M147 M151 M168 M182 M200 M205 M217 M223 M235 | 3:M1 M23 M26 M30 M33 M36 M39 M43 M53 M59 M70 M77 M106 M118 M127 M133 M159 M163 M174 M183 M189 M196 M209 M215 M218 M228 | 4:M7 M12 M29 M34 M46 M58 M62 M75 M78 M88 M97 M100 M109 M117 M128 M131 M138 M148 M158 M179 M191 M203 M219 M222 M229 M237 | 5:M2 M10 M17 M38 M44 M50 M57 M67 M86 M89 M93 M105 M119 M126 M141 M152 M167 M173 M177 M181 M186 M190 M199 M208 M213 M221 M236 | 6:M11 M19 M25 M37 M45 M48 M55 M69 M71 M80 M91 M94 M112 M114 M129 M140 M143 M160 M166 M180 M192 M193 M198 M201 M202 M220 M231 | 7:M5 M16 M22 M24 M51 M65 M74 M81 M92 M95 M103 M122 M130 M137 M144 M153 M161 M171 M175 M184 M187 M197 M210 M211 M224 M233 | 8:M3 M18 M21 M31 M35 M40 M52 M60 M63 M84 M90 M98 M102 M110 M123 M139 M146 M157 M164 M172 M188 M206 M214 M226 | 9:M13 M32 M42 M61 M68 M76 M82 M87 M96 M111 M121 M124 M135 M150 M156 M169 M178 M195 M204 M212 M227 M232 | 10:M8 M28 M41 M54 M66 M83 M104 M113 M115 M134 M149 M155 M165 M170 M176 M185 M194 M230,"journal objective family: bg_d2 | F-selected distance-labelled E* domain propagation and cycle detection | precedence configuration: F=distance_closure, P=pairwise, G=distance_closure | Full Domain MxT schedule variables + explicit unary exclusions | (20),(22)-(27) exactly once over full domains | (22)-(27) session/fixed/forbidden exclusions as hard unit clauses | (19) participant atMost-one per slot | (46),(47) clustered table capacity with compact forward channeling | (28) Pairwise precedence over distance_closure distance-labelled relations | exact break-group ends and unary break-group thresholds | exact schedule <-> usedSlot channeling | (43) exactly |Mp| full usedSlot variables | (44) atMost 2|L| busy participants per slot | (45) exact even number of busy participants | historical hard cap Delta_G <= 2",0,"(0,)",result
,,,,,,,,,forumt-14.forb0003,b2b-914fbce8ca06e323,b2b-lineage-forumt-14,forbidden,F-PW-DC-ST-BGD2-NIS-CD-IC12P,Full,Filter-E*,Pairwise,DistanceClosure-E*,SpanThreshold,BreakGroupsD2,NonIncrementalSAT,IC12+,OPTIMAL,SAT,0,0,bg_d2,0,0,0,,,,,0.859424,False,66.516,,,,Compact,Compact/Full,project_implementation,restart-based multi-phase SAT,31446,,,,,,,83692,0,83692,2370,29076,202351,60,cfg5__m-full__p-pairwise__g-distance_closure__b-span_threshold__o-break_groups_d2__s-nonincrementalsat__i-imp12plus__backend-cadical,cfg5__m-full__p-pairwise__g-distance_closure__b-span_threshold__o-break_groups_d2__s-nonincrementalsat__i-imp12plus__backend-cadical,full,distance_closure,pairwise,distance_closure,NonIncrementalSAT,CaDiCaL,1.5.3,imp12+,span_threshold,total_break_groups_subject_to_range_at_most_2,BGD2,IC12P,202351,0,0,426,56417,22294,4555,,0,236,6,,,,,,6,4515,9224,22748,17220,0.6078758249996099,5,"formalism-specific model size: SAT/MaxSAT reports base CNF and soft clauses, MIP reports variables/linear constraints/nonzeros, and CP reports integer variables plus linear/global constraints; SAT bound/totalizer overhead remains separate in optimizer_added_*",2370,2362,2362,2370,0,0,0,0,0,0,0,1,0.085369,0.002663,0.176981,,0.179644,0.67978,"wall-clock from immediately before reading/parsing the .dzn instance through model construction, optimization, solution decoding, and independent validation; excludes worker-process startup and result-file export",0,0,0,0,0,"0,0,0,0,0,0,0,0,0,0,0,0,0,0,0,0,0,0,0,0,0,0,0,0,0,0,0,0,0,0,0,0,0,0,0,0,0,0,0,0,0,0,0,0,0,0,0,0,0,0,0,0,0,0,0,0,0,0,0,0",peak_process_tree_rss_mb,914fbce8ca06e3233a0f6dcdad07dd221935aa429136a0ec130768a8a4a067bd,forb0003,data_table06_forb/forumt-14.forb0003.dzn,2,../noves/forumt-14.forb0003.dzn | ../noves/tic-14crafa.forb0003.dzn,2,data_table06_forb/forumt-14.forb0003.dzn | data_table06_forb/tic-14crafa.forb0003.dzn,https://imae.udg.edu/Recerca/LAI/,https://ima.udg.edu/Recerca/lai/b2b/b2b.zip,ee1f440ab3f6db27ab712300ad3a54a31ffd5ec1e06f81a9ac37cb7202c56528,2026-08-10T10:42:19+00:00,7200.0,,ee80a6fbd8b513f7c010668495c39621a371266a,True,3.10.12,1.8.dev25,instance-20260810-085803,Linux-6.8.0-1064-gcp-x86_64-with-glibc2.35,x86_64,4,8,15988.059,1,0,/home/g24021555/Business-Meeting-Scheduling-Problem/.venv/bin/python3 /home/g24021555/Business-Meeting-Scheduling-Problem/src/Main.py --manifest instances_manifest.csv --family forbidden --solver sat_all --objective-mode bg_d2 --domain-mode both --domain-filter-graph both --precedence-encoding both --precedence-graph both --encoding-variant imp12+ --sat-backend cadical --maxsat-backend uwrmaxsat --uwrmaxsat-bin /home/g24021555/uwrmaxsat/build/release/bin/uwrmaxsat --timeout 7200 --csv output/full_matrix_bg_d2_forbidden.csv,,,,,,,,multiple,,cadical,,factorial,pairwise+distance_closure,0,59,"1,2,3,4,5,6,7,8,9,10,11,12,13,14,15,16,17,18,20,21,22,23,24,25,26,27,28,29,30,31,32,33,34,35,36,37,38,39,40,41,42,43,44,45,46,47,48,49,50,51,52,53,54,55,56,57,58,59,60",2362,8,0,0,"0,0,0,0,0,0,0,0,0,0,0,0,0,0,0,0,0,0,0,0,0,0,0,0,0,0,0,0,0,0,0,0,0,0,0,0,0,0,0,0,0,0,0,0,0,0,0,0,0,0,0,0,0,0,0,0,0,0,0,0","44,50,54,54,54,52,50,44,38,34","1,2,3,4,5,6,7,8,1,1,1,2,3,4,5,6,7,8,1,1,2,3,4,1,2,3,4,5,2,3,1,2,3,4,2,1,4,5,3,1,4,1,2,3,7,5,6,3,5,1,2,4,6,4,2,1,5,8,3,6,7,3,1,7,2,4,5,9,10,8,1,4,8,6,7,5,2,8,3,4,1,6,7,10,9,5,8,7,5,10,6,9,2,4,3,6,5,7,6,2,8,10,7,9,5,6,7,9,7,5,9,10,8,4,3,1,6,7,10,8,9,7,5,2,8,5,7,6,10,9,7,6,2,1,10,9,8,7,6,4,5,1,9,10,4,2,9,10,3,4,7,2,1,8,9,10,4,6,3,5,6,3,7,4,5,1,9,8,10,3,8,9,10,9,5,8,2,3,1,3,2,4,8,7,9,6,2,5,4,6,3,7,6,8,5,9,7,4,10,6,6,5,6,9,8,2,3,4,7,10,3,4,5,8,7,3,3,6,10,5,10,4,8,9,2,3,6,7,5,8,2,4,6,5,4,2,3",1:M1 M9 M10 M11 M19 M20 M24 M31 M36 M40 M42 M50 M56 M63 M71 M81 M116 M134 M142 M153 M166 M179 | 2:M2 M12 M21 M25 M29 M32 M35 M43 M51 M55 M65 M77 M93 M100 M124 M133 M146 M152 M177 M181 M187 M206 M225 M231 M236 | 3:M3 M13 M22 M26 M30 M33 M39 M44 M48 M59 M62 M79 M95 M115 M149 M159 M162 M170 M178 M180 M191 M207 M211 M216 M217 M226 M237 | 4:M4 M14 M23 M27 M34 M37 M41 M52 M54 M66 M72 M80 M94 M114 M140 M145 M150 M157 M164 M182 M189 M198 M208 M212 M222 M232 M235 | 5:M5 M15 M28 M38 M46 M49 M57 M67 M76 M86 M89 M97 M105 M110 M123 M126 M141 M160 M165 M175 M188 M195 M202 M213 M220 M229 M234 | 6:M6 M16 M47 M53 M60 M74 M82 M91 M96 M99 M106 M117 M128 M132 M139 M158 M161 M186 M190 M193 M200 M201 M203 M218 M227 M233 | 7:M7 M17 M45 M61 M64 M75 M83 M88 M98 M103 M107 M109 M118 M122 M127 M131 M138 M151 M163 M184 M192 M197 M209 M215 M228 | 8:M8 M18 M58 M70 M73 M78 M87 M101 M113 M120 M125 M137 M154 M168 M171 M176 M183 M194 M205 M214 M223 M230 | 9:M68 M85 M92 M104 M108 M111 M121 M130 M136 M143 M147 M155 M167 M172 M174 M185 M196 M204 M224 | 10:M69 M84 M90 M102 M112 M119 M129 M135 M144 M148 M156 M169 M173 M199 M210 M219 M221,"journal objective family: bg_d2 | F-selected distance-labelled E* domain propagation and cycle detection | precedence configuration: F=distance_closure, P=pairwise, G=distance_closure | Full Domain MxT schedule variables + explicit unary exclusions | (20),(22)-(27) exactly once over full domains | (22)-(27) session/fixed/forbidden exclusions as hard unit clauses | (19) participant atMost-one per slot | (46),(47) clustered table capacity with compact forward channeling | (28) Pairwise precedence over distance_closure distance-labelled relations | exact break-group ends and unary break-group thresholds | exact schedule <-> usedSlot channeling | (43) exactly |Mp| full usedSlot variables | (44) atMost 2|L| busy participants per slot | (45) exact even number of busy participants | historical hard cap Delta_G <= 2",0,"(0,)",result
,,,,,,,,,forumt-14.forb0003,b2b-914fbce8ca06e323,b2b-lineage-forumt-14,forbidden,F-PW-DC-ST-BGD2-UW-IC12P,Full,Filter-E*,Pairwise,DistanceClosure-E*,SpanThreshold,BreakGroupsD2,UWrMaxSAT,IC12+,OPTIMAL,SAT,0,0,bg_d2,0,0,0,,,0,1,0.565972,False,73.484,,,,Compact,Compact/Full,project_implementation,one-shot weighted MaxSAT,31446,,,,,,,83692,236,83928,2370,29076,202587,60,cfg5__m-full__p-pairwise__g-distance_closure__b-span_threshold__o-break_groups_d2__s-uwrmaxsat__i-imp12plus__backend-uwrmaxsat,cfg5__m-full__p-pairwise__g-distance_closure__b-span_threshold__o-break_groups_d2__s-uwrmaxsat__i-imp12plus__backend-uwrmaxsat,full,distance_closure,pairwise,distance_closure,UWrMaxSAT,UWrMaxSAT,binary-sha256:8c68c8a386d3d7847b50d315143c2bab60e3514e59510e84a649db83cb303876,imp12+,span_threshold,total_break_groups_subject_to_range_at_most_2,BGD2,IC12P,202351,236,1,426,56417,22294,4555,1,236,236,1,,,,,,0,0,0,0,0,,,"formalism-specific model size: SAT/MaxSAT reports base CNF and soft clauses, MIP reports variables/linear constraints/nonzeros, and CP reports integer variables plus linear/global constraints; SAT bound/totalizer overhead remains separate in optimizer_added_*",2370,2362,2362,2370,0,0,0,0,0,0,0,1,0.081779,0.003019,0.17615,,0.17917,0.386803,"wall-clock from immediately before reading/parsing the .dzn instance through model construction, optimization, solution decoding, and independent validation; excludes worker-process startup and result-file export",0,0,0,0,0,"0,0,0,0,0,0,0,0,0,0,0,0,0,0,0,0,0,0,0,0,0,0,0,0,0,0,0,0,0,0,0,0,0,0,0,0,0,0,0,0,0,0,0,0,0,0,0,0,0,0,0,0,0,0,0,0,0,0,0,0",peak_process_tree_rss_mb,914fbce8ca06e3233a0f6dcdad07dd221935aa429136a0ec130768a8a4a067bd,forb0003,data_table06_forb/forumt-14.forb0003.dzn,2,../noves/forumt-14.forb0003.dzn | ../noves/tic-14crafa.forb0003.dzn,2,data_table06_forb/forumt-14.forb0003.dzn | data_table06_forb/tic-14crafa.forb0003.dzn,https://imae.udg.edu/Recerca/LAI/,https://ima.udg.edu/Recerca/lai/b2b/b2b.zip,ee1f440ab3f6db27ab712300ad3a54a31ffd5ec1e06f81a9ac37cb7202c56528,2026-08-10T10:42:19+00:00,7200.0,,ee80a6fbd8b513f7c010668495c39621a371266a,True,3.10.12,1.8.dev25,instance-20260810-085803,Linux-6.8.0-1064-gcp-x86_64-with-glibc2.35,x86_64,4,8,15988.059,1,0,/home/g24021555/Business-Meeting-Scheduling-Problem/.venv/bin/python3 /home/g24021555/Business-Meeting-Scheduling-Problem/src/Main.py --manifest instances_manifest.csv --family forbidden --solver sat_all --objective-mode bg_d2 --domain-mode both --domain-filter-graph both --precedence-encoding both --precedence-graph both --encoding-variant imp12+ --sat-backend cadical --maxsat-backend uwrmaxsat --uwrmaxsat-bin /home/g24021555/uwrmaxsat/build/release/bin/uwrmaxsat --timeout 7200 --csv output/full_matrix_bg_d2_forbidden.csv,/home/g24021555/uwrmaxsat/build/release/bin/uwrmaxsat,8c68c8a386d3d7847b50d315143c2bab60e3514e59510e84a649db83cb303876,/home/g24021555/uwrmaxsat/build/release/bin/uwrmaxsat -m /tmp/b2b_uwrmaxsat_61wx1s7f/forumt-14.forb0003.wcnf,,process exit code=30,,,maxsat,uwrmaxsat,,/home/g24021555/uwrmaxsat/build/release/bin/uwrmaxsat,factorial,pairwise+distance_closure,0,59,"1,2,3,4,5,6,7,8,9,10,11,12,13,14,15,16,17,18,20,21,22,23,24,25,26,27,28,29,30,31,32,33,34,35,36,37,38,39,40,41,42,43,44,45,46,47,48,49,50,51,52,53,54,55,56,57,58,59,60",2362,8,0,0,"0,0,0,0,0,0,0,0,0,0,0,0,0,0,0,0,0,0,0,0,0,0,0,0,0,0,0,0,0,0,0,0,0,0,0,0,0,0,0,0,0,0,0,0,0,0,0,0,0,0,0,0,0,0,0,0,0,0,0,0","46,50,54,54,54,50,50,44,38,34","1,2,3,4,5,6,7,8,1,1,1,2,3,4,5,6,7,8,1,1,2,3,4,1,2,3,4,5,2,3,1,2,3,4,2,1,4,5,3,1,4,1,2,3,10,5,7,3,5,1,2,4,6,4,2,1,5,7,3,8,6,3,1,6,2,4,5,9,10,8,1,4,5,6,7,8,2,5,4,6,3,10,7,1,9,8,10,8,5,9,7,6,6,4,7,10,8,9,6,2,10,8,7,4,9,6,7,8,3,5,10,7,9,5,4,1,6,8,10,9,7,6,5,8,3,5,1,6,7,2,9,3,2,3,10,9,6,8,7,5,1,5,9,8,2,3,7,9,3,4,7,2,1,8,9,10,6,3,5,4,1,5,3,4,7,9,10,6,8,2,9,10,6,10,3,9,4,7,8,4,2,4,5,8,10,6,2,3,7,6,4,5,7,7,5,9,2,4,10,6,7,5,7,6,9,2,1,4,8,10,8,5,9,6,7,3,6,3,1,8,9,3,2,7,5,6,4,10,3,5,2,4,8,5,2,3,4",1:M1 M9 M10 M11 M19 M20 M24 M31 M36 M40 M42 M50 M56 M63 M71 M84 M116 M127 M141 M153 M161 M207 M219 | 2:M2 M12 M21 M25 M29 M32 M35 M43 M51 M55 M65 M77 M100 M130 M133 M145 M152 M170 M181 M187 M197 M206 M223 M231 M235 | 3:M3 M13 M22 M26 M30 M33 M39 M44 M48 M59 M62 M81 M109 M125 M132 M134 M146 M149 M158 M163 M175 M188 M216 M218 M222 M229 M236 | 4:M4 M14 M23 M27 M34 M37 M41 M52 M54 M66 M72 M79 M94 M104 M115 M150 M160 M164 M177 M180 M182 M191 M198 M208 M227 M232 M237 | 5:M5 M15 M28 M38 M46 M49 M57 M67 M73 M78 M89 M110 M114 M123 M126 M140 M142 M159 M162 M183 M192 M195 M202 M212 M225 M230 M234 | 6:M6 M16 M53 M61 M64 M74 M80 M92 M93 M99 M106 M117 M122 M128 M137 M157 M168 M173 M186 M190 M200 M204 M214 M217 M226 | 7:M7 M17 M47 M58 M75 M83 M91 M95 M103 M107 M112 M121 M129 M139 M147 M151 M165 M178 M189 M193 M194 M201 M203 M215 M224 | 8:M8 M18 M60 M70 M76 M86 M88 M97 M102 M108 M118 M124 M138 M144 M154 M169 M179 M184 M209 M211 M220 M233 | 9:M68 M85 M90 M98 M105 M113 M120 M131 M136 M143 M148 M155 M166 M171 M176 M196 M205 M213 M221 | 10:M45 M69 M82 M87 M96 M101 M111 M119 M135 M156 M167 M172 M174 M185 M199 M210 M228,"journal objective family: bg_d2 | F-selected distance-labelled E* domain propagation and cycle detection | precedence configuration: F=distance_closure, P=pairwise, G=distance_closure | Full Domain MxT schedule variables + explicit unary exclusions | (20),(22)-(27) exactly once over full domains | (22)-(27) session/fixed/forbidden exclusions as hard unit clauses | (19) participant atMost-one per slot | (46),(47) clustered table capacity with compact forward channeling | (28) Pairwise precedence over distance_closure distance-labelled relations | exact break-group ends and unary break-group thresholds | exact schedule <-> usedSlot channeling | (43) exactly |Mp| full usedSlot variables | (44) atMost 2|L| busy participants per slot | (45) exact even number of busy participants | historical hard cap Delta_G <= 2",,,result
,,,,,,,,,forumt-14.forb0003,b2b-914fbce8ca06e323,b2b-lineage-forumt-14,forbidden,F-SS-DE-ST-BGD2-IS-CD-IC12P,Full,Filter-E*,SparseSuffix,Direct-E,SpanThreshold,BreakGroupsD2,IncrementalSAT,IC12+,OPTIMAL,SAT,0,0,bg_d2,0,0,0,,,,,0.834691,False,69.68,,,,Compact,Compact/Full,project_implementation,incremental multi-phase SAT with persistent solver state,31446,,,,,,,83692,0,83692,2370,29076,202351,60,cfg5__m-full__p-sparse_suffix__g-direct__b-span_threshold__o-break_groups_d2__s-incrementalsat__i-imp12plus__backend-cadical,cfg5__m-full__p-sparse_suffix__g-direct__b-span_threshold__o-break_groups_d2__s-incrementalsat__i-imp12plus__backend-cadical,full,distance_closure,sparse_suffix,direct,IncrementalSAT,CaDiCaL,1.5.3,imp12+,span_threshold,total_break_groups_subject_to_range_at_most_2,BGD2,IC12P,202351,0,0,426,56417,22294,4555,,0,236,6,,,,,,1,1474,11059,31512,11059,0.5862176209993777,5,"formalism-specific model size: SAT/MaxSAT reports base CNF and soft clauses, MIP reports variables/linear constraints/nonzeros, and CP reports integer variables plus linear/global constraints; SAT bound/totalizer overhead remains separate in optimizer_added_*",2370,2362,2362,2370,0,0,0,0,0,0,0,1,0.082979,0.002681,0.17311,,0.175791,0.658899,"wall-clock from immediately before reading/parsing the .dzn instance through model construction, optimization, solution decoding, and independent validation; excludes worker-process startup and result-file export",0,0,0,0,0,"0,0,0,0,0,0,0,0,0,0,0,0,0,0,0,0,0,0,0,0,0,0,0,0,0,0,0,0,0,0,0,0,0,0,0,0,0,0,0,0,0,0,0,0,0,0,0,0,0,0,0,0,0,0,0,0,0,0,0,0",peak_process_tree_rss_mb,914fbce8ca06e3233a0f6dcdad07dd221935aa429136a0ec130768a8a4a067bd,forb0003,data_table06_forb/forumt-14.forb0003.dzn,2,../noves/forumt-14.forb0003.dzn | ../noves/tic-14crafa.forb0003.dzn,2,data_table06_forb/forumt-14.forb0003.dzn | data_table06_forb/tic-14crafa.forb0003.dzn,https://imae.udg.edu/Recerca/LAI/,https://ima.udg.edu/Recerca/lai/b2b/b2b.zip,ee1f440ab3f6db27ab712300ad3a54a31ffd5ec1e06f81a9ac37cb7202c56528,2026-08-10T10:42:19+00:00,7200.0,,ee80a6fbd8b513f7c010668495c39621a371266a,True,3.10.12,1.8.dev25,instance-20260810-085803,Linux-6.8.0-1064-gcp-x86_64-with-glibc2.35,x86_64,4,8,15988.059,1,0,/home/g24021555/Business-Meeting-Scheduling-Problem/.venv/bin/python3 /home/g24021555/Business-Meeting-Scheduling-Problem/src/Main.py --manifest instances_manifest.csv --family forbidden --solver sat_all --objective-mode bg_d2 --domain-mode both --domain-filter-graph both --precedence-encoding both --precedence-graph both --encoding-variant imp12+ --sat-backend cadical --maxsat-backend uwrmaxsat --uwrmaxsat-bin /home/g24021555/uwrmaxsat/build/release/bin/uwrmaxsat --timeout 7200 --csv output/full_matrix_bg_d2_forbidden.csv,,,,,,,,incremental,,cadical,,factorial,sparse_suffix+direct,0,59,"1,2,3,4,5,6,7,8,9,10,11,12,13,14,15,16,17,18,20,21,22,23,24,25,26,27,28,29,30,31,32,33,34,35,36,37,38,39,40,41,42,43,44,45,46,47,48,49,50,51,52,53,54,55,56,57,58,59,60",2362,8,0,0,"0,0,0,0,0,0,0,0,0,0,0,0,0,0,0,0,0,0,0,0,0,0,0,0,0,0,0,0,0,0,0,0,0,0,0,0,0,0,0,0,0,0,0,0,0,0,0,0,0,0,0,0,0,0,0,0,0,0,0,0","38,44,52,52,54,54,52,48,44,36","3,5,8,1,7,2,4,10,1,5,6,4,9,2,1,7,5,8,6,2,8,7,3,7,6,3,2,10,4,3,8,9,3,4,8,3,6,5,3,8,10,9,3,5,6,4,1,6,1,5,7,8,3,10,6,1,5,4,3,8,9,4,8,2,7,10,5,9,6,3,6,2,1,7,4,9,3,4,1,6,7,9,10,8,2,5,9,4,5,8,6,7,5,6,7,9,4,8,1,4,2,8,7,10,5,3,1,2,4,8,9,6,10,6,10,2,4,3,5,1,9,7,8,9,2,5,3,4,6,7,4,1,3,10,9,2,7,4,8,6,5,2,6,7,1,8,2,4,10,9,2,5,7,1,10,9,8,4,3,6,7,1,3,8,10,6,5,2,9,10,7,8,5,3,7,10,5,9,4,6,5,2,3,7,10,5,7,8,3,5,4,6,6,10,9,3,7,6,5,2,6,6,4,9,2,8,1,5,3,7,7,9,5,8,3,1,2,3,4,6,5,4,2,7,1,8,9,3,4,10,6,9,7,1,2,5,4",1:M4 M9 M15 M47 M49 M56 M73 M79 M99 M107 M120 M132 M145 M154 M162 M207 M216 M225 M234 | 2:M6 M14 M20 M27 M64 M72 M85 M101 M108 M116 M125 M136 M142 M147 M151 M168 M182 M200 M205 M217 M223 M235 | 3:M1 M23 M26 M30 M33 M36 M39 M43 M53 M59 M70 M77 M106 M118 M127 M133 M159 M163 M174 M183 M189 M196 M209 M215 M218 M228 | 4:M7 M12 M29 M34 M46 M58 M62 M75 M78 M88 M97 M100 M109 M117 M128 M131 M138 M148 M158 M179 M191 M203 M219 M222 M229 M237 | 5:M2 M10 M17 M38 M44 M50 M57 M67 M86 M89 M93 M105 M119 M126 M141 M152 M167 M173 M177 M181 M186 M190 M199 M208 M213 M221 M236 | 6:M11 M19 M25 M37 M45 M48 M55 M69 M71 M80 M91 M94 M112 M114 M129 M140 M143 M160 M166 M180 M192 M193 M198 M201 M202 M220 M231 | 7:M5 M16 M22 M24 M51 M65 M74 M81 M92 M95 M103 M122 M130 M137 M144 M153 M161 M171 M175 M184 M187 M197 M210 M211 M224 M233 | 8:M3 M18 M21 M31 M35 M40 M52 M60 M63 M84 M90 M98 M102 M110 M123 M139 M146 M157 M164 M172 M188 M206 M214 M226 | 9:M13 M32 M42 M61 M68 M76 M82 M87 M96 M111 M121 M124 M135 M150 M156 M169 M178 M195 M204 M212 M227 M232 | 10:M8 M28 M41 M54 M66 M83 M104 M113 M115 M134 M149 M155 M165 M170 M176 M185 M194 M230,"journal objective family: bg_d2 | F-selected distance-labelled E* domain propagation and cycle detection | precedence configuration: F=distance_closure, P=sparse_suffix, G=direct | Full Domain MxT schedule variables + explicit unary exclusions | (20),(22)-(27) exactly once over full domains | (22)-(27) session/fixed/forbidden exclusions as hard unit clauses | (19) participant atMost-one per slot | (46),(47) clustered table capacity with compact forward channeling | (28) SparseSuffix precedence over direct distance-labelled relations | exact break-group ends and unary break-group thresholds | exact schedule <-> usedSlot channeling | (43) exactly |Mp| full usedSlot variables | (44) atMost 2|L| busy participants per slot | (45) exact even number of busy participants | historical hard cap Delta_G <= 2",0,"(0,)",result
,,,,,,,,,forumt-14.forb0003,b2b-914fbce8ca06e323,b2b-lineage-forumt-14,forbidden,F-SS-DE-ST-BGD2-NIS-CD-IC12P,Full,Filter-E*,SparseSuffix,Direct-E,SpanThreshold,BreakGroupsD2,NonIncrementalSAT,IC12+,OPTIMAL,SAT,0,0,bg_d2,0,0,0,,,,,0.860585,False,66.863,,,,Compact,Compact/Full,project_implementation,restart-based multi-phase SAT,31446,,,,,,,83692,0,83692,2370,29076,202351,60,cfg5__m-full__p-sparse_suffix__g-direct__b-span_threshold__o-break_groups_d2__s-nonincrementalsat__i-imp12plus__backend-cadical,cfg5__m-full__p-sparse_suffix__g-direct__b-span_threshold__o-break_groups_d2__s-nonincrementalsat__i-imp12plus__backend-cadical,full,distance_closure,sparse_suffix,direct,NonIncrementalSAT,CaDiCaL,1.5.3,imp12+,span_threshold,total_break_groups_subject_to_range_at_most_2,BGD2,IC12P,202351,0,0,426,56417,22294,4555,,0,236,6,,,,,,6,4515,9224,22748,17220,0.6099861049997344,5,"formalism-specific model size: SAT/MaxSAT reports base CNF and soft clauses, MIP reports variables/linear constraints/nonzeros, and CP reports integer variables plus linear/global constraints; SAT bound/totalizer overhead remains separate in optimizer_added_*",2370,2362,2362,2370,0,0,0,0,0,0,0,1,0.084485,0.002631,0.176053,,0.178684,0.681902,"wall-clock from immediately before reading/parsing the .dzn instance through model construction, optimization, solution decoding, and independent validation; excludes worker-process startup and result-file export",0,0,0,0,0,"0,0,0,0,0,0,0,0,0,0,0,0,0,0,0,0,0,0,0,0,0,0,0,0,0,0,0,0,0,0,0,0,0,0,0,0,0,0,0,0,0,0,0,0,0,0,0,0,0,0,0,0,0,0,0,0,0,0,0,0",peak_process_tree_rss_mb,914fbce8ca06e3233a0f6dcdad07dd221935aa429136a0ec130768a8a4a067bd,forb0003,data_table06_forb/forumt-14.forb0003.dzn,2,../noves/forumt-14.forb0003.dzn | ../noves/tic-14crafa.forb0003.dzn,2,data_table06_forb/forumt-14.forb0003.dzn | data_table06_forb/tic-14crafa.forb0003.dzn,https://imae.udg.edu/Recerca/LAI/,https://ima.udg.edu/Recerca/lai/b2b/b2b.zip,ee1f440ab3f6db27ab712300ad3a54a31ffd5ec1e06f81a9ac37cb7202c56528,2026-08-10T10:42:19+00:00,7200.0,,ee80a6fbd8b513f7c010668495c39621a371266a,True,3.10.12,1.8.dev25,instance-20260810-085803,Linux-6.8.0-1064-gcp-x86_64-with-glibc2.35,x86_64,4,8,15988.059,1,0,/home/g24021555/Business-Meeting-Scheduling-Problem/.venv/bin/python3 /home/g24021555/Business-Meeting-Scheduling-Problem/src/Main.py --manifest instances_manifest.csv --family forbidden --solver sat_all --objective-mode bg_d2 --domain-mode both --domain-filter-graph both --precedence-encoding both --precedence-graph both --encoding-variant imp12+ --sat-backend cadical --maxsat-backend uwrmaxsat --uwrmaxsat-bin /home/g24021555/uwrmaxsat/build/release/bin/uwrmaxsat --timeout 7200 --csv output/full_matrix_bg_d2_forbidden.csv,,,,,,,,multiple,,cadical,,factorial,sparse_suffix+direct,0,59,"1,2,3,4,5,6,7,8,9,10,11,12,13,14,15,16,17,18,20,21,22,23,24,25,26,27,28,29,30,31,32,33,34,35,36,37,38,39,40,41,42,43,44,45,46,47,48,49,50,51,52,53,54,55,56,57,58,59,60",2362,8,0,0,"0,0,0,0,0,0,0,0,0,0,0,0,0,0,0,0,0,0,0,0,0,0,0,0,0,0,0,0,0,0,0,0,0,0,0,0,0,0,0,0,0,0,0,0,0,0,0,0,0,0,0,0,0,0,0,0,0,0,0,0","44,50,54,54,54,52,50,44,38,34","1,2,3,4,5,6,7,8,1,1,1,2,3,4,5,6,7,8,1,1,2,3,4,1,2,3,4,5,2,3,1,2,3,4,2,1,4,5,3,1,4,1,2,3,7,5,6,3,5,1,2,4,6,4,2,1,5,8,3,6,7,3,1,7,2,4,5,9,10,8,1,4,8,6,7,5,2,8,3,4,1,6,7,10,9,5,8,7,5,10,6,9,2,4,3,6,5,7,6,2,8,10,7,9,5,6,7,9,7,5,9,10,8,4,3,1,6,7,10,8,9,7,5,2,8,5,7,6,10,9,7,6,2,1,10,9,8,7,6,4,5,1,9,10,4,2,9,10,3,4,7,2,1,8,9,10,4,6,3,5,6,3,7,4,5,1,9,8,10,3,8,9,10,9,5,8,2,3,1,3,2,4,8,7,9,6,2,5,4,6,3,7,6,8,5,9,7,4,10,6,6,5,6,9,8,2,3,4,7,10,3,4,5,8,7,3,3,6,10,5,10,4,8,9,2,3,6,7,5,8,2,4,6,5,4,2,3",1:M1 M9 M10 M11 M19 M20 M24 M31 M36 M40 M42 M50 M56 M63 M71 M81 M116 M134 M142 M153 M166 M179 | 2:M2 M12 M21 M25 M29 M32 M35 M43 M51 M55 M65 M77 M93 M100 M124 M133 M146 M152 M177 M181 M187 M206 M225 M231 M236 | 3:M3 M13 M22 M26 M30 M33 M39 M44 M48 M59 M62 M79 M95 M115 M149 M159 M162 M170 M178 M180 M191 M207 M211 M216 M217 M226 M237 | 4:M4 M14 M23 M27 M34 M37 M41 M52 M54 M66 M72 M80 M94 M114 M140 M145 M150 M157 M164 M182 M189 M198 M208 M212 M222 M232 M235 | 5:M5 M15 M28 M38 M46 M49 M57 M67 M76 M86 M89 M97 M105 M110 M123 M126 M141 M160 M165 M175 M188 M195 M202 M213 M220 M229 M234 | 6:M6 M16 M47 M53 M60 M74 M82 M91 M96 M99 M106 M117 M128 M132 M139 M158 M161 M186 M190 M193 M200 M201 M203 M218 M227 M233 | 7:M7 M17 M45 M61 M64 M75 M83 M88 M98 M103 M107 M109 M118 M122 M127 M131 M138 M151 M163 M184 M192 M197 M209 M215 M228 | 8:M8 M18 M58 M70 M73 M78 M87 M101 M113 M120 M125 M137 M154 M168 M171 M176 M183 M194 M205 M214 M223 M230 | 9:M68 M85 M92 M104 M108 M111 M121 M130 M136 M143 M147 M155 M167 M172 M174 M185 M196 M204 M224 | 10:M69 M84 M90 M102 M112 M119 M129 M135 M144 M148 M156 M169 M173 M199 M210 M219 M221,"journal objective family: bg_d2 | F-selected distance-labelled E* domain propagation and cycle detection | precedence configuration: F=distance_closure, P=sparse_suffix, G=direct | Full Domain MxT schedule variables + explicit unary exclusions | (20),(22)-(27) exactly once over full domains | (22)-(27) session/fixed/forbidden exclusions as hard unit clauses | (19) participant atMost-one per slot | (46),(47) clustered table capacity with compact forward channeling | (28) SparseSuffix precedence over direct distance-labelled relations | exact break-group ends and unary break-group thresholds | exact schedule <-> usedSlot channeling | (43) exactly |Mp| full usedSlot variables | (44) atMost 2|L| busy participants per slot | (45) exact even number of busy participants | historical hard cap Delta_G <= 2",0,"(0,)",result
,,,,,,,,,forumt-14.forb0003,b2b-914fbce8ca06e323,b2b-lineage-forumt-14,forbidden,F-SS-DE-ST-BGD2-UW-IC12P,Full,Filter-E*,SparseSuffix,Direct-E,SpanThreshold,BreakGroupsD2,UWrMaxSAT,IC12+,OPTIMAL,SAT,0,0,bg_d2,0,0,0,,,0,1,0.562779,False,73.512,,,,Compact,Compact/Full,project_implementation,one-shot weighted MaxSAT,31446,,,,,,,83692,236,83928,2370,29076,202587,60,cfg5__m-full__p-sparse_suffix__g-direct__b-span_threshold__o-break_groups_d2__s-uwrmaxsat__i-imp12plus__backend-uwrmaxsat,cfg5__m-full__p-sparse_suffix__g-direct__b-span_threshold__o-break_groups_d2__s-uwrmaxsat__i-imp12plus__backend-uwrmaxsat,full,distance_closure,sparse_suffix,direct,UWrMaxSAT,UWrMaxSAT,binary-sha256:8c68c8a386d3d7847b50d315143c2bab60e3514e59510e84a649db83cb303876,imp12+,span_threshold,total_break_groups_subject_to_range_at_most_2,BGD2,IC12P,202351,236,1,426,56417,22294,4555,1,236,236,1,,,,,,0,0,0,0,0,,,"formalism-specific model size: SAT/MaxSAT reports base CNF and soft clauses, MIP reports variables/linear constraints/nonzeros, and CP reports integer variables plus linear/global constraints; SAT bound/totalizer overhead remains separate in optimizer_added_*",2370,2362,2362,2370,0,0,0,0,0,0,0,1,0.086062,0.002621,0.181035,,0.183656,0.379122,"wall-clock from immediately before reading/parsing the .dzn instance through model construction, optimization, solution decoding, and independent validation; excludes worker-process startup and result-file export",0,0,0,0,0,"0,0,0,0,0,0,0,0,0,0,0,0,0,0,0,0,0,0,0,0,0,0,0,0,0,0,0,0,0,0,0,0,0,0,0,0,0,0,0,0,0,0,0,0,0,0,0,0,0,0,0,0,0,0,0,0,0,0,0,0",peak_process_tree_rss_mb,914fbce8ca06e3233a0f6dcdad07dd221935aa429136a0ec130768a8a4a067bd,forb0003,data_table06_forb/forumt-14.forb0003.dzn,2,../noves/forumt-14.forb0003.dzn | ../noves/tic-14crafa.forb0003.dzn,2,data_table06_forb/forumt-14.forb0003.dzn | data_table06_forb/tic-14crafa.forb0003.dzn,https://imae.udg.edu/Recerca/LAI/,https://ima.udg.edu/Recerca/lai/b2b/b2b.zip,ee1f440ab3f6db27ab712300ad3a54a31ffd5ec1e06f81a9ac37cb7202c56528,2026-08-10T10:42:19+00:00,7200.0,,ee80a6fbd8b513f7c010668495c39621a371266a,True,3.10.12,1.8.dev25,instance-20260810-085803,Linux-6.8.0-1064-gcp-x86_64-with-glibc2.35,x86_64,4,8,15988.059,1,0,/home/g24021555/Business-Meeting-Scheduling-Problem/.venv/bin/python3 /home/g24021555/Business-Meeting-Scheduling-Problem/src/Main.py --manifest instances_manifest.csv --family forbidden --solver sat_all --objective-mode bg_d2 --domain-mode both --domain-filter-graph both --precedence-encoding both --precedence-graph both --encoding-variant imp12+ --sat-backend cadical --maxsat-backend uwrmaxsat --uwrmaxsat-bin /home/g24021555/uwrmaxsat/build/release/bin/uwrmaxsat --timeout 7200 --csv output/full_matrix_bg_d2_forbidden.csv,/home/g24021555/uwrmaxsat/build/release/bin/uwrmaxsat,8c68c8a386d3d7847b50d315143c2bab60e3514e59510e84a649db83cb303876,/home/g24021555/uwrmaxsat/build/release/bin/uwrmaxsat -m /tmp/b2b_uwrmaxsat_1w0jrxmj/forumt-14.forb0003.wcnf,,process exit code=30,,,maxsat,uwrmaxsat,,/home/g24021555/uwrmaxsat/build/release/bin/uwrmaxsat,factorial,sparse_suffix+direct,0,59,"1,2,3,4,5,6,7,8,9,10,11,12,13,14,15,16,17,18,20,21,22,23,24,25,26,27,28,29,30,31,32,33,34,35,36,37,38,39,40,41,42,43,44,45,46,47,48,49,50,51,52,53,54,55,56,57,58,59,60",2362,8,0,0,"0,0,0,0,0,0,0,0,0,0,0,0,0,0,0,0,0,0,0,0,0,0,0,0,0,0,0,0,0,0,0,0,0,0,0,0,0,0,0,0,0,0,0,0,0,0,0,0,0,0,0,0,0,0,0,0,0,0,0,0","46,50,54,54,54,50,50,44,38,34","1,2,3,4,5,6,7,8,1,1,1,2,3,4,5,6,7,8,1,1,2,3,4,1,2,3,4,5,2,3,1,2,3,4,2,1,4,5,3,1,4,1,2,3,10,5,7,3,5,1,2,4,6,4,2,1,5,7,3,8,6,3,1,6,2,4,5,9,10,8,1,4,5,6,7,8,2,5,4,6,3,10,7,1,9,8,10,8,5,9,7,6,6,4,7,10,8,9,6,2,10,8,7,4,9,6,7,8,3,5,10,7,9,5,4,1,6,8,10,9,7,6,5,8,3,5,1,6,7,2,9,3,2,3,10,9,6,8,7,5,1,5,9,8,2,3,7,9,3,4,7,2,1,8,9,10,6,3,5,4,1,5,3,4,7,9,10,6,8,2,9,10,6,10,3,9,4,7,8,4,2,4,5,8,10,6,2,3,7,6,4,5,7,7,5,9,2,4,10,6,7,5,7,6,9,2,1,4,8,10,8,5,9,6,7,3,6,3,1,8,9,3,2,7,5,6,4,10,3,5,2,4,8,5,2,3,4",1:M1 M9 M10 M11 M19 M20 M24 M31 M36 M40 M42 M50 M56 M63 M71 M84 M116 M127 M141 M153 M161 M207 M219 | 2:M2 M12 M21 M25 M29 M32 M35 M43 M51 M55 M65 M77 M100 M130 M133 M145 M152 M170 M181 M187 M197 M206 M223 M231 M235 | 3:M3 M13 M22 M26 M30 M33 M39 M44 M48 M59 M62 M81 M109 M125 M132 M134 M146 M149 M158 M163 M175 M188 M216 M218 M222 M229 M236 | 4:M4 M14 M23 M27 M34 M37 M41 M52 M54 M66 M72 M79 M94 M104 M115 M150 M160 M164 M177 M180 M182 M191 M198 M208 M227 M232 M237 | 5:M5 M15 M28 M38 M46 M49 M57 M67 M73 M78 M89 M110 M114 M123 M126 M140 M142 M159 M162 M183 M192 M195 M202 M212 M225 M230 M234 | 6:M6 M16 M53 M61 M64 M74 M80 M92 M93 M99 M106 M117 M122 M128 M137 M157 M168 M173 M186 M190 M200 M204 M214 M217 M226 | 7:M7 M17 M47 M58 M75 M83 M91 M95 M103 M107 M112 M121 M129 M139 M147 M151 M165 M178 M189 M193 M194 M201 M203 M215 M224 | 8:M8 M18 M60 M70 M76 M86 M88 M97 M102 M108 M118 M124 M138 M144 M154 M169 M179 M184 M209 M211 M220 M233 | 9:M68 M85 M90 M98 M105 M113 M120 M131 M136 M143 M148 M155 M166 M171 M176 M196 M205 M213 M221 | 10:M45 M69 M82 M87 M96 M101 M111 M119 M135 M156 M167 M172 M174 M185 M199 M210 M228,"journal objective family: bg_d2 | F-selected distance-labelled E* domain propagation and cycle detection | precedence configuration: F=distance_closure, P=sparse_suffix, G=direct | Full Domain MxT schedule variables + explicit unary exclusions | (20),(22)-(27) exactly once over full domains | (22)-(27) session/fixed/forbidden exclusions as hard unit clauses | (19) participant atMost-one per slot | (46),(47) clustered table capacity with compact forward channeling | (28) SparseSuffix precedence over direct distance-labelled relations | exact break-group ends and unary break-group thresholds | exact schedule <-> usedSlot channeling | (43) exactly |Mp| full usedSlot variables | (44) atMost 2|L| busy participants per slot | (45) exact even number of busy participants | historical hard cap Delta_G <= 2",,,result
,,,,,,,,,forumt-14.forb0003,b2b-914fbce8ca06e323,b2b-lineage-forumt-14,forbidden,F-SS-DC-ST-BGD2-IS-CD-IC12P,Full,Filter-E*,SparseSuffix,DistanceClosure-E*,SpanThreshold,BreakGroupsD2,IncrementalSAT,IC12+,OPTIMAL,SAT,0,0,bg_d2,0,0,0,,,,,0.80174,False,69.617,,,,Compact,Compact/Full,project_implementation,incremental multi-phase SAT with persistent solver state,31446,,,,,,,83692,0,83692,2370,29076,202351,60,cfg5__m-full__p-sparse_suffix__g-distance_closure__b-span_threshold__o-break_groups_d2__s-incrementalsat__i-imp12plus__backend-cadical,cfg5__m-full__p-sparse_suffix__g-distance_closure__b-span_threshold__o-break_groups_d2__s-incrementalsat__i-imp12plus__backend-cadical,full,distance_closure,sparse_suffix,distance_closure,IncrementalSAT,CaDiCaL,1.5.3,imp12+,span_threshold,total_break_groups_subject_to_range_at_most_2,BGD2,IC12P,202351,0,0,426,56417,22294,4555,,0,236,6,,,,,,1,1474,11059,31512,11059,0.551908349999394,5,"formalism-specific model size: SAT/MaxSAT reports base CNF and soft clauses, MIP reports variables/linear constraints/nonzeros, and CP reports integer variables plus linear/global constraints; SAT bound/totalizer overhead remains separate in optimizer_added_*",2370,2362,2362,2370,0,0,0,0,0,0,0,1,0.082369,0.00263,0.175311,,0.177941,0.623799,"wall-clock from immediately before reading/parsing the .dzn instance through model construction, optimization, solution decoding, and independent validation; excludes worker-process startup and result-file export",0,0,0,0,0,"0,0,0,0,0,0,0,0,0,0,0,0,0,0,0,0,0,0,0,0,0,0,0,0,0,0,0,0,0,0,0,0,0,0,0,0,0,0,0,0,0,0,0,0,0,0,0,0,0,0,0,0,0,0,0,0,0,0,0,0",peak_process_tree_rss_mb,914fbce8ca06e3233a0f6dcdad07dd221935aa429136a0ec130768a8a4a067bd,forb0003,data_table06_forb/forumt-14.forb0003.dzn,2,../noves/forumt-14.forb0003.dzn | ../noves/tic-14crafa.forb0003.dzn,2,data_table06_forb/forumt-14.forb0003.dzn | data_table06_forb/tic-14crafa.forb0003.dzn,https://imae.udg.edu/Recerca/LAI/,https://ima.udg.edu/Recerca/lai/b2b/b2b.zip,ee1f440ab3f6db27ab712300ad3a54a31ffd5ec1e06f81a9ac37cb7202c56528,2026-08-10T10:42:19+00:00,7200.0,,ee80a6fbd8b513f7c010668495c39621a371266a,True,3.10.12,1.8.dev25,instance-20260810-085803,Linux-6.8.0-1064-gcp-x86_64-with-glibc2.35,x86_64,4,8,15988.059,1,0,/home/g24021555/Business-Meeting-Scheduling-Problem/.venv/bin/python3 /home/g24021555/Business-Meeting-Scheduling-Problem/src/Main.py --manifest instances_manifest.csv --family forbidden --solver sat_all --objective-mode bg_d2 --domain-mode both --domain-filter-graph both --precedence-encoding both --precedence-graph both --encoding-variant imp12+ --sat-backend cadical --maxsat-backend uwrmaxsat --uwrmaxsat-bin /home/g24021555/uwrmaxsat/build/release/bin/uwrmaxsat --timeout 7200 --csv output/full_matrix_bg_d2_forbidden.csv,,,,,,,,incremental,,cadical,,staircase,sparse_suffix+distance_closure,0,59,"1,2,3,4,5,6,7,8,9,10,11,12,13,14,15,16,17,18,20,21,22,23,24,25,26,27,28,29,30,31,32,33,34,35,36,37,38,39,40,41,42,43,44,45,46,47,48,49,50,51,52,53,54,55,56,57,58,59,60",2362,8,0,0,"0,0,0,0,0,0,0,0,0,0,0,0,0,0,0,0,0,0,0,0,0,0,0,0,0,0,0,0,0,0,0,0,0,0,0,0,0,0,0,0,0,0,0,0,0,0,0,0,0,0,0,0,0,0,0,0,0,0,0,0","38,44,52,52,54,54,52,48,44,36","3,5,8,1,7,2,4,10,1,5,6,4,9,2,1,7,5,8,6,2,8,7,3,7,6,3,2,10,4,3,8,9,3,4,8,3,6,5,3,8,10,9,3,5,6,4,1,6,1,5,7,8,3,10,6,1,5,4,3,8,9,4,8,2,7,10,5,9,6,3,6,2,1,7,4,9,3,4,1,6,7,9,10,8,2,5,9,4,5,8,6,7,5,6,7,9,4,8,1,4,2,8,7,10,5,3,1,2,4,8,9,6,10,6,10,2,4,3,5,1,9,7,8,9,2,5,3,4,6,7,4,1,3,10,9,2,7,4,8,6,5,2,6,7,1,8,2,4,10,9,2,5,7,1,10,9,8,4,3,6,7,1,3,8,10,6,5,2,9,10,7,8,5,3,7,10,5,9,4,6,5,2,3,7,10,5,7,8,3,5,4,6,6,10,9,3,7,6,5,2,6,6,4,9,2,8,1,5,3,7,7,9,5,8,3,1,2,3,4,6,5,4,2,7,1,8,9,3,4,10,6,9,7,1,2,5,4",1:M4 M9 M15 M47 M49 M56 M73 M79 M99 M107 M120 M132 M145 M154 M162 M207 M216 M225 M234 | 2:M6 M14 M20 M27 M64 M72 M85 M101 M108 M116 M125 M136 M142 M147 M151 M168 M182 M200 M205 M217 M223 M235 | 3:M1 M23 M26 M30 M33 M36 M39 M43 M53 M59 M70 M77 M106 M118 M127 M133 M159 M163 M174 M183 M189 M196 M209 M215 M218 M228 | 4:M7 M12 M29 M34 M46 M58 M62 M75 M78 M88 M97 M100 M109 M117 M128 M131 M138 M148 M158 M179 M191 M203 M219 M222 M229 M237 | 5:M2 M10 M17 M38 M44 M50 M57 M67 M86 M89 M93 M105 M119 M126 M141 M152 M167 M173 M177 M181 M186 M190 M199 M208 M213 M221 M236 | 6:M11 M19 M25 M37 M45 M48 M55 M69 M71 M80 M91 M94 M112 M114 M129 M140 M143 M160 M166 M180 M192 M193 M198 M201 M202 M220 M231 | 7:M5 M16 M22 M24 M51 M65 M74 M81 M92 M95 M103 M122 M130 M137 M144 M153 M161 M171 M175 M184 M187 M197 M210 M211 M224 M233 | 8:M3 M18 M21 M31 M35 M40 M52 M60 M63 M84 M90 M98 M102 M110 M123 M139 M146 M157 M164 M172 M188 M206 M214 M226 | 9:M13 M32 M42 M61 M68 M76 M82 M87 M96 M111 M121 M124 M135 M150 M156 M169 M178 M195 M204 M212 M227 M232 | 10:M8 M28 M41 M54 M66 M83 M104 M113 M115 M134 M149 M155 M165 M170 M176 M185 M194 M230,"journal objective family: bg_d2 | F-selected distance-labelled E* domain propagation and cycle detection | precedence configuration: F=distance_closure, P=sparse_suffix, G=distance_closure | Full Domain MxT schedule variables + explicit unary exclusions | (20),(22)-(27) exactly once over full domains | (22)-(27) session/fixed/forbidden exclusions as hard unit clauses | (19) participant atMost-one per slot | (46),(47) clustered table capacity with compact forward channeling | (28) SparseSuffix precedence over distance_closure distance-labelled relations | exact break-group ends and unary break-group thresholds | exact schedule <-> usedSlot channeling | (43) exactly |Mp| full usedSlot variables | (44) atMost 2|L| busy participants per slot | (45) exact even number of busy participants | historical hard cap Delta_G <= 2",0,"(0,)",result
,,,,,,,,,forumt-14.forb0003,b2b-914fbce8ca06e323,b2b-lineage-forumt-14,forbidden,F-SS-DC-ST-BGD2-NIS-CD-IC12P,Full,Filter-E*,SparseSuffix,DistanceClosure-E*,SpanThreshold,BreakGroupsD2,NonIncrementalSAT,IC12+,OPTIMAL,SAT,0,0,bg_d2,0,0,0,,,,,0.850006,False,67.188,,,,Compact,Compact/Full,project_implementation,restart-based multi-phase SAT,31446,,,,,,,83692,0,83692,2370,29076,202351,60,cfg5__m-full__p-sparse_suffix__g-distance_closure__b-span_threshold__o-break_groups_d2__s-nonincrementalsat__i-imp12plus__backend-cadical,cfg5__m-full__p-sparse_suffix__g-distance_closure__b-span_threshold__o-break_groups_d2__s-nonincrementalsat__i-imp12plus__backend-cadical,full,distance_closure,sparse_suffix,distance_closure,NonIncrementalSAT,CaDiCaL,1.5.3,imp12+,span_threshold,total_break_groups_subject_to_range_at_most_2,BGD2,IC12P,202351,0,0,426,56417,22294,4555,,0,236,6,,,,,,6,4515,9224,22748,17220,0.6002557490000981,5,"formalism-specific model size: SAT/MaxSAT reports base CNF and soft clauses, MIP reports variables/linear constraints/nonzeros, and CP reports integer variables plus linear/global constraints; SAT bound/totalizer overhead remains separate in optimizer_added_*",2370,2362,2362,2370,0,0,0,0,0,0,0,1,0.082694,0.002658,0.174883,,0.177541,0.672465,"wall-clock from immediately before reading/parsing the .dzn instance through model construction, optimization, solution decoding, and independent validation; excludes worker-process startup and result-file export",0,0,0,0,0,"0,0,0,0,0,0,0,0,0,0,0,0,0,0,0,0,0,0,0,0,0,0,0,0,0,0,0,0,0,0,0,0,0,0,0,0,0,0,0,0,0,0,0,0,0,0,0,0,0,0,0,0,0,0,0,0,0,0,0,0",peak_process_tree_rss_mb,914fbce8ca06e3233a0f6dcdad07dd221935aa429136a0ec130768a8a4a067bd,forb0003,data_table06_forb/forumt-14.forb0003.dzn,2,../noves/forumt-14.forb0003.dzn | ../noves/tic-14crafa.forb0003.dzn,2,data_table06_forb/forumt-14.forb0003.dzn | data_table06_forb/tic-14crafa.forb0003.dzn,https://imae.udg.edu/Recerca/LAI/,https://ima.udg.edu/Recerca/lai/b2b/b2b.zip,ee1f440ab3f6db27ab712300ad3a54a31ffd5ec1e06f81a9ac37cb7202c56528,2026-08-10T10:42:19+00:00,7200.0,,ee80a6fbd8b513f7c010668495c39621a371266a,True,3.10.12,1.8.dev25,instance-20260810-085803,Linux-6.8.0-1064-gcp-x86_64-with-glibc2.35,x86_64,4,8,15988.059,1,0,/home/g24021555/Business-Meeting-Scheduling-Problem/.venv/bin/python3 /home/g24021555/Business-Meeting-Scheduling-Problem/src/Main.py --manifest instances_manifest.csv --family forbidden --solver sat_all --objective-mode bg_d2 --domain-mode both --domain-filter-graph both --precedence-encoding both --precedence-graph both --encoding-variant imp12+ --sat-backend cadical --maxsat-backend uwrmaxsat --uwrmaxsat-bin /home/g24021555/uwrmaxsat/build/release/bin/uwrmaxsat --timeout 7200 --csv output/full_matrix_bg_d2_forbidden.csv,,,,,,,,multiple,,cadical,,staircase,sparse_suffix+distance_closure,0,59,"1,2,3,4,5,6,7,8,9,10,11,12,13,14,15,16,17,18,20,21,22,23,24,25,26,27,28,29,30,31,32,33,34,35,36,37,38,39,40,41,42,43,44,45,46,47,48,49,50,51,52,53,54,55,56,57,58,59,60",2362,8,0,0,"0,0,0,0,0,0,0,0,0,0,0,0,0,0,0,0,0,0,0,0,0,0,0,0,0,0,0,0,0,0,0,0,0,0,0,0,0,0,0,0,0,0,0,0,0,0,0,0,0,0,0,0,0,0,0,0,0,0,0,0","44,50,54,54,54,52,50,44,38,34","1,2,3,4,5,6,7,8,1,1,1,2,3,4,5,6,7,8,1,1,2,3,4,1,2,3,4,5,2,3,1,2,3,4,2,1,4,5,3,1,4,1,2,3,7,5,6,3,5,1,2,4,6,4,2,1,5,8,3,6,7,3,1,7,2,4,5,9,10,8,1,4,8,6,7,5,2,8,3,4,1,6,7,10,9,5,8,7,5,10,6,9,2,4,3,6,5,7,6,2,8,10,7,9,5,6,7,9,7,5,9,10,8,4,3,1,6,7,10,8,9,7,5,2,8,5,7,6,10,9,7,6,2,1,10,9,8,7,6,4,5,1,9,10,4,2,9,10,3,4,7,2,1,8,9,10,4,6,3,5,6,3,7,4,5,1,9,8,10,3,8,9,10,9,5,8,2,3,1,3,2,4,8,7,9,6,2,5,4,6,3,7,6,8,5,9,7,4,10,6,6,5,6,9,8,2,3,4,7,10,3,4,5,8,7,3,3,6,10,5,10,4,8,9,2,3,6,7,5,8,2,4,6,5,4,2,3",1:M1 M9 M10 M11 M19 M20 M24 M31 M36 M40 M42 M50 M56 M63 M71 M81 M116 M134 M142 M153 M166 M179 | 2:M2 M12 M21 M25 M29 M32 M35 M43 M51 M55 M65 M77 M93 M100 M124 M133 M146 M152 M177 M181 M187 M206 M225 M231 M236 | 3:M3 M13 M22 M26 M30 M33 M39 M44 M48 M59 M62 M79 M95 M115 M149 M159 M162 M170 M178 M180 M191 M207 M211 M216 M217 M226 M237 | 4:M4 M14 M23 M27 M34 M37 M41 M52 M54 M66 M72 M80 M94 M114 M140 M145 M150 M157 M164 M182 M189 M198 M208 M212 M222 M232 M235 | 5:M5 M15 M28 M38 M46 M49 M57 M67 M76 M86 M89 M97 M105 M110 M123 M126 M141 M160 M165 M175 M188 M195 M202 M213 M220 M229 M234 | 6:M6 M16 M47 M53 M60 M74 M82 M91 M96 M99 M106 M117 M128 M132 M139 M158 M161 M186 M190 M193 M200 M201 M203 M218 M227 M233 | 7:M7 M17 M45 M61 M64 M75 M83 M88 M98 M103 M107 M109 M118 M122 M127 M131 M138 M151 M163 M184 M192 M197 M209 M215 M228 | 8:M8 M18 M58 M70 M73 M78 M87 M101 M113 M120 M125 M137 M154 M168 M171 M176 M183 M194 M205 M214 M223 M230 | 9:M68 M85 M92 M104 M108 M111 M121 M130 M136 M143 M147 M155 M167 M172 M174 M185 M196 M204 M224 | 10:M69 M84 M90 M102 M112 M119 M129 M135 M144 M148 M156 M169 M173 M199 M210 M219 M221,"journal objective family: bg_d2 | F-selected distance-labelled E* domain propagation and cycle detection | precedence configuration: F=distance_closure, P=sparse_suffix, G=distance_closure | Full Domain MxT schedule variables + explicit unary exclusions | (20),(22)-(27) exactly once over full domains | (22)-(27) session/fixed/forbidden exclusions as hard unit clauses | (19) participant atMost-one per slot | (46),(47) clustered table capacity with compact forward channeling | (28) SparseSuffix precedence over distance_closure distance-labelled relations | exact break-group ends and unary break-group thresholds | exact schedule <-> usedSlot channeling | (43) exactly |Mp| full usedSlot variables | (44) atMost 2|L| busy participants per slot | (45) exact even number of busy participants | historical hard cap Delta_G <= 2",0,"(0,)",result
,,,,,,,,,forumt-14.forb0003,b2b-914fbce8ca06e323,b2b-lineage-forumt-14,forbidden,F-SS-DC-ST-BGD2-UW-IC12P,Full,Filter-E*,SparseSuffix,DistanceClosure-E*,SpanThreshold,BreakGroupsD2,UWrMaxSAT,IC12+,OPTIMAL,SAT,0,0,bg_d2,0,0,0,,,0,1,0.562954,False,73.383,,,,Compact,Compact/Full,project_implementation,one-shot weighted MaxSAT,31446,,,,,,,83692,236,83928,2370,29076,202587,60,cfg5__m-full__p-sparse_suffix__g-distance_closure__b-span_threshold__o-break_groups_d2__s-uwrmaxsat__i-imp12plus__backend-uwrmaxsat,cfg5__m-full__p-sparse_suffix__g-distance_closure__b-span_threshold__o-break_groups_d2__s-uwrmaxsat__i-imp12plus__backend-uwrmaxsat,full,distance_closure,sparse_suffix,distance_closure,UWrMaxSAT,UWrMaxSAT,binary-sha256:8c68c8a386d3d7847b50d315143c2bab60e3514e59510e84a649db83cb303876,imp12+,span_threshold,total_break_groups_subject_to_range_at_most_2,BGD2,IC12P,202351,236,1,426,56417,22294,4555,1,236,236,1,,,,,,0,0,0,0,0,,,"formalism-specific model size: SAT/MaxSAT reports base CNF and soft clauses, MIP reports variables/linear constraints/nonzeros, and CP reports integer variables plus linear/global constraints; SAT bound/totalizer overhead remains separate in optimizer_added_*",2370,2362,2362,2370,0,0,0,0,0,0,0,1,0.083354,0.002623,0.179991,,0.182614,0.38034,"wall-clock from immediately before reading/parsing the .dzn instance through model construction, optimization, solution decoding, and independent validation; excludes worker-process startup and result-file export",0,0,0,0,0,"0,0,0,0,0,0,0,0,0,0,0,0,0,0,0,0,0,0,0,0,0,0,0,0,0,0,0,0,0,0,0,0,0,0,0,0,0,0,0,0,0,0,0,0,0,0,0,0,0,0,0,0,0,0,0,0,0,0,0,0",peak_process_tree_rss_mb,914fbce8ca06e3233a0f6dcdad07dd221935aa429136a0ec130768a8a4a067bd,forb0003,data_table06_forb/forumt-14.forb0003.dzn,2,../noves/forumt-14.forb0003.dzn | ../noves/tic-14crafa.forb0003.dzn,2,data_table06_forb/forumt-14.forb0003.dzn | data_table06_forb/tic-14crafa.forb0003.dzn,https://imae.udg.edu/Recerca/LAI/,https://ima.udg.edu/Recerca/lai/b2b/b2b.zip,ee1f440ab3f6db27ab712300ad3a54a31ffd5ec1e06f81a9ac37cb7202c56528,2026-08-10T10:42:19+00:00,7200.0,,ee80a6fbd8b513f7c010668495c39621a371266a,True,3.10.12,1.8.dev25,instance-20260810-085803,Linux-6.8.0-1064-gcp-x86_64-with-glibc2.35,x86_64,4,8,15988.059,1,0,/home/g24021555/Business-Meeting-Scheduling-Problem/.venv/bin/python3 /home/g24021555/Business-Meeting-Scheduling-Problem/src/Main.py --manifest instances_manifest.csv --family forbidden --solver sat_all --objective-mode bg_d2 --domain-mode both --domain-filter-graph both --precedence-encoding both --precedence-graph both --encoding-variant imp12+ --sat-backend cadical --maxsat-backend uwrmaxsat --uwrmaxsat-bin /home/g24021555/uwrmaxsat/build/release/bin/uwrmaxsat --timeout 7200 --csv output/full_matrix_bg_d2_forbidden.csv,/home/g24021555/uwrmaxsat/build/release/bin/uwrmaxsat,8c68c8a386d3d7847b50d315143c2bab60e3514e59510e84a649db83cb303876,/home/g24021555/uwrmaxsat/build/release/bin/uwrmaxsat -m /tmp/b2b_uwrmaxsat_wrl70gow/forumt-14.forb0003.wcnf,,process exit code=30,,,maxsat,uwrmaxsat,,/home/g24021555/uwrmaxsat/build/release/bin/uwrmaxsat,staircase,sparse_suffix+distance_closure,0,59,"1,2,3,4,5,6,7,8,9,10,11,12,13,14,15,16,17,18,20,21,22,23,24,25,26,27,28,29,30,31,32,33,34,35,36,37,38,39,40,41,42,43,44,45,46,47,48,49,50,51,52,53,54,55,56,57,58,59,60",2362,8,0,0,"0,0,0,0,0,0,0,0,0,0,0,0,0,0,0,0,0,0,0,0,0,0,0,0,0,0,0,0,0,0,0,0,0,0,0,0,0,0,0,0,0,0,0,0,0,0,0,0,0,0,0,0,0,0,0,0,0,0,0,0","46,50,54,54,54,50,50,44,38,34","1,2,3,4,5,6,7,8,1,1,1,2,3,4,5,6,7,8,1,1,2,3,4,1,2,3,4,5,2,3,1,2,3,4,2,1,4,5,3,1,4,1,2,3,10,5,7,3,5,1,2,4,6,4,2,1,5,7,3,8,6,3,1,6,2,4,5,9,10,8,1,4,5,6,7,8,2,5,4,6,3,10,7,1,9,8,10,8,5,9,7,6,6,4,7,10,8,9,6,2,10,8,7,4,9,6,7,8,3,5,10,7,9,5,4,1,6,8,10,9,7,6,5,8,3,5,1,6,7,2,9,3,2,3,10,9,6,8,7,5,1,5,9,8,2,3,7,9,3,4,7,2,1,8,9,10,6,3,5,4,1,5,3,4,7,9,10,6,8,2,9,10,6,10,3,9,4,7,8,4,2,4,5,8,10,6,2,3,7,6,4,5,7,7,5,9,2,4,10,6,7,5,7,6,9,2,1,4,8,10,8,5,9,6,7,3,6,3,1,8,9,3,2,7,5,6,4,10,3,5,2,4,8,5,2,3,4",1:M1 M9 M10 M11 M19 M20 M24 M31 M36 M40 M42 M50 M56 M63 M71 M84 M116 M127 M141 M153 M161 M207 M219 | 2:M2 M12 M21 M25 M29 M32 M35 M43 M51 M55 M65 M77 M100 M130 M133 M145 M152 M170 M181 M187 M197 M206 M223 M231 M235 | 3:M3 M13 M22 M26 M30 M33 M39 M44 M48 M59 M62 M81 M109 M125 M132 M134 M146 M149 M158 M163 M175 M188 M216 M218 M222 M229 M236 | 4:M4 M14 M23 M27 M34 M37 M41 M52 M54 M66 M72 M79 M94 M104 M115 M150 M160 M164 M177 M180 M182 M191 M198 M208 M227 M232 M237 | 5:M5 M15 M28 M38 M46 M49 M57 M67 M73 M78 M89 M110 M114 M123 M126 M140 M142 M159 M162 M183 M192 M195 M202 M212 M225 M230 M234 | 6:M6 M16 M53 M61 M64 M74 M80 M92 M93 M99 M106 M117 M122 M128 M137 M157 M168 M173 M186 M190 M200 M204 M214 M217 M226 | 7:M7 M17 M47 M58 M75 M83 M91 M95 M103 M107 M112 M121 M129 M139 M147 M151 M165 M178 M189 M193 M194 M201 M203 M215 M224 | 8:M8 M18 M60 M70 M76 M86 M88 M97 M102 M108 M118 M124 M138 M144 M154 M169 M179 M184 M209 M211 M220 M233 | 9:M68 M85 M90 M98 M105 M113 M120 M131 M136 M143 M148 M155 M166 M171 M176 M196 M205 M213 M221 | 10:M45 M69 M82 M87 M96 M101 M111 M119 M135 M156 M167 M172 M174 M185 M199 M210 M228,"journal objective family: bg_d2 | F-selected distance-labelled E* domain propagation and cycle detection | precedence configuration: F=distance_closure, P=sparse_suffix, G=distance_closure | Full Domain MxT schedule variables + explicit unary exclusions | (20),(22)-(27) exactly once over full domains | (22)-(27) session/fixed/forbidden exclusions as hard unit clauses | (19) participant atMost-one per slot | (46),(47) clustered table capacity with compact forward channeling | (28) SparseSuffix precedence over distance_closure distance-labelled relations | exact break-group ends and unary break-group thresholds | exact schedule <-> usedSlot channeling | (43) exactly |Mp| full usedSlot variables | (44) atMost 2|L| busy participants per slot | (45) exact even number of busy participants | historical hard cap Delta_G <= 2",,,result
,,,,,,,,,forumt-14.forb0003,b2b-914fbce8ca06e323,b2b-lineage-forumt-14,forbidden,R-PW-DE-ST-BGD2-IS-CD-IC12P,Reduced,Filter-E*,Pairwise,Direct-E,SpanThreshold,BreakGroupsD2,IncrementalSAT,IC12+,OPTIMAL,SAT,0,0,bg_d2,0,0,0,,,,,0.539977,False,66.906,,,,Compact,Compact/Reduced,project_implementation,incremental multi-phase SAT with persistent solver state,31281,,,,,,,83311,0,83311,2362,28919,201499,60,cfg5__m-reduced__p-pairwise__g-direct__b-span_threshold__o-break_groups_d2__s-incrementalsat__i-imp12plus__backend-cadical,cfg5__m-reduced__p-pairwise__g-direct__b-span_threshold__o-break_groups_d2__s-incrementalsat__i-imp12plus__backend-cadical,reduced,distance_closure,pairwise,direct,IncrementalSAT,CaDiCaL,1.5.3,imp12+,span_threshold,total_break_groups_subject_to_range_at_most_2,BGD2,IC12P,201499,0,0,416,56137,22204,4554,,0,236,6,,,,,,1,1419,9448,26726,9448,0.29629484500037506,5,"formalism-specific model size: SAT/MaxSAT reports base CNF and soft clauses, MIP reports variables/linear constraints/nonzeros, and CP reports integer variables plus linear/global constraints; SAT bound/totalizer overhead remains separate in optimizer_added_*",2370,2362,2362,2362,0,0,0,0,0,0,0,1,0.081831,0.002779,0.173143,,0.175922,0.364055,"wall-clock from immediately before reading/parsing the .dzn instance through model construction, optimization, solution decoding, and independent validation; excludes worker-process startup and result-file export",0,0,0,0,0,"0,0,0,0,0,0,0,0,0,0,0,0,0,0,0,0,0,0,0,0,0,0,0,0,0,0,0,0,0,0,0,0,0,0,0,0,0,0,0,0,0,0,0,0,0,0,0,0,0,0,0,0,0,0,0,0,0,0,0,0",peak_process_tree_rss_mb,914fbce8ca06e3233a0f6dcdad07dd221935aa429136a0ec130768a8a4a067bd,forb0003,data_table06_forb/forumt-14.forb0003.dzn,2,../noves/forumt-14.forb0003.dzn | ../noves/tic-14crafa.forb0003.dzn,2,data_table06_forb/forumt-14.forb0003.dzn | data_table06_forb/tic-14crafa.forb0003.dzn,https://imae.udg.edu/Recerca/LAI/,https://ima.udg.edu/Recerca/lai/b2b/b2b.zip,ee1f440ab3f6db27ab712300ad3a54a31ffd5ec1e06f81a9ac37cb7202c56528,2026-08-10T10:42:19+00:00,7200.0,,ee80a6fbd8b513f7c010668495c39621a371266a,True,3.10.12,1.8.dev25,instance-20260810-085803,Linux-6.8.0-1064-gcp-x86_64-with-glibc2.35,x86_64,4,8,15988.059,1,0,/home/g24021555/Business-Meeting-Scheduling-Problem/.venv/bin/python3 /home/g24021555/Business-Meeting-Scheduling-Problem/src/Main.py --manifest instances_manifest.csv --family forbidden --solver sat_all --objective-mode bg_d2 --domain-mode both --domain-filter-graph both --precedence-encoding both --precedence-graph both --encoding-variant imp12+ --sat-backend cadical --maxsat-backend uwrmaxsat --uwrmaxsat-bin /home/g24021555/uwrmaxsat/build/release/bin/uwrmaxsat --timeout 7200 --csv output/full_matrix_bg_d2_forbidden.csv,,,,,,,,incremental,,cadical,,traditional,pairwise+direct,0,59,"1,2,3,4,5,6,7,8,9,10,11,12,13,14,15,16,17,18,20,21,22,23,24,25,26,27,28,29,30,31,32,33,34,35,36,37,38,39,40,41,42,43,44,45,46,47,48,49,50,51,52,53,54,55,56,57,58,59,60",2362,8,0,0,"0,0,0,0,0,0,0,0,0,0,0,0,0,0,0,0,0,0,0,0,0,0,0,0,0,0,0,0,0,0,0,0,0,0,0,0,0,0,0,0,0,0,0,0,0,0,0,0,0,0,0,0,0,0,0,0,0,0,0,0","38,42,50,54,54,54,54,50,44,34","5,8,7,10,4,3,6,9,7,7,7,9,5,4,8,3,6,2,2,3,4,7,8,1,5,7,2,8,1,5,1,3,4,9,6,2,7,3,1,7,2,3,10,8,5,4,9,4,6,3,2,10,5,10,7,9,6,8,3,2,4,2,6,5,8,4,10,3,1,7,5,3,1,6,4,2,10,9,4,2,7,6,5,8,1,3,3,4,5,1,6,2,5,10,6,7,9,8,10,6,8,9,1,5,7,10,8,7,3,9,6,10,4,2,6,7,4,5,9,10,1,7,5,6,5,4,7,6,8,9,2,9,1,10,2,5,6,9,3,8,7,9,1,8,4,2,9,4,6,5,2,9,1,10,8,7,4,6,3,5,7,4,1,2,8,6,10,5,3,8,3,5,10,1,5,2,6,9,10,8,6,7,4,8,10,5,4,3,5,8,6,7,9,8,5,1,6,3,9,7,6,3,8,6,9,2,4,7,5,1,8,3,4,7,2,4,4,3,6,6,3,9,8,7,4,5,2,1,3,9,4,8,7,3,5,1,4",1:M24 M29 M31 M39 M69 M73 M85 M90 M103 M121 M133 M143 M153 M163 M174 M196 M210 M228 M236 | 2:M18 M19 M27 M36 M41 M51 M60 M62 M76 M80 M92 M114 M131 M135 M146 M151 M164 M176 M206 M215 M227 | 3:M6 M16 M20 M32 M38 M42 M50 M59 M68 M72 M86 M87 M109 M139 M159 M169 M171 M188 M198 M202 M212 M218 M221 M229 M234 | 4:M5 M14 M21 M33 M46 M48 M61 M66 M75 M79 M88 M113 M117 M126 M145 M148 M157 M162 M183 M187 M207 M213 M216 M217 M225 M231 M237 | 5:M1 M13 M25 M30 M45 M53 M64 M71 M83 M89 M93 M104 M118 M123 M125 M136 M150 M160 M168 M172 M175 M186 M189 M195 M209 M226 M235 | 6:M7 M17 M35 M49 M57 M63 M74 M82 M91 M95 M100 M111 M115 M124 M128 M137 M149 M158 M166 M177 M181 M191 M197 M201 M204 M219 M220 | 7:M3 M9 M10 M11 M22 M26 M37 M40 M55 M70 M81 M96 M105 M108 M116 M122 M127 M141 M156 M161 M182 M192 M200 M208 M214 M224 M233 | 8:M2 M15 M23 M28 M44 M58 M65 M84 M98 M101 M107 M129 M140 M144 M155 M165 M170 M180 M184 M190 M194 M203 M211 M223 M232 | 9:M8 M12 M34 M47 M56 M78 M97 M102 M110 M119 M130 M132 M138 M142 M147 M152 M178 M193 M199 M205 M222 M230 | 10:M4 M43 M52 M54 M67 M77 M94 M99 M106 M112 M120 M134 M154 M167 M173 M179 M185,"journal objective family: bg_d2 | F-selected distance-labelled E* domain propagation and cycle detection | precedence configuration: F=distance_closure, P=pairwise, G=direct | Reduced Domain variables after unary filtering + matching GAC + slot saturation | (20),(22)-(27) exactly once over reduced domains | (19) participant atMost-one per slot | (46),(47) clustered table capacity with compact forward channeling | (28) Pairwise precedence over direct distance-labelled relations | exact break-group ends and unary break-group thresholds | exact schedule <-> usedSlot channeling | (43) exactly |Mp| reduced usedSlot variables | (44) atMost 2|L| busy participants per slot | (45) exact even number of busy participants | historical hard cap Delta_G <= 2",0,"(0,)",result
,,,,,,,,,forumt-14.forb0003,b2b-914fbce8ca06e323,b2b-lineage-forumt-14,forbidden,R-PW-DE-ST-BGD2-NIS-CD-IC12P,Reduced,Filter-E*,Pairwise,Direct-E,SpanThreshold,BreakGroupsD2,NonIncrementalSAT,IC12+,OPTIMAL,SAT,0,0,bg_d2,0,0,0,,,,,1.038865,False,68.227,,,,Compact,Compact/Reduced,project_implementation,restart-based multi-phase SAT,31281,,,,,,,83311,0,83311,2362,28919,201499,60,cfg5__m-reduced__p-pairwise__g-direct__b-span_threshold__o-break_groups_d2__s-nonincrementalsat__i-imp12plus__backend-cadical,cfg5__m-reduced__p-pairwise__g-direct__b-span_threshold__o-break_groups_d2__s-nonincrementalsat__i-imp12plus__backend-cadical,reduced,distance_closure,pairwise,direct,NonIncrementalSAT,CaDiCaL,1.5.3,imp12+,span_threshold,total_break_groups_subject_to_range_at_most_2,BGD2,IC12P,201499,0,0,416,56137,22204,4554,,0,236,6,,,,,,6,3723,7648,18800,14320,0.7980061130001559,5,"formalism-specific model size: SAT/MaxSAT reports base CNF and soft clauses, MIP reports variables/linear constraints/nonzeros, and CP reports integer variables plus linear/global constraints; SAT bound/totalizer overhead remains separate in optimizer_added_*",2370,2362,2362,2362,0,0,0,0,0,0,0,1,0.082665,0.002638,0.17266,,0.175297,0.863567,"wall-clock from immediately before reading/parsing the .dzn instance through model construction, optimization, solution decoding, and independent validation; excludes worker-process startup and result-file export",0,0,0,0,0,"0,0,0,0,0,0,0,0,0,0,0,0,0,0,0,0,0,0,0,0,0,0,0,0,0,0,0,0,0,0,0,0,0,0,0,0,0,0,0,0,0,0,0,0,0,0,0,0,0,0,0,0,0,0,0,0,0,0,0,0",peak_process_tree_rss_mb,914fbce8ca06e3233a0f6dcdad07dd221935aa429136a0ec130768a8a4a067bd,forb0003,data_table06_forb/forumt-14.forb0003.dzn,2,../noves/forumt-14.forb0003.dzn | ../noves/tic-14crafa.forb0003.dzn,2,data_table06_forb/forumt-14.forb0003.dzn | data_table06_forb/tic-14crafa.forb0003.dzn,https://imae.udg.edu/Recerca/LAI/,https://ima.udg.edu/Recerca/lai/b2b/b2b.zip,ee1f440ab3f6db27ab712300ad3a54a31ffd5ec1e06f81a9ac37cb7202c56528,2026-08-10T10:42:19+00:00,7200.0,,ee80a6fbd8b513f7c010668495c39621a371266a,True,3.10.12,1.8.dev25,instance-20260810-085803,Linux-6.8.0-1064-gcp-x86_64-with-glibc2.35,x86_64,4,8,15988.059,1,0,/home/g24021555/Business-Meeting-Scheduling-Problem/.venv/bin/python3 /home/g24021555/Business-Meeting-Scheduling-Problem/src/Main.py --manifest instances_manifest.csv --family forbidden --solver sat_all --objective-mode bg_d2 --domain-mode both --domain-filter-graph both --precedence-encoding both --precedence-graph both --encoding-variant imp12+ --sat-backend cadical --maxsat-backend uwrmaxsat --uwrmaxsat-bin /home/g24021555/uwrmaxsat/build/release/bin/uwrmaxsat --timeout 7200 --csv output/full_matrix_bg_d2_forbidden.csv,,,,,,,,multiple,,cadical,,traditional,pairwise+direct,0,59,"1,2,3,4,5,6,7,8,9,10,11,12,13,14,15,16,17,18,20,21,22,23,24,25,26,27,28,29,30,31,32,33,34,35,36,37,38,39,40,41,42,43,44,45,46,47,48,49,50,51,52,53,54,55,56,57,58,59,60",2362,8,0,0,"0,0,0,0,0,0,0,0,0,0,0,0,0,0,0,0,0,0,0,0,0,0,0,0,0,0,0,0,0,0,0,0,0,0,0,0,0,0,0,0,0,0,0,0,0,0,0,0,0,0,0,0,0,0,0,0,0,0,0,0","36,42,48,54,54,54,54,48,46,38","10,7,6,5,1,8,9,3,1,3,1,2,5,6,3,7,4,8,6,1,5,6,4,1,6,4,2,7,2,5,1,2,3,5,8,9,10,7,6,4,4,1,3,2,10,7,9,2,10,9,1,8,5,10,2,5,7,9,3,8,4,5,8,4,2,7,1,3,6,10,2,5,4,9,8,10,1,5,9,2,6,10,8,3,4,7,4,3,6,5,7,8,3,2,1,7,6,4,9,7,4,5,6,2,8,7,4,6,3,7,10,9,6,10,6,1,4,9,7,8,3,3,6,5,3,2,8,4,6,7,7,9,5,7,4,1,8,6,10,2,3,6,2,5,1,10,10,6,3,9,3,9,4,8,1,7,10,5,6,2,4,10,9,1,7,6,8,5,3,6,8,3,2,9,5,7,4,10,2,4,5,8,5,9,4,2,8,5,4,7,9,6,4,3,6,9,8,4,5,7,7,2,4,9,10,3,1,8,5,6,4,1,3,7,8,9,5,3,9,9,7,2,10,8,4,6,3,5,7,8,10,5,9,6,5,8,7",1:M5 M9 M11 M20 M24 M31 M42 M51 M67 M77 M95 M116 M136 M145 M155 M164 M207 M212 | 2:M12 M27 M29 M32 M44 M48 M55 M65 M71 M80 M94 M104 M126 M140 M143 M160 M173 M179 M186 M202 M222 | 3:M8 M10 M15 M33 M43 M59 M68 M84 M88 M93 M109 M121 M122 M125 M141 M149 M151 M169 M172 M194 M206 M213 M218 M227 | 4:M17 M23 M26 M40 M41 M61 M64 M73 M85 M87 M98 M101 M107 M117 M128 M135 M153 M161 M177 M180 M185 M189 M193 M198 M203 M211 M225 | 5:M4 M13 M21 M30 M34 M53 M56 M62 M72 M78 M90 M102 M124 M133 M144 M158 M168 M175 M181 M183 M188 M199 M209 M217 M228 M232 M235 | 6:M3 M14 M19 M22 M25 M39 M69 M81 M89 M97 M103 M108 M113 M115 M123 M129 M138 M142 M148 M159 M166 M170 M192 M195 M210 M226 M234 | 7:M2 M16 M28 M38 M46 M57 M66 M86 M91 M96 M100 M106 M110 M119 M130 M131 M134 M156 M165 M176 M190 M200 M201 M214 M221 M229 M237 | 8:M6 M18 M35 M52 M60 M63 M75 M83 M92 M105 M120 M127 M137 M154 M167 M171 M182 M187 M197 M208 M215 M224 M230 M236 | 9:M7 M36 M47 M50 M58 M74 M79 M99 M112 M118 M132 M150 M152 M163 M174 M184 M191 M196 M204 M216 M219 M220 M233 | 10:M1 M37 M45 M49 M54 M70 M76 M82 M111 M114 M139 M146 M147 M157 M162 M178 M205 M223 M231,"journal objective family: bg_d2 | F-selected distance-labelled E* domain propagation and cycle detection | precedence configuration: F=distance_closure, P=pairwise, G=direct | Reduced Domain variables after unary filtering + matching GAC + slot saturation | (20),(22)-(27) exactly once over reduced domains | (19) participant atMost-one per slot | (46),(47) clustered table capacity with compact forward channeling | (28) Pairwise precedence over direct distance-labelled relations | exact break-group ends and unary break-group thresholds | exact schedule <-> usedSlot channeling | (43) exactly |Mp| reduced usedSlot variables | (44) atMost 2|L| busy participants per slot | (45) exact even number of busy participants | historical hard cap Delta_G <= 2",0,"(0,)",result
,,,,,,,,,forumt-14.forb0003,b2b-914fbce8ca06e323,b2b-lineage-forumt-14,forbidden,R-PW-DE-ST-BGD2-UW-IC12P,Reduced,Filter-E*,Pairwise,Direct-E,SpanThreshold,BreakGroupsD2,UWrMaxSAT,IC12+,OPTIMAL,SAT,0,0,bg_d2,0,0,0,,,0,1,0.437695,False,73.094,,,,Compact,Compact/Reduced,project_implementation,one-shot weighted MaxSAT,31281,,,,,,,83311,236,83547,2362,28919,201735,60,cfg5__m-reduced__p-pairwise__g-direct__b-span_threshold__o-break_groups_d2__s-uwrmaxsat__i-imp12plus__backend-uwrmaxsat,cfg5__m-reduced__p-pairwise__g-direct__b-span_threshold__o-break_groups_d2__s-uwrmaxsat__i-imp12plus__backend-uwrmaxsat,reduced,distance_closure,pairwise,direct,UWrMaxSAT,UWrMaxSAT,binary-sha256:8c68c8a386d3d7847b50d315143c2bab60e3514e59510e84a649db83cb303876,imp12+,span_threshold,total_break_groups_subject_to_range_at_most_2,BGD2,IC12P,201499,236,1,416,56137,22204,4554,1,236,236,1,,,,,,0,0,0,0,0,,,"formalism-specific model size: SAT/MaxSAT reports base CNF and soft clauses, MIP reports variables/linear constraints/nonzeros, and CP reports integer variables plus linear/global constraints; SAT bound/totalizer overhead remains separate in optimizer_added_*",2370,2362,2362,2362,0,0,0,0,0,0,0,1,0.084608,0.003035,0.179579,,0.182614,0.255081,"wall-clock from immediately before reading/parsing the .dzn instance through model construction, optimization, solution decoding, and independent validation; excludes worker-process startup and result-file export",0,0,0,0,0,"0,0,0,0,0,0,0,0,0,0,0,0,0,0,0,0,0,0,0,0,0,0,0,0,0,0,0,0,0,0,0,0,0,0,0,0,0,0,0,0,0,0,0,0,0,0,0,0,0,0,0,0,0,0,0,0,0,0,0,0",peak_process_tree_rss_mb,914fbce8ca06e3233a0f6dcdad07dd221935aa429136a0ec130768a8a4a067bd,forb0003,data_table06_forb/forumt-14.forb0003.dzn,2,../noves/forumt-14.forb0003.dzn | ../noves/tic-14crafa.forb0003.dzn,2,data_table06_forb/forumt-14.forb0003.dzn | data_table06_forb/tic-14crafa.forb0003.dzn,https://imae.udg.edu/Recerca/LAI/,https://ima.udg.edu/Recerca/lai/b2b/b2b.zip,ee1f440ab3f6db27ab712300ad3a54a31ffd5ec1e06f81a9ac37cb7202c56528,2026-08-10T10:42:19+00:00,7200.0,,ee80a6fbd8b513f7c010668495c39621a371266a,True,3.10.12,1.8.dev25,instance-20260810-085803,Linux-6.8.0-1064-gcp-x86_64-with-glibc2.35,x86_64,4,8,15988.059,1,0,/home/g24021555/Business-Meeting-Scheduling-Problem/.venv/bin/python3 /home/g24021555/Business-Meeting-Scheduling-Problem/src/Main.py --manifest instances_manifest.csv --family forbidden --solver sat_all --objective-mode bg_d2 --domain-mode both --domain-filter-graph both --precedence-encoding both --precedence-graph both --encoding-variant imp12+ --sat-backend cadical --maxsat-backend uwrmaxsat --uwrmaxsat-bin /home/g24021555/uwrmaxsat/build/release/bin/uwrmaxsat --timeout 7200 --csv output/full_matrix_bg_d2_forbidden.csv,/home/g24021555/uwrmaxsat/build/release/bin/uwrmaxsat,8c68c8a386d3d7847b50d315143c2bab60e3514e59510e84a649db83cb303876,/home/g24021555/uwrmaxsat/build/release/bin/uwrmaxsat -m /tmp/b2b_uwrmaxsat_t16f2yai/forumt-14.forb0003.wcnf,,process exit code=30,,,maxsat,uwrmaxsat,,/home/g24021555/uwrmaxsat/build/release/bin/uwrmaxsat,traditional,pairwise+direct,0,59,"1,2,3,4,5,6,7,8,9,10,11,12,13,14,15,16,17,18,20,21,22,23,24,25,26,27,28,29,30,31,32,33,34,35,36,37,38,39,40,41,42,43,44,45,46,47,48,49,50,51,52,53,54,55,56,57,58,59,60",2362,8,0,0,"0,0,0,0,0,0,0,0,0,0,0,0,0,0,0,0,0,0,0,0,0,0,0,0,0,0,0,0,0,0,0,0,0,0,0,0,0,0,0,0,0,0,0,0,0,0,0,0,0,0,0,0,0,0,0,0,0,0,0,0","36,46,52,54,54,54,52,50,42,34","3,6,10,4,1,7,5,2,3,9,10,2,6,5,8,7,4,3,7,9,6,3,4,9,6,3,2,5,8,10,9,4,10,1,4,2,8,7,3,8,7,9,2,4,6,8,5,1,5,7,10,2,3,8,7,2,9,5,10,1,6,1,6,7,9,2,10,4,3,8,9,3,5,8,1,4,8,3,7,9,6,1,5,2,4,10,7,8,5,3,6,4,5,4,3,7,2,6,2,4,6,5,3,7,8,4,2,1,7,4,8,9,5,1,2,3,5,10,6,7,8,3,5,1,5,8,3,7,2,6,7,4,5,9,8,3,10,6,1,4,2,8,9,6,3,10,6,7,5,4,10,2,6,1,7,9,3,5,4,8,7,10,8,5,6,4,3,9,1,7,9,5,2,4,10,8,9,6,1,7,8,5,8,9,3,1,6,4,3,2,1,5,6,8,2,9,6,3,4,5,7,3,1,10,8,2,7,6,5,4,10,9,4,8,6,2,4,7,9,2,4,6,5,8,10,3,7,9,7,5,2,1,6,5,6,3,4",1:M5 M34 M48 M60 M62 M75 M82 M108 M114 M124 M139 M154 M169 M179 M186 M191 M203 M232 | 2:M8 M12 M27 M36 M43 M52 M56 M66 M84 M97 M99 M107 M115 M129 M141 M152 M173 M190 M195 M206 M216 M220 M231 | 3:M1 M9 M18 M22 M26 M39 M53 M69 M72 M78 M90 M95 M103 M116 M122 M127 M136 M145 M157 M167 M185 M189 M198 M202 M226 M236 | 4:M4 M17 M23 M32 M35 M44 M68 M76 M85 M92 M94 M100 M106 M110 M132 M140 M150 M159 M166 M174 M188 M199 M210 M213 M217 M221 M237 | 5:M7 M14 M28 M47 M49 M58 M73 M83 M89 M93 M102 M113 M117 M123 M125 M133 M149 M158 M164 M172 M182 M192 M200 M209 M223 M230 M234 | 6:M2 M13 M21 M25 M45 M61 M63 M81 M91 M98 M101 M119 M130 M138 M144 M147 M153 M165 M178 M187 M193 M197 M208 M215 M222 M233 M235 | 7:M6 M16 M19 M38 M41 M50 M55 M64 M79 M87 M96 M104 M109 M120 M128 M131 M148 M155 M161 M170 M180 M201 M207 M218 M227 M229 | 8:M15 M29 M37 M40 M46 M54 M70 M74 M77 M88 M105 M111 M121 M126 M135 M142 M160 M163 M176 M181 M183 M194 M205 M214 M224 | 9:M10 M20 M24 M31 M42 M57 M65 M71 M80 M112 M134 M143 M156 M168 M171 M177 M184 M196 M212 M219 M228 | 10:M3 M11 M30 M33 M51 M59 M67 M86 M118 M137 M146 M151 M162 M175 M204 M211 M225,"journal objective family: bg_d2 | F-selected distance-labelled E* domain propagation and cycle detection | precedence configuration: F=distance_closure, P=pairwise, G=direct | Reduced Domain variables after unary filtering + matching GAC + slot saturation | (20),(22)-(27) exactly once over reduced domains | (19) participant atMost-one per slot | (46),(47) clustered table capacity with compact forward channeling | (28) Pairwise precedence over direct distance-labelled relations | exact break-group ends and unary break-group thresholds | exact schedule <-> usedSlot channeling | (43) exactly |Mp| reduced usedSlot variables | (44) atMost 2|L| busy participants per slot | (45) exact even number of busy participants | historical hard cap Delta_G <= 2",,,result
,,,,,,,,,forumt-14.forb0003,b2b-914fbce8ca06e323,b2b-lineage-forumt-14,forbidden,R-PW-DC-ST-BGD2-IS-CD-IC12P,Reduced,Filter-E*,Pairwise,DistanceClosure-E*,SpanThreshold,BreakGroupsD2,IncrementalSAT,IC12+,OPTIMAL,SAT,0,0,bg_d2,0,0,0,,,,,0.54433,False,66.828,,,,Compact,Compact/Reduced,project_implementation,incremental multi-phase SAT with persistent solver state,31281,,,,,,,83311,0,83311,2362,28919,201499,60,cfg5__m-reduced__p-pairwise__g-distance_closure__b-span_threshold__o-break_groups_d2__s-incrementalsat__i-imp12plus__backend-cadical,cfg5__m-reduced__p-pairwise__g-distance_closure__b-span_threshold__o-break_groups_d2__s-incrementalsat__i-imp12plus__backend-cadical,reduced,distance_closure,pairwise,distance_closure,IncrementalSAT,CaDiCaL,1.5.3,imp12+,span_threshold,total_break_groups_subject_to_range_at_most_2,BGD2,IC12P,201499,0,0,416,56137,22204,4554,,0,236,6,,,,,,1,1419,9448,26726,9448,0.2981952000000092,5,"formalism-specific model size: SAT/MaxSAT reports base CNF and soft clauses, MIP reports variables/linear constraints/nonzeros, and CP reports integer variables plus linear/global constraints; SAT bound/totalizer overhead remains separate in optimizer_added_*",2370,2362,2362,2362,0,0,0,0,0,0,0,1,0.082568,0.002653,0.173645,,0.176298,0.368032,"wall-clock from immediately before reading/parsing the .dzn instance through model construction, optimization, solution decoding, and independent validation; excludes worker-process startup and result-file export",0,0,0,0,0,"0,0,0,0,0,0,0,0,0,0,0,0,0,0,0,0,0,0,0,0,0,0,0,0,0,0,0,0,0,0,0,0,0,0,0,0,0,0,0,0,0,0,0,0,0,0,0,0,0,0,0,0,0,0,0,0,0,0,0,0",peak_process_tree_rss_mb,914fbce8ca06e3233a0f6dcdad07dd221935aa429136a0ec130768a8a4a067bd,forb0003,data_table06_forb/forumt-14.forb0003.dzn,2,../noves/forumt-14.forb0003.dzn | ../noves/tic-14crafa.forb0003.dzn,2,data_table06_forb/forumt-14.forb0003.dzn | data_table06_forb/tic-14crafa.forb0003.dzn,https://imae.udg.edu/Recerca/LAI/,https://ima.udg.edu/Recerca/lai/b2b/b2b.zip,ee1f440ab3f6db27ab712300ad3a54a31ffd5ec1e06f81a9ac37cb7202c56528,2026-08-10T10:42:19+00:00,7200.0,,ee80a6fbd8b513f7c010668495c39621a371266a,True,3.10.12,1.8.dev25,instance-20260810-085803,Linux-6.8.0-1064-gcp-x86_64-with-glibc2.35,x86_64,4,8,15988.059,1,0,/home/g24021555/Business-Meeting-Scheduling-Problem/.venv/bin/python3 /home/g24021555/Business-Meeting-Scheduling-Problem/src/Main.py --manifest instances_manifest.csv --family forbidden --solver sat_all --objective-mode bg_d2 --domain-mode both --domain-filter-graph both --precedence-encoding both --precedence-graph both --encoding-variant imp12+ --sat-backend cadical --maxsat-backend uwrmaxsat --uwrmaxsat-bin /home/g24021555/uwrmaxsat/build/release/bin/uwrmaxsat --timeout 7200 --csv output/full_matrix_bg_d2_forbidden.csv,,,,,,,,incremental,,cadical,,factorial,pairwise+distance_closure,0,59,"1,2,3,4,5,6,7,8,9,10,11,12,13,14,15,16,17,18,20,21,22,23,24,25,26,27,28,29,30,31,32,33,34,35,36,37,38,39,40,41,42,43,44,45,46,47,48,49,50,51,52,53,54,55,56,57,58,59,60",2362,8,0,0,"0,0,0,0,0,0,0,0,0,0,0,0,0,0,0,0,0,0,0,0,0,0,0,0,0,0,0,0,0,0,0,0,0,0,0,0,0,0,0,0,0,0,0,0,0,0,0,0,0,0,0,0,0,0,0,0,0,0,0,0","38,42,50,54,54,54,54,50,44,34","5,8,7,10,4,3,6,9,7,7,7,9,5,4,8,3,6,2,2,3,4,7,8,1,5,7,2,8,1,5,1,3,4,9,6,2,7,3,1,7,2,3,10,8,5,4,9,4,6,3,2,10,5,10,7,9,6,8,3,2,4,2,6,5,8,4,10,3,1,7,5,3,1,6,4,2,10,9,4,2,7,6,5,8,1,3,3,4,5,1,6,2,5,10,6,7,9,8,10,6,8,9,1,5,7,10,8,7,3,9,6,10,4,2,6,7,4,5,9,10,1,7,5,6,5,4,7,6,8,9,2,9,1,10,2,5,6,9,3,8,7,9,1,8,4,2,9,4,6,5,2,9,1,10,8,7,4,6,3,5,7,4,1,2,8,6,10,5,3,8,3,5,10,1,5,2,6,9,10,8,6,7,4,8,10,5,4,3,5,8,6,7,9,8,5,1,6,3,9,7,6,3,8,6,9,2,4,7,5,1,8,3,4,7,2,4,4,3,6,6,3,9,8,7,4,5,2,1,3,9,4,8,7,3,5,1,4",1:M24 M29 M31 M39 M69 M73 M85 M90 M103 M121 M133 M143 M153 M163 M174 M196 M210 M228 M236 | 2:M18 M19 M27 M36 M41 M51 M60 M62 M76 M80 M92 M114 M131 M135 M146 M151 M164 M176 M206 M215 M227 | 3:M6 M16 M20 M32 M38 M42 M50 M59 M68 M72 M86 M87 M109 M139 M159 M169 M171 M188 M198 M202 M212 M218 M221 M229 M234 | 4:M5 M14 M21 M33 M46 M48 M61 M66 M75 M79 M88 M113 M117 M126 M145 M148 M157 M162 M183 M187 M207 M213 M216 M217 M225 M231 M237 | 5:M1 M13 M25 M30 M45 M53 M64 M71 M83 M89 M93 M104 M118 M123 M125 M136 M150 M160 M168 M172 M175 M186 M189 M195 M209 M226 M235 | 6:M7 M17 M35 M49 M57 M63 M74 M82 M91 M95 M100 M111 M115 M124 M128 M137 M149 M158 M166 M177 M181 M191 M197 M201 M204 M219 M220 | 7:M3 M9 M10 M11 M22 M26 M37 M40 M55 M70 M81 M96 M105 M108 M116 M122 M127 M141 M156 M161 M182 M192 M200 M208 M214 M224 M233 | 8:M2 M15 M23 M28 M44 M58 M65 M84 M98 M101 M107 M129 M140 M144 M155 M165 M170 M180 M184 M190 M194 M203 M211 M223 M232 | 9:M8 M12 M34 M47 M56 M78 M97 M102 M110 M119 M130 M132 M138 M142 M147 M152 M178 M193 M199 M205 M222 M230 | 10:M4 M43 M52 M54 M67 M77 M94 M99 M106 M112 M120 M134 M154 M167 M173 M179 M185,"journal objective family: bg_d2 | F-selected distance-labelled E* domain propagation and cycle detection | precedence configuration: F=distance_closure, P=pairwise, G=distance_closure | Reduced Domain variables after unary filtering + matching GAC + slot saturation | (20),(22)-(27) exactly once over reduced domains | (19) participant atMost-one per slot | (46),(47) clustered table capacity with compact forward channeling | (28) Pairwise precedence over distance_closure distance-labelled relations | exact break-group ends and unary break-group thresholds | exact schedule <-> usedSlot channeling | (43) exactly |Mp| reduced usedSlot variables | (44) atMost 2|L| busy participants per slot | (45) exact even number of busy participants | historical hard cap Delta_G <= 2",0,"(0,)",result
,,,,,,,,,forumt-14.forb0003,b2b-914fbce8ca06e323,b2b-lineage-forumt-14,forbidden,R-PW-DC-ST-BGD2-NIS-CD-IC12P,Reduced,Filter-E*,Pairwise,DistanceClosure-E*,SpanThreshold,BreakGroupsD2,NonIncrementalSAT,IC12+,OPTIMAL,SAT,0,0,bg_d2,0,0,0,,,,,1.05258,False,67.871,,,,Compact,Compact/Reduced,project_implementation,restart-based multi-phase SAT,31281,,,,,,,83311,0,83311,2362,28919,201499,60,cfg5__m-reduced__p-pairwise__g-distance_closure__b-span_threshold__o-break_groups_d2__s-nonincrementalsat__i-imp12plus__backend-cadical,cfg5__m-reduced__p-pairwise__g-distance_closure__b-span_threshold__o-break_groups_d2__s-nonincrementalsat__i-imp12plus__backend-cadical,reduced,distance_closure,pairwise,distance_closure,NonIncrementalSAT,CaDiCaL,1.5.3,imp12+,span_threshold,total_break_groups_subject_to_range_at_most_2,BGD2,IC12P,201499,0,0,416,56137,22204,4554,,0,236,6,,,,,,6,3723,7648,18800,14320,0.8112231550003344,5,"formalism-specific model size: SAT/MaxSAT reports base CNF and soft clauses, MIP reports variables/linear constraints/nonzeros, and CP reports integer variables plus linear/global constraints; SAT bound/totalizer overhead remains separate in optimizer_added_*",2370,2362,2362,2362,0,0,0,0,0,0,0,1,0.083504,0.003032,0.174179,,0.177211,0.875369,"wall-clock from immediately before reading/parsing the .dzn instance through model construction, optimization, solution decoding, and independent validation; excludes worker-process startup and result-file export",0,0,0,0,0,"0,0,0,0,0,0,0,0,0,0,0,0,0,0,0,0,0,0,0,0,0,0,0,0,0,0,0,0,0,0,0,0,0,0,0,0,0,0,0,0,0,0,0,0,0,0,0,0,0,0,0,0,0,0,0,0,0,0,0,0",peak_process_tree_rss_mb,914fbce8ca06e3233a0f6dcdad07dd221935aa429136a0ec130768a8a4a067bd,forb0003,data_table06_forb/forumt-14.forb0003.dzn,2,../noves/forumt-14.forb0003.dzn | ../noves/tic-14crafa.forb0003.dzn,2,data_table06_forb/forumt-14.forb0003.dzn | data_table06_forb/tic-14crafa.forb0003.dzn,https://imae.udg.edu/Recerca/LAI/,https://ima.udg.edu/Recerca/lai/b2b/b2b.zip,ee1f440ab3f6db27ab712300ad3a54a31ffd5ec1e06f81a9ac37cb7202c56528,2026-08-10T10:42:19+00:00,7200.0,,ee80a6fbd8b513f7c010668495c39621a371266a,True,3.10.12,1.8.dev25,instance-20260810-085803,Linux-6.8.0-1064-gcp-x86_64-with-glibc2.35,x86_64,4,8,15988.059,1,0,/home/g24021555/Business-Meeting-Scheduling-Problem/.venv/bin/python3 /home/g24021555/Business-Meeting-Scheduling-Problem/src/Main.py --manifest instances_manifest.csv --family forbidden --solver sat_all --objective-mode bg_d2 --domain-mode both --domain-filter-graph both --precedence-encoding both --precedence-graph both --encoding-variant imp12+ --sat-backend cadical --maxsat-backend uwrmaxsat --uwrmaxsat-bin /home/g24021555/uwrmaxsat/build/release/bin/uwrmaxsat --timeout 7200 --csv output/full_matrix_bg_d2_forbidden.csv,,,,,,,,multiple,,cadical,,factorial,pairwise+distance_closure,0,59,"1,2,3,4,5,6,7,8,9,10,11,12,13,14,15,16,17,18,20,21,22,23,24,25,26,27,28,29,30,31,32,33,34,35,36,37,38,39,40,41,42,43,44,45,46,47,48,49,50,51,52,53,54,55,56,57,58,59,60",2362,8,0,0,"0,0,0,0,0,0,0,0,0,0,0,0,0,0,0,0,0,0,0,0,0,0,0,0,0,0,0,0,0,0,0,0,0,0,0,0,0,0,0,0,0,0,0,0,0,0,0,0,0,0,0,0,0,0,0,0,0,0,0,0","36,42,48,54,54,54,54,48,46,38","10,7,6,5,1,8,9,3,1,3,1,2,5,6,3,7,4,8,6,1,5,6,4,1,6,4,2,7,2,5,1,2,3,5,8,9,10,7,6,4,4,1,3,2,10,7,9,2,10,9,1,8,5,10,2,5,7,9,3,8,4,5,8,4,2,7,1,3,6,10,2,5,4,9,8,10,1,5,9,2,6,10,8,3,4,7,4,3,6,5,7,8,3,2,1,7,6,4,9,7,4,5,6,2,8,7,4,6,3,7,10,9,6,10,6,1,4,9,7,8,3,3,6,5,3,2,8,4,6,7,7,9,5,7,4,1,8,6,10,2,3,6,2,5,1,10,10,6,3,9,3,9,4,8,1,7,10,5,6,2,4,10,9,1,7,6,8,5,3,6,8,3,2,9,5,7,4,10,2,4,5,8,5,9,4,2,8,5,4,7,9,6,4,3,6,9,8,4,5,7,7,2,4,9,10,3,1,8,5,6,4,1,3,7,8,9,5,3,9,9,7,2,10,8,4,6,3,5,7,8,10,5,9,6,5,8,7",1:M5 M9 M11 M20 M24 M31 M42 M51 M67 M77 M95 M116 M136 M145 M155 M164 M207 M212 | 2:M12 M27 M29 M32 M44 M48 M55 M65 M71 M80 M94 M104 M126 M140 M143 M160 M173 M179 M186 M202 M222 | 3:M8 M10 M15 M33 M43 M59 M68 M84 M88 M93 M109 M121 M122 M125 M141 M149 M151 M169 M172 M194 M206 M213 M218 M227 | 4:M17 M23 M26 M40 M41 M61 M64 M73 M85 M87 M98 M101 M107 M117 M128 M135 M153 M161 M177 M180 M185 M189 M193 M198 M203 M211 M225 | 5:M4 M13 M21 M30 M34 M53 M56 M62 M72 M78 M90 M102 M124 M133 M144 M158 M168 M175 M181 M183 M188 M199 M209 M217 M228 M232 M235 | 6:M3 M14 M19 M22 M25 M39 M69 M81 M89 M97 M103 M108 M113 M115 M123 M129 M138 M142 M148 M159 M166 M170 M192 M195 M210 M226 M234 | 7:M2 M16 M28 M38 M46 M57 M66 M86 M91 M96 M100 M106 M110 M119 M130 M131 M134 M156 M165 M176 M190 M200 M201 M214 M221 M229 M237 | 8:M6 M18 M35 M52 M60 M63 M75 M83 M92 M105 M120 M127 M137 M154 M167 M171 M182 M187 M197 M208 M215 M224 M230 M236 | 9:M7 M36 M47 M50 M58 M74 M79 M99 M112 M118 M132 M150 M152 M163 M174 M184 M191 M196 M204 M216 M219 M220 M233 | 10:M1 M37 M45 M49 M54 M70 M76 M82 M111 M114 M139 M146 M147 M157 M162 M178 M205 M223 M231,"journal objective family: bg_d2 | F-selected distance-labelled E* domain propagation and cycle detection | precedence configuration: F=distance_closure, P=pairwise, G=distance_closure | Reduced Domain variables after unary filtering + matching GAC + slot saturation | (20),(22)-(27) exactly once over reduced domains | (19) participant atMost-one per slot | (46),(47) clustered table capacity with compact forward channeling | (28) Pairwise precedence over distance_closure distance-labelled relations | exact break-group ends and unary break-group thresholds | exact schedule <-> usedSlot channeling | (43) exactly |Mp| reduced usedSlot variables | (44) atMost 2|L| busy participants per slot | (45) exact even number of busy participants | historical hard cap Delta_G <= 2",0,"(0,)",result
,,,,,,,,,forumt-14.forb0003,b2b-914fbce8ca06e323,b2b-lineage-forumt-14,forbidden,R-PW-DC-ST-BGD2-UW-IC12P,Reduced,Filter-E*,Pairwise,DistanceClosure-E*,SpanThreshold,BreakGroupsD2,UWrMaxSAT,IC12+,OPTIMAL,SAT,0,0,bg_d2,0,0,0,,,0,1,0.436866,False,73.227,,,,Compact,Compact/Reduced,project_implementation,one-shot weighted MaxSAT,31281,,,,,,,83311,236,83547,2362,28919,201735,60,cfg5__m-reduced__p-pairwise__g-distance_closure__b-span_threshold__o-break_groups_d2__s-uwrmaxsat__i-imp12plus__backend-uwrmaxsat,cfg5__m-reduced__p-pairwise__g-distance_closure__b-span_threshold__o-break_groups_d2__s-uwrmaxsat__i-imp12plus__backend-uwrmaxsat,reduced,distance_closure,pairwise,distance_closure,UWrMaxSAT,UWrMaxSAT,binary-sha256:8c68c8a386d3d7847b50d315143c2bab60e3514e59510e84a649db83cb303876,imp12+,span_threshold,total_break_groups_subject_to_range_at_most_2,BGD2,IC12P,201499,236,1,416,56137,22204,4554,1,236,236,1,,,,,,0,0,0,0,0,,,"formalism-specific model size: SAT/MaxSAT reports base CNF and soft clauses, MIP reports variables/linear constraints/nonzeros, and CP reports integer variables plus linear/global constraints; SAT bound/totalizer overhead remains separate in optimizer_added_*",2370,2362,2362,2362,0,0,0,0,0,0,0,1,0.08227,0.002631,0.177726,,0.180356,0.256509,"wall-clock from immediately before reading/parsing the .dzn instance through model construction, optimization, solution decoding, and independent validation; excludes worker-process startup and result-file export",0,0,0,0,0,"0,0,0,0,0,0,0,0,0,0,0,0,0,0,0,0,0,0,0,0,0,0,0,0,0,0,0,0,0,0,0,0,0,0,0,0,0,0,0,0,0,0,0,0,0,0,0,0,0,0,0,0,0,0,0,0,0,0,0,0",peak_process_tree_rss_mb,914fbce8ca06e3233a0f6dcdad07dd221935aa429136a0ec130768a8a4a067bd,forb0003,data_table06_forb/forumt-14.forb0003.dzn,2,../noves/forumt-14.forb0003.dzn | ../noves/tic-14crafa.forb0003.dzn,2,data_table06_forb/forumt-14.forb0003.dzn | data_table06_forb/tic-14crafa.forb0003.dzn,https://imae.udg.edu/Recerca/LAI/,https://ima.udg.edu/Recerca/lai/b2b/b2b.zip,ee1f440ab3f6db27ab712300ad3a54a31ffd5ec1e06f81a9ac37cb7202c56528,2026-08-10T10:42:19+00:00,7200.0,,ee80a6fbd8b513f7c010668495c39621a371266a,True,3.10.12,1.8.dev25,instance-20260810-085803,Linux-6.8.0-1064-gcp-x86_64-with-glibc2.35,x86_64,4,8,15988.059,1,0,/home/g24021555/Business-Meeting-Scheduling-Problem/.venv/bin/python3 /home/g24021555/Business-Meeting-Scheduling-Problem/src/Main.py --manifest instances_manifest.csv --family forbidden --solver sat_all --objective-mode bg_d2 --domain-mode both --domain-filter-graph both --precedence-encoding both --precedence-graph both --encoding-variant imp12+ --sat-backend cadical --maxsat-backend uwrmaxsat --uwrmaxsat-bin /home/g24021555/uwrmaxsat/build/release/bin/uwrmaxsat --timeout 7200 --csv output/full_matrix_bg_d2_forbidden.csv,/home/g24021555/uwrmaxsat/build/release/bin/uwrmaxsat,8c68c8a386d3d7847b50d315143c2bab60e3514e59510e84a649db83cb303876,/home/g24021555/uwrmaxsat/build/release/bin/uwrmaxsat -m /tmp/b2b_uwrmaxsat_x10l6jc1/forumt-14.forb0003.wcnf,,process exit code=30,,,maxsat,uwrmaxsat,,/home/g24021555/uwrmaxsat/build/release/bin/uwrmaxsat,factorial,pairwise+distance_closure,0,59,"1,2,3,4,5,6,7,8,9,10,11,12,13,14,15,16,17,18,20,21,22,23,24,25,26,27,28,29,30,31,32,33,34,35,36,37,38,39,40,41,42,43,44,45,46,47,48,49,50,51,52,53,54,55,56,57,58,59,60",2362,8,0,0,"0,0,0,0,0,0,0,0,0,0,0,0,0,0,0,0,0,0,0,0,0,0,0,0,0,0,0,0,0,0,0,0,0,0,0,0,0,0,0,0,0,0,0,0,0,0,0,0,0,0,0,0,0,0,0,0,0,0,0,0","36,46,52,54,54,54,52,50,42,34","3,6,10,4,1,7,5,2,3,9,10,2,6,5,8,7,4,3,7,9,6,3,4,9,6,3,2,5,8,10,9,4,10,1,4,2,8,7,3,8,7,9,2,4,6,8,5,1,5,7,10,2,3,8,7,2,9,5,10,1,6,1,6,7,9,2,10,4,3,8,9,3,5,8,1,4,8,3,7,9,6,1,5,2,4,10,7,8,5,3,6,4,5,4,3,7,2,6,2,4,6,5,3,7,8,4,2,1,7,4,8,9,5,1,2,3,5,10,6,7,8,3,5,1,5,8,3,7,2,6,7,4,5,9,8,3,10,6,1,4,2,8,9,6,3,10,6,7,5,4,10,2,6,1,7,9,3,5,4,8,7,10,8,5,6,4,3,9,1,7,9,5,2,4,10,8,9,6,1,7,8,5,8,9,3,1,6,4,3,2,1,5,6,8,2,9,6,3,4,5,7,3,1,10,8,2,7,6,5,4,10,9,4,8,6,2,4,7,9,2,4,6,5,8,10,3,7,9,7,5,2,1,6,5,6,3,4",1:M5 M34 M48 M60 M62 M75 M82 M108 M114 M124 M139 M154 M169 M179 M186 M191 M203 M232 | 2:M8 M12 M27 M36 M43 M52 M56 M66 M84 M97 M99 M107 M115 M129 M141 M152 M173 M190 M195 M206 M216 M220 M231 | 3:M1 M9 M18 M22 M26 M39 M53 M69 M72 M78 M90 M95 M103 M116 M122 M127 M136 M145 M157 M167 M185 M189 M198 M202 M226 M236 | 4:M4 M17 M23 M32 M35 M44 M68 M76 M85 M92 M94 M100 M106 M110 M132 M140 M150 M159 M166 M174 M188 M199 M210 M213 M217 M221 M237 | 5:M7 M14 M28 M47 M49 M58 M73 M83 M89 M93 M102 M113 M117 M123 M125 M133 M149 M158 M164 M172 M182 M192 M200 M209 M223 M230 M234 | 6:M2 M13 M21 M25 M45 M61 M63 M81 M91 M98 M101 M119 M130 M138 M144 M147 M153 M165 M178 M187 M193 M197 M208 M215 M222 M233 M235 | 7:M6 M16 M19 M38 M41 M50 M55 M64 M79 M87 M96 M104 M109 M120 M128 M131 M148 M155 M161 M170 M180 M201 M207 M218 M227 M229 | 8:M15 M29 M37 M40 M46 M54 M70 M74 M77 M88 M105 M111 M121 M126 M135 M142 M160 M163 M176 M181 M183 M194 M205 M214 M224 | 9:M10 M20 M24 M31 M42 M57 M65 M71 M80 M112 M134 M143 M156 M168 M171 M177 M184 M196 M212 M219 M228 | 10:M3 M11 M30 M33 M51 M59 M67 M86 M118 M137 M146 M151 M162 M175 M204 M211 M225,"journal objective family: bg_d2 | F-selected distance-labelled E* domain propagation and cycle detection | precedence configuration: F=distance_closure, P=pairwise, G=distance_closure | Reduced Domain variables after unary filtering + matching GAC + slot saturation | (20),(22)-(27) exactly once over reduced domains | (19) participant atMost-one per slot | (46),(47) clustered table capacity with compact forward channeling | (28) Pairwise precedence over distance_closure distance-labelled relations | exact break-group ends and unary break-group thresholds | exact schedule <-> usedSlot channeling | (43) exactly |Mp| reduced usedSlot variables | (44) atMost 2|L| busy participants per slot | (45) exact even number of busy participants | historical hard cap Delta_G <= 2",,,result
,,,,,,,,,forumt-14.forb0003,b2b-914fbce8ca06e323,b2b-lineage-forumt-14,forbidden,R-SS-DE-ST-BGD2-IS-CD-IC12P,Reduced,Filter-E*,SparseSuffix,Direct-E,SpanThreshold,BreakGroupsD2,IncrementalSAT,IC12+,OPTIMAL,SAT,0,0,bg_d2,0,0,0,,,,,0.545785,False,66.758,,,,Compact,Compact/Reduced,project_implementation,incremental multi-phase SAT with persistent solver state,31281,,,,,,,83311,0,83311,2362,28919,201499,60,cfg5__m-reduced__p-sparse_suffix__g-direct__b-span_threshold__o-break_groups_d2__s-incrementalsat__i-imp12plus__backend-cadical,cfg5__m-reduced__p-sparse_suffix__g-direct__b-span_threshold__o-break_groups_d2__s-incrementalsat__i-imp12plus__backend-cadical,reduced,distance_closure,sparse_suffix,direct,IncrementalSAT,CaDiCaL,1.5.3,imp12+,span_threshold,total_break_groups_subject_to_range_at_most_2,BGD2,IC12P,201499,0,0,416,56137,22204,4554,,0,236,6,,,,,,1,1419,9448,26726,9448,0.29557920699971874,5,"formalism-specific model size: SAT/MaxSAT reports base CNF and soft clauses, MIP reports variables/linear constraints/nonzeros, and CP reports integer variables plus linear/global constraints; SAT bound/totalizer overhead remains separate in optimizer_added_*",2370,2362,2362,2362,0,0,0,0,0,0,0,1,0.084271,0.002753,0.176804,,0.179558,0.366228,"wall-clock from immediately before reading/parsing the .dzn instance through model construction, optimization, solution decoding, and independent validation; excludes worker-process startup and result-file export",0,0,0,0,0,"0,0,0,0,0,0,0,0,0,0,0,0,0,0,0,0,0,0,0,0,0,0,0,0,0,0,0,0,0,0,0,0,0,0,0,0,0,0,0,0,0,0,0,0,0,0,0,0,0,0,0,0,0,0,0,0,0,0,0,0",peak_process_tree_rss_mb,914fbce8ca06e3233a0f6dcdad07dd221935aa429136a0ec130768a8a4a067bd,forb0003,data_table06_forb/forumt-14.forb0003.dzn,2,../noves/forumt-14.forb0003.dzn | ../noves/tic-14crafa.forb0003.dzn,2,data_table06_forb/forumt-14.forb0003.dzn | data_table06_forb/tic-14crafa.forb0003.dzn,https://imae.udg.edu/Recerca/LAI/,https://ima.udg.edu/Recerca/lai/b2b/b2b.zip,ee1f440ab3f6db27ab712300ad3a54a31ffd5ec1e06f81a9ac37cb7202c56528,2026-08-10T10:42:19+00:00,7200.0,,ee80a6fbd8b513f7c010668495c39621a371266a,True,3.10.12,1.8.dev25,instance-20260810-085803,Linux-6.8.0-1064-gcp-x86_64-with-glibc2.35,x86_64,4,8,15988.059,1,0,/home/g24021555/Business-Meeting-Scheduling-Problem/.venv/bin/python3 /home/g24021555/Business-Meeting-Scheduling-Problem/src/Main.py --manifest instances_manifest.csv --family forbidden --solver sat_all --objective-mode bg_d2 --domain-mode both --domain-filter-graph both --precedence-encoding both --precedence-graph both --encoding-variant imp12+ --sat-backend cadical --maxsat-backend uwrmaxsat --uwrmaxsat-bin /home/g24021555/uwrmaxsat/build/release/bin/uwrmaxsat --timeout 7200 --csv output/full_matrix_bg_d2_forbidden.csv,,,,,,,,incremental,,cadical,,factorial,sparse_suffix+direct,0,59,"1,2,3,4,5,6,7,8,9,10,11,12,13,14,15,16,17,18,20,21,22,23,24,25,26,27,28,29,30,31,32,33,34,35,36,37,38,39,40,41,42,43,44,45,46,47,48,49,50,51,52,53,54,55,56,57,58,59,60",2362,8,0,0,"0,0,0,0,0,0,0,0,0,0,0,0,0,0,0,0,0,0,0,0,0,0,0,0,0,0,0,0,0,0,0,0,0,0,0,0,0,0,0,0,0,0,0,0,0,0,0,0,0,0,0,0,0,0,0,0,0,0,0,0","38,42,50,54,54,54,54,50,44,34","5,8,7,10,4,3,6,9,7,7,7,9,5,4,8,3,6,2,2,3,4,7,8,1,5,7,2,8,1,5,1,3,4,9,6,2,7,3,1,7,2,3,10,8,5,4,9,4,6,3,2,10,5,10,7,9,6,8,3,2,4,2,6,5,8,4,10,3,1,7,5,3,1,6,4,2,10,9,4,2,7,6,5,8,1,3,3,4,5,1,6,2,5,10,6,7,9,8,10,6,8,9,1,5,7,10,8,7,3,9,6,10,4,2,6,7,4,5,9,10,1,7,5,6,5,4,7,6,8,9,2,9,1,10,2,5,6,9,3,8,7,9,1,8,4,2,9,4,6,5,2,9,1,10,8,7,4,6,3,5,7,4,1,2,8,6,10,5,3,8,3,5,10,1,5,2,6,9,10,8,6,7,4,8,10,5,4,3,5,8,6,7,9,8,5,1,6,3,9,7,6,3,8,6,9,2,4,7,5,1,8,3,4,7,2,4,4,3,6,6,3,9,8,7,4,5,2,1,3,9,4,8,7,3,5,1,4",1:M24 M29 M31 M39 M69 M73 M85 M90 M103 M121 M133 M143 M153 M163 M174 M196 M210 M228 M236 | 2:M18 M19 M27 M36 M41 M51 M60 M62 M76 M80 M92 M114 M131 M135 M146 M151 M164 M176 M206 M215 M227 | 3:M6 M16 M20 M32 M38 M42 M50 M59 M68 M72 M86 M87 M109 M139 M159 M169 M171 M188 M198 M202 M212 M218 M221 M229 M234 | 4:M5 M14 M21 M33 M46 M48 M61 M66 M75 M79 M88 M113 M117 M126 M145 M148 M157 M162 M183 M187 M207 M213 M216 M217 M225 M231 M237 | 5:M1 M13 M25 M30 M45 M53 M64 M71 M83 M89 M93 M104 M118 M123 M125 M136 M150 M160 M168 M172 M175 M186 M189 M195 M209 M226 M235 | 6:M7 M17 M35 M49 M57 M63 M74 M82 M91 M95 M100 M111 M115 M124 M128 M137 M149 M158 M166 M177 M181 M191 M197 M201 M204 M219 M220 | 7:M3 M9 M10 M11 M22 M26 M37 M40 M55 M70 M81 M96 M105 M108 M116 M122 M127 M141 M156 M161 M182 M192 M200 M208 M214 M224 M233 | 8:M2 M15 M23 M28 M44 M58 M65 M84 M98 M101 M107 M129 M140 M144 M155 M165 M170 M180 M184 M190 M194 M203 M211 M223 M232 | 9:M8 M12 M34 M47 M56 M78 M97 M102 M110 M119 M130 M132 M138 M142 M147 M152 M178 M193 M199 M205 M222 M230 | 10:M4 M43 M52 M54 M67 M77 M94 M99 M106 M112 M120 M134 M154 M167 M173 M179 M185,"journal objective family: bg_d2 | F-selected distance-labelled E* domain propagation and cycle detection | precedence configuration: F=distance_closure, P=sparse_suffix, G=direct | Reduced Domain variables after unary filtering + matching GAC + slot saturation | (20),(22)-(27) exactly once over reduced domains | (19) participant atMost-one per slot | (46),(47) clustered table capacity with compact forward channeling | (28) SparseSuffix precedence over direct distance-labelled relations | exact break-group ends and unary break-group thresholds | exact schedule <-> usedSlot channeling | (43) exactly |Mp| reduced usedSlot variables | (44) atMost 2|L| busy participants per slot | (45) exact even number of busy participants | historical hard cap Delta_G <= 2",0,"(0,)",result
,,,,,,,,,forumt-14.forb0003,b2b-914fbce8ca06e323,b2b-lineage-forumt-14,forbidden,R-SS-DE-ST-BGD2-NIS-CD-IC12P,Reduced,Filter-E*,SparseSuffix,Direct-E,SpanThreshold,BreakGroupsD2,NonIncrementalSAT,IC12+,OPTIMAL,SAT,0,0,bg_d2,0,0,0,,,,,1.048586,False,69.203,,,,Compact,Compact/Reduced,project_implementation,restart-based multi-phase SAT,31281,,,,,,,83311,0,83311,2362,28919,201499,60,cfg5__m-reduced__p-sparse_suffix__g-direct__b-span_threshold__o-break_groups_d2__s-nonincrementalsat__i-imp12plus__backend-cadical,cfg5__m-reduced__p-sparse_suffix__g-direct__b-span_threshold__o-break_groups_d2__s-nonincrementalsat__i-imp12plus__backend-cadical,reduced,distance_closure,sparse_suffix,direct,NonIncrementalSAT,CaDiCaL,1.5.3,imp12+,span_threshold,total_break_groups_subject_to_range_at_most_2,BGD2,IC12P,201499,0,0,416,56137,22204,4554,,0,236,6,,,,,,6,3723,7648,18800,14320,0.803028581000035,5,"formalism-specific model size: SAT/MaxSAT reports base CNF and soft clauses, MIP reports variables/linear constraints/nonzeros, and CP reports integer variables plus linear/global constraints; SAT bound/totalizer overhead remains separate in optimizer_added_*",2370,2362,2362,2362,0,0,0,0,0,0,0,1,0.0851,0.003305,0.175509,,0.178814,0.869771,"wall-clock from immediately before reading/parsing the .dzn instance through model construction, optimization, solution decoding, and independent validation; excludes worker-process startup and result-file export",0,0,0,0,0,"0,0,0,0,0,0,0,0,0,0,0,0,0,0,0,0,0,0,0,0,0,0,0,0,0,0,0,0,0,0,0,0,0,0,0,0,0,0,0,0,0,0,0,0,0,0,0,0,0,0,0,0,0,0,0,0,0,0,0,0",peak_process_tree_rss_mb,914fbce8ca06e3233a0f6dcdad07dd221935aa429136a0ec130768a8a4a067bd,forb0003,data_table06_forb/forumt-14.forb0003.dzn,2,../noves/forumt-14.forb0003.dzn | ../noves/tic-14crafa.forb0003.dzn,2,data_table06_forb/forumt-14.forb0003.dzn | data_table06_forb/tic-14crafa.forb0003.dzn,https://imae.udg.edu/Recerca/LAI/,https://ima.udg.edu/Recerca/lai/b2b/b2b.zip,ee1f440ab3f6db27ab712300ad3a54a31ffd5ec1e06f81a9ac37cb7202c56528,2026-08-10T10:42:19+00:00,7200.0,,ee80a6fbd8b513f7c010668495c39621a371266a,True,3.10.12,1.8.dev25,instance-20260810-085803,Linux-6.8.0-1064-gcp-x86_64-with-glibc2.35,x86_64,4,8,15988.059,1,0,/home/g24021555/Business-Meeting-Scheduling-Problem/.venv/bin/python3 /home/g24021555/Business-Meeting-Scheduling-Problem/src/Main.py --manifest instances_manifest.csv --family forbidden --solver sat_all --objective-mode bg_d2 --domain-mode both --domain-filter-graph both --precedence-encoding both --precedence-graph both --encoding-variant imp12+ --sat-backend cadical --maxsat-backend uwrmaxsat --uwrmaxsat-bin /home/g24021555/uwrmaxsat/build/release/bin/uwrmaxsat --timeout 7200 --csv output/full_matrix_bg_d2_forbidden.csv,,,,,,,,multiple,,cadical,,factorial,sparse_suffix+direct,0,59,"1,2,3,4,5,6,7,8,9,10,11,12,13,14,15,16,17,18,20,21,22,23,24,25,26,27,28,29,30,31,32,33,34,35,36,37,38,39,40,41,42,43,44,45,46,47,48,49,50,51,52,53,54,55,56,57,58,59,60",2362,8,0,0,"0,0,0,0,0,0,0,0,0,0,0,0,0,0,0,0,0,0,0,0,0,0,0,0,0,0,0,0,0,0,0,0,0,0,0,0,0,0,0,0,0,0,0,0,0,0,0,0,0,0,0,0,0,0,0,0,0,0,0,0","36,42,48,54,54,54,54,48,46,38","10,7,6,5,1,8,9,3,1,3,1,2,5,6,3,7,4,8,6,1,5,6,4,1,6,4,2,7,2,5,1,2,3,5,8,9,10,7,6,4,4,1,3,2,10,7,9,2,10,9,1,8,5,10,2,5,7,9,3,8,4,5,8,4,2,7,1,3,6,10,2,5,4,9,8,10,1,5,9,2,6,10,8,3,4,7,4,3,6,5,7,8,3,2,1,7,6,4,9,7,4,5,6,2,8,7,4,6,3,7,10,9,6,10,6,1,4,9,7,8,3,3,6,5,3,2,8,4,6,7,7,9,5,7,4,1,8,6,10,2,3,6,2,5,1,10,10,6,3,9,3,9,4,8,1,7,10,5,6,2,4,10,9,1,7,6,8,5,3,6,8,3,2,9,5,7,4,10,2,4,5,8,5,9,4,2,8,5,4,7,9,6,4,3,6,9,8,4,5,7,7,2,4,9,10,3,1,8,5,6,4,1,3,7,8,9,5,3,9,9,7,2,10,8,4,6,3,5,7,8,10,5,9,6,5,8,7",1:M5 M9 M11 M20 M24 M31 M42 M51 M67 M77 M95 M116 M136 M145 M155 M164 M207 M212 | 2:M12 M27 M29 M32 M44 M48 M55 M65 M71 M80 M94 M104 M126 M140 M143 M160 M173 M179 M186 M202 M222 | 3:M8 M10 M15 M33 M43 M59 M68 M84 M88 M93 M109 M121 M122 M125 M141 M149 M151 M169 M172 M194 M206 M213 M218 M227 | 4:M17 M23 M26 M40 M41 M61 M64 M73 M85 M87 M98 M101 M107 M117 M128 M135 M153 M161 M177 M180 M185 M189 M193 M198 M203 M211 M225 | 5:M4 M13 M21 M30 M34 M53 M56 M62 M72 M78 M90 M102 M124 M133 M144 M158 M168 M175 M181 M183 M188 M199 M209 M217 M228 M232 M235 | 6:M3 M14 M19 M22 M25 M39 M69 M81 M89 M97 M103 M108 M113 M115 M123 M129 M138 M142 M148 M159 M166 M170 M192 M195 M210 M226 M234 | 7:M2 M16 M28 M38 M46 M57 M66 M86 M91 M96 M100 M106 M110 M119 M130 M131 M134 M156 M165 M176 M190 M200 M201 M214 M221 M229 M237 | 8:M6 M18 M35 M52 M60 M63 M75 M83 M92 M105 M120 M127 M137 M154 M167 M171 M182 M187 M197 M208 M215 M224 M230 M236 | 9:M7 M36 M47 M50 M58 M74 M79 M99 M112 M118 M132 M150 M152 M163 M174 M184 M191 M196 M204 M216 M219 M220 M233 | 10:M1 M37 M45 M49 M54 M70 M76 M82 M111 M114 M139 M146 M147 M157 M162 M178 M205 M223 M231,"journal objective family: bg_d2 | F-selected distance-labelled E* domain propagation and cycle detection | precedence configuration: F=distance_closure, P=sparse_suffix, G=direct | Reduced Domain variables after unary filtering + matching GAC + slot saturation | (20),(22)-(27) exactly once over reduced domains | (19) participant atMost-one per slot | (46),(47) clustered table capacity with compact forward channeling | (28) SparseSuffix precedence over direct distance-labelled relations | exact break-group ends and unary break-group thresholds | exact schedule <-> usedSlot channeling | (43) exactly |Mp| reduced usedSlot variables | (44) atMost 2|L| busy participants per slot | (45) exact even number of busy participants | historical hard cap Delta_G <= 2",0,"(0,)",result
,,,,,,,,,forumt-14.forb0003,b2b-914fbce8ca06e323,b2b-lineage-forumt-14,forbidden,R-SS-DE-ST-BGD2-UW-IC12P,Reduced,Filter-E*,SparseSuffix,Direct-E,SpanThreshold,BreakGroupsD2,UWrMaxSAT,IC12+,OPTIMAL,SAT,0,0,bg_d2,0,0,0,,,0,1,0.445793,False,73.211,,,,Compact,Compact/Reduced,project_implementation,one-shot weighted MaxSAT,31281,,,,,,,83311,236,83547,2362,28919,201735,60,cfg5__m-reduced__p-sparse_suffix__g-direct__b-span_threshold__o-break_groups_d2__s-uwrmaxsat__i-imp12plus__backend-uwrmaxsat,cfg5__m-reduced__p-sparse_suffix__g-direct__b-span_threshold__o-break_groups_d2__s-uwrmaxsat__i-imp12plus__backend-uwrmaxsat,reduced,distance_closure,sparse_suffix,direct,UWrMaxSAT,UWrMaxSAT,binary-sha256:8c68c8a386d3d7847b50d315143c2bab60e3514e59510e84a649db83cb303876,imp12+,span_threshold,total_break_groups_subject_to_range_at_most_2,BGD2,IC12P,201499,236,1,416,56137,22204,4554,1,236,236,1,,,,,,0,0,0,0,0,,,"formalism-specific model size: SAT/MaxSAT reports base CNF and soft clauses, MIP reports variables/linear constraints/nonzeros, and CP reports integer variables plus linear/global constraints; SAT bound/totalizer overhead remains separate in optimizer_added_*",2370,2362,2362,2362,0,0,0,0,0,0,0,1,0.082971,0.002785,0.177478,,0.180263,0.26553,"wall-clock from immediately before reading/parsing the .dzn instance through model construction, optimization, solution decoding, and independent validation; excludes worker-process startup and result-file export",0,0,0,0,0,"0,0,0,0,0,0,0,0,0,0,0,0,0,0,0,0,0,0,0,0,0,0,0,0,0,0,0,0,0,0,0,0,0,0,0,0,0,0,0,0,0,0,0,0,0,0,0,0,0,0,0,0,0,0,0,0,0,0,0,0",peak_process_tree_rss_mb,914fbce8ca06e3233a0f6dcdad07dd221935aa429136a0ec130768a8a4a067bd,forb0003,data_table06_forb/forumt-14.forb0003.dzn,2,../noves/forumt-14.forb0003.dzn | ../noves/tic-14crafa.forb0003.dzn,2,data_table06_forb/forumt-14.forb0003.dzn | data_table06_forb/tic-14crafa.forb0003.dzn,https://imae.udg.edu/Recerca/LAI/,https://ima.udg.edu/Recerca/lai/b2b/b2b.zip,ee1f440ab3f6db27ab712300ad3a54a31ffd5ec1e06f81a9ac37cb7202c56528,2026-08-10T10:42:19+00:00,7200.0,,ee80a6fbd8b513f7c010668495c39621a371266a,True,3.10.12,1.8.dev25,instance-20260810-085803,Linux-6.8.0-1064-gcp-x86_64-with-glibc2.35,x86_64,4,8,15988.059,1,0,/home/g24021555/Business-Meeting-Scheduling-Problem/.venv/bin/python3 /home/g24021555/Business-Meeting-Scheduling-Problem/src/Main.py --manifest instances_manifest.csv --family forbidden --solver sat_all --objective-mode bg_d2 --domain-mode both --domain-filter-graph both --precedence-encoding both --precedence-graph both --encoding-variant imp12+ --sat-backend cadical --maxsat-backend uwrmaxsat --uwrmaxsat-bin /home/g24021555/uwrmaxsat/build/release/bin/uwrmaxsat --timeout 7200 --csv output/full_matrix_bg_d2_forbidden.csv,/home/g24021555/uwrmaxsat/build/release/bin/uwrmaxsat,8c68c8a386d3d7847b50d315143c2bab60e3514e59510e84a649db83cb303876,/home/g24021555/uwrmaxsat/build/release/bin/uwrmaxsat -m /tmp/b2b_uwrmaxsat_f3a4u729/forumt-14.forb0003.wcnf,,process exit code=30,,,maxsat,uwrmaxsat,,/home/g24021555/uwrmaxsat/build/release/bin/uwrmaxsat,factorial,sparse_suffix+direct,0,59,"1,2,3,4,5,6,7,8,9,10,11,12,13,14,15,16,17,18,20,21,22,23,24,25,26,27,28,29,30,31,32,33,34,35,36,37,38,39,40,41,42,43,44,45,46,47,48,49,50,51,52,53,54,55,56,57,58,59,60",2362,8,0,0,"0,0,0,0,0,0,0,0,0,0,0,0,0,0,0,0,0,0,0,0,0,0,0,0,0,0,0,0,0,0,0,0,0,0,0,0,0,0,0,0,0,0,0,0,0,0,0,0,0,0,0,0,0,0,0,0,0,0,0,0","36,46,52,54,54,54,52,50,42,34","3,6,10,4,1,7,5,2,3,9,10,2,6,5,8,7,4,3,7,9,6,3,4,9,6,3,2,5,8,10,9,4,10,1,4,2,8,7,3,8,7,9,2,4,6,8,5,1,5,7,10,2,3,8,7,2,9,5,10,1,6,1,6,7,9,2,10,4,3,8,9,3,5,8,1,4,8,3,7,9,6,1,5,2,4,10,7,8,5,3,6,4,5,4,3,7,2,6,2,4,6,5,3,7,8,4,2,1,7,4,8,9,5,1,2,3,5,10,6,7,8,3,5,1,5,8,3,7,2,6,7,4,5,9,8,3,10,6,1,4,2,8,9,6,3,10,6,7,5,4,10,2,6,1,7,9,3,5,4,8,7,10,8,5,6,4,3,9,1,7,9,5,2,4,10,8,9,6,1,7,8,5,8,9,3,1,6,4,3,2,1,5,6,8,2,9,6,3,4,5,7,3,1,10,8,2,7,6,5,4,10,9,4,8,6,2,4,7,9,2,4,6,5,8,10,3,7,9,7,5,2,1,6,5,6,3,4",1:M5 M34 M48 M60 M62 M75 M82 M108 M114 M124 M139 M154 M169 M179 M186 M191 M203 M232 | 2:M8 M12 M27 M36 M43 M52 M56 M66 M84 M97 M99 M107 M115 M129 M141 M152 M173 M190 M195 M206 M216 M220 M231 | 3:M1 M9 M18 M22 M26 M39 M53 M69 M72 M78 M90 M95 M103 M116 M122 M127 M136 M145 M157 M167 M185 M189 M198 M202 M226 M236 | 4:M4 M17 M23 M32 M35 M44 M68 M76 M85 M92 M94 M100 M106 M110 M132 M140 M150 M159 M166 M174 M188 M199 M210 M213 M217 M221 M237 | 5:M7 M14 M28 M47 M49 M58 M73 M83 M89 M93 M102 M113 M117 M123 M125 M133 M149 M158 M164 M172 M182 M192 M200 M209 M223 M230 M234 | 6:M2 M13 M21 M25 M45 M61 M63 M81 M91 M98 M101 M119 M130 M138 M144 M147 M153 M165 M178 M187 M193 M197 M208 M215 M222 M233 M235 | 7:M6 M16 M19 M38 M41 M50 M55 M64 M79 M87 M96 M104 M109 M120 M128 M131 M148 M155 M161 M170 M180 M201 M207 M218 M227 M229 | 8:M15 M29 M37 M40 M46 M54 M70 M74 M77 M88 M105 M111 M121 M126 M135 M142 M160 M163 M176 M181 M183 M194 M205 M214 M224 | 9:M10 M20 M24 M31 M42 M57 M65 M71 M80 M112 M134 M143 M156 M168 M171 M177 M184 M196 M212 M219 M228 | 10:M3 M11 M30 M33 M51 M59 M67 M86 M118 M137 M146 M151 M162 M175 M204 M211 M225,"journal objective family: bg_d2 | F-selected distance-labelled E* domain propagation and cycle detection | precedence configuration: F=distance_closure, P=sparse_suffix, G=direct | Reduced Domain variables after unary filtering + matching GAC + slot saturation | (20),(22)-(27) exactly once over reduced domains | (19) participant atMost-one per slot | (46),(47) clustered table capacity with compact forward channeling | (28) SparseSuffix precedence over direct distance-labelled relations | exact break-group ends and unary break-group thresholds | exact schedule <-> usedSlot channeling | (43) exactly |Mp| reduced usedSlot variables | (44) atMost 2|L| busy participants per slot | (45) exact even number of busy participants | historical hard cap Delta_G <= 2",,,result
,,,,,,,,,forumt-14.forb0003,b2b-914fbce8ca06e323,b2b-lineage-forumt-14,forbidden,R-SS-DC-ST-BGD2-IS-CD-IC12P,Reduced,Filter-E*,SparseSuffix,DistanceClosure-E*,SpanThreshold,BreakGroupsD2,IncrementalSAT,IC12+,OPTIMAL,SAT,0,0,bg_d2,0,0,0,,,,,0.545058,False,66.82,,,,Compact,Compact/Reduced,project_implementation,incremental multi-phase SAT with persistent solver state,31281,,,,,,,83311,0,83311,2362,28919,201499,60,cfg5__m-reduced__p-sparse_suffix__g-distance_closure__b-span_threshold__o-break_groups_d2__s-incrementalsat__i-imp12plus__backend-cadical,cfg5__m-reduced__p-sparse_suffix__g-distance_closure__b-span_threshold__o-break_groups_d2__s-incrementalsat__i-imp12plus__backend-cadical,reduced,distance_closure,sparse_suffix,distance_closure,IncrementalSAT,CaDiCaL,1.5.3,imp12+,span_threshold,total_break_groups_subject_to_range_at_most_2,BGD2,IC12P,201499,0,0,416,56137,22204,4554,,0,236,6,,,,,,1,1419,9448,26726,9448,0.30061552000006486,5,"formalism-specific model size: SAT/MaxSAT reports base CNF and soft clauses, MIP reports variables/linear constraints/nonzeros, and CP reports integer variables plus linear/global constraints; SAT bound/totalizer overhead remains separate in optimizer_added_*",2370,2362,2362,2362,0,0,0,0,0,0,0,1,0.083757,0.002604,0.174676,,0.17728,0.367779,"wall-clock from immediately before reading/parsing the .dzn instance through model construction, optimization, solution decoding, and independent validation; excludes worker-process startup and result-file export",0,0,0,0,0,"0,0,0,0,0,0,0,0,0,0,0,0,0,0,0,0,0,0,0,0,0,0,0,0,0,0,0,0,0,0,0,0,0,0,0,0,0,0,0,0,0,0,0,0,0,0,0,0,0,0,0,0,0,0,0,0,0,0,0,0",peak_process_tree_rss_mb,914fbce8ca06e3233a0f6dcdad07dd221935aa429136a0ec130768a8a4a067bd,forb0003,data_table06_forb/forumt-14.forb0003.dzn,2,../noves/forumt-14.forb0003.dzn | ../noves/tic-14crafa.forb0003.dzn,2,data_table06_forb/forumt-14.forb0003.dzn | data_table06_forb/tic-14crafa.forb0003.dzn,https://imae.udg.edu/Recerca/LAI/,https://ima.udg.edu/Recerca/lai/b2b/b2b.zip,ee1f440ab3f6db27ab712300ad3a54a31ffd5ec1e06f81a9ac37cb7202c56528,2026-08-10T10:42:19+00:00,7200.0,,ee80a6fbd8b513f7c010668495c39621a371266a,True,3.10.12,1.8.dev25,instance-20260810-085803,Linux-6.8.0-1064-gcp-x86_64-with-glibc2.35,x86_64,4,8,15988.059,1,0,/home/g24021555/Business-Meeting-Scheduling-Problem/.venv/bin/python3 /home/g24021555/Business-Meeting-Scheduling-Problem/src/Main.py --manifest instances_manifest.csv --family forbidden --solver sat_all --objective-mode bg_d2 --domain-mode both --domain-filter-graph both --precedence-encoding both --precedence-graph both --encoding-variant imp12+ --sat-backend cadical --maxsat-backend uwrmaxsat --uwrmaxsat-bin /home/g24021555/uwrmaxsat/build/release/bin/uwrmaxsat --timeout 7200 --csv output/full_matrix_bg_d2_forbidden.csv,,,,,,,,incremental,,cadical,,staircase,sparse_suffix+distance_closure,0,59,"1,2,3,4,5,6,7,8,9,10,11,12,13,14,15,16,17,18,20,21,22,23,24,25,26,27,28,29,30,31,32,33,34,35,36,37,38,39,40,41,42,43,44,45,46,47,48,49,50,51,52,53,54,55,56,57,58,59,60",2362,8,0,0,"0,0,0,0,0,0,0,0,0,0,0,0,0,0,0,0,0,0,0,0,0,0,0,0,0,0,0,0,0,0,0,0,0,0,0,0,0,0,0,0,0,0,0,0,0,0,0,0,0,0,0,0,0,0,0,0,0,0,0,0","38,42,50,54,54,54,54,50,44,34","5,8,7,10,4,3,6,9,7,7,7,9,5,4,8,3,6,2,2,3,4,7,8,1,5,7,2,8,1,5,1,3,4,9,6,2,7,3,1,7,2,3,10,8,5,4,9,4,6,3,2,10,5,10,7,9,6,8,3,2,4,2,6,5,8,4,10,3,1,7,5,3,1,6,4,2,10,9,4,2,7,6,5,8,1,3,3,4,5,1,6,2,5,10,6,7,9,8,10,6,8,9,1,5,7,10,8,7,3,9,6,10,4,2,6,7,4,5,9,10,1,7,5,6,5,4,7,6,8,9,2,9,1,10,2,5,6,9,3,8,7,9,1,8,4,2,9,4,6,5,2,9,1,10,8,7,4,6,3,5,7,4,1,2,8,6,10,5,3,8,3,5,10,1,5,2,6,9,10,8,6,7,4,8,10,5,4,3,5,8,6,7,9,8,5,1,6,3,9,7,6,3,8,6,9,2,4,7,5,1,8,3,4,7,2,4,4,3,6,6,3,9,8,7,4,5,2,1,3,9,4,8,7,3,5,1,4",1:M24 M29 M31 M39 M69 M73 M85 M90 M103 M121 M133 M143 M153 M163 M174 M196 M210 M228 M236 | 2:M18 M19 M27 M36 M41 M51 M60 M62 M76 M80 M92 M114 M131 M135 M146 M151 M164 M176 M206 M215 M227 | 3:M6 M16 M20 M32 M38 M42 M50 M59 M68 M72 M86 M87 M109 M139 M159 M169 M171 M188 M198 M202 M212 M218 M221 M229 M234 | 4:M5 M14 M21 M33 M46 M48 M61 M66 M75 M79 M88 M113 M117 M126 M145 M148 M157 M162 M183 M187 M207 M213 M216 M217 M225 M231 M237 | 5:M1 M13 M25 M30 M45 M53 M64 M71 M83 M89 M93 M104 M118 M123 M125 M136 M150 M160 M168 M172 M175 M186 M189 M195 M209 M226 M235 | 6:M7 M17 M35 M49 M57 M63 M74 M82 M91 M95 M100 M111 M115 M124 M128 M137 M149 M158 M166 M177 M181 M191 M197 M201 M204 M219 M220 | 7:M3 M9 M10 M11 M22 M26 M37 M40 M55 M70 M81 M96 M105 M108 M116 M122 M127 M141 M156 M161 M182 M192 M200 M208 M214 M224 M233 | 8:M2 M15 M23 M28 M44 M58 M65 M84 M98 M101 M107 M129 M140 M144 M155 M165 M170 M180 M184 M190 M194 M203 M211 M223 M232 | 9:M8 M12 M34 M47 M56 M78 M97 M102 M110 M119 M130 M132 M138 M142 M147 M152 M178 M193 M199 M205 M222 M230 | 10:M4 M43 M52 M54 M67 M77 M94 M99 M106 M112 M120 M134 M154 M167 M173 M179 M185,"journal objective family: bg_d2 | F-selected distance-labelled E* domain propagation and cycle detection | precedence configuration: F=distance_closure, P=sparse_suffix, G=distance_closure | Reduced Domain variables after unary filtering + matching GAC + slot saturation | (20),(22)-(27) exactly once over reduced domains | (19) participant atMost-one per slot | (46),(47) clustered table capacity with compact forward channeling | (28) SparseSuffix precedence over distance_closure distance-labelled relations | exact break-group ends and unary break-group thresholds | exact schedule <-> usedSlot channeling | (43) exactly |Mp| reduced usedSlot variables | (44) atMost 2|L| busy participants per slot | (45) exact even number of busy participants | historical hard cap Delta_G <= 2",0,"(0,)",result
,,,,,,,,,forumt-14.forb0003,b2b-914fbce8ca06e323,b2b-lineage-forumt-14,forbidden,R-SS-DC-ST-BGD2-NIS-CD-IC12P,Reduced,Filter-E*,SparseSuffix,DistanceClosure-E*,SpanThreshold,BreakGroupsD2,NonIncrementalSAT,IC12+,OPTIMAL,SAT,0,0,bg_d2,0,0,0,,,,,1.044582,False,68.695,,,,Compact,Compact/Reduced,project_implementation,restart-based multi-phase SAT,31281,,,,,,,83311,0,83311,2362,28919,201499,60,cfg5__m-reduced__p-sparse_suffix__g-distance_closure__b-span_threshold__o-break_groups_d2__s-nonincrementalsat__i-imp12plus__backend-cadical,cfg5__m-reduced__p-sparse_suffix__g-distance_closure__b-span_threshold__o-break_groups_d2__s-nonincrementalsat__i-imp12plus__backend-cadical,reduced,distance_closure,sparse_suffix,distance_closure,NonIncrementalSAT,CaDiCaL,1.5.3,imp12+,span_threshold,total_break_groups_subject_to_range_at_most_2,BGD2,IC12P,201499,0,0,416,56137,22204,4554,,0,236,6,,,,,,6,3723,7648,18800,14320,0.8013124389999575,5,"formalism-specific model size: SAT/MaxSAT reports base CNF and soft clauses, MIP reports variables/linear constraints/nonzeros, and CP reports integer variables plus linear/global constraints; SAT bound/totalizer overhead remains separate in optimizer_added_*",2370,2362,2362,2362,0,0,0,0,0,0,0,1,0.081961,0.002631,0.172998,,0.175629,0.868953,"wall-clock from immediately before reading/parsing the .dzn instance through model construction, optimization, solution decoding, and independent validation; excludes worker-process startup and result-file export",0,0,0,0,0,"0,0,0,0,0,0,0,0,0,0,0,0,0,0,0,0,0,0,0,0,0,0,0,0,0,0,0,0,0,0,0,0,0,0,0,0,0,0,0,0,0,0,0,0,0,0,0,0,0,0,0,0,0,0,0,0,0,0,0,0",peak_process_tree_rss_mb,914fbce8ca06e3233a0f6dcdad07dd221935aa429136a0ec130768a8a4a067bd,forb0003,data_table06_forb/forumt-14.forb0003.dzn,2,../noves/forumt-14.forb0003.dzn | ../noves/tic-14crafa.forb0003.dzn,2,data_table06_forb/forumt-14.forb0003.dzn | data_table06_forb/tic-14crafa.forb0003.dzn,https://imae.udg.edu/Recerca/LAI/,https://ima.udg.edu/Recerca/lai/b2b/b2b.zip,ee1f440ab3f6db27ab712300ad3a54a31ffd5ec1e06f81a9ac37cb7202c56528,2026-08-10T10:42:19+00:00,7200.0,,ee80a6fbd8b513f7c010668495c39621a371266a,True,3.10.12,1.8.dev25,instance-20260810-085803,Linux-6.8.0-1064-gcp-x86_64-with-glibc2.35,x86_64,4,8,15988.059,1,0,/home/g24021555/Business-Meeting-Scheduling-Problem/.venv/bin/python3 /home/g24021555/Business-Meeting-Scheduling-Problem/src/Main.py --manifest instances_manifest.csv --family forbidden --solver sat_all --objective-mode bg_d2 --domain-mode both --domain-filter-graph both --precedence-encoding both --precedence-graph both --encoding-variant imp12+ --sat-backend cadical --maxsat-backend uwrmaxsat --uwrmaxsat-bin /home/g24021555/uwrmaxsat/build/release/bin/uwrmaxsat --timeout 7200 --csv output/full_matrix_bg_d2_forbidden.csv,,,,,,,,multiple,,cadical,,staircase,sparse_suffix+distance_closure,0,59,"1,2,3,4,5,6,7,8,9,10,11,12,13,14,15,16,17,18,20,21,22,23,24,25,26,27,28,29,30,31,32,33,34,35,36,37,38,39,40,41,42,43,44,45,46,47,48,49,50,51,52,53,54,55,56,57,58,59,60",2362,8,0,0,"0,0,0,0,0,0,0,0,0,0,0,0,0,0,0,0,0,0,0,0,0,0,0,0,0,0,0,0,0,0,0,0,0,0,0,0,0,0,0,0,0,0,0,0,0,0,0,0,0,0,0,0,0,0,0,0,0,0,0,0","36,42,48,54,54,54,54,48,46,38","10,7,6,5,1,8,9,3,1,3,1,2,5,6,3,7,4,8,6,1,5,6,4,1,6,4,2,7,2,5,1,2,3,5,8,9,10,7,6,4,4,1,3,2,10,7,9,2,10,9,1,8,5,10,2,5,7,9,3,8,4,5,8,4,2,7,1,3,6,10,2,5,4,9,8,10,1,5,9,2,6,10,8,3,4,7,4,3,6,5,7,8,3,2,1,7,6,4,9,7,4,5,6,2,8,7,4,6,3,7,10,9,6,10,6,1,4,9,7,8,3,3,6,5,3,2,8,4,6,7,7,9,5,7,4,1,8,6,10,2,3,6,2,5,1,10,10,6,3,9,3,9,4,8,1,7,10,5,6,2,4,10,9,1,7,6,8,5,3,6,8,3,2,9,5,7,4,10,2,4,5,8,5,9,4,2,8,5,4,7,9,6,4,3,6,9,8,4,5,7,7,2,4,9,10,3,1,8,5,6,4,1,3,7,8,9,5,3,9,9,7,2,10,8,4,6,3,5,7,8,10,5,9,6,5,8,7",1:M5 M9 M11 M20 M24 M31 M42 M51 M67 M77 M95 M116 M136 M145 M155 M164 M207 M212 | 2:M12 M27 M29 M32 M44 M48 M55 M65 M71 M80 M94 M104 M126 M140 M143 M160 M173 M179 M186 M202 M222 | 3:M8 M10 M15 M33 M43 M59 M68 M84 M88 M93 M109 M121 M122 M125 M141 M149 M151 M169 M172 M194 M206 M213 M218 M227 | 4:M17 M23 M26 M40 M41 M61 M64 M73 M85 M87 M98 M101 M107 M117 M128 M135 M153 M161 M177 M180 M185 M189 M193 M198 M203 M211 M225 | 5:M4 M13 M21 M30 M34 M53 M56 M62 M72 M78 M90 M102 M124 M133 M144 M158 M168 M175 M181 M183 M188 M199 M209 M217 M228 M232 M235 | 6:M3 M14 M19 M22 M25 M39 M69 M81 M89 M97 M103 M108 M113 M115 M123 M129 M138 M142 M148 M159 M166 M170 M192 M195 M210 M226 M234 | 7:M2 M16 M28 M38 M46 M57 M66 M86 M91 M96 M100 M106 M110 M119 M130 M131 M134 M156 M165 M176 M190 M200 M201 M214 M221 M229 M237 | 8:M6 M18 M35 M52 M60 M63 M75 M83 M92 M105 M120 M127 M137 M154 M167 M171 M182 M187 M197 M208 M215 M224 M230 M236 | 9:M7 M36 M47 M50 M58 M74 M79 M99 M112 M118 M132 M150 M152 M163 M174 M184 M191 M196 M204 M216 M219 M220 M233 | 10:M1 M37 M45 M49 M54 M70 M76 M82 M111 M114 M139 M146 M147 M157 M162 M178 M205 M223 M231,"journal objective family: bg_d2 | F-selected distance-labelled E* domain propagation and cycle detection | precedence configuration: F=distance_closure, P=sparse_suffix, G=distance_closure | Reduced Domain variables after unary filtering + matching GAC + slot saturation | (20),(22)-(27) exactly once over reduced domains | (19) participant atMost-one per slot | (46),(47) clustered table capacity with compact forward channeling | (28) SparseSuffix precedence over distance_closure distance-labelled relations | exact break-group ends and unary break-group thresholds | exact schedule <-> usedSlot channeling | (43) exactly |Mp| reduced usedSlot variables | (44) atMost 2|L| busy participants per slot | (45) exact even number of busy participants | historical hard cap Delta_G <= 2",0,"(0,)",result
,,,,,,,,,forumt-14.forb0003,b2b-914fbce8ca06e323,b2b-lineage-forumt-14,forbidden,R-SS-DC-ST-BGD2-UW-IC12P,Reduced,Filter-E*,SparseSuffix,DistanceClosure-E*,SpanThreshold,BreakGroupsD2,UWrMaxSAT,IC12+,OPTIMAL,SAT,0,0,bg_d2,0,0,0,,,0,1,0.444805,False,73.168,,,,Compact,Compact/Reduced,project_implementation,one-shot weighted MaxSAT,31281,,,,,,,83311,236,83547,2362,28919,201735,60,cfg5__m-reduced__p-sparse_suffix__g-distance_closure__b-span_threshold__o-break_groups_d2__s-uwrmaxsat__i-imp12plus__backend-uwrmaxsat,cfg5__m-reduced__p-sparse_suffix__g-distance_closure__b-span_threshold__o-break_groups_d2__s-uwrmaxsat__i-imp12plus__backend-uwrmaxsat,reduced,distance_closure,sparse_suffix,distance_closure,UWrMaxSAT,UWrMaxSAT,binary-sha256:8c68c8a386d3d7847b50d315143c2bab60e3514e59510e84a649db83cb303876,imp12+,span_threshold,total_break_groups_subject_to_range_at_most_2,BGD2,IC12P,201499,236,1,416,56137,22204,4554,1,236,236,1,,,,,,0,0,0,0,0,,,"formalism-specific model size: SAT/MaxSAT reports base CNF and soft clauses, MIP reports variables/linear constraints/nonzeros, and CP reports integer variables plus linear/global constraints; SAT bound/totalizer overhead remains separate in optimizer_added_*",2370,2362,2362,2362,0,0,0,0,0,0,0,1,0.085654,0.003022,0.179427,,0.182449,0.262356,"wall-clock from immediately before reading/parsing the .dzn instance through model construction, optimization, solution decoding, and independent validation; excludes worker-process startup and result-file export",0,0,0,0,0,"0,0,0,0,0,0,0,0,0,0,0,0,0,0,0,0,0,0,0,0,0,0,0,0,0,0,0,0,0,0,0,0,0,0,0,0,0,0,0,0,0,0,0,0,0,0,0,0,0,0,0,0,0,0,0,0,0,0,0,0",peak_process_tree_rss_mb,914fbce8ca06e3233a0f6dcdad07dd221935aa429136a0ec130768a8a4a067bd,forb0003,data_table06_forb/forumt-14.forb0003.dzn,2,../noves/forumt-14.forb0003.dzn | ../noves/tic-14crafa.forb0003.dzn,2,data_table06_forb/forumt-14.forb0003.dzn | data_table06_forb/tic-14crafa.forb0003.dzn,https://imae.udg.edu/Recerca/LAI/,https://ima.udg.edu/Recerca/lai/b2b/b2b.zip,ee1f440ab3f6db27ab712300ad3a54a31ffd5ec1e06f81a9ac37cb7202c56528,2026-08-10T10:42:19+00:00,7200.0,,ee80a6fbd8b513f7c010668495c39621a371266a,True,3.10.12,1.8.dev25,instance-20260810-085803,Linux-6.8.0-1064-gcp-x86_64-with-glibc2.35,x86_64,4,8,15988.059,1,0,/home/g24021555/Business-Meeting-Scheduling-Problem/.venv/bin/python3 /home/g24021555/Business-Meeting-Scheduling-Problem/src/Main.py --manifest instances_manifest.csv --family forbidden --solver sat_all --objective-mode bg_d2 --domain-mode both --domain-filter-graph both --precedence-encoding both --precedence-graph both --encoding-variant imp12+ --sat-backend cadical --maxsat-backend uwrmaxsat --uwrmaxsat-bin /home/g24021555/uwrmaxsat/build/release/bin/uwrmaxsat --timeout 7200 --csv output/full_matrix_bg_d2_forbidden.csv,/home/g24021555/uwrmaxsat/build/release/bin/uwrmaxsat,8c68c8a386d3d7847b50d315143c2bab60e3514e59510e84a649db83cb303876,/home/g24021555/uwrmaxsat/build/release/bin/uwrmaxsat -m /tmp/b2b_uwrmaxsat_kj3pfi8j/forumt-14.forb0003.wcnf,,process exit code=30,,,maxsat,uwrmaxsat,,/home/g24021555/uwrmaxsat/build/release/bin/uwrmaxsat,staircase,sparse_suffix+distance_closure,0,59,"1,2,3,4,5,6,7,8,9,10,11,12,13,14,15,16,17,18,20,21,22,23,24,25,26,27,28,29,30,31,32,33,34,35,36,37,38,39,40,41,42,43,44,45,46,47,48,49,50,51,52,53,54,55,56,57,58,59,60",2362,8,0,0,"0,0,0,0,0,0,0,0,0,0,0,0,0,0,0,0,0,0,0,0,0,0,0,0,0,0,0,0,0,0,0,0,0,0,0,0,0,0,0,0,0,0,0,0,0,0,0,0,0,0,0,0,0,0,0,0,0,0,0,0","36,46,52,54,54,54,52,50,42,34","3,6,10,4,1,7,5,2,3,9,10,2,6,5,8,7,4,3,7,9,6,3,4,9,6,3,2,5,8,10,9,4,10,1,4,2,8,7,3,8,7,9,2,4,6,8,5,1,5,7,10,2,3,8,7,2,9,5,10,1,6,1,6,7,9,2,10,4,3,8,9,3,5,8,1,4,8,3,7,9,6,1,5,2,4,10,7,8,5,3,6,4,5,4,3,7,2,6,2,4,6,5,3,7,8,4,2,1,7,4,8,9,5,1,2,3,5,10,6,7,8,3,5,1,5,8,3,7,2,6,7,4,5,9,8,3,10,6,1,4,2,8,9,6,3,10,6,7,5,4,10,2,6,1,7,9,3,5,4,8,7,10,8,5,6,4,3,9,1,7,9,5,2,4,10,8,9,6,1,7,8,5,8,9,3,1,6,4,3,2,1,5,6,8,2,9,6,3,4,5,7,3,1,10,8,2,7,6,5,4,10,9,4,8,6,2,4,7,9,2,4,6,5,8,10,3,7,9,7,5,2,1,6,5,6,3,4",1:M5 M34 M48 M60 M62 M75 M82 M108 M114 M124 M139 M154 M169 M179 M186 M191 M203 M232 | 2:M8 M12 M27 M36 M43 M52 M56 M66 M84 M97 M99 M107 M115 M129 M141 M152 M173 M190 M195 M206 M216 M220 M231 | 3:M1 M9 M18 M22 M26 M39 M53 M69 M72 M78 M90 M95 M103 M116 M122 M127 M136 M145 M157 M167 M185 M189 M198 M202 M226 M236 | 4:M4 M17 M23 M32 M35 M44 M68 M76 M85 M92 M94 M100 M106 M110 M132 M140 M150 M159 M166 M174 M188 M199 M210 M213 M217 M221 M237 | 5:M7 M14 M28 M47 M49 M58 M73 M83 M89 M93 M102 M113 M117 M123 M125 M133 M149 M158 M164 M172 M182 M192 M200 M209 M223 M230 M234 | 6:M2 M13 M21 M25 M45 M61 M63 M81 M91 M98 M101 M119 M130 M138 M144 M147 M153 M165 M178 M187 M193 M197 M208 M215 M222 M233 M235 | 7:M6 M16 M19 M38 M41 M50 M55 M64 M79 M87 M96 M104 M109 M120 M128 M131 M148 M155 M161 M170 M180 M201 M207 M218 M227 M229 | 8:M15 M29 M37 M40 M46 M54 M70 M74 M77 M88 M105 M111 M121 M126 M135 M142 M160 M163 M176 M181 M183 M194 M205 M214 M224 | 9:M10 M20 M24 M31 M42 M57 M65 M71 M80 M112 M134 M143 M156 M168 M171 M177 M184 M196 M212 M219 M228 | 10:M3 M11 M30 M33 M51 M59 M67 M86 M118 M137 M146 M151 M162 M175 M204 M211 M225,"journal objective family: bg_d2 | F-selected distance-labelled E* domain propagation and cycle detection | precedence configuration: F=distance_closure, P=sparse_suffix, G=distance_closure | Reduced Domain variables after unary filtering + matching GAC + slot saturation | (20),(22)-(27) exactly once over reduced domains | (19) participant atMost-one per slot | (46),(47) clustered table capacity with compact forward channeling | (28) SparseSuffix precedence over distance_closure distance-labelled relations | exact break-group ends and unary break-group thresholds | exact schedule <-> usedSlot channeling | (43) exactly |Mp| reduced usedSlot variables | (44) atMost 2|L| busy participants per slot | (45) exact even number of busy participants | historical hard cap Delta_G <= 2",,,result
,,,,,,,,,tic-13crafc.forb0007,b2b-9941602cc38f4c9a,b2b-lineage-tic-13crafc,forbidden,F-PW-DE-ST-BGD2-IS-CD-IC12P,Full,Filter-E*,Pairwise,Direct-E,SpanThreshold,BreakGroupsD2,IncrementalSAT,IC12+,UNSAT,UNSAT,,,bg_d2,,,,,,,,0.115774,False,40.566,,,,Compact,Compact/Full,project_implementation,incremental multi-phase SAT with persistent solver state,26969,,,,,,,67582,0,67582,1800,25169,163082,46,cfg5__m-full__p-pairwise__g-direct__b-span_threshold__o-break_groups_d2__s-incrementalsat__i-imp12plus__backend-cadical,cfg5__m-full__p-pairwise__g-direct__b-span_threshold__o-break_groups_d2__s-incrementalsat__i-imp12plus__backend-cadical,full,distance_closure,pairwise,direct,IncrementalSAT,CaDiCaL,1.5.3,imp12+,span_threshold,total_break_groups_subject_to_range_at_most_2,BGD2,IC12P,163082,0,0,305,45575,18226,3476,,0,180,1,,,,,,0,0,0,0,0,,,"formalism-specific model size: SAT/MaxSAT reports base CNF and soft clauses, MIP reports variables/linear constraints/nonzeros, and CP reports integer variables plus linear/global constraints; SAT bound/totalizer overhead remains separate in optimizer_added_*",1800,1772,1763,1800,0,0,0,0,0,0,0,1,0.019358,0.002208,0.086549,,0.088757,0.027017,"wall-clock from immediately before reading/parsing the .dzn instance through model construction, optimization, solution decoding, and independent validation; excludes worker-process startup and result-file export",,,,,,,peak_process_tree_rss_mb,9941602cc38f4c9ac6735c7764cbbd83f4c994da4e31402742629d1aacab42ce,forb0007,data_table06_forb/tic-13crafc.forb0007.dzn,1,../noves/tic-13crafc.forb0007.dzn,1,data_table06_forb/tic-13crafc.forb0007.dzn,https://imae.udg.edu/Recerca/LAI/,https://ima.udg.edu/Recerca/lai/b2b/b2b.zip,ee1f440ab3f6db27ab712300ad3a54a31ffd5ec1e06f81a9ac37cb7202c56528,2026-08-10T10:42:19+00:00,7200.0,,ee80a6fbd8b513f7c010668495c39621a371266a,True,3.10.12,1.8.dev25,instance-20260810-085803,Linux-6.8.0-1064-gcp-x86_64-with-glibc2.35,x86_64,4,8,15988.059,1,0,/home/g24021555/Business-Meeting-Scheduling-Problem/.venv/bin/python3 /home/g24021555/Business-Meeting-Scheduling-Problem/src/Main.py --manifest instances_manifest.csv --family forbidden --solver sat_all --objective-mode bg_d2 --domain-mode both --domain-filter-graph both --precedence-encoding both --precedence-graph both --encoding-variant imp12+ --sat-backend cadical --maxsat-backend uwrmaxsat --uwrmaxsat-bin /home/g24021555/uwrmaxsat/build/release/bin/uwrmaxsat --timeout 7200 --csv output/full_matrix_bg_d2_forbidden.csv,,,,,,,,incremental,,cadical,,traditional,pairwise+direct,,45,"1,3,4,5,6,7,8,9,10,11,12,13,14,15,16,17,18,19,20,21,22,23,24,25,26,27,28,29,30,31,32,33,34,35,36,37,38,40,41,42,43,44,45,46,47",1772,28,9,9,,,,,"journal objective family: bg_d2 | F-selected distance-labelled E* domain propagation and cycle detection | precedence configuration: F=distance_closure, P=pairwise, G=direct | Full Domain MxT schedule variables + explicit unary exclusions | (20),(22)-(27) exactly once over full domains | (22)-(27) session/fixed/forbidden exclusions as hard unit clauses | (19) participant atMost-one per slot | (46),(47) clustered table capacity with compact forward channeling | (28) Pairwise precedence over direct distance-labelled relations | exact break-group ends and unary break-group thresholds | exact schedule <-> usedSlot channeling | (43) exactly |Mp| full usedSlot variables | (44) atMost 2|L| busy participants per slot | (45) exact even number of busy participants | historical hard cap Delta_G <= 2",,,result
,,,,,,,,,tic-13crafc.forb0007,b2b-9941602cc38f4c9a,b2b-lineage-tic-13crafc,forbidden,F-PW-DE-ST-BGD2-NIS-CD-IC12P,Full,Filter-E*,Pairwise,Direct-E,SpanThreshold,BreakGroupsD2,NonIncrementalSAT,IC12+,UNSAT,UNSAT,,,bg_d2,,,,,,,,0.114001,False,40.223,,,,Compact,Compact/Full,project_implementation,restart-based multi-phase SAT,26969,,,,,,,67582,0,67582,1800,25169,163082,46,cfg5__m-full__p-pairwise__g-direct__b-span_threshold__o-break_groups_d2__s-nonincrementalsat__i-imp12plus__backend-cadical,cfg5__m-full__p-pairwise__g-direct__b-span_threshold__o-break_groups_d2__s-nonincrementalsat__i-imp12plus__backend-cadical,full,distance_closure,pairwise,direct,NonIncrementalSAT,CaDiCaL,1.5.3,imp12+,span_threshold,total_break_groups_subject_to_range_at_most_2,BGD2,IC12P,163082,0,0,305,45575,18226,3476,,0,180,1,,,,,,0,0,0,0,0,,,"formalism-specific model size: SAT/MaxSAT reports base CNF and soft clauses, MIP reports variables/linear constraints/nonzeros, and CP reports integer variables plus linear/global constraints; SAT bound/totalizer overhead remains separate in optimizer_added_*",1800,1772,1763,1800,0,0,0,0,0,0,0,1,0.018216,0.002498,0.086109,,0.088608,0.025393,"wall-clock from immediately before reading/parsing the .dzn instance through model construction, optimization, solution decoding, and independent validation; excludes worker-process startup and result-file export",,,,,,,peak_process_tree_rss_mb,9941602cc38f4c9ac6735c7764cbbd83f4c994da4e31402742629d1aacab42ce,forb0007,data_table06_forb/tic-13crafc.forb0007.dzn,1,../noves/tic-13crafc.forb0007.dzn,1,data_table06_forb/tic-13crafc.forb0007.dzn,https://imae.udg.edu/Recerca/LAI/,https://ima.udg.edu/Recerca/lai/b2b/b2b.zip,ee1f440ab3f6db27ab712300ad3a54a31ffd5ec1e06f81a9ac37cb7202c56528,2026-08-10T10:42:19+00:00,7200.0,,ee80a6fbd8b513f7c010668495c39621a371266a,True,3.10.12,1.8.dev25,instance-20260810-085803,Linux-6.8.0-1064-gcp-x86_64-with-glibc2.35,x86_64,4,8,15988.059,1,0,/home/g24021555/Business-Meeting-Scheduling-Problem/.venv/bin/python3 /home/g24021555/Business-Meeting-Scheduling-Problem/src/Main.py --manifest instances_manifest.csv --family forbidden --solver sat_all --objective-mode bg_d2 --domain-mode both --domain-filter-graph both --precedence-encoding both --precedence-graph both --encoding-variant imp12+ --sat-backend cadical --maxsat-backend uwrmaxsat --uwrmaxsat-bin /home/g24021555/uwrmaxsat/build/release/bin/uwrmaxsat --timeout 7200 --csv output/full_matrix_bg_d2_forbidden.csv,,,,,,,,multiple,,cadical,,traditional,pairwise+direct,,45,"1,3,4,5,6,7,8,9,10,11,12,13,14,15,16,17,18,19,20,21,22,23,24,25,26,27,28,29,30,31,32,33,34,35,36,37,38,40,41,42,43,44,45,46,47",1772,28,9,9,,,,,"journal objective family: bg_d2 | F-selected distance-labelled E* domain propagation and cycle detection | precedence configuration: F=distance_closure, P=pairwise, G=direct | Full Domain MxT schedule variables + explicit unary exclusions | (20),(22)-(27) exactly once over full domains | (22)-(27) session/fixed/forbidden exclusions as hard unit clauses | (19) participant atMost-one per slot | (46),(47) clustered table capacity with compact forward channeling | (28) Pairwise precedence over direct distance-labelled relations | exact break-group ends and unary break-group thresholds | exact schedule <-> usedSlot channeling | (43) exactly |Mp| full usedSlot variables | (44) atMost 2|L| busy participants per slot | (45) exact even number of busy participants | historical hard cap Delta_G <= 2",,,result
,,,,,,,,,tic-13crafc.forb0007,b2b-9941602cc38f4c9a,b2b-lineage-tic-13crafc,forbidden,F-PW-DE-ST-BGD2-UW-IC12P,Full,Filter-E*,Pairwise,Direct-E,SpanThreshold,BreakGroupsD2,UWrMaxSAT,IC12+,UNSAT,UNSAT,,,bg_d2,,,,,,,1,0.231761,False,46.367,,,,Compact,Compact/Full,project_implementation,one-shot weighted MaxSAT,26969,,,,,,,67582,180,67762,1800,25169,163262,46,cfg5__m-full__p-pairwise__g-direct__b-span_threshold__o-break_groups_d2__s-uwrmaxsat__i-imp12plus__backend-uwrmaxsat,cfg5__m-full__p-pairwise__g-direct__b-span_threshold__o-break_groups_d2__s-uwrmaxsat__i-imp12plus__backend-uwrmaxsat,full,distance_closure,pairwise,direct,UWrMaxSAT,UWrMaxSAT,binary-sha256:8c68c8a386d3d7847b50d315143c2bab60e3514e59510e84a649db83cb303876,imp12+,span_threshold,total_break_groups_subject_to_range_at_most_2,BGD2,IC12P,163082,180,1,305,45575,18226,3476,1,180,180,1,,,,,,0,0,0,0,0,,,"formalism-specific model size: SAT/MaxSAT reports base CNF and soft clauses, MIP reports variables/linear constraints/nonzeros, and CP reports integer variables plus linear/global constraints; SAT bound/totalizer overhead remains separate in optimizer_added_*",1800,1772,1763,1800,0,0,0,0,0,0,0,1,0.018292,0.002199,0.091721,,0.09392,0.137841,"wall-clock from immediately before reading/parsing the .dzn instance through model construction, optimization, solution decoding, and independent validation; excludes worker-process startup and result-file export",,,,,,,peak_process_tree_rss_mb,9941602cc38f4c9ac6735c7764cbbd83f4c994da4e31402742629d1aacab42ce,forb0007,data_table06_forb/tic-13crafc.forb0007.dzn,1,../noves/tic-13crafc.forb0007.dzn,1,data_table06_forb/tic-13crafc.forb0007.dzn,https://imae.udg.edu/Recerca/LAI/,https://ima.udg.edu/Recerca/lai/b2b/b2b.zip,ee1f440ab3f6db27ab712300ad3a54a31ffd5ec1e06f81a9ac37cb7202c56528,2026-08-10T10:42:19+00:00,7200.0,,ee80a6fbd8b513f7c010668495c39621a371266a,True,3.10.12,1.8.dev25,instance-20260810-085803,Linux-6.8.0-1064-gcp-x86_64-with-glibc2.35,x86_64,4,8,15988.059,1,0,/home/g24021555/Business-Meeting-Scheduling-Problem/.venv/bin/python3 /home/g24021555/Business-Meeting-Scheduling-Problem/src/Main.py --manifest instances_manifest.csv --family forbidden --solver sat_all --objective-mode bg_d2 --domain-mode both --domain-filter-graph both --precedence-encoding both --precedence-graph both --encoding-variant imp12+ --sat-backend cadical --maxsat-backend uwrmaxsat --uwrmaxsat-bin /home/g24021555/uwrmaxsat/build/release/bin/uwrmaxsat --timeout 7200 --csv output/full_matrix_bg_d2_forbidden.csv,/home/g24021555/uwrmaxsat/build/release/bin/uwrmaxsat,8c68c8a386d3d7847b50d315143c2bab60e3514e59510e84a649db83cb303876,/home/g24021555/uwrmaxsat/build/release/bin/uwrmaxsat -m /tmp/b2b_uwrmaxsat__sxjjsbg/tic-13crafc.forb0007.wcnf,,process exit code=20,,,maxsat,uwrmaxsat,,/home/g24021555/uwrmaxsat/build/release/bin/uwrmaxsat,traditional,pairwise+direct,,45,"1,3,4,5,6,7,8,9,10,11,12,13,14,15,16,17,18,19,20,21,22,23,24,25,26,27,28,29,30,31,32,33,34,35,36,37,38,40,41,42,43,44,45,46,47",1772,28,9,9,,,,,"journal objective family: bg_d2 | F-selected distance-labelled E* domain propagation and cycle detection | precedence configuration: F=distance_closure, P=pairwise, G=direct | Full Domain MxT schedule variables + explicit unary exclusions | (20),(22)-(27) exactly once over full domains | (22)-(27) session/fixed/forbidden exclusions as hard unit clauses | (19) participant atMost-one per slot | (46),(47) clustered table capacity with compact forward channeling | (28) Pairwise precedence over direct distance-labelled relations | exact break-group ends and unary break-group thresholds | exact schedule <-> usedSlot channeling | (43) exactly |Mp| full usedSlot variables | (44) atMost 2|L| busy participants per slot | (45) exact even number of busy participants | historical hard cap Delta_G <= 2",,,result
,,,,,,,,,tic-13crafc.forb0007,b2b-9941602cc38f4c9a,b2b-lineage-tic-13crafc,forbidden,F-PW-DC-ST-BGD2-IS-CD-IC12P,Full,Filter-E*,Pairwise,DistanceClosure-E*,SpanThreshold,BreakGroupsD2,IncrementalSAT,IC12+,UNSAT,UNSAT,,,bg_d2,,,,,,,,0.11226,False,40.152,,,,Compact,Compact/Full,project_implementation,incremental multi-phase SAT with persistent solver state,26969,,,,,,,67582,0,67582,1800,25169,163082,46,cfg5__m-full__p-pairwise__g-distance_closure__b-span_threshold__o-break_groups_d2__s-incrementalsat__i-imp12plus__backend-cadical,cfg5__m-full__p-pairwise__g-distance_closure__b-span_threshold__o-break_groups_d2__s-incrementalsat__i-imp12plus__backend-cadical,full,distance_closure,pairwise,distance_closure,IncrementalSAT,CaDiCaL,1.5.3,imp12+,span_threshold,total_break_groups_subject_to_range_at_most_2,BGD2,IC12P,163082,0,0,305,45575,18226,3476,,0,180,1,,,,,,0,0,0,0,0,,,"formalism-specific model size: SAT/MaxSAT reports base CNF and soft clauses, MIP reports variables/linear constraints/nonzeros, and CP reports integer variables plus linear/global constraints; SAT bound/totalizer overhead remains separate in optimizer_added_*",1800,1772,1763,1800,0,0,0,0,0,0,0,1,0.018319,0.002294,0.086398,,0.088692,0.023567,"wall-clock from immediately before reading/parsing the .dzn instance through model construction, optimization, solution decoding, and independent validation; excludes worker-process startup and result-file export",,,,,,,peak_process_tree_rss_mb,9941602cc38f4c9ac6735c7764cbbd83f4c994da4e31402742629d1aacab42ce,forb0007,data_table06_forb/tic-13crafc.forb0007.dzn,1,../noves/tic-13crafc.forb0007.dzn,1,data_table06_forb/tic-13crafc.forb0007.dzn,https://imae.udg.edu/Recerca/LAI/,https://ima.udg.edu/Recerca/lai/b2b/b2b.zip,ee1f440ab3f6db27ab712300ad3a54a31ffd5ec1e06f81a9ac37cb7202c56528,2026-08-10T10:42:19+00:00,7200.0,,ee80a6fbd8b513f7c010668495c39621a371266a,True,3.10.12,1.8.dev25,instance-20260810-085803,Linux-6.8.0-1064-gcp-x86_64-with-glibc2.35,x86_64,4,8,15988.059,1,0,/home/g24021555/Business-Meeting-Scheduling-Problem/.venv/bin/python3 /home/g24021555/Business-Meeting-Scheduling-Problem/src/Main.py --manifest instances_manifest.csv --family forbidden --solver sat_all --objective-mode bg_d2 --domain-mode both --domain-filter-graph both --precedence-encoding both --precedence-graph both --encoding-variant imp12+ --sat-backend cadical --maxsat-backend uwrmaxsat --uwrmaxsat-bin /home/g24021555/uwrmaxsat/build/release/bin/uwrmaxsat --timeout 7200 --csv output/full_matrix_bg_d2_forbidden.csv,,,,,,,,incremental,,cadical,,factorial,pairwise+distance_closure,,45,"1,3,4,5,6,7,8,9,10,11,12,13,14,15,16,17,18,19,20,21,22,23,24,25,26,27,28,29,30,31,32,33,34,35,36,37,38,40,41,42,43,44,45,46,47",1772,28,9,9,,,,,"journal objective family: bg_d2 | F-selected distance-labelled E* domain propagation and cycle detection | precedence configuration: F=distance_closure, P=pairwise, G=distance_closure | Full Domain MxT schedule variables + explicit unary exclusions | (20),(22)-(27) exactly once over full domains | (22)-(27) session/fixed/forbidden exclusions as hard unit clauses | (19) participant atMost-one per slot | (46),(47) clustered table capacity with compact forward channeling | (28) Pairwise precedence over distance_closure distance-labelled relations | exact break-group ends and unary break-group thresholds | exact schedule <-> usedSlot channeling | (43) exactly |Mp| full usedSlot variables | (44) atMost 2|L| busy participants per slot | (45) exact even number of busy participants | historical hard cap Delta_G <= 2",,,result
,,,,,,,,,tic-13crafc.forb0007,b2b-9941602cc38f4c9a,b2b-lineage-tic-13crafc,forbidden,F-PW-DC-ST-BGD2-NIS-CD-IC12P,Full,Filter-E*,Pairwise,DistanceClosure-E*,SpanThreshold,BreakGroupsD2,NonIncrementalSAT,IC12+,UNSAT,UNSAT,,,bg_d2,,,,,,,,0.115807,False,40.684,,,,Compact,Compact/Full,project_implementation,restart-based multi-phase SAT,26969,,,,,,,67582,0,67582,1800,25169,163082,46,cfg5__m-full__p-pairwise__g-distance_closure__b-span_threshold__o-break_groups_d2__s-nonincrementalsat__i-imp12plus__backend-cadical,cfg5__m-full__p-pairwise__g-distance_closure__b-span_threshold__o-break_groups_d2__s-nonincrementalsat__i-imp12plus__backend-cadical,full,distance_closure,pairwise,distance_closure,NonIncrementalSAT,CaDiCaL,1.5.3,imp12+,span_threshold,total_break_groups_subject_to_range_at_most_2,BGD2,IC12P,163082,0,0,305,45575,18226,3476,,0,180,1,,,,,,0,0,0,0,0,,,"formalism-specific model size: SAT/MaxSAT reports base CNF and soft clauses, MIP reports variables/linear constraints/nonzeros, and CP reports integer variables plus linear/global constraints; SAT bound/totalizer overhead remains separate in optimizer_added_*",1800,1772,1763,1800,0,0,0,0,0,0,0,1,0.01922,0.002188,0.088004,,0.090192,0.025615,"wall-clock from immediately before reading/parsing the .dzn instance through model construction, optimization, solution decoding, and independent validation; excludes worker-process startup and result-file export",,,,,,,peak_process_tree_rss_mb,9941602cc38f4c9ac6735c7764cbbd83f4c994da4e31402742629d1aacab42ce,forb0007,data_table06_forb/tic-13crafc.forb0007.dzn,1,../noves/tic-13crafc.forb0007.dzn,1,data_table06_forb/tic-13crafc.forb0007.dzn,https://imae.udg.edu/Recerca/LAI/,https://ima.udg.edu/Recerca/lai/b2b/b2b.zip,ee1f440ab3f6db27ab712300ad3a54a31ffd5ec1e06f81a9ac37cb7202c56528,2026-08-10T10:42:19+00:00,7200.0,,ee80a6fbd8b513f7c010668495c39621a371266a,True,3.10.12,1.8.dev25,instance-20260810-085803,Linux-6.8.0-1064-gcp-x86_64-with-glibc2.35,x86_64,4,8,15988.059,1,0,/home/g24021555/Business-Meeting-Scheduling-Problem/.venv/bin/python3 /home/g24021555/Business-Meeting-Scheduling-Problem/src/Main.py --manifest instances_manifest.csv --family forbidden --solver sat_all --objective-mode bg_d2 --domain-mode both --domain-filter-graph both --precedence-encoding both --precedence-graph both --encoding-variant imp12+ --sat-backend cadical --maxsat-backend uwrmaxsat --uwrmaxsat-bin /home/g24021555/uwrmaxsat/build/release/bin/uwrmaxsat --timeout 7200 --csv output/full_matrix_bg_d2_forbidden.csv,,,,,,,,multiple,,cadical,,factorial,pairwise+distance_closure,,45,"1,3,4,5,6,7,8,9,10,11,12,13,14,15,16,17,18,19,20,21,22,23,24,25,26,27,28,29,30,31,32,33,34,35,36,37,38,40,41,42,43,44,45,46,47",1772,28,9,9,,,,,"journal objective family: bg_d2 | F-selected distance-labelled E* domain propagation and cycle detection | precedence configuration: F=distance_closure, P=pairwise, G=distance_closure | Full Domain MxT schedule variables + explicit unary exclusions | (20),(22)-(27) exactly once over full domains | (22)-(27) session/fixed/forbidden exclusions as hard unit clauses | (19) participant atMost-one per slot | (46),(47) clustered table capacity with compact forward channeling | (28) Pairwise precedence over distance_closure distance-labelled relations | exact break-group ends and unary break-group thresholds | exact schedule <-> usedSlot channeling | (43) exactly |Mp| full usedSlot variables | (44) atMost 2|L| busy participants per slot | (45) exact even number of busy participants | historical hard cap Delta_G <= 2",,,result
,,,,,,,,,tic-13crafc.forb0007,b2b-9941602cc38f4c9a,b2b-lineage-tic-13crafc,forbidden,F-PW-DC-ST-BGD2-UW-IC12P,Full,Filter-E*,Pairwise,DistanceClosure-E*,SpanThreshold,BreakGroupsD2,UWrMaxSAT,IC12+,UNSAT,UNSAT,,,bg_d2,,,,,,,1,0.23136,False,46.477,,,,Compact,Compact/Full,project_implementation,one-shot weighted MaxSAT,26969,,,,,,,67582,180,67762,1800,25169,163262,46,cfg5__m-full__p-pairwise__g-distance_closure__b-span_threshold__o-break_groups_d2__s-uwrmaxsat__i-imp12plus__backend-uwrmaxsat,cfg5__m-full__p-pairwise__g-distance_closure__b-span_threshold__o-break_groups_d2__s-uwrmaxsat__i-imp12plus__backend-uwrmaxsat,full,distance_closure,pairwise,distance_closure,UWrMaxSAT,UWrMaxSAT,binary-sha256:8c68c8a386d3d7847b50d315143c2bab60e3514e59510e84a649db83cb303876,imp12+,span_threshold,total_break_groups_subject_to_range_at_most_2,BGD2,IC12P,163082,180,1,305,45575,18226,3476,1,180,180,1,,,,,,0,0,0,0,0,,,"formalism-specific model size: SAT/MaxSAT reports base CNF and soft clauses, MIP reports variables/linear constraints/nonzeros, and CP reports integer variables plus linear/global constraints; SAT bound/totalizer overhead remains separate in optimizer_added_*",1800,1772,1763,1800,0,0,0,0,0,0,0,1,0.018814,0.002508,0.090981,,0.093489,0.137871,"wall-clock from immediately before reading/parsing the .dzn instance through model construction, optimization, solution decoding, and independent validation; excludes worker-process startup and result-file export",,,,,,,peak_process_tree_rss_mb,9941602cc38f4c9ac6735c7764cbbd83f4c994da4e31402742629d1aacab42ce,forb0007,data_table06_forb/tic-13crafc.forb0007.dzn,1,../noves/tic-13crafc.forb0007.dzn,1,data_table06_forb/tic-13crafc.forb0007.dzn,https://imae.udg.edu/Recerca/LAI/,https://ima.udg.edu/Recerca/lai/b2b/b2b.zip,ee1f440ab3f6db27ab712300ad3a54a31ffd5ec1e06f81a9ac37cb7202c56528,2026-08-10T10:42:19+00:00,7200.0,,ee80a6fbd8b513f7c010668495c39621a371266a,True,3.10.12,1.8.dev25,instance-20260810-085803,Linux-6.8.0-1064-gcp-x86_64-with-glibc2.35,x86_64,4,8,15988.059,1,0,/home/g24021555/Business-Meeting-Scheduling-Problem/.venv/bin/python3 /home/g24021555/Business-Meeting-Scheduling-Problem/src/Main.py --manifest instances_manifest.csv --family forbidden --solver sat_all --objective-mode bg_d2 --domain-mode both --domain-filter-graph both --precedence-encoding both --precedence-graph both --encoding-variant imp12+ --sat-backend cadical --maxsat-backend uwrmaxsat --uwrmaxsat-bin /home/g24021555/uwrmaxsat/build/release/bin/uwrmaxsat --timeout 7200 --csv output/full_matrix_bg_d2_forbidden.csv,/home/g24021555/uwrmaxsat/build/release/bin/uwrmaxsat,8c68c8a386d3d7847b50d315143c2bab60e3514e59510e84a649db83cb303876,/home/g24021555/uwrmaxsat/build/release/bin/uwrmaxsat -m /tmp/b2b_uwrmaxsat_gpoqlrsa/tic-13crafc.forb0007.wcnf,,process exit code=20,,,maxsat,uwrmaxsat,,/home/g24021555/uwrmaxsat/build/release/bin/uwrmaxsat,factorial,pairwise+distance_closure,,45,"1,3,4,5,6,7,8,9,10,11,12,13,14,15,16,17,18,19,20,21,22,23,24,25,26,27,28,29,30,31,32,33,34,35,36,37,38,40,41,42,43,44,45,46,47",1772,28,9,9,,,,,"journal objective family: bg_d2 | F-selected distance-labelled E* domain propagation and cycle detection | precedence configuration: F=distance_closure, P=pairwise, G=distance_closure | Full Domain MxT schedule variables + explicit unary exclusions | (20),(22)-(27) exactly once over full domains | (22)-(27) session/fixed/forbidden exclusions as hard unit clauses | (19) participant atMost-one per slot | (46),(47) clustered table capacity with compact forward channeling | (28) Pairwise precedence over distance_closure distance-labelled relations | exact break-group ends and unary break-group thresholds | exact schedule <-> usedSlot channeling | (43) exactly |Mp| full usedSlot variables | (44) atMost 2|L| busy participants per slot | (45) exact even number of busy participants | historical hard cap Delta_G <= 2",,,result
,,,,,,,,,tic-13crafc.forb0007,b2b-9941602cc38f4c9a,b2b-lineage-tic-13crafc,forbidden,F-SS-DE-ST-BGD2-IS-CD-IC12P,Full,Filter-E*,SparseSuffix,Direct-E,SpanThreshold,BreakGroupsD2,IncrementalSAT,IC12+,UNSAT,UNSAT,,,bg_d2,,,,,,,,0.118639,False,43.582,,,,Compact,Compact/Full,project_implementation,incremental multi-phase SAT with persistent solver state,26969,,,,,,,67582,0,67582,1800,25169,163082,46,cfg5__m-full__p-sparse_suffix__g-direct__b-span_threshold__o-break_groups_d2__s-incrementalsat__i-imp12plus__backend-cadical,cfg5__m-full__p-sparse_suffix__g-direct__b-span_threshold__o-break_groups_d2__s-incrementalsat__i-imp12plus__backend-cadical,full,distance_closure,sparse_suffix,direct,IncrementalSAT,CaDiCaL,1.5.3,imp12+,span_threshold,total_break_groups_subject_to_range_at_most_2,BGD2,IC12P,163082,0,0,305,45575,18226,3476,,0,180,1,,,,,,0,0,0,0,0,,,"formalism-specific model size: SAT/MaxSAT reports base CNF and soft clauses, MIP reports variables/linear constraints/nonzeros, and CP reports integer variables plus linear/global constraints; SAT bound/totalizer overhead remains separate in optimizer_added_*",1800,1772,1763,1800,0,0,0,0,0,0,0,1,0.019598,0.002246,0.090031,,0.092277,0.026361,"wall-clock from immediately before reading/parsing the .dzn instance through model construction, optimization, solution decoding, and independent validation; excludes worker-process startup and result-file export",,,,,,,peak_process_tree_rss_mb,9941602cc38f4c9ac6735c7764cbbd83f4c994da4e31402742629d1aacab42ce,forb0007,data_table06_forb/tic-13crafc.forb0007.dzn,1,../noves/tic-13crafc.forb0007.dzn,1,data_table06_forb/tic-13crafc.forb0007.dzn,https://imae.udg.edu/Recerca/LAI/,https://ima.udg.edu/Recerca/lai/b2b/b2b.zip,ee1f440ab3f6db27ab712300ad3a54a31ffd5ec1e06f81a9ac37cb7202c56528,2026-08-10T10:42:19+00:00,7200.0,,ee80a6fbd8b513f7c010668495c39621a371266a,True,3.10.12,1.8.dev25,instance-20260810-085803,Linux-6.8.0-1064-gcp-x86_64-with-glibc2.35,x86_64,4,8,15988.059,1,0,/home/g24021555/Business-Meeting-Scheduling-Problem/.venv/bin/python3 /home/g24021555/Business-Meeting-Scheduling-Problem/src/Main.py --manifest instances_manifest.csv --family forbidden --solver sat_all --objective-mode bg_d2 --domain-mode both --domain-filter-graph both --precedence-encoding both --precedence-graph both --encoding-variant imp12+ --sat-backend cadical --maxsat-backend uwrmaxsat --uwrmaxsat-bin /home/g24021555/uwrmaxsat/build/release/bin/uwrmaxsat --timeout 7200 --csv output/full_matrix_bg_d2_forbidden.csv,,,,,,,,incremental,,cadical,,factorial,sparse_suffix+direct,,45,"1,3,4,5,6,7,8,9,10,11,12,13,14,15,16,17,18,19,20,21,22,23,24,25,26,27,28,29,30,31,32,33,34,35,36,37,38,40,41,42,43,44,45,46,47",1772,28,9,9,,,,,"journal objective family: bg_d2 | F-selected distance-labelled E* domain propagation and cycle detection | precedence configuration: F=distance_closure, P=sparse_suffix, G=direct | Full Domain MxT schedule variables + explicit unary exclusions | (20),(22)-(27) exactly once over full domains | (22)-(27) session/fixed/forbidden exclusions as hard unit clauses | (19) participant atMost-one per slot | (46),(47) clustered table capacity with compact forward channeling | (28) SparseSuffix precedence over direct distance-labelled relations | exact break-group ends and unary break-group thresholds | exact schedule <-> usedSlot channeling | (43) exactly |Mp| full usedSlot variables | (44) atMost 2|L| busy participants per slot | (45) exact even number of busy participants | historical hard cap Delta_G <= 2",,,result
,,,,,,,,,tic-13crafc.forb0007,b2b-9941602cc38f4c9a,b2b-lineage-tic-13crafc,forbidden,F-SS-DE-ST-BGD2-NIS-CD-IC12P,Full,Filter-E*,SparseSuffix,Direct-E,SpanThreshold,BreakGroupsD2,NonIncrementalSAT,IC12+,UNSAT,UNSAT,,,bg_d2,,,,,,,,0.112197,False,40.25,,,,Compact,Compact/Full,project_implementation,restart-based multi-phase SAT,26969,,,,,,,67582,0,67582,1800,25169,163082,46,cfg5__m-full__p-sparse_suffix__g-direct__b-span_threshold__o-break_groups_d2__s-nonincrementalsat__i-imp12plus__backend-cadical,cfg5__m-full__p-sparse_suffix__g-direct__b-span_threshold__o-break_groups_d2__s-nonincrementalsat__i-imp12plus__backend-cadical,full,distance_closure,sparse_suffix,direct,NonIncrementalSAT,CaDiCaL,1.5.3,imp12+,span_threshold,total_break_groups_subject_to_range_at_most_2,BGD2,IC12P,163082,0,0,305,45575,18226,3476,,0,180,1,,,,,,0,0,0,0,0,,,"formalism-specific model size: SAT/MaxSAT reports base CNF and soft clauses, MIP reports variables/linear constraints/nonzeros, and CP reports integer variables plus linear/global constraints; SAT bound/totalizer overhead remains separate in optimizer_added_*",1800,1772,1763,1800,0,0,0,0,0,0,0,1,0.017786,0.002472,0.085023,,0.087496,0.024701,"wall-clock from immediately before reading/parsing the .dzn instance through model construction, optimization, solution decoding, and independent validation; excludes worker-process startup and result-file export",,,,,,,peak_process_tree_rss_mb,9941602cc38f4c9ac6735c7764cbbd83f4c994da4e31402742629d1aacab42ce,forb0007,data_table06_forb/tic-13crafc.forb0007.dzn,1,../noves/tic-13crafc.forb0007.dzn,1,data_table06_forb/tic-13crafc.forb0007.dzn,https://imae.udg.edu/Recerca/LAI/,https://ima.udg.edu/Recerca/lai/b2b/b2b.zip,ee1f440ab3f6db27ab712300ad3a54a31ffd5ec1e06f81a9ac37cb7202c56528,2026-08-10T10:42:19+00:00,7200.0,,ee80a6fbd8b513f7c010668495c39621a371266a,True,3.10.12,1.8.dev25,instance-20260810-085803,Linux-6.8.0-1064-gcp-x86_64-with-glibc2.35,x86_64,4,8,15988.059,1,0,/home/g24021555/Business-Meeting-Scheduling-Problem/.venv/bin/python3 /home/g24021555/Business-Meeting-Scheduling-Problem/src/Main.py --manifest instances_manifest.csv --family forbidden --solver sat_all --objective-mode bg_d2 --domain-mode both --domain-filter-graph both --precedence-encoding both --precedence-graph both --encoding-variant imp12+ --sat-backend cadical --maxsat-backend uwrmaxsat --uwrmaxsat-bin /home/g24021555/uwrmaxsat/build/release/bin/uwrmaxsat --timeout 7200 --csv output/full_matrix_bg_d2_forbidden.csv,,,,,,,,multiple,,cadical,,factorial,sparse_suffix+direct,,45,"1,3,4,5,6,7,8,9,10,11,12,13,14,15,16,17,18,19,20,21,22,23,24,25,26,27,28,29,30,31,32,33,34,35,36,37,38,40,41,42,43,44,45,46,47",1772,28,9,9,,,,,"journal objective family: bg_d2 | F-selected distance-labelled E* domain propagation and cycle detection | precedence configuration: F=distance_closure, P=sparse_suffix, G=direct | Full Domain MxT schedule variables + explicit unary exclusions | (20),(22)-(27) exactly once over full domains | (22)-(27) session/fixed/forbidden exclusions as hard unit clauses | (19) participant atMost-one per slot | (46),(47) clustered table capacity with compact forward channeling | (28) SparseSuffix precedence over direct distance-labelled relations | exact break-group ends and unary break-group thresholds | exact schedule <-> usedSlot channeling | (43) exactly |Mp| full usedSlot variables | (44) atMost 2|L| busy participants per slot | (45) exact even number of busy participants | historical hard cap Delta_G <= 2",,,result
,,,,,,,,,tic-13crafc.forb0007,b2b-9941602cc38f4c9a,b2b-lineage-tic-13crafc,forbidden,F-SS-DE-ST-BGD2-UW-IC12P,Full,Filter-E*,SparseSuffix,Direct-E,SpanThreshold,BreakGroupsD2,UWrMaxSAT,IC12+,UNSAT,UNSAT,,,bg_d2,,,,,,,1,0.229088,False,46.492,,,,Compact,Compact/Full,project_implementation,one-shot weighted MaxSAT,26969,,,,,,,67582,180,67762,1800,25169,163262,46,cfg5__m-full__p-sparse_suffix__g-direct__b-span_threshold__o-break_groups_d2__s-uwrmaxsat__i-imp12plus__backend-uwrmaxsat,cfg5__m-full__p-sparse_suffix__g-direct__b-span_threshold__o-break_groups_d2__s-uwrmaxsat__i-imp12plus__backend-uwrmaxsat,full,distance_closure,sparse_suffix,direct,UWrMaxSAT,UWrMaxSAT,binary-sha256:8c68c8a386d3d7847b50d315143c2bab60e3514e59510e84a649db83cb303876,imp12+,span_threshold,total_break_groups_subject_to_range_at_most_2,BGD2,IC12P,163082,180,1,305,45575,18226,3476,1,180,180,1,,,,,,0,0,0,0,0,,,"formalism-specific model size: SAT/MaxSAT reports base CNF and soft clauses, MIP reports variables/linear constraints/nonzeros, and CP reports integer variables plus linear/global constraints; SAT bound/totalizer overhead remains separate in optimizer_added_*",1800,1772,1763,1800,0,0,0,0,0,0,0,1,0.018296,0.0022,0.089135,,0.091335,0.137753,"wall-clock from immediately before reading/parsing the .dzn instance through model construction, optimization, solution decoding, and independent validation; excludes worker-process startup and result-file export",,,,,,,peak_process_tree_rss_mb,9941602cc38f4c9ac6735c7764cbbd83f4c994da4e31402742629d1aacab42ce,forb0007,data_table06_forb/tic-13crafc.forb0007.dzn,1,../noves/tic-13crafc.forb0007.dzn,1,data_table06_forb/tic-13crafc.forb0007.dzn,https://imae.udg.edu/Recerca/LAI/,https://ima.udg.edu/Recerca/lai/b2b/b2b.zip,ee1f440ab3f6db27ab712300ad3a54a31ffd5ec1e06f81a9ac37cb7202c56528,2026-08-10T10:42:19+00:00,7200.0,,ee80a6fbd8b513f7c010668495c39621a371266a,True,3.10.12,1.8.dev25,instance-20260810-085803,Linux-6.8.0-1064-gcp-x86_64-with-glibc2.35,x86_64,4,8,15988.059,1,0,/home/g24021555/Business-Meeting-Scheduling-Problem/.venv/bin/python3 /home/g24021555/Business-Meeting-Scheduling-Problem/src/Main.py --manifest instances_manifest.csv --family forbidden --solver sat_all --objective-mode bg_d2 --domain-mode both --domain-filter-graph both --precedence-encoding both --precedence-graph both --encoding-variant imp12+ --sat-backend cadical --maxsat-backend uwrmaxsat --uwrmaxsat-bin /home/g24021555/uwrmaxsat/build/release/bin/uwrmaxsat --timeout 7200 --csv output/full_matrix_bg_d2_forbidden.csv,/home/g24021555/uwrmaxsat/build/release/bin/uwrmaxsat,8c68c8a386d3d7847b50d315143c2bab60e3514e59510e84a649db83cb303876,/home/g24021555/uwrmaxsat/build/release/bin/uwrmaxsat -m /tmp/b2b_uwrmaxsat_k9cggm5j/tic-13crafc.forb0007.wcnf,,process exit code=20,,,maxsat,uwrmaxsat,,/home/g24021555/uwrmaxsat/build/release/bin/uwrmaxsat,factorial,sparse_suffix+direct,,45,"1,3,4,5,6,7,8,9,10,11,12,13,14,15,16,17,18,19,20,21,22,23,24,25,26,27,28,29,30,31,32,33,34,35,36,37,38,40,41,42,43,44,45,46,47",1772,28,9,9,,,,,"journal objective family: bg_d2 | F-selected distance-labelled E* domain propagation and cycle detection | precedence configuration: F=distance_closure, P=sparse_suffix, G=direct | Full Domain MxT schedule variables + explicit unary exclusions | (20),(22)-(27) exactly once over full domains | (22)-(27) session/fixed/forbidden exclusions as hard unit clauses | (19) participant atMost-one per slot | (46),(47) clustered table capacity with compact forward channeling | (28) SparseSuffix precedence over direct distance-labelled relations | exact break-group ends and unary break-group thresholds | exact schedule <-> usedSlot channeling | (43) exactly |Mp| full usedSlot variables | (44) atMost 2|L| busy participants per slot | (45) exact even number of busy participants | historical hard cap Delta_G <= 2",,,result
,,,,,,,,,tic-13crafc.forb0007,b2b-9941602cc38f4c9a,b2b-lineage-tic-13crafc,forbidden,F-SS-DC-ST-BGD2-IS-CD-IC12P,Full,Filter-E*,SparseSuffix,DistanceClosure-E*,SpanThreshold,BreakGroupsD2,IncrementalSAT,IC12+,UNSAT,UNSAT,,,bg_d2,,,,,,,,0.119717,False,43.559,,,,Compact,Compact/Full,project_implementation,incremental multi-phase SAT with persistent solver state,26969,,,,,,,67582,0,67582,1800,25169,163082,46,cfg5__m-full__p-sparse_suffix__g-distance_closure__b-span_threshold__o-break_groups_d2__s-incrementalsat__i-imp12plus__backend-cadical,cfg5__m-full__p-sparse_suffix__g-distance_closure__b-span_threshold__o-break_groups_d2__s-incrementalsat__i-imp12plus__backend-cadical,full,distance_closure,sparse_suffix,distance_closure,IncrementalSAT,CaDiCaL,1.5.3,imp12+,span_threshold,total_break_groups_subject_to_range_at_most_2,BGD2,IC12P,163082,0,0,305,45575,18226,3476,,0,180,1,,,,,,0,0,0,0,0,,,"formalism-specific model size: SAT/MaxSAT reports base CNF and soft clauses, MIP reports variables/linear constraints/nonzeros, and CP reports integer variables plus linear/global constraints; SAT bound/totalizer overhead remains separate in optimizer_added_*",1800,1772,1763,1800,0,0,0,0,0,0,0,1,0.01943,0.002306,0.090865,,0.093171,0.026546,"wall-clock from immediately before reading/parsing the .dzn instance through model construction, optimization, solution decoding, and independent validation; excludes worker-process startup and result-file export",,,,,,,peak_process_tree_rss_mb,9941602cc38f4c9ac6735c7764cbbd83f4c994da4e31402742629d1aacab42ce,forb0007,data_table06_forb/tic-13crafc.forb0007.dzn,1,../noves/tic-13crafc.forb0007.dzn,1,data_table06_forb/tic-13crafc.forb0007.dzn,https://imae.udg.edu/Recerca/LAI/,https://ima.udg.edu/Recerca/lai/b2b/b2b.zip,ee1f440ab3f6db27ab712300ad3a54a31ffd5ec1e06f81a9ac37cb7202c56528,2026-08-10T10:42:19+00:00,7200.0,,ee80a6fbd8b513f7c010668495c39621a371266a,True,3.10.12,1.8.dev25,instance-20260810-085803,Linux-6.8.0-1064-gcp-x86_64-with-glibc2.35,x86_64,4,8,15988.059,1,0,/home/g24021555/Business-Meeting-Scheduling-Problem/.venv/bin/python3 /home/g24021555/Business-Meeting-Scheduling-Problem/src/Main.py --manifest instances_manifest.csv --family forbidden --solver sat_all --objective-mode bg_d2 --domain-mode both --domain-filter-graph both --precedence-encoding both --precedence-graph both --encoding-variant imp12+ --sat-backend cadical --maxsat-backend uwrmaxsat --uwrmaxsat-bin /home/g24021555/uwrmaxsat/build/release/bin/uwrmaxsat --timeout 7200 --csv output/full_matrix_bg_d2_forbidden.csv,,,,,,,,incremental,,cadical,,staircase,sparse_suffix+distance_closure,,45,"1,3,4,5,6,7,8,9,10,11,12,13,14,15,16,17,18,19,20,21,22,23,24,25,26,27,28,29,30,31,32,33,34,35,36,37,38,40,41,42,43,44,45,46,47",1772,28,9,9,,,,,"journal objective family: bg_d2 | F-selected distance-labelled E* domain propagation and cycle detection | precedence configuration: F=distance_closure, P=sparse_suffix, G=distance_closure | Full Domain MxT schedule variables + explicit unary exclusions | (20),(22)-(27) exactly once over full domains | (22)-(27) session/fixed/forbidden exclusions as hard unit clauses | (19) participant atMost-one per slot | (46),(47) clustered table capacity with compact forward channeling | (28) SparseSuffix precedence over distance_closure distance-labelled relations | exact break-group ends and unary break-group thresholds | exact schedule <-> usedSlot channeling | (43) exactly |Mp| full usedSlot variables | (44) atMost 2|L| busy participants per slot | (45) exact even number of busy participants | historical hard cap Delta_G <= 2",,,result
,,,,,,,,,tic-13crafc.forb0007,b2b-9941602cc38f4c9a,b2b-lineage-tic-13crafc,forbidden,F-SS-DC-ST-BGD2-NIS-CD-IC12P,Full,Filter-E*,SparseSuffix,DistanceClosure-E*,SpanThreshold,BreakGroupsD2,NonIncrementalSAT,IC12+,UNSAT,UNSAT,,,bg_d2,,,,,,,,0.116322,False,40.504,,,,Compact,Compact/Full,project_implementation,restart-based multi-phase SAT,26969,,,,,,,67582,0,67582,1800,25169,163082,46,cfg5__m-full__p-sparse_suffix__g-distance_closure__b-span_threshold__o-break_groups_d2__s-nonincrementalsat__i-imp12plus__backend-cadical,cfg5__m-full__p-sparse_suffix__g-distance_closure__b-span_threshold__o-break_groups_d2__s-nonincrementalsat__i-imp12plus__backend-cadical,full,distance_closure,sparse_suffix,distance_closure,NonIncrementalSAT,CaDiCaL,1.5.3,imp12+,span_threshold,total_break_groups_subject_to_range_at_most_2,BGD2,IC12P,163082,0,0,305,45575,18226,3476,,0,180,1,,,,,,0,0,0,0,0,,,"formalism-specific model size: SAT/MaxSAT reports base CNF and soft clauses, MIP reports variables/linear constraints/nonzeros, and CP reports integer variables plus linear/global constraints; SAT bound/totalizer overhead remains separate in optimizer_added_*",1800,1772,1763,1800,0,0,0,0,0,0,0,1,0.018227,0.002534,0.088968,,0.091502,0.02482,"wall-clock from immediately before reading/parsing the .dzn instance through model construction, optimization, solution decoding, and independent validation; excludes worker-process startup and result-file export",,,,,,,peak_process_tree_rss_mb,9941602cc38f4c9ac6735c7764cbbd83f4c994da4e31402742629d1aacab42ce,forb0007,data_table06_forb/tic-13crafc.forb0007.dzn,1,../noves/tic-13crafc.forb0007.dzn,1,data_table06_forb/tic-13crafc.forb0007.dzn,https://imae.udg.edu/Recerca/LAI/,https://ima.udg.edu/Recerca/lai/b2b/b2b.zip,ee1f440ab3f6db27ab712300ad3a54a31ffd5ec1e06f81a9ac37cb7202c56528,2026-08-10T10:42:19+00:00,7200.0,,ee80a6fbd8b513f7c010668495c39621a371266a,True,3.10.12,1.8.dev25,instance-20260810-085803,Linux-6.8.0-1064-gcp-x86_64-with-glibc2.35,x86_64,4,8,15988.059,1,0,/home/g24021555/Business-Meeting-Scheduling-Problem/.venv/bin/python3 /home/g24021555/Business-Meeting-Scheduling-Problem/src/Main.py --manifest instances_manifest.csv --family forbidden --solver sat_all --objective-mode bg_d2 --domain-mode both --domain-filter-graph both --precedence-encoding both --precedence-graph both --encoding-variant imp12+ --sat-backend cadical --maxsat-backend uwrmaxsat --uwrmaxsat-bin /home/g24021555/uwrmaxsat/build/release/bin/uwrmaxsat --timeout 7200 --csv output/full_matrix_bg_d2_forbidden.csv,,,,,,,,multiple,,cadical,,staircase,sparse_suffix+distance_closure,,45,"1,3,4,5,6,7,8,9,10,11,12,13,14,15,16,17,18,19,20,21,22,23,24,25,26,27,28,29,30,31,32,33,34,35,36,37,38,40,41,42,43,44,45,46,47",1772,28,9,9,,,,,"journal objective family: bg_d2 | F-selected distance-labelled E* domain propagation and cycle detection | precedence configuration: F=distance_closure, P=sparse_suffix, G=distance_closure | Full Domain MxT schedule variables + explicit unary exclusions | (20),(22)-(27) exactly once over full domains | (22)-(27) session/fixed/forbidden exclusions as hard unit clauses | (19) participant atMost-one per slot | (46),(47) clustered table capacity with compact forward channeling | (28) SparseSuffix precedence over distance_closure distance-labelled relations | exact break-group ends and unary break-group thresholds | exact schedule <-> usedSlot channeling | (43) exactly |Mp| full usedSlot variables | (44) atMost 2|L| busy participants per slot | (45) exact even number of busy participants | historical hard cap Delta_G <= 2",,,result
,,,,,,,,,tic-13crafc.forb0007,b2b-9941602cc38f4c9a,b2b-lineage-tic-13crafc,forbidden,F-SS-DC-ST-BGD2-UW-IC12P,Full,Filter-E*,SparseSuffix,DistanceClosure-E*,SpanThreshold,BreakGroupsD2,UWrMaxSAT,IC12+,UNSAT,UNSAT,,,bg_d2,,,,,,,1,0.229917,False,46.312,,,,Compact,Compact/Full,project_implementation,one-shot weighted MaxSAT,26969,,,,,,,67582,180,67762,1800,25169,163262,46,cfg5__m-full__p-sparse_suffix__g-distance_closure__b-span_threshold__o-break_groups_d2__s-uwrmaxsat__i-imp12plus__backend-uwrmaxsat,cfg5__m-full__p-sparse_suffix__g-distance_closure__b-span_threshold__o-break_groups_d2__s-uwrmaxsat__i-imp12plus__backend-uwrmaxsat,full,distance_closure,sparse_suffix,distance_closure,UWrMaxSAT,UWrMaxSAT,binary-sha256:8c68c8a386d3d7847b50d315143c2bab60e3514e59510e84a649db83cb303876,imp12+,span_threshold,total_break_groups_subject_to_range_at_most_2,BGD2,IC12P,163082,180,1,305,45575,18226,3476,1,180,180,1,,,,,,0,0,0,0,0,,,"formalism-specific model size: SAT/MaxSAT reports base CNF and soft clauses, MIP reports variables/linear constraints/nonzeros, and CP reports integer variables plus linear/global constraints; SAT bound/totalizer overhead remains separate in optimizer_added_*",1800,1772,1763,1800,0,0,0,0,0,0,0,1,0.019353,0.002512,0.090898,,0.09341,0.136507,"wall-clock from immediately before reading/parsing the .dzn instance through model construction, optimization, solution decoding, and independent validation; excludes worker-process startup and result-file export",,,,,,,peak_process_tree_rss_mb,9941602cc38f4c9ac6735c7764cbbd83f4c994da4e31402742629d1aacab42ce,forb0007,data_table06_forb/tic-13crafc.forb0007.dzn,1,../noves/tic-13crafc.forb0007.dzn,1,data_table06_forb/tic-13crafc.forb0007.dzn,https://imae.udg.edu/Recerca/LAI/,https://ima.udg.edu/Recerca/lai/b2b/b2b.zip,ee1f440ab3f6db27ab712300ad3a54a31ffd5ec1e06f81a9ac37cb7202c56528,2026-08-10T10:42:19+00:00,7200.0,,ee80a6fbd8b513f7c010668495c39621a371266a,True,3.10.12,1.8.dev25,instance-20260810-085803,Linux-6.8.0-1064-gcp-x86_64-with-glibc2.35,x86_64,4,8,15988.059,1,0,/home/g24021555/Business-Meeting-Scheduling-Problem/.venv/bin/python3 /home/g24021555/Business-Meeting-Scheduling-Problem/src/Main.py --manifest instances_manifest.csv --family forbidden --solver sat_all --objective-mode bg_d2 --domain-mode both --domain-filter-graph both --precedence-encoding both --precedence-graph both --encoding-variant imp12+ --sat-backend cadical --maxsat-backend uwrmaxsat --uwrmaxsat-bin /home/g24021555/uwrmaxsat/build/release/bin/uwrmaxsat --timeout 7200 --csv output/full_matrix_bg_d2_forbidden.csv,/home/g24021555/uwrmaxsat/build/release/bin/uwrmaxsat,8c68c8a386d3d7847b50d315143c2bab60e3514e59510e84a649db83cb303876,/home/g24021555/uwrmaxsat/build/release/bin/uwrmaxsat -m /tmp/b2b_uwrmaxsat_kx180fgt/tic-13crafc.forb0007.wcnf,,process exit code=20,,,maxsat,uwrmaxsat,,/home/g24021555/uwrmaxsat/build/release/bin/uwrmaxsat,staircase,sparse_suffix+distance_closure,,45,"1,3,4,5,6,7,8,9,10,11,12,13,14,15,16,17,18,19,20,21,22,23,24,25,26,27,28,29,30,31,32,33,34,35,36,37,38,40,41,42,43,44,45,46,47",1772,28,9,9,,,,,"journal objective family: bg_d2 | F-selected distance-labelled E* domain propagation and cycle detection | precedence configuration: F=distance_closure, P=sparse_suffix, G=distance_closure | Full Domain MxT schedule variables + explicit unary exclusions | (20),(22)-(27) exactly once over full domains | (22)-(27) session/fixed/forbidden exclusions as hard unit clauses | (19) participant atMost-one per slot | (46),(47) clustered table capacity with compact forward channeling | (28) SparseSuffix precedence over distance_closure distance-labelled relations | exact break-group ends and unary break-group thresholds | exact schedule <-> usedSlot channeling | (43) exactly |Mp| full usedSlot variables | (44) atMost 2|L| busy participants per slot | (45) exact even number of busy participants | historical hard cap Delta_G <= 2",,,result
,,,,,,,,,tic-13crafc.forb0007,b2b-9941602cc38f4c9a,b2b-lineage-tic-13crafc,forbidden,R-PW-DE-ST-BGD2-IS-CD-IC12P,Reduced,Filter-E*,Pairwise,Direct-E,SpanThreshold,BreakGroupsD2,IncrementalSAT,IC12+,UNSAT,UNSAT,,,bg_d2,,,,,,,,0.112727,False,39.453,,,,Compact,Compact/Reduced,project_implementation,incremental multi-phase SAT with persistent solver state,26813,,,,,,,66652,0,66652,1763,25050,161005,46,cfg5__m-reduced__p-pairwise__g-direct__b-span_threshold__o-break_groups_d2__s-incrementalsat__i-imp12plus__backend-cadical,cfg5__m-reduced__p-pairwise__g-direct__b-span_threshold__o-break_groups_d2__s-incrementalsat__i-imp12plus__backend-cadical,reduced,distance_closure,pairwise,direct,IncrementalSAT,CaDiCaL,1.5.3,imp12+,span_threshold,total_break_groups_subject_to_range_at_most_2,BGD2,IC12P,161005,0,0,265,44837,18093,3454,,0,180,1,,,,,,0,0,0,0,0,,,"formalism-specific model size: SAT/MaxSAT reports base CNF and soft clauses, MIP reports variables/linear constraints/nonzeros, and CP reports integer variables plus linear/global constraints; SAT bound/totalizer overhead remains separate in optimizer_added_*",1800,1772,1763,1763,0,0,0,0,0,0,0,1,0.019688,0.002209,0.089231,,0.09144,0.021288,"wall-clock from immediately before reading/parsing the .dzn instance through model construction, optimization, solution decoding, and independent validation; excludes worker-process startup and result-file export",,,,,,,peak_process_tree_rss_mb,9941602cc38f4c9ac6735c7764cbbd83f4c994da4e31402742629d1aacab42ce,forb0007,data_table06_forb/tic-13crafc.forb0007.dzn,1,../noves/tic-13crafc.forb0007.dzn,1,data_table06_forb/tic-13crafc.forb0007.dzn,https://imae.udg.edu/Recerca/LAI/,https://ima.udg.edu/Recerca/lai/b2b/b2b.zip,ee1f440ab3f6db27ab712300ad3a54a31ffd5ec1e06f81a9ac37cb7202c56528,2026-08-10T10:42:19+00:00,7200.0,,ee80a6fbd8b513f7c010668495c39621a371266a,True,3.10.12,1.8.dev25,instance-20260810-085803,Linux-6.8.0-1064-gcp-x86_64-with-glibc2.35,x86_64,4,8,15988.059,1,0,/home/g24021555/Business-Meeting-Scheduling-Problem/.venv/bin/python3 /home/g24021555/Business-Meeting-Scheduling-Problem/src/Main.py --manifest instances_manifest.csv --family forbidden --solver sat_all --objective-mode bg_d2 --domain-mode both --domain-filter-graph both --precedence-encoding both --precedence-graph both --encoding-variant imp12+ --sat-backend cadical --maxsat-backend uwrmaxsat --uwrmaxsat-bin /home/g24021555/uwrmaxsat/build/release/bin/uwrmaxsat --timeout 7200 --csv output/full_matrix_bg_d2_forbidden.csv,,,,,,,,incremental,,cadical,,traditional,pairwise+direct,,45,"1,3,4,5,6,7,8,9,10,11,12,13,14,15,16,17,18,19,20,21,22,23,24,25,26,27,28,29,30,31,32,33,34,35,36,37,38,40,41,42,43,44,45,46,47",1772,28,9,9,,,,,"journal objective family: bg_d2 | F-selected distance-labelled E* domain propagation and cycle detection | precedence configuration: F=distance_closure, P=pairwise, G=direct | Reduced Domain variables after unary filtering + matching GAC + slot saturation | (20),(22)-(27) exactly once over reduced domains | (19) participant atMost-one per slot | (46),(47) clustered table capacity with compact forward channeling | (28) Pairwise precedence over direct distance-labelled relations | exact break-group ends and unary break-group thresholds | exact schedule <-> usedSlot channeling | (43) exactly |Mp| reduced usedSlot variables | (44) atMost 2|L| busy participants per slot | (45) exact even number of busy participants | historical hard cap Delta_G <= 2",,,result
,,,,,,,,,tic-13crafc.forb0007,b2b-9941602cc38f4c9a,b2b-lineage-tic-13crafc,forbidden,R-PW-DE-ST-BGD2-NIS-CD-IC12P,Reduced,Filter-E*,Pairwise,Direct-E,SpanThreshold,BreakGroupsD2,NonIncrementalSAT,IC12+,UNSAT,UNSAT,,,bg_d2,,,,,,,,0.111489,False,39.473,,,,Compact,Compact/Reduced,project_implementation,restart-based multi-phase SAT,26813,,,,,,,66652,0,66652,1763,25050,161005,46,cfg5__m-reduced__p-pairwise__g-direct__b-span_threshold__o-break_groups_d2__s-nonincrementalsat__i-imp12plus__backend-cadical,cfg5__m-reduced__p-pairwise__g-direct__b-span_threshold__o-break_groups_d2__s-nonincrementalsat__i-imp12plus__backend-cadical,reduced,distance_closure,pairwise,direct,NonIncrementalSAT,CaDiCaL,1.5.3,imp12+,span_threshold,total_break_groups_subject_to_range_at_most_2,BGD2,IC12P,161005,0,0,265,44837,18093,3454,,0,180,1,,,,,,0,0,0,0,0,,,"formalism-specific model size: SAT/MaxSAT reports base CNF and soft clauses, MIP reports variables/linear constraints/nonzeros, and CP reports integer variables plus linear/global constraints; SAT bound/totalizer overhead remains separate in optimizer_added_*",1800,1772,1763,1763,0,0,0,0,0,0,0,1,0.019851,0.0025,0.087716,,0.090215,0.021273,"wall-clock from immediately before reading/parsing the .dzn instance through model construction, optimization, solution decoding, and independent validation; excludes worker-process startup and result-file export",,,,,,,peak_process_tree_rss_mb,9941602cc38f4c9ac6735c7764cbbd83f4c994da4e31402742629d1aacab42ce,forb0007,data_table06_forb/tic-13crafc.forb0007.dzn,1,../noves/tic-13crafc.forb0007.dzn,1,data_table06_forb/tic-13crafc.forb0007.dzn,https://imae.udg.edu/Recerca/LAI/,https://ima.udg.edu/Recerca/lai/b2b/b2b.zip,ee1f440ab3f6db27ab712300ad3a54a31ffd5ec1e06f81a9ac37cb7202c56528,2026-08-10T10:42:19+00:00,7200.0,,ee80a6fbd8b513f7c010668495c39621a371266a,True,3.10.12,1.8.dev25,instance-20260810-085803,Linux-6.8.0-1064-gcp-x86_64-with-glibc2.35,x86_64,4,8,15988.059,1,0,/home/g24021555/Business-Meeting-Scheduling-Problem/.venv/bin/python3 /home/g24021555/Business-Meeting-Scheduling-Problem/src/Main.py --manifest instances_manifest.csv --family forbidden --solver sat_all --objective-mode bg_d2 --domain-mode both --domain-filter-graph both --precedence-encoding both --precedence-graph both --encoding-variant imp12+ --sat-backend cadical --maxsat-backend uwrmaxsat --uwrmaxsat-bin /home/g24021555/uwrmaxsat/build/release/bin/uwrmaxsat --timeout 7200 --csv output/full_matrix_bg_d2_forbidden.csv,,,,,,,,multiple,,cadical,,traditional,pairwise+direct,,45,"1,3,4,5,6,7,8,9,10,11,12,13,14,15,16,17,18,19,20,21,22,23,24,25,26,27,28,29,30,31,32,33,34,35,36,37,38,40,41,42,43,44,45,46,47",1772,28,9,9,,,,,"journal objective family: bg_d2 | F-selected distance-labelled E* domain propagation and cycle detection | precedence configuration: F=distance_closure, P=pairwise, G=direct | Reduced Domain variables after unary filtering + matching GAC + slot saturation | (20),(22)-(27) exactly once over reduced domains | (19) participant atMost-one per slot | (46),(47) clustered table capacity with compact forward channeling | (28) Pairwise precedence over direct distance-labelled relations | exact break-group ends and unary break-group thresholds | exact schedule <-> usedSlot channeling | (43) exactly |Mp| reduced usedSlot variables | (44) atMost 2|L| busy participants per slot | (45) exact even number of busy participants | historical hard cap Delta_G <= 2",,,result
,,,,,,,,,tic-13crafc.forb0007,b2b-9941602cc38f4c9a,b2b-lineage-tic-13crafc,forbidden,R-PW-DE-ST-BGD2-UW-IC12P,Reduced,Filter-E*,Pairwise,Direct-E,SpanThreshold,BreakGroupsD2,UWrMaxSAT,IC12+,UNSAT,UNSAT,,,bg_d2,,,,,,,1,0.22708,False,46.152,,,,Compact,Compact/Reduced,project_implementation,one-shot weighted MaxSAT,26813,,,,,,,66652,180,66832,1763,25050,161185,46,cfg5__m-reduced__p-pairwise__g-direct__b-span_threshold__o-break_groups_d2__s-uwrmaxsat__i-imp12plus__backend-uwrmaxsat,cfg5__m-reduced__p-pairwise__g-direct__b-span_threshold__o-break_groups_d2__s-uwrmaxsat__i-imp12plus__backend-uwrmaxsat,reduced,distance_closure,pairwise,direct,UWrMaxSAT,UWrMaxSAT,binary-sha256:8c68c8a386d3d7847b50d315143c2bab60e3514e59510e84a649db83cb303876,imp12+,span_threshold,total_break_groups_subject_to_range_at_most_2,BGD2,IC12P,161005,180,1,265,44837,18093,3454,1,180,180,1,,,,,,0,0,0,0,0,,,"formalism-specific model size: SAT/MaxSAT reports base CNF and soft clauses, MIP reports variables/linear constraints/nonzeros, and CP reports integer variables plus linear/global constraints; SAT bound/totalizer overhead remains separate in optimizer_added_*",1800,1772,1763,1763,0,0,0,0,0,0,0,1,0.018418,0.002513,0.090958,,0.093471,0.133609,"wall-clock from immediately before reading/parsing the .dzn instance through model construction, optimization, solution decoding, and independent validation; excludes worker-process startup and result-file export",,,,,,,peak_process_tree_rss_mb,9941602cc38f4c9ac6735c7764cbbd83f4c994da4e31402742629d1aacab42ce,forb0007,data_table06_forb/tic-13crafc.forb0007.dzn,1,../noves/tic-13crafc.forb0007.dzn,1,data_table06_forb/tic-13crafc.forb0007.dzn,https://imae.udg.edu/Recerca/LAI/,https://ima.udg.edu/Recerca/lai/b2b/b2b.zip,ee1f440ab3f6db27ab712300ad3a54a31ffd5ec1e06f81a9ac37cb7202c56528,2026-08-10T10:42:19+00:00,7200.0,,ee80a6fbd8b513f7c010668495c39621a371266a,True,3.10.12,1.8.dev25,instance-20260810-085803,Linux-6.8.0-1064-gcp-x86_64-with-glibc2.35,x86_64,4,8,15988.059,1,0,/home/g24021555/Business-Meeting-Scheduling-Problem/.venv/bin/python3 /home/g24021555/Business-Meeting-Scheduling-Problem/src/Main.py --manifest instances_manifest.csv --family forbidden --solver sat_all --objective-mode bg_d2 --domain-mode both --domain-filter-graph both --precedence-encoding both --precedence-graph both --encoding-variant imp12+ --sat-backend cadical --maxsat-backend uwrmaxsat --uwrmaxsat-bin /home/g24021555/uwrmaxsat/build/release/bin/uwrmaxsat --timeout 7200 --csv output/full_matrix_bg_d2_forbidden.csv,/home/g24021555/uwrmaxsat/build/release/bin/uwrmaxsat,8c68c8a386d3d7847b50d315143c2bab60e3514e59510e84a649db83cb303876,/home/g24021555/uwrmaxsat/build/release/bin/uwrmaxsat -m /tmp/b2b_uwrmaxsat_uj7lskbk/tic-13crafc.forb0007.wcnf,,process exit code=20,,,maxsat,uwrmaxsat,,/home/g24021555/uwrmaxsat/build/release/bin/uwrmaxsat,traditional,pairwise+direct,,45,"1,3,4,5,6,7,8,9,10,11,12,13,14,15,16,17,18,19,20,21,22,23,24,25,26,27,28,29,30,31,32,33,34,35,36,37,38,40,41,42,43,44,45,46,47",1772,28,9,9,,,,,"journal objective family: bg_d2 | F-selected distance-labelled E* domain propagation and cycle detection | precedence configuration: F=distance_closure, P=pairwise, G=direct | Reduced Domain variables after unary filtering + matching GAC + slot saturation | (20),(22)-(27) exactly once over reduced domains | (19) participant atMost-one per slot | (46),(47) clustered table capacity with compact forward channeling | (28) Pairwise precedence over direct distance-labelled relations | exact break-group ends and unary break-group thresholds | exact schedule <-> usedSlot channeling | (43) exactly |Mp| reduced usedSlot variables | (44) atMost 2|L| busy participants per slot | (45) exact even number of busy participants | historical hard cap Delta_G <= 2",,,result
,,,,,,,,,tic-13crafc.forb0007,b2b-9941602cc38f4c9a,b2b-lineage-tic-13crafc,forbidden,R-PW-DC-ST-BGD2-IS-CD-IC12P,Reduced,Filter-E*,Pairwise,DistanceClosure-E*,SpanThreshold,BreakGroupsD2,IncrementalSAT,IC12+,UNSAT,UNSAT,,,bg_d2,,,,,,,,0.110033,False,40.098,,,,Compact,Compact/Reduced,project_implementation,incremental multi-phase SAT with persistent solver state,26813,,,,,,,66652,0,66652,1763,25050,161005,46,cfg5__m-reduced__p-pairwise__g-distance_closure__b-span_threshold__o-break_groups_d2__s-incrementalsat__i-imp12plus__backend-cadical,cfg5__m-reduced__p-pairwise__g-distance_closure__b-span_threshold__o-break_groups_d2__s-incrementalsat__i-imp12plus__backend-cadical,reduced,distance_closure,pairwise,distance_closure,IncrementalSAT,CaDiCaL,1.5.3,imp12+,span_threshold,total_break_groups_subject_to_range_at_most_2,BGD2,IC12P,161005,0,0,265,44837,18093,3454,,0,180,1,,,,,,0,0,0,0,0,,,"formalism-specific model size: SAT/MaxSAT reports base CNF and soft clauses, MIP reports variables/linear constraints/nonzeros, and CP reports integer variables plus linear/global constraints; SAT bound/totalizer overhead remains separate in optimizer_added_*",1800,1772,1763,1763,0,0,0,0,0,0,0,1,0.019006,0.002186,0.086473,,0.088659,0.021374,"wall-clock from immediately before reading/parsing the .dzn instance through model construction, optimization, solution decoding, and independent validation; excludes worker-process startup and result-file export",,,,,,,peak_process_tree_rss_mb,9941602cc38f4c9ac6735c7764cbbd83f4c994da4e31402742629d1aacab42ce,forb0007,data_table06_forb/tic-13crafc.forb0007.dzn,1,../noves/tic-13crafc.forb0007.dzn,1,data_table06_forb/tic-13crafc.forb0007.dzn,https://imae.udg.edu/Recerca/LAI/,https://ima.udg.edu/Recerca/lai/b2b/b2b.zip,ee1f440ab3f6db27ab712300ad3a54a31ffd5ec1e06f81a9ac37cb7202c56528,2026-08-10T10:42:19+00:00,7200.0,,ee80a6fbd8b513f7c010668495c39621a371266a,True,3.10.12,1.8.dev25,instance-20260810-085803,Linux-6.8.0-1064-gcp-x86_64-with-glibc2.35,x86_64,4,8,15988.059,1,0,/home/g24021555/Business-Meeting-Scheduling-Problem/.venv/bin/python3 /home/g24021555/Business-Meeting-Scheduling-Problem/src/Main.py --manifest instances_manifest.csv --family forbidden --solver sat_all --objective-mode bg_d2 --domain-mode both --domain-filter-graph both --precedence-encoding both --precedence-graph both --encoding-variant imp12+ --sat-backend cadical --maxsat-backend uwrmaxsat --uwrmaxsat-bin /home/g24021555/uwrmaxsat/build/release/bin/uwrmaxsat --timeout 7200 --csv output/full_matrix_bg_d2_forbidden.csv,,,,,,,,incremental,,cadical,,factorial,pairwise+distance_closure,,45,"1,3,4,5,6,7,8,9,10,11,12,13,14,15,16,17,18,19,20,21,22,23,24,25,26,27,28,29,30,31,32,33,34,35,36,37,38,40,41,42,43,44,45,46,47",1772,28,9,9,,,,,"journal objective family: bg_d2 | F-selected distance-labelled E* domain propagation and cycle detection | precedence configuration: F=distance_closure, P=pairwise, G=distance_closure | Reduced Domain variables after unary filtering + matching GAC + slot saturation | (20),(22)-(27) exactly once over reduced domains | (19) participant atMost-one per slot | (46),(47) clustered table capacity with compact forward channeling | (28) Pairwise precedence over distance_closure distance-labelled relations | exact break-group ends and unary break-group thresholds | exact schedule <-> usedSlot channeling | (43) exactly |Mp| reduced usedSlot variables | (44) atMost 2|L| busy participants per slot | (45) exact even number of busy participants | historical hard cap Delta_G <= 2",,,result
,,,,,,,,,tic-13crafc.forb0007,b2b-9941602cc38f4c9a,b2b-lineage-tic-13crafc,forbidden,R-PW-DC-ST-BGD2-NIS-CD-IC12P,Reduced,Filter-E*,Pairwise,DistanceClosure-E*,SpanThreshold,BreakGroupsD2,NonIncrementalSAT,IC12+,UNSAT,UNSAT,,,bg_d2,,,,,,,,0.112248,False,39.52,,,,Compact,Compact/Reduced,project_implementation,restart-based multi-phase SAT,26813,,,,,,,66652,0,66652,1763,25050,161005,46,cfg5__m-reduced__p-pairwise__g-distance_closure__b-span_threshold__o-break_groups_d2__s-nonincrementalsat__i-imp12plus__backend-cadical,cfg5__m-reduced__p-pairwise__g-distance_closure__b-span_threshold__o-break_groups_d2__s-nonincrementalsat__i-imp12plus__backend-cadical,reduced,distance_closure,pairwise,distance_closure,NonIncrementalSAT,CaDiCaL,1.5.3,imp12+,span_threshold,total_break_groups_subject_to_range_at_most_2,BGD2,IC12P,161005,0,0,265,44837,18093,3454,,0,180,1,,,,,,0,0,0,0,0,,,"formalism-specific model size: SAT/MaxSAT reports base CNF and soft clauses, MIP reports variables/linear constraints/nonzeros, and CP reports integer variables plus linear/global constraints; SAT bound/totalizer overhead remains separate in optimizer_added_*",1800,1772,1763,1763,0,0,0,0,0,0,0,1,0.017801,0.002374,0.088145,,0.090519,0.021729,"wall-clock from immediately before reading/parsing the .dzn instance through model construction, optimization, solution decoding, and independent validation; excludes worker-process startup and result-file export",,,,,,,peak_process_tree_rss_mb,9941602cc38f4c9ac6735c7764cbbd83f4c994da4e31402742629d1aacab42ce,forb0007,data_table06_forb/tic-13crafc.forb0007.dzn,1,../noves/tic-13crafc.forb0007.dzn,1,data_table06_forb/tic-13crafc.forb0007.dzn,https://imae.udg.edu/Recerca/LAI/,https://ima.udg.edu/Recerca/lai/b2b/b2b.zip,ee1f440ab3f6db27ab712300ad3a54a31ffd5ec1e06f81a9ac37cb7202c56528,2026-08-10T10:42:19+00:00,7200.0,,ee80a6fbd8b513f7c010668495c39621a371266a,True,3.10.12,1.8.dev25,instance-20260810-085803,Linux-6.8.0-1064-gcp-x86_64-with-glibc2.35,x86_64,4,8,15988.059,1,0,/home/g24021555/Business-Meeting-Scheduling-Problem/.venv/bin/python3 /home/g24021555/Business-Meeting-Scheduling-Problem/src/Main.py --manifest instances_manifest.csv --family forbidden --solver sat_all --objective-mode bg_d2 --domain-mode both --domain-filter-graph both --precedence-encoding both --precedence-graph both --encoding-variant imp12+ --sat-backend cadical --maxsat-backend uwrmaxsat --uwrmaxsat-bin /home/g24021555/uwrmaxsat/build/release/bin/uwrmaxsat --timeout 7200 --csv output/full_matrix_bg_d2_forbidden.csv,,,,,,,,multiple,,cadical,,factorial,pairwise+distance_closure,,45,"1,3,4,5,6,7,8,9,10,11,12,13,14,15,16,17,18,19,20,21,22,23,24,25,26,27,28,29,30,31,32,33,34,35,36,37,38,40,41,42,43,44,45,46,47",1772,28,9,9,,,,,"journal objective family: bg_d2 | F-selected distance-labelled E* domain propagation and cycle detection | precedence configuration: F=distance_closure, P=pairwise, G=distance_closure | Reduced Domain variables after unary filtering + matching GAC + slot saturation | (20),(22)-(27) exactly once over reduced domains | (19) participant atMost-one per slot | (46),(47) clustered table capacity with compact forward channeling | (28) Pairwise precedence over distance_closure distance-labelled relations | exact break-group ends and unary break-group thresholds | exact schedule <-> usedSlot channeling | (43) exactly |Mp| reduced usedSlot variables | (44) atMost 2|L| busy participants per slot | (45) exact even number of busy participants | historical hard cap Delta_G <= 2",,,result
,,,,,,,,,tic-13crafc.forb0007,b2b-9941602cc38f4c9a,b2b-lineage-tic-13crafc,forbidden,R-PW-DC-ST-BGD2-UW-IC12P,Reduced,Filter-E*,Pairwise,DistanceClosure-E*,SpanThreshold,BreakGroupsD2,UWrMaxSAT,IC12+,UNSAT,UNSAT,,,bg_d2,,,,,,,1,0.229107,False,46.133,,,,Compact,Compact/Reduced,project_implementation,one-shot weighted MaxSAT,26813,,,,,,,66652,180,66832,1763,25050,161185,46,cfg5__m-reduced__p-pairwise__g-distance_closure__b-span_threshold__o-break_groups_d2__s-uwrmaxsat__i-imp12plus__backend-uwrmaxsat,cfg5__m-reduced__p-pairwise__g-distance_closure__b-span_threshold__o-break_groups_d2__s-uwrmaxsat__i-imp12plus__backend-uwrmaxsat,reduced,distance_closure,pairwise,distance_closure,UWrMaxSAT,UWrMaxSAT,binary-sha256:8c68c8a386d3d7847b50d315143c2bab60e3514e59510e84a649db83cb303876,imp12+,span_threshold,total_break_groups_subject_to_range_at_most_2,BGD2,IC12P,161005,180,1,265,44837,18093,3454,1,180,180,1,,,,,,0,0,0,0,0,,,"formalism-specific model size: SAT/MaxSAT reports base CNF and soft clauses, MIP reports variables/linear constraints/nonzeros, and CP reports integer variables plus linear/global constraints; SAT bound/totalizer overhead remains separate in optimizer_added_*",1800,1772,1763,1763,0,0,0,0,0,0,0,1,0.020091,0.002202,0.091649,,0.093851,0.135256,"wall-clock from immediately before reading/parsing the .dzn instance through model construction, optimization, solution decoding, and independent validation; excludes worker-process startup and result-file export",,,,,,,peak_process_tree_rss_mb,9941602cc38f4c9ac6735c7764cbbd83f4c994da4e31402742629d1aacab42ce,forb0007,data_table06_forb/tic-13crafc.forb0007.dzn,1,../noves/tic-13crafc.forb0007.dzn,1,data_table06_forb/tic-13crafc.forb0007.dzn,https://imae.udg.edu/Recerca/LAI/,https://ima.udg.edu/Recerca/lai/b2b/b2b.zip,ee1f440ab3f6db27ab712300ad3a54a31ffd5ec1e06f81a9ac37cb7202c56528,2026-08-10T10:42:19+00:00,7200.0,,ee80a6fbd8b513f7c010668495c39621a371266a,True,3.10.12,1.8.dev25,instance-20260810-085803,Linux-6.8.0-1064-gcp-x86_64-with-glibc2.35,x86_64,4,8,15988.059,1,0,/home/g24021555/Business-Meeting-Scheduling-Problem/.venv/bin/python3 /home/g24021555/Business-Meeting-Scheduling-Problem/src/Main.py --manifest instances_manifest.csv --family forbidden --solver sat_all --objective-mode bg_d2 --domain-mode both --domain-filter-graph both --precedence-encoding both --precedence-graph both --encoding-variant imp12+ --sat-backend cadical --maxsat-backend uwrmaxsat --uwrmaxsat-bin /home/g24021555/uwrmaxsat/build/release/bin/uwrmaxsat --timeout 7200 --csv output/full_matrix_bg_d2_forbidden.csv,/home/g24021555/uwrmaxsat/build/release/bin/uwrmaxsat,8c68c8a386d3d7847b50d315143c2bab60e3514e59510e84a649db83cb303876,/home/g24021555/uwrmaxsat/build/release/bin/uwrmaxsat -m /tmp/b2b_uwrmaxsat_04ee68xv/tic-13crafc.forb0007.wcnf,,process exit code=20,,,maxsat,uwrmaxsat,,/home/g24021555/uwrmaxsat/build/release/bin/uwrmaxsat,factorial,pairwise+distance_closure,,45,"1,3,4,5,6,7,8,9,10,11,12,13,14,15,16,17,18,19,20,21,22,23,24,25,26,27,28,29,30,31,32,33,34,35,36,37,38,40,41,42,43,44,45,46,47",1772,28,9,9,,,,,"journal objective family: bg_d2 | F-selected distance-labelled E* domain propagation and cycle detection | precedence configuration: F=distance_closure, P=pairwise, G=distance_closure | Reduced Domain variables after unary filtering + matching GAC + slot saturation | (20),(22)-(27) exactly once over reduced domains | (19) participant atMost-one per slot | (46),(47) clustered table capacity with compact forward channeling | (28) Pairwise precedence over distance_closure distance-labelled relations | exact break-group ends and unary break-group thresholds | exact schedule <-> usedSlot channeling | (43) exactly |Mp| reduced usedSlot variables | (44) atMost 2|L| busy participants per slot | (45) exact even number of busy participants | historical hard cap Delta_G <= 2",,,result
,,,,,,,,,tic-13crafc.forb0007,b2b-9941602cc38f4c9a,b2b-lineage-tic-13crafc,forbidden,R-SS-DE-ST-BGD2-IS-CD-IC12P,Reduced,Filter-E*,SparseSuffix,Direct-E,SpanThreshold,BreakGroupsD2,IncrementalSAT,IC12+,UNSAT,UNSAT,,,bg_d2,,,,,,,,0.109509,False,39.867,,,,Compact,Compact/Reduced,project_implementation,incremental multi-phase SAT with persistent solver state,26813,,,,,,,66652,0,66652,1763,25050,161005,46,cfg5__m-reduced__p-sparse_suffix__g-direct__b-span_threshold__o-break_groups_d2__s-incrementalsat__i-imp12plus__backend-cadical,cfg5__m-reduced__p-sparse_suffix__g-direct__b-span_threshold__o-break_groups_d2__s-incrementalsat__i-imp12plus__backend-cadical,reduced,distance_closure,sparse_suffix,direct,IncrementalSAT,CaDiCaL,1.5.3,imp12+,span_threshold,total_break_groups_subject_to_range_at_most_2,BGD2,IC12P,161005,0,0,265,44837,18093,3454,,0,180,1,,,,,,0,0,0,0,0,,,"formalism-specific model size: SAT/MaxSAT reports base CNF and soft clauses, MIP reports variables/linear constraints/nonzeros, and CP reports integer variables plus linear/global constraints; SAT bound/totalizer overhead remains separate in optimizer_added_*",1800,1772,1763,1763,0,0,0,0,0,0,0,1,0.019499,0.002203,0.08654,,0.088743,0.020766,"wall-clock from immediately before reading/parsing the .dzn instance through model construction, optimization, solution decoding, and independent validation; excludes worker-process startup and result-file export",,,,,,,peak_process_tree_rss_mb,9941602cc38f4c9ac6735c7764cbbd83f4c994da4e31402742629d1aacab42ce,forb0007,data_table06_forb/tic-13crafc.forb0007.dzn,1,../noves/tic-13crafc.forb0007.dzn,1,data_table06_forb/tic-13crafc.forb0007.dzn,https://imae.udg.edu/Recerca/LAI/,https://ima.udg.edu/Recerca/lai/b2b/b2b.zip,ee1f440ab3f6db27ab712300ad3a54a31ffd5ec1e06f81a9ac37cb7202c56528,2026-08-10T10:42:19+00:00,7200.0,,ee80a6fbd8b513f7c010668495c39621a371266a,True,3.10.12,1.8.dev25,instance-20260810-085803,Linux-6.8.0-1064-gcp-x86_64-with-glibc2.35,x86_64,4,8,15988.059,1,0,/home/g24021555/Business-Meeting-Scheduling-Problem/.venv/bin/python3 /home/g24021555/Business-Meeting-Scheduling-Problem/src/Main.py --manifest instances_manifest.csv --family forbidden --solver sat_all --objective-mode bg_d2 --domain-mode both --domain-filter-graph both --precedence-encoding both --precedence-graph both --encoding-variant imp12+ --sat-backend cadical --maxsat-backend uwrmaxsat --uwrmaxsat-bin /home/g24021555/uwrmaxsat/build/release/bin/uwrmaxsat --timeout 7200 --csv output/full_matrix_bg_d2_forbidden.csv,,,,,,,,incremental,,cadical,,factorial,sparse_suffix+direct,,45,"1,3,4,5,6,7,8,9,10,11,12,13,14,15,16,17,18,19,20,21,22,23,24,25,26,27,28,29,30,31,32,33,34,35,36,37,38,40,41,42,43,44,45,46,47",1772,28,9,9,,,,,"journal objective family: bg_d2 | F-selected distance-labelled E* domain propagation and cycle detection | precedence configuration: F=distance_closure, P=sparse_suffix, G=direct | Reduced Domain variables after unary filtering + matching GAC + slot saturation | (20),(22)-(27) exactly once over reduced domains | (19) participant atMost-one per slot | (46),(47) clustered table capacity with compact forward channeling | (28) SparseSuffix precedence over direct distance-labelled relations | exact break-group ends and unary break-group thresholds | exact schedule <-> usedSlot channeling | (43) exactly |Mp| reduced usedSlot variables | (44) atMost 2|L| busy participants per slot | (45) exact even number of busy participants | historical hard cap Delta_G <= 2",,,result
,,,,,,,,,tic-13crafc.forb0007,b2b-9941602cc38f4c9a,b2b-lineage-tic-13crafc,forbidden,R-SS-DE-ST-BGD2-NIS-CD-IC12P,Reduced,Filter-E*,SparseSuffix,Direct-E,SpanThreshold,BreakGroupsD2,NonIncrementalSAT,IC12+,UNSAT,UNSAT,,,bg_d2,,,,,,,,0.109063,False,39.551,,,,Compact,Compact/Reduced,project_implementation,restart-based multi-phase SAT,26813,,,,,,,66652,0,66652,1763,25050,161005,46,cfg5__m-reduced__p-sparse_suffix__g-direct__b-span_threshold__o-break_groups_d2__s-nonincrementalsat__i-imp12plus__backend-cadical,cfg5__m-reduced__p-sparse_suffix__g-direct__b-span_threshold__o-break_groups_d2__s-nonincrementalsat__i-imp12plus__backend-cadical,reduced,distance_closure,sparse_suffix,direct,NonIncrementalSAT,CaDiCaL,1.5.3,imp12+,span_threshold,total_break_groups_subject_to_range_at_most_2,BGD2,IC12P,161005,0,0,265,44837,18093,3454,,0,180,1,,,,,,0,0,0,0,0,,,"formalism-specific model size: SAT/MaxSAT reports base CNF and soft clauses, MIP reports variables/linear constraints/nonzeros, and CP reports integer variables plus linear/global constraints; SAT bound/totalizer overhead remains separate in optimizer_added_*",1800,1772,1763,1763,0,0,0,0,0,0,0,1,0.018763,0.002199,0.086544,,0.088743,0.02032,"wall-clock from immediately before reading/parsing the .dzn instance through model construction, optimization, solution decoding, and independent validation; excludes worker-process startup and result-file export",,,,,,,peak_process_tree_rss_mb,9941602cc38f4c9ac6735c7764cbbd83f4c994da4e31402742629d1aacab42ce,forb0007,data_table06_forb/tic-13crafc.forb0007.dzn,1,../noves/tic-13crafc.forb0007.dzn,1,data_table06_forb/tic-13crafc.forb0007.dzn,https://imae.udg.edu/Recerca/LAI/,https://ima.udg.edu/Recerca/lai/b2b/b2b.zip,ee1f440ab3f6db27ab712300ad3a54a31ffd5ec1e06f81a9ac37cb7202c56528,2026-08-10T10:42:19+00:00,7200.0,,ee80a6fbd8b513f7c010668495c39621a371266a,True,3.10.12,1.8.dev25,instance-20260810-085803,Linux-6.8.0-1064-gcp-x86_64-with-glibc2.35,x86_64,4,8,15988.059,1,0,/home/g24021555/Business-Meeting-Scheduling-Problem/.venv/bin/python3 /home/g24021555/Business-Meeting-Scheduling-Problem/src/Main.py --manifest instances_manifest.csv --family forbidden --solver sat_all --objective-mode bg_d2 --domain-mode both --domain-filter-graph both --precedence-encoding both --precedence-graph both --encoding-variant imp12+ --sat-backend cadical --maxsat-backend uwrmaxsat --uwrmaxsat-bin /home/g24021555/uwrmaxsat/build/release/bin/uwrmaxsat --timeout 7200 --csv output/full_matrix_bg_d2_forbidden.csv,,,,,,,,multiple,,cadical,,factorial,sparse_suffix+direct,,45,"1,3,4,5,6,7,8,9,10,11,12,13,14,15,16,17,18,19,20,21,22,23,24,25,26,27,28,29,30,31,32,33,34,35,36,37,38,40,41,42,43,44,45,46,47",1772,28,9,9,,,,,"journal objective family: bg_d2 | F-selected distance-labelled E* domain propagation and cycle detection | precedence configuration: F=distance_closure, P=sparse_suffix, G=direct | Reduced Domain variables after unary filtering + matching GAC + slot saturation | (20),(22)-(27) exactly once over reduced domains | (19) participant atMost-one per slot | (46),(47) clustered table capacity with compact forward channeling | (28) SparseSuffix precedence over direct distance-labelled relations | exact break-group ends and unary break-group thresholds | exact schedule <-> usedSlot channeling | (43) exactly |Mp| reduced usedSlot variables | (44) atMost 2|L| busy participants per slot | (45) exact even number of busy participants | historical hard cap Delta_G <= 2",,,result
,,,,,,,,,tic-13crafc.forb0007,b2b-9941602cc38f4c9a,b2b-lineage-tic-13crafc,forbidden,R-SS-DE-ST-BGD2-UW-IC12P,Reduced,Filter-E*,SparseSuffix,Direct-E,SpanThreshold,BreakGroupsD2,UWrMaxSAT,IC12+,UNSAT,UNSAT,,,bg_d2,,,,,,,1,0.226945,False,46.219,,,,Compact,Compact/Reduced,project_implementation,one-shot weighted MaxSAT,26813,,,,,,,66652,180,66832,1763,25050,161185,46,cfg5__m-reduced__p-sparse_suffix__g-direct__b-span_threshold__o-break_groups_d2__s-uwrmaxsat__i-imp12plus__backend-uwrmaxsat,cfg5__m-reduced__p-sparse_suffix__g-direct__b-span_threshold__o-break_groups_d2__s-uwrmaxsat__i-imp12plus__backend-uwrmaxsat,reduced,distance_closure,sparse_suffix,direct,UWrMaxSAT,UWrMaxSAT,binary-sha256:8c68c8a386d3d7847b50d315143c2bab60e3514e59510e84a649db83cb303876,imp12+,span_threshold,total_break_groups_subject_to_range_at_most_2,BGD2,IC12P,161005,180,1,265,44837,18093,3454,1,180,180,1,,,,,,0,0,0,0,0,,,"formalism-specific model size: SAT/MaxSAT reports base CNF and soft clauses, MIP reports variables/linear constraints/nonzeros, and CP reports integer variables plus linear/global constraints; SAT bound/totalizer overhead remains separate in optimizer_added_*",1800,1772,1763,1763,0,0,0,0,0,0,0,1,0.01827,0.002533,0.090245,,0.092778,0.134167,"wall-clock from immediately before reading/parsing the .dzn instance through model construction, optimization, solution decoding, and independent validation; excludes worker-process startup and result-file export",,,,,,,peak_process_tree_rss_mb,9941602cc38f4c9ac6735c7764cbbd83f4c994da4e31402742629d1aacab42ce,forb0007,data_table06_forb/tic-13crafc.forb0007.dzn,1,../noves/tic-13crafc.forb0007.dzn,1,data_table06_forb/tic-13crafc.forb0007.dzn,https://imae.udg.edu/Recerca/LAI/,https://ima.udg.edu/Recerca/lai/b2b/b2b.zip,ee1f440ab3f6db27ab712300ad3a54a31ffd5ec1e06f81a9ac37cb7202c56528,2026-08-10T10:42:19+00:00,7200.0,,ee80a6fbd8b513f7c010668495c39621a371266a,True,3.10.12,1.8.dev25,instance-20260810-085803,Linux-6.8.0-1064-gcp-x86_64-with-glibc2.35,x86_64,4,8,15988.059,1,0,/home/g24021555/Business-Meeting-Scheduling-Problem/.venv/bin/python3 /home/g24021555/Business-Meeting-Scheduling-Problem/src/Main.py --manifest instances_manifest.csv --family forbidden --solver sat_all --objective-mode bg_d2 --domain-mode both --domain-filter-graph both --precedence-encoding both --precedence-graph both --encoding-variant imp12+ --sat-backend cadical --maxsat-backend uwrmaxsat --uwrmaxsat-bin /home/g24021555/uwrmaxsat/build/release/bin/uwrmaxsat --timeout 7200 --csv output/full_matrix_bg_d2_forbidden.csv,/home/g24021555/uwrmaxsat/build/release/bin/uwrmaxsat,8c68c8a386d3d7847b50d315143c2bab60e3514e59510e84a649db83cb303876,/home/g24021555/uwrmaxsat/build/release/bin/uwrmaxsat -m /tmp/b2b_uwrmaxsat_o1yrrwxl/tic-13crafc.forb0007.wcnf,,process exit code=20,,,maxsat,uwrmaxsat,,/home/g24021555/uwrmaxsat/build/release/bin/uwrmaxsat,factorial,sparse_suffix+direct,,45,"1,3,4,5,6,7,8,9,10,11,12,13,14,15,16,17,18,19,20,21,22,23,24,25,26,27,28,29,30,31,32,33,34,35,36,37,38,40,41,42,43,44,45,46,47",1772,28,9,9,,,,,"journal objective family: bg_d2 | F-selected distance-labelled E* domain propagation and cycle detection | precedence configuration: F=distance_closure, P=sparse_suffix, G=direct | Reduced Domain variables after unary filtering + matching GAC + slot saturation | (20),(22)-(27) exactly once over reduced domains | (19) participant atMost-one per slot | (46),(47) clustered table capacity with compact forward channeling | (28) SparseSuffix precedence over direct distance-labelled relations | exact break-group ends and unary break-group thresholds | exact schedule <-> usedSlot channeling | (43) exactly |Mp| reduced usedSlot variables | (44) atMost 2|L| busy participants per slot | (45) exact even number of busy participants | historical hard cap Delta_G <= 2",,,result
,,,,,,,,,tic-13crafc.forb0007,b2b-9941602cc38f4c9a,b2b-lineage-tic-13crafc,forbidden,R-SS-DC-ST-BGD2-IS-CD-IC12P,Reduced,Filter-E*,SparseSuffix,DistanceClosure-E*,SpanThreshold,BreakGroupsD2,IncrementalSAT,IC12+,UNSAT,UNSAT,,,bg_d2,,,,,,,,0.109613,False,39.707,,,,Compact,Compact/Reduced,project_implementation,incremental multi-phase SAT with persistent solver state,26813,,,,,,,66652,0,66652,1763,25050,161005,46,cfg5__m-reduced__p-sparse_suffix__g-distance_closure__b-span_threshold__o-break_groups_d2__s-incrementalsat__i-imp12plus__backend-cadical,cfg5__m-reduced__p-sparse_suffix__g-distance_closure__b-span_threshold__o-break_groups_d2__s-incrementalsat__i-imp12plus__backend-cadical,reduced,distance_closure,sparse_suffix,distance_closure,IncrementalSAT,CaDiCaL,1.5.3,imp12+,span_threshold,total_break_groups_subject_to_range_at_most_2,BGD2,IC12P,161005,0,0,265,44837,18093,3454,,0,180,1,,,,,,0,0,0,0,0,,,"formalism-specific model size: SAT/MaxSAT reports base CNF and soft clauses, MIP reports variables/linear constraints/nonzeros, and CP reports integer variables plus linear/global constraints; SAT bound/totalizer overhead remains separate in optimizer_added_*",1800,1772,1763,1763,0,0,0,0,0,0,0,1,0.019935,0.002212,0.086956,,0.089168,0.020445,"wall-clock from immediately before reading/parsing the .dzn instance through model construction, optimization, solution decoding, and independent validation; excludes worker-process startup and result-file export",,,,,,,peak_process_tree_rss_mb,9941602cc38f4c9ac6735c7764cbbd83f4c994da4e31402742629d1aacab42ce,forb0007,data_table06_forb/tic-13crafc.forb0007.dzn,1,../noves/tic-13crafc.forb0007.dzn,1,data_table06_forb/tic-13crafc.forb0007.dzn,https://imae.udg.edu/Recerca/LAI/,https://ima.udg.edu/Recerca/lai/b2b/b2b.zip,ee1f440ab3f6db27ab712300ad3a54a31ffd5ec1e06f81a9ac37cb7202c56528,2026-08-10T10:42:19+00:00,7200.0,,ee80a6fbd8b513f7c010668495c39621a371266a,True,3.10.12,1.8.dev25,instance-20260810-085803,Linux-6.8.0-1064-gcp-x86_64-with-glibc2.35,x86_64,4,8,15988.059,1,0,/home/g24021555/Business-Meeting-Scheduling-Problem/.venv/bin/python3 /home/g24021555/Business-Meeting-Scheduling-Problem/src/Main.py --manifest instances_manifest.csv --family forbidden --solver sat_all --objective-mode bg_d2 --domain-mode both --domain-filter-graph both --precedence-encoding both --precedence-graph both --encoding-variant imp12+ --sat-backend cadical --maxsat-backend uwrmaxsat --uwrmaxsat-bin /home/g24021555/uwrmaxsat/build/release/bin/uwrmaxsat --timeout 7200 --csv output/full_matrix_bg_d2_forbidden.csv,,,,,,,,incremental,,cadical,,staircase,sparse_suffix+distance_closure,,45,"1,3,4,5,6,7,8,9,10,11,12,13,14,15,16,17,18,19,20,21,22,23,24,25,26,27,28,29,30,31,32,33,34,35,36,37,38,40,41,42,43,44,45,46,47",1772,28,9,9,,,,,"journal objective family: bg_d2 | F-selected distance-labelled E* domain propagation and cycle detection | precedence configuration: F=distance_closure, P=sparse_suffix, G=distance_closure | Reduced Domain variables after unary filtering + matching GAC + slot saturation | (20),(22)-(27) exactly once over reduced domains | (19) participant atMost-one per slot | (46),(47) clustered table capacity with compact forward channeling | (28) SparseSuffix precedence over distance_closure distance-labelled relations | exact break-group ends and unary break-group thresholds | exact schedule <-> usedSlot channeling | (43) exactly |Mp| reduced usedSlot variables | (44) atMost 2|L| busy participants per slot | (45) exact even number of busy participants | historical hard cap Delta_G <= 2",,,result
,,,,,,,,,tic-13crafc.forb0007,b2b-9941602cc38f4c9a,b2b-lineage-tic-13crafc,forbidden,R-SS-DC-ST-BGD2-NIS-CD-IC12P,Reduced,Filter-E*,SparseSuffix,DistanceClosure-E*,SpanThreshold,BreakGroupsD2,NonIncrementalSAT,IC12+,UNSAT,UNSAT,,,bg_d2,,,,,,,,0.110609,False,40.453,,,,Compact,Compact/Reduced,project_implementation,restart-based multi-phase SAT,26813,,,,,,,66652,0,66652,1763,25050,161005,46,cfg5__m-reduced__p-sparse_suffix__g-distance_closure__b-span_threshold__o-break_groups_d2__s-nonincrementalsat__i-imp12plus__backend-cadical,cfg5__m-reduced__p-sparse_suffix__g-distance_closure__b-span_threshold__o-break_groups_d2__s-nonincrementalsat__i-imp12plus__backend-cadical,reduced,distance_closure,sparse_suffix,distance_closure,NonIncrementalSAT,CaDiCaL,1.5.3,imp12+,span_threshold,total_break_groups_subject_to_range_at_most_2,BGD2,IC12P,161005,0,0,265,44837,18093,3454,,0,180,1,,,,,,0,0,0,0,0,,,"formalism-specific model size: SAT/MaxSAT reports base CNF and soft clauses, MIP reports variables/linear constraints/nonzeros, and CP reports integer variables plus linear/global constraints; SAT bound/totalizer overhead remains separate in optimizer_added_*",1800,1772,1763,1763,0,0,0,0,0,0,0,1,0.019073,0.002327,0.087203,,0.089529,0.02108,"wall-clock from immediately before reading/parsing the .dzn instance through model construction, optimization, solution decoding, and independent validation; excludes worker-process startup and result-file export",,,,,,,peak_process_tree_rss_mb,9941602cc38f4c9ac6735c7764cbbd83f4c994da4e31402742629d1aacab42ce,forb0007,data_table06_forb/tic-13crafc.forb0007.dzn,1,../noves/tic-13crafc.forb0007.dzn,1,data_table06_forb/tic-13crafc.forb0007.dzn,https://imae.udg.edu/Recerca/LAI/,https://ima.udg.edu/Recerca/lai/b2b/b2b.zip,ee1f440ab3f6db27ab712300ad3a54a31ffd5ec1e06f81a9ac37cb7202c56528,2026-08-10T10:42:19+00:00,7200.0,,ee80a6fbd8b513f7c010668495c39621a371266a,True,3.10.12,1.8.dev25,instance-20260810-085803,Linux-6.8.0-1064-gcp-x86_64-with-glibc2.35,x86_64,4,8,15988.059,1,0,/home/g24021555/Business-Meeting-Scheduling-Problem/.venv/bin/python3 /home/g24021555/Business-Meeting-Scheduling-Problem/src/Main.py --manifest instances_manifest.csv --family forbidden --solver sat_all --objective-mode bg_d2 --domain-mode both --domain-filter-graph both --precedence-encoding both --precedence-graph both --encoding-variant imp12+ --sat-backend cadical --maxsat-backend uwrmaxsat --uwrmaxsat-bin /home/g24021555/uwrmaxsat/build/release/bin/uwrmaxsat --timeout 7200 --csv output/full_matrix_bg_d2_forbidden.csv,,,,,,,,multiple,,cadical,,staircase,sparse_suffix+distance_closure,,45,"1,3,4,5,6,7,8,9,10,11,12,13,14,15,16,17,18,19,20,21,22,23,24,25,26,27,28,29,30,31,32,33,34,35,36,37,38,40,41,42,43,44,45,46,47",1772,28,9,9,,,,,"journal objective family: bg_d2 | F-selected distance-labelled E* domain propagation and cycle detection | precedence configuration: F=distance_closure, P=sparse_suffix, G=distance_closure | Reduced Domain variables after unary filtering + matching GAC + slot saturation | (20),(22)-(27) exactly once over reduced domains | (19) participant atMost-one per slot | (46),(47) clustered table capacity with compact forward channeling | (28) SparseSuffix precedence over distance_closure distance-labelled relations | exact break-group ends and unary break-group thresholds | exact schedule <-> usedSlot channeling | (43) exactly |Mp| reduced usedSlot variables | (44) atMost 2|L| busy participants per slot | (45) exact even number of busy participants | historical hard cap Delta_G <= 2",,,result
,,,,,,,,,tic-13crafc.forb0007,b2b-9941602cc38f4c9a,b2b-lineage-tic-13crafc,forbidden,R-SS-DC-ST-BGD2-UW-IC12P,Reduced,Filter-E*,SparseSuffix,DistanceClosure-E*,SpanThreshold,BreakGroupsD2,UWrMaxSAT,IC12+,UNSAT,UNSAT,,,bg_d2,,,,,,,1,0.22801,False,46.359,,,,Compact,Compact/Reduced,project_implementation,one-shot weighted MaxSAT,26813,,,,,,,66652,180,66832,1763,25050,161185,46,cfg5__m-reduced__p-sparse_suffix__g-distance_closure__b-span_threshold__o-break_groups_d2__s-uwrmaxsat__i-imp12plus__backend-uwrmaxsat,cfg5__m-reduced__p-sparse_suffix__g-distance_closure__b-span_threshold__o-break_groups_d2__s-uwrmaxsat__i-imp12plus__backend-uwrmaxsat,reduced,distance_closure,sparse_suffix,distance_closure,UWrMaxSAT,UWrMaxSAT,binary-sha256:8c68c8a386d3d7847b50d315143c2bab60e3514e59510e84a649db83cb303876,imp12+,span_threshold,total_break_groups_subject_to_range_at_most_2,BGD2,IC12P,161005,180,1,265,44837,18093,3454,1,180,180,1,,,,,,0,0,0,0,0,,,"formalism-specific model size: SAT/MaxSAT reports base CNF and soft clauses, MIP reports variables/linear constraints/nonzeros, and CP reports integer variables plus linear/global constraints; SAT bound/totalizer overhead remains separate in optimizer_added_*",1800,1772,1763,1763,0,0,0,0,0,0,0,1,0.019632,0.002488,0.09302,,0.095508,0.132502,"wall-clock from immediately before reading/parsing the .dzn instance through model construction, optimization, solution decoding, and independent validation; excludes worker-process startup and result-file export",,,,,,,peak_process_tree_rss_mb,9941602cc38f4c9ac6735c7764cbbd83f4c994da4e31402742629d1aacab42ce,forb0007,data_table06_forb/tic-13crafc.forb0007.dzn,1,../noves/tic-13crafc.forb0007.dzn,1,data_table06_forb/tic-13crafc.forb0007.dzn,https://imae.udg.edu/Recerca/LAI/,https://ima.udg.edu/Recerca/lai/b2b/b2b.zip,ee1f440ab3f6db27ab712300ad3a54a31ffd5ec1e06f81a9ac37cb7202c56528,2026-08-10T10:42:19+00:00,7200.0,,ee80a6fbd8b513f7c010668495c39621a371266a,True,3.10.12,1.8.dev25,instance-20260810-085803,Linux-6.8.0-1064-gcp-x86_64-with-glibc2.35,x86_64,4,8,15988.059,1,0,/home/g24021555/Business-Meeting-Scheduling-Problem/.venv/bin/python3 /home/g24021555/Business-Meeting-Scheduling-Problem/src/Main.py --manifest instances_manifest.csv --family forbidden --solver sat_all --objective-mode bg_d2 --domain-mode both --domain-filter-graph both --precedence-encoding both --precedence-graph both --encoding-variant imp12+ --sat-backend cadical --maxsat-backend uwrmaxsat --uwrmaxsat-bin /home/g24021555/uwrmaxsat/build/release/bin/uwrmaxsat --timeout 7200 --csv output/full_matrix_bg_d2_forbidden.csv,/home/g24021555/uwrmaxsat/build/release/bin/uwrmaxsat,8c68c8a386d3d7847b50d315143c2bab60e3514e59510e84a649db83cb303876,/home/g24021555/uwrmaxsat/build/release/bin/uwrmaxsat -m /tmp/b2b_uwrmaxsat_iub4ine9/tic-13crafc.forb0007.wcnf,,process exit code=20,,,maxsat,uwrmaxsat,,/home/g24021555/uwrmaxsat/build/release/bin/uwrmaxsat,staircase,sparse_suffix+distance_closure,,45,"1,3,4,5,6,7,8,9,10,11,12,13,14,15,16,17,18,19,20,21,22,23,24,25,26,27,28,29,30,31,32,33,34,35,36,37,38,40,41,42,43,44,45,46,47",1772,28,9,9,,,,,"journal objective family: bg_d2 | F-selected distance-labelled E* domain propagation and cycle detection | precedence configuration: F=distance_closure, P=sparse_suffix, G=distance_closure | Reduced Domain variables after unary filtering + matching GAC + slot saturation | (20),(22)-(27) exactly once over reduced domains | (19) participant atMost-one per slot | (46),(47) clustered table capacity with compact forward channeling | (28) SparseSuffix precedence over distance_closure distance-labelled relations | exact break-group ends and unary break-group thresholds | exact schedule <-> usedSlot channeling | (43) exactly |Mp| reduced usedSlot variables | (44) atMost 2|L| busy participants per slot | (45) exact even number of busy participants | historical hard cap Delta_G <= 2",,,result
,,,,,,,,,forumt-14crafc.forb0007,b2b-9ca554a8cfe9d1ab,b2b-lineage-forumt-14crafc,forbidden,F-PW-DE-ST-BGD2-IS-CD-IC12P,Full,Filter-E*,Pairwise,Direct-E,SpanThreshold,BreakGroupsD2,IncrementalSAT,IC12+,UNSAT,UNSAT,,,bg_d2,,,,,,,,0.119721,False,48.289,,,,Compact,Compact/Full,project_implementation,incremental multi-phase SAT with persistent solver state,31666,,,,,,,84194,0,84194,2370,29296,203533,60,cfg5__m-full__p-pairwise__g-direct__b-span_threshold__o-break_groups_d2__s-incrementalsat__i-imp12plus__backend-cadical,cfg5__m-full__p-pairwise__g-direct__b-span_threshold__o-break_groups_d2__s-incrementalsat__i-imp12plus__backend-cadical,full,distance_closure,pairwise,direct,IncrementalSAT,CaDiCaL,1.5.3,imp12+,span_threshold,total_break_groups_subject_to_range_at_most_2,BGD2,IC12P,203533,0,0,448,56697,22494,4555,,0,236,1,,,,,,0,0,0,0,0,,,"formalism-specific model size: SAT/MaxSAT reports base CNF and soft clauses, MIP reports variables/linear constraints/nonzeros, and CP reports integer variables plus linear/global constraints; SAT bound/totalizer overhead remains separate in optimizer_added_*",2370,2340,2331,2370,0,0,0,0,0,0,0,1,0.00276,0.002609,0.088324,,0.090934,0.028788,"wall-clock from immediately before reading/parsing the .dzn instance through model construction, optimization, solution decoding, and independent validation; excludes worker-process startup and result-file export",,,,,,,peak_process_tree_rss_mb,9ca554a8cfe9d1ab832ef80dab71f6da620952bbdd7dfe9198e1b527d9de5441,forb0007,data_table06_forb/forumt-14crafc.forb0007.dzn,2,../noves/forumt-14crafc.forb0007.dzn | ../noves/tic-14crafc.forb0007.dzn,2,data_table06_forb/forumt-14crafc.forb0007.dzn | data_table06_forb/tic-14crafc.forb0007.dzn,https://imae.udg.edu/Recerca/LAI/,https://ima.udg.edu/Recerca/lai/b2b/b2b.zip,ee1f440ab3f6db27ab712300ad3a54a31ffd5ec1e06f81a9ac37cb7202c56528,2026-08-10T10:42:19+00:00,7200.0,,ee80a6fbd8b513f7c010668495c39621a371266a,True,3.10.12,1.8.dev25,instance-20260810-085803,Linux-6.8.0-1064-gcp-x86_64-with-glibc2.35,x86_64,4,8,15988.059,1,0,/home/g24021555/Business-Meeting-Scheduling-Problem/.venv/bin/python3 /home/g24021555/Business-Meeting-Scheduling-Problem/src/Main.py --manifest instances_manifest.csv --family forbidden --solver sat_all --objective-mode bg_d2 --domain-mode both --domain-filter-graph both --precedence-encoding both --precedence-graph both --encoding-variant imp12+ --sat-backend cadical --maxsat-backend uwrmaxsat --uwrmaxsat-bin /home/g24021555/uwrmaxsat/build/release/bin/uwrmaxsat --timeout 7200 --csv output/full_matrix_bg_d2_forbidden.csv,,,,,,,,incremental,,cadical,,traditional,pairwise+direct,,59,"1,2,3,4,5,6,7,8,9,10,11,12,13,14,15,16,17,18,20,21,22,23,24,25,26,27,28,29,30,31,32,33,34,35,36,37,38,39,40,41,42,43,44,45,46,47,48,49,50,51,52,53,54,55,56,57,58,59,60",2340,30,9,9,,,,,"journal objective family: bg_d2 | F-selected distance-labelled E* domain propagation and cycle detection | precedence configuration: F=distance_closure, P=pairwise, G=direct | Full Domain MxT schedule variables + explicit unary exclusions | (20),(22)-(27) exactly once over full domains | (22)-(27) session/fixed/forbidden exclusions as hard unit clauses | (19) participant atMost-one per slot | (46),(47) clustered table capacity with compact forward channeling | (28) Pairwise precedence over direct distance-labelled relations | exact break-group ends and unary break-group thresholds | exact schedule <-> usedSlot channeling | (43) exactly |Mp| full usedSlot variables | (44) atMost 2|L| busy participants per slot | (45) exact even number of busy participants | historical hard cap Delta_G <= 2",,,result
,,,,,,,,,forumt-14crafc.forb0007,b2b-9ca554a8cfe9d1ab,b2b-lineage-forumt-14crafc,forbidden,F-PW-DE-ST-BGD2-NIS-CD-IC12P,Full,Filter-E*,Pairwise,Direct-E,SpanThreshold,BreakGroupsD2,NonIncrementalSAT,IC12+,UNSAT,UNSAT,,,bg_d2,,,,,,,,0.120528,False,48.289,,,,Compact,Compact/Full,project_implementation,restart-based multi-phase SAT,31666,,,,,,,84194,0,84194,2370,29296,203533,60,cfg5__m-full__p-pairwise__g-direct__b-span_threshold__o-break_groups_d2__s-nonincrementalsat__i-imp12plus__backend-cadical,cfg5__m-full__p-pairwise__g-direct__b-span_threshold__o-break_groups_d2__s-nonincrementalsat__i-imp12plus__backend-cadical,full,distance_closure,pairwise,direct,NonIncrementalSAT,CaDiCaL,1.5.3,imp12+,span_threshold,total_break_groups_subject_to_range_at_most_2,BGD2,IC12P,203533,0,0,448,56697,22494,4555,,0,236,1,,,,,,0,0,0,0,0,,,"formalism-specific model size: SAT/MaxSAT reports base CNF and soft clauses, MIP reports variables/linear constraints/nonzeros, and CP reports integer variables plus linear/global constraints; SAT bound/totalizer overhead remains separate in optimizer_added_*",2370,2340,2331,2370,0,0,0,0,0,0,0,1,0.002787,0.002611,0.088388,,0.090999,0.029529,"wall-clock from immediately before reading/parsing the .dzn instance through model construction, optimization, solution decoding, and independent validation; excludes worker-process startup and result-file export",,,,,,,peak_process_tree_rss_mb,9ca554a8cfe9d1ab832ef80dab71f6da620952bbdd7dfe9198e1b527d9de5441,forb0007,data_table06_forb/forumt-14crafc.forb0007.dzn,2,../noves/forumt-14crafc.forb0007.dzn | ../noves/tic-14crafc.forb0007.dzn,2,data_table06_forb/forumt-14crafc.forb0007.dzn | data_table06_forb/tic-14crafc.forb0007.dzn,https://imae.udg.edu/Recerca/LAI/,https://ima.udg.edu/Recerca/lai/b2b/b2b.zip,ee1f440ab3f6db27ab712300ad3a54a31ffd5ec1e06f81a9ac37cb7202c56528,2026-08-10T10:42:19+00:00,7200.0,,ee80a6fbd8b513f7c010668495c39621a371266a,True,3.10.12,1.8.dev25,instance-20260810-085803,Linux-6.8.0-1064-gcp-x86_64-with-glibc2.35,x86_64,4,8,15988.059,1,0,/home/g24021555/Business-Meeting-Scheduling-Problem/.venv/bin/python3 /home/g24021555/Business-Meeting-Scheduling-Problem/src/Main.py --manifest instances_manifest.csv --family forbidden --solver sat_all --objective-mode bg_d2 --domain-mode both --domain-filter-graph both --precedence-encoding both --precedence-graph both --encoding-variant imp12+ --sat-backend cadical --maxsat-backend uwrmaxsat --uwrmaxsat-bin /home/g24021555/uwrmaxsat/build/release/bin/uwrmaxsat --timeout 7200 --csv output/full_matrix_bg_d2_forbidden.csv,,,,,,,,multiple,,cadical,,traditional,pairwise+direct,,59,"1,2,3,4,5,6,7,8,9,10,11,12,13,14,15,16,17,18,20,21,22,23,24,25,26,27,28,29,30,31,32,33,34,35,36,37,38,39,40,41,42,43,44,45,46,47,48,49,50,51,52,53,54,55,56,57,58,59,60",2340,30,9,9,,,,,"journal objective family: bg_d2 | F-selected distance-labelled E* domain propagation and cycle detection | precedence configuration: F=distance_closure, P=pairwise, G=direct | Full Domain MxT schedule variables + explicit unary exclusions | (20),(22)-(27) exactly once over full domains | (22)-(27) session/fixed/forbidden exclusions as hard unit clauses | (19) participant atMost-one per slot | (46),(47) clustered table capacity with compact forward channeling | (28) Pairwise precedence over direct distance-labelled relations | exact break-group ends and unary break-group thresholds | exact schedule <-> usedSlot channeling | (43) exactly |Mp| full usedSlot variables | (44) atMost 2|L| busy participants per slot | (45) exact even number of busy participants | historical hard cap Delta_G <= 2",,,result
,,,,,,,,,forumt-14crafc.forb0007,b2b-9ca554a8cfe9d1ab,b2b-lineage-forumt-14crafc,forbidden,F-PW-DE-ST-BGD2-UW-IC12P,Full,Filter-E*,Pairwise,Direct-E,SpanThreshold,BreakGroupsD2,UWrMaxSAT,IC12+,UNSAT,UNSAT,,,bg_d2,,,,,,,1,0.263579,False,64.961,,,,Compact,Compact/Full,project_implementation,one-shot weighted MaxSAT,31666,,,,,,,84194,236,84430,2370,29296,203769,60,cfg5__m-full__p-pairwise__g-direct__b-span_threshold__o-break_groups_d2__s-uwrmaxsat__i-imp12plus__backend-uwrmaxsat,cfg5__m-full__p-pairwise__g-direct__b-span_threshold__o-break_groups_d2__s-uwrmaxsat__i-imp12plus__backend-uwrmaxsat,full,distance_closure,pairwise,direct,UWrMaxSAT,UWrMaxSAT,binary-sha256:8c68c8a386d3d7847b50d315143c2bab60e3514e59510e84a649db83cb303876,imp12+,span_threshold,total_break_groups_subject_to_range_at_most_2,BGD2,IC12P,203533,236,1,448,56697,22494,4555,1,236,236,1,,,,,,0,0,0,0,0,,,"formalism-specific model size: SAT/MaxSAT reports base CNF and soft clauses, MIP reports variables/linear constraints/nonzeros, and CP reports integer variables plus linear/global constraints; SAT bound/totalizer overhead remains separate in optimizer_added_*",2370,2340,2331,2370,0,0,0,0,0,0,0,1,0.002812,0.002961,0.089963,,0.092924,0.170655,"wall-clock from immediately before reading/parsing the .dzn instance through model construction, optimization, solution decoding, and independent validation; excludes worker-process startup and result-file export",,,,,,,peak_process_tree_rss_mb,9ca554a8cfe9d1ab832ef80dab71f6da620952bbdd7dfe9198e1b527d9de5441,forb0007,data_table06_forb/forumt-14crafc.forb0007.dzn,2,../noves/forumt-14crafc.forb0007.dzn | ../noves/tic-14crafc.forb0007.dzn,2,data_table06_forb/forumt-14crafc.forb0007.dzn | data_table06_forb/tic-14crafc.forb0007.dzn,https://imae.udg.edu/Recerca/LAI/,https://ima.udg.edu/Recerca/lai/b2b/b2b.zip,ee1f440ab3f6db27ab712300ad3a54a31ffd5ec1e06f81a9ac37cb7202c56528,2026-08-10T10:42:19+00:00,7200.0,,ee80a6fbd8b513f7c010668495c39621a371266a,True,3.10.12,1.8.dev25,instance-20260810-085803,Linux-6.8.0-1064-gcp-x86_64-with-glibc2.35,x86_64,4,8,15988.059,1,0,/home/g24021555/Business-Meeting-Scheduling-Problem/.venv/bin/python3 /home/g24021555/Business-Meeting-Scheduling-Problem/src/Main.py --manifest instances_manifest.csv --family forbidden --solver sat_all --objective-mode bg_d2 --domain-mode both --domain-filter-graph both --precedence-encoding both --precedence-graph both --encoding-variant imp12+ --sat-backend cadical --maxsat-backend uwrmaxsat --uwrmaxsat-bin /home/g24021555/uwrmaxsat/build/release/bin/uwrmaxsat --timeout 7200 --csv output/full_matrix_bg_d2_forbidden.csv,/home/g24021555/uwrmaxsat/build/release/bin/uwrmaxsat,8c68c8a386d3d7847b50d315143c2bab60e3514e59510e84a649db83cb303876,/home/g24021555/uwrmaxsat/build/release/bin/uwrmaxsat -m /tmp/b2b_uwrmaxsat_1ei1ts1j/forumt-14crafc.forb0007.wcnf,,process exit code=20,,,maxsat,uwrmaxsat,,/home/g24021555/uwrmaxsat/build/release/bin/uwrmaxsat,traditional,pairwise+direct,,59,"1,2,3,4,5,6,7,8,9,10,11,12,13,14,15,16,17,18,20,21,22,23,24,25,26,27,28,29,30,31,32,33,34,35,36,37,38,39,40,41,42,43,44,45,46,47,48,49,50,51,52,53,54,55,56,57,58,59,60",2340,30,9,9,,,,,"journal objective family: bg_d2 | F-selected distance-labelled E* domain propagation and cycle detection | precedence configuration: F=distance_closure, P=pairwise, G=direct | Full Domain MxT schedule variables + explicit unary exclusions | (20),(22)-(27) exactly once over full domains | (22)-(27) session/fixed/forbidden exclusions as hard unit clauses | (19) participant atMost-one per slot | (46),(47) clustered table capacity with compact forward channeling | (28) Pairwise precedence over direct distance-labelled relations | exact break-group ends and unary break-group thresholds | exact schedule <-> usedSlot channeling | (43) exactly |Mp| full usedSlot variables | (44) atMost 2|L| busy participants per slot | (45) exact even number of busy participants | historical hard cap Delta_G <= 2",,,result
,,,,,,,,,forumt-14crafc.forb0007,b2b-9ca554a8cfe9d1ab,b2b-lineage-forumt-14crafc,forbidden,F-PW-DC-ST-BGD2-IS-CD-IC12P,Full,Filter-E*,Pairwise,DistanceClosure-E*,SpanThreshold,BreakGroupsD2,IncrementalSAT,IC12+,UNSAT,UNSAT,,,bg_d2,,,,,,,,0.122276,False,48.355,,,,Compact,Compact/Full,project_implementation,incremental multi-phase SAT with persistent solver state,31666,,,,,,,84194,0,84194,2370,29296,203533,60,cfg5__m-full__p-pairwise__g-distance_closure__b-span_threshold__o-break_groups_d2__s-incrementalsat__i-imp12plus__backend-cadical,cfg5__m-full__p-pairwise__g-distance_closure__b-span_threshold__o-break_groups_d2__s-incrementalsat__i-imp12plus__backend-cadical,full,distance_closure,pairwise,distance_closure,IncrementalSAT,CaDiCaL,1.5.3,imp12+,span_threshold,total_break_groups_subject_to_range_at_most_2,BGD2,IC12P,203533,0,0,448,56697,22494,4555,,0,236,1,,,,,,0,0,0,0,0,,,"formalism-specific model size: SAT/MaxSAT reports base CNF and soft clauses, MIP reports variables/linear constraints/nonzeros, and CP reports integer variables plus linear/global constraints; SAT bound/totalizer overhead remains separate in optimizer_added_*",2370,2340,2331,2370,0,0,0,0,0,0,0,1,0.002475,0.002607,0.088461,,0.091068,0.031208,"wall-clock from immediately before reading/parsing the .dzn instance through model construction, optimization, solution decoding, and independent validation; excludes worker-process startup and result-file export",,,,,,,peak_process_tree_rss_mb,9ca554a8cfe9d1ab832ef80dab71f6da620952bbdd7dfe9198e1b527d9de5441,forb0007,data_table06_forb/forumt-14crafc.forb0007.dzn,2,../noves/forumt-14crafc.forb0007.dzn | ../noves/tic-14crafc.forb0007.dzn,2,data_table06_forb/forumt-14crafc.forb0007.dzn | data_table06_forb/tic-14crafc.forb0007.dzn,https://imae.udg.edu/Recerca/LAI/,https://ima.udg.edu/Recerca/lai/b2b/b2b.zip,ee1f440ab3f6db27ab712300ad3a54a31ffd5ec1e06f81a9ac37cb7202c56528,2026-08-10T10:42:19+00:00,7200.0,,ee80a6fbd8b513f7c010668495c39621a371266a,True,3.10.12,1.8.dev25,instance-20260810-085803,Linux-6.8.0-1064-gcp-x86_64-with-glibc2.35,x86_64,4,8,15988.059,1,0,/home/g24021555/Business-Meeting-Scheduling-Problem/.venv/bin/python3 /home/g24021555/Business-Meeting-Scheduling-Problem/src/Main.py --manifest instances_manifest.csv --family forbidden --solver sat_all --objective-mode bg_d2 --domain-mode both --domain-filter-graph both --precedence-encoding both --precedence-graph both --encoding-variant imp12+ --sat-backend cadical --maxsat-backend uwrmaxsat --uwrmaxsat-bin /home/g24021555/uwrmaxsat/build/release/bin/uwrmaxsat --timeout 7200 --csv output/full_matrix_bg_d2_forbidden.csv,,,,,,,,incremental,,cadical,,factorial,pairwise+distance_closure,,59,"1,2,3,4,5,6,7,8,9,10,11,12,13,14,15,16,17,18,20,21,22,23,24,25,26,27,28,29,30,31,32,33,34,35,36,37,38,39,40,41,42,43,44,45,46,47,48,49,50,51,52,53,54,55,56,57,58,59,60",2340,30,9,9,,,,,"journal objective family: bg_d2 | F-selected distance-labelled E* domain propagation and cycle detection | precedence configuration: F=distance_closure, P=pairwise, G=distance_closure | Full Domain MxT schedule variables + explicit unary exclusions | (20),(22)-(27) exactly once over full domains | (22)-(27) session/fixed/forbidden exclusions as hard unit clauses | (19) participant atMost-one per slot | (46),(47) clustered table capacity with compact forward channeling | (28) Pairwise precedence over distance_closure distance-labelled relations | exact break-group ends and unary break-group thresholds | exact schedule <-> usedSlot channeling | (43) exactly |Mp| full usedSlot variables | (44) atMost 2|L| busy participants per slot | (45) exact even number of busy participants | historical hard cap Delta_G <= 2",,,result
,,,,,,,,,forumt-14crafc.forb0007,b2b-9ca554a8cfe9d1ab,b2b-lineage-forumt-14crafc,forbidden,F-PW-DC-ST-BGD2-NIS-CD-IC12P,Full,Filter-E*,Pairwise,DistanceClosure-E*,SpanThreshold,BreakGroupsD2,NonIncrementalSAT,IC12+,UNSAT,UNSAT,,,bg_d2,,,,,,,,0.120292,False,43.332,,,,Compact,Compact/Full,project_implementation,restart-based multi-phase SAT,31666,,,,,,,84194,0,84194,2370,29296,203533,60,cfg5__m-full__p-pairwise__g-distance_closure__b-span_threshold__o-break_groups_d2__s-nonincrementalsat__i-imp12plus__backend-cadical,cfg5__m-full__p-pairwise__g-distance_closure__b-span_threshold__o-break_groups_d2__s-nonincrementalsat__i-imp12plus__backend-cadical,full,distance_closure,pairwise,distance_closure,NonIncrementalSAT,CaDiCaL,1.5.3,imp12+,span_threshold,total_break_groups_subject_to_range_at_most_2,BGD2,IC12P,203533,0,0,448,56697,22494,4555,,0,236,1,,,,,,0,0,0,0,0,,,"formalism-specific model size: SAT/MaxSAT reports base CNF and soft clauses, MIP reports variables/linear constraints/nonzeros, and CP reports integer variables plus linear/global constraints; SAT bound/totalizer overhead remains separate in optimizer_added_*",2370,2340,2331,2370,0,0,0,0,0,0,0,1,0.002681,0.002994,0.088573,,0.091567,0.028725,"wall-clock from immediately before reading/parsing the .dzn instance through model construction, optimization, solution decoding, and independent validation; excludes worker-process startup and result-file export",,,,,,,peak_process_tree_rss_mb,9ca554a8cfe9d1ab832ef80dab71f6da620952bbdd7dfe9198e1b527d9de5441,forb0007,data_table06_forb/forumt-14crafc.forb0007.dzn,2,../noves/forumt-14crafc.forb0007.dzn | ../noves/tic-14crafc.forb0007.dzn,2,data_table06_forb/forumt-14crafc.forb0007.dzn | data_table06_forb/tic-14crafc.forb0007.dzn,https://imae.udg.edu/Recerca/LAI/,https://ima.udg.edu/Recerca/lai/b2b/b2b.zip,ee1f440ab3f6db27ab712300ad3a54a31ffd5ec1e06f81a9ac37cb7202c56528,2026-08-10T10:42:19+00:00,7200.0,,ee80a6fbd8b513f7c010668495c39621a371266a,True,3.10.12,1.8.dev25,instance-20260810-085803,Linux-6.8.0-1064-gcp-x86_64-with-glibc2.35,x86_64,4,8,15988.059,1,0,/home/g24021555/Business-Meeting-Scheduling-Problem/.venv/bin/python3 /home/g24021555/Business-Meeting-Scheduling-Problem/src/Main.py --manifest instances_manifest.csv --family forbidden --solver sat_all --objective-mode bg_d2 --domain-mode both --domain-filter-graph both --precedence-encoding both --precedence-graph both --encoding-variant imp12+ --sat-backend cadical --maxsat-backend uwrmaxsat --uwrmaxsat-bin /home/g24021555/uwrmaxsat/build/release/bin/uwrmaxsat --timeout 7200 --csv output/full_matrix_bg_d2_forbidden.csv,,,,,,,,multiple,,cadical,,factorial,pairwise+distance_closure,,59,"1,2,3,4,5,6,7,8,9,10,11,12,13,14,15,16,17,18,20,21,22,23,24,25,26,27,28,29,30,31,32,33,34,35,36,37,38,39,40,41,42,43,44,45,46,47,48,49,50,51,52,53,54,55,56,57,58,59,60",2340,30,9,9,,,,,"journal objective family: bg_d2 | F-selected distance-labelled E* domain propagation and cycle detection | precedence configuration: F=distance_closure, P=pairwise, G=distance_closure | Full Domain MxT schedule variables + explicit unary exclusions | (20),(22)-(27) exactly once over full domains | (22)-(27) session/fixed/forbidden exclusions as hard unit clauses | (19) participant atMost-one per slot | (46),(47) clustered table capacity with compact forward channeling | (28) Pairwise precedence over distance_closure distance-labelled relations | exact break-group ends and unary break-group thresholds | exact schedule <-> usedSlot channeling | (43) exactly |Mp| full usedSlot variables | (44) atMost 2|L| busy participants per slot | (45) exact even number of busy participants | historical hard cap Delta_G <= 2",,,result
,,,,,,,,,forumt-14crafc.forb0007,b2b-9ca554a8cfe9d1ab,b2b-lineage-forumt-14crafc,forbidden,F-PW-DC-ST-BGD2-UW-IC12P,Full,Filter-E*,Pairwise,DistanceClosure-E*,SpanThreshold,BreakGroupsD2,UWrMaxSAT,IC12+,UNSAT,UNSAT,,,bg_d2,,,,,,,1,0.265829,False,63.422,,,,Compact,Compact/Full,project_implementation,one-shot weighted MaxSAT,31666,,,,,,,84194,236,84430,2370,29296,203769,60,cfg5__m-full__p-pairwise__g-distance_closure__b-span_threshold__o-break_groups_d2__s-uwrmaxsat__i-imp12plus__backend-uwrmaxsat,cfg5__m-full__p-pairwise__g-distance_closure__b-span_threshold__o-break_groups_d2__s-uwrmaxsat__i-imp12plus__backend-uwrmaxsat,full,distance_closure,pairwise,distance_closure,UWrMaxSAT,UWrMaxSAT,binary-sha256:8c68c8a386d3d7847b50d315143c2bab60e3514e59510e84a649db83cb303876,imp12+,span_threshold,total_break_groups_subject_to_range_at_most_2,BGD2,IC12P,203533,236,1,448,56697,22494,4555,1,236,236,1,,,,,,0,0,0,0,0,,,"formalism-specific model size: SAT/MaxSAT reports base CNF and soft clauses, MIP reports variables/linear constraints/nonzeros, and CP reports integer variables plus linear/global constraints; SAT bound/totalizer overhead remains separate in optimizer_added_*",2370,2340,2331,2370,0,0,0,0,0,0,0,1,0.002786,0.003006,0.092931,,0.095937,0.169892,"wall-clock from immediately before reading/parsing the .dzn instance through model construction, optimization, solution decoding, and independent validation; excludes worker-process startup and result-file export",,,,,,,peak_process_tree_rss_mb,9ca554a8cfe9d1ab832ef80dab71f6da620952bbdd7dfe9198e1b527d9de5441,forb0007,data_table06_forb/forumt-14crafc.forb0007.dzn,2,../noves/forumt-14crafc.forb0007.dzn | ../noves/tic-14crafc.forb0007.dzn,2,data_table06_forb/forumt-14crafc.forb0007.dzn | data_table06_forb/tic-14crafc.forb0007.dzn,https://imae.udg.edu/Recerca/LAI/,https://ima.udg.edu/Recerca/lai/b2b/b2b.zip,ee1f440ab3f6db27ab712300ad3a54a31ffd5ec1e06f81a9ac37cb7202c56528,2026-08-10T10:42:19+00:00,7200.0,,ee80a6fbd8b513f7c010668495c39621a371266a,True,3.10.12,1.8.dev25,instance-20260810-085803,Linux-6.8.0-1064-gcp-x86_64-with-glibc2.35,x86_64,4,8,15988.059,1,0,/home/g24021555/Business-Meeting-Scheduling-Problem/.venv/bin/python3 /home/g24021555/Business-Meeting-Scheduling-Problem/src/Main.py --manifest instances_manifest.csv --family forbidden --solver sat_all --objective-mode bg_d2 --domain-mode both --domain-filter-graph both --precedence-encoding both --precedence-graph both --encoding-variant imp12+ --sat-backend cadical --maxsat-backend uwrmaxsat --uwrmaxsat-bin /home/g24021555/uwrmaxsat/build/release/bin/uwrmaxsat --timeout 7200 --csv output/full_matrix_bg_d2_forbidden.csv,/home/g24021555/uwrmaxsat/build/release/bin/uwrmaxsat,8c68c8a386d3d7847b50d315143c2bab60e3514e59510e84a649db83cb303876,/home/g24021555/uwrmaxsat/build/release/bin/uwrmaxsat -m /tmp/b2b_uwrmaxsat_0f0yh_kh/forumt-14crafc.forb0007.wcnf,,process exit code=20,,,maxsat,uwrmaxsat,,/home/g24021555/uwrmaxsat/build/release/bin/uwrmaxsat,factorial,pairwise+distance_closure,,59,"1,2,3,4,5,6,7,8,9,10,11,12,13,14,15,16,17,18,20,21,22,23,24,25,26,27,28,29,30,31,32,33,34,35,36,37,38,39,40,41,42,43,44,45,46,47,48,49,50,51,52,53,54,55,56,57,58,59,60",2340,30,9,9,,,,,"journal objective family: bg_d2 | F-selected distance-labelled E* domain propagation and cycle detection | precedence configuration: F=distance_closure, P=pairwise, G=distance_closure | Full Domain MxT schedule variables + explicit unary exclusions | (20),(22)-(27) exactly once over full domains | (22)-(27) session/fixed/forbidden exclusions as hard unit clauses | (19) participant atMost-one per slot | (46),(47) clustered table capacity with compact forward channeling | (28) Pairwise precedence over distance_closure distance-labelled relations | exact break-group ends and unary break-group thresholds | exact schedule <-> usedSlot channeling | (43) exactly |Mp| full usedSlot variables | (44) atMost 2|L| busy participants per slot | (45) exact even number of busy participants | historical hard cap Delta_G <= 2",,,result
,,,,,,,,,forumt-14crafc.forb0007,b2b-9ca554a8cfe9d1ab,b2b-lineage-forumt-14crafc,forbidden,F-SS-DE-ST-BGD2-IS-CD-IC12P,Full,Filter-E*,SparseSuffix,Direct-E,SpanThreshold,BreakGroupsD2,IncrementalSAT,IC12+,UNSAT,UNSAT,,,bg_d2,,,,,,,,0.122852,False,49.309,,,,Compact,Compact/Full,project_implementation,incremental multi-phase SAT with persistent solver state,31666,,,,,,,84194,0,84194,2370,29296,203533,60,cfg5__m-full__p-sparse_suffix__g-direct__b-span_threshold__o-break_groups_d2__s-incrementalsat__i-imp12plus__backend-cadical,cfg5__m-full__p-sparse_suffix__g-direct__b-span_threshold__o-break_groups_d2__s-incrementalsat__i-imp12plus__backend-cadical,full,distance_closure,sparse_suffix,direct,IncrementalSAT,CaDiCaL,1.5.3,imp12+,span_threshold,total_break_groups_subject_to_range_at_most_2,BGD2,IC12P,203533,0,0,448,56697,22494,4555,,0,236,1,,,,,,0,0,0,0,0,,,"formalism-specific model size: SAT/MaxSAT reports base CNF and soft clauses, MIP reports variables/linear constraints/nonzeros, and CP reports integer variables plus linear/global constraints; SAT bound/totalizer overhead remains separate in optimizer_added_*",2370,2340,2331,2370,0,0,0,0,0,0,0,1,0.002752,0.002627,0.089722,,0.092349,0.030504,"wall-clock from immediately before reading/parsing the .dzn instance through model construction, optimization, solution decoding, and independent validation; excludes worker-process startup and result-file export",,,,,,,peak_process_tree_rss_mb,9ca554a8cfe9d1ab832ef80dab71f6da620952bbdd7dfe9198e1b527d9de5441,forb0007,data_table06_forb/forumt-14crafc.forb0007.dzn,2,../noves/forumt-14crafc.forb0007.dzn | ../noves/tic-14crafc.forb0007.dzn,2,data_table06_forb/forumt-14crafc.forb0007.dzn | data_table06_forb/tic-14crafc.forb0007.dzn,https://imae.udg.edu/Recerca/LAI/,https://ima.udg.edu/Recerca/lai/b2b/b2b.zip,ee1f440ab3f6db27ab712300ad3a54a31ffd5ec1e06f81a9ac37cb7202c56528,2026-08-10T10:42:19+00:00,7200.0,,ee80a6fbd8b513f7c010668495c39621a371266a,True,3.10.12,1.8.dev25,instance-20260810-085803,Linux-6.8.0-1064-gcp-x86_64-with-glibc2.35,x86_64,4,8,15988.059,1,0,/home/g24021555/Business-Meeting-Scheduling-Problem/.venv/bin/python3 /home/g24021555/Business-Meeting-Scheduling-Problem/src/Main.py --manifest instances_manifest.csv --family forbidden --solver sat_all --objective-mode bg_d2 --domain-mode both --domain-filter-graph both --precedence-encoding both --precedence-graph both --encoding-variant imp12+ --sat-backend cadical --maxsat-backend uwrmaxsat --uwrmaxsat-bin /home/g24021555/uwrmaxsat/build/release/bin/uwrmaxsat --timeout 7200 --csv output/full_matrix_bg_d2_forbidden.csv,,,,,,,,incremental,,cadical,,factorial,sparse_suffix+direct,,59,"1,2,3,4,5,6,7,8,9,10,11,12,13,14,15,16,17,18,20,21,22,23,24,25,26,27,28,29,30,31,32,33,34,35,36,37,38,39,40,41,42,43,44,45,46,47,48,49,50,51,52,53,54,55,56,57,58,59,60",2340,30,9,9,,,,,"journal objective family: bg_d2 | F-selected distance-labelled E* domain propagation and cycle detection | precedence configuration: F=distance_closure, P=sparse_suffix, G=direct | Full Domain MxT schedule variables + explicit unary exclusions | (20),(22)-(27) exactly once over full domains | (22)-(27) session/fixed/forbidden exclusions as hard unit clauses | (19) participant atMost-one per slot | (46),(47) clustered table capacity with compact forward channeling | (28) SparseSuffix precedence over direct distance-labelled relations | exact break-group ends and unary break-group thresholds | exact schedule <-> usedSlot channeling | (43) exactly |Mp| full usedSlot variables | (44) atMost 2|L| busy participants per slot | (45) exact even number of busy participants | historical hard cap Delta_G <= 2",,,result
,,,,,,,,,forumt-14crafc.forb0007,b2b-9ca554a8cfe9d1ab,b2b-lineage-forumt-14crafc,forbidden,F-SS-DE-ST-BGD2-NIS-CD-IC12P,Full,Filter-E*,SparseSuffix,Direct-E,SpanThreshold,BreakGroupsD2,NonIncrementalSAT,IC12+,UNSAT,UNSAT,,,bg_d2,,,,,,,,0.123408,False,48.195,,,,Compact,Compact/Full,project_implementation,restart-based multi-phase SAT,31666,,,,,,,84194,0,84194,2370,29296,203533,60,cfg5__m-full__p-sparse_suffix__g-direct__b-span_threshold__o-break_groups_d2__s-nonincrementalsat__i-imp12plus__backend-cadical,cfg5__m-full__p-sparse_suffix__g-direct__b-span_threshold__o-break_groups_d2__s-nonincrementalsat__i-imp12plus__backend-cadical,full,distance_closure,sparse_suffix,direct,NonIncrementalSAT,CaDiCaL,1.5.3,imp12+,span_threshold,total_break_groups_subject_to_range_at_most_2,BGD2,IC12P,203533,0,0,448,56697,22494,4555,,0,236,1,,,,,,0,0,0,0,0,,,"formalism-specific model size: SAT/MaxSAT reports base CNF and soft clauses, MIP reports variables/linear constraints/nonzeros, and CP reports integer variables plus linear/global constraints; SAT bound/totalizer overhead remains separate in optimizer_added_*",2370,2340,2331,2370,0,0,0,0,0,0,0,1,0.002635,0.002627,0.090165,,0.092792,0.030616,"wall-clock from immediately before reading/parsing the .dzn instance through model construction, optimization, solution decoding, and independent validation; excludes worker-process startup and result-file export",,,,,,,peak_process_tree_rss_mb,9ca554a8cfe9d1ab832ef80dab71f6da620952bbdd7dfe9198e1b527d9de5441,forb0007,data_table06_forb/forumt-14crafc.forb0007.dzn,2,../noves/forumt-14crafc.forb0007.dzn | ../noves/tic-14crafc.forb0007.dzn,2,data_table06_forb/forumt-14crafc.forb0007.dzn | data_table06_forb/tic-14crafc.forb0007.dzn,https://imae.udg.edu/Recerca/LAI/,https://ima.udg.edu/Recerca/lai/b2b/b2b.zip,ee1f440ab3f6db27ab712300ad3a54a31ffd5ec1e06f81a9ac37cb7202c56528,2026-08-10T10:42:19+00:00,7200.0,,ee80a6fbd8b513f7c010668495c39621a371266a,True,3.10.12,1.8.dev25,instance-20260810-085803,Linux-6.8.0-1064-gcp-x86_64-with-glibc2.35,x86_64,4,8,15988.059,1,0,/home/g24021555/Business-Meeting-Scheduling-Problem/.venv/bin/python3 /home/g24021555/Business-Meeting-Scheduling-Problem/src/Main.py --manifest instances_manifest.csv --family forbidden --solver sat_all --objective-mode bg_d2 --domain-mode both --domain-filter-graph both --precedence-encoding both --precedence-graph both --encoding-variant imp12+ --sat-backend cadical --maxsat-backend uwrmaxsat --uwrmaxsat-bin /home/g24021555/uwrmaxsat/build/release/bin/uwrmaxsat --timeout 7200 --csv output/full_matrix_bg_d2_forbidden.csv,,,,,,,,multiple,,cadical,,factorial,sparse_suffix+direct,,59,"1,2,3,4,5,6,7,8,9,10,11,12,13,14,15,16,17,18,20,21,22,23,24,25,26,27,28,29,30,31,32,33,34,35,36,37,38,39,40,41,42,43,44,45,46,47,48,49,50,51,52,53,54,55,56,57,58,59,60",2340,30,9,9,,,,,"journal objective family: bg_d2 | F-selected distance-labelled E* domain propagation and cycle detection | precedence configuration: F=distance_closure, P=sparse_suffix, G=direct | Full Domain MxT schedule variables + explicit unary exclusions | (20),(22)-(27) exactly once over full domains | (22)-(27) session/fixed/forbidden exclusions as hard unit clauses | (19) participant atMost-one per slot | (46),(47) clustered table capacity with compact forward channeling | (28) SparseSuffix precedence over direct distance-labelled relations | exact break-group ends and unary break-group thresholds | exact schedule <-> usedSlot channeling | (43) exactly |Mp| full usedSlot variables | (44) atMost 2|L| busy participants per slot | (45) exact even number of busy participants | historical hard cap Delta_G <= 2",,,result
,,,,,,,,,forumt-14crafc.forb0007,b2b-9ca554a8cfe9d1ab,b2b-lineage-forumt-14crafc,forbidden,F-SS-DE-ST-BGD2-UW-IC12P,Full,Filter-E*,SparseSuffix,Direct-E,SpanThreshold,BreakGroupsD2,UWrMaxSAT,IC12+,UNSAT,UNSAT,,,bg_d2,,,,,,,1,0.270752,False,62.25,,,,Compact,Compact/Full,project_implementation,one-shot weighted MaxSAT,31666,,,,,,,84194,236,84430,2370,29296,203769,60,cfg5__m-full__p-sparse_suffix__g-direct__b-span_threshold__o-break_groups_d2__s-uwrmaxsat__i-imp12plus__backend-uwrmaxsat,cfg5__m-full__p-sparse_suffix__g-direct__b-span_threshold__o-break_groups_d2__s-uwrmaxsat__i-imp12plus__backend-uwrmaxsat,full,distance_closure,sparse_suffix,direct,UWrMaxSAT,UWrMaxSAT,binary-sha256:8c68c8a386d3d7847b50d315143c2bab60e3514e59510e84a649db83cb303876,imp12+,span_threshold,total_break_groups_subject_to_range_at_most_2,BGD2,IC12P,203533,236,1,448,56697,22494,4555,1,236,236,1,,,,,,0,0,0,0,0,,,"formalism-specific model size: SAT/MaxSAT reports base CNF and soft clauses, MIP reports variables/linear constraints/nonzeros, and CP reports integer variables plus linear/global constraints; SAT bound/totalizer overhead remains separate in optimizer_added_*",2370,2340,2331,2370,0,0,0,0,0,0,0,1,0.002785,0.002632,0.094051,,0.096683,0.174069,"wall-clock from immediately before reading/parsing the .dzn instance through model construction, optimization, solution decoding, and independent validation; excludes worker-process startup and result-file export",,,,,,,peak_process_tree_rss_mb,9ca554a8cfe9d1ab832ef80dab71f6da620952bbdd7dfe9198e1b527d9de5441,forb0007,data_table06_forb/forumt-14crafc.forb0007.dzn,2,../noves/forumt-14crafc.forb0007.dzn | ../noves/tic-14crafc.forb0007.dzn,2,data_table06_forb/forumt-14crafc.forb0007.dzn | data_table06_forb/tic-14crafc.forb0007.dzn,https://imae.udg.edu/Recerca/LAI/,https://ima.udg.edu/Recerca/lai/b2b/b2b.zip,ee1f440ab3f6db27ab712300ad3a54a31ffd5ec1e06f81a9ac37cb7202c56528,2026-08-10T10:42:19+00:00,7200.0,,ee80a6fbd8b513f7c010668495c39621a371266a,True,3.10.12,1.8.dev25,instance-20260810-085803,Linux-6.8.0-1064-gcp-x86_64-with-glibc2.35,x86_64,4,8,15988.059,1,0,/home/g24021555/Business-Meeting-Scheduling-Problem/.venv/bin/python3 /home/g24021555/Business-Meeting-Scheduling-Problem/src/Main.py --manifest instances_manifest.csv --family forbidden --solver sat_all --objective-mode bg_d2 --domain-mode both --domain-filter-graph both --precedence-encoding both --precedence-graph both --encoding-variant imp12+ --sat-backend cadical --maxsat-backend uwrmaxsat --uwrmaxsat-bin /home/g24021555/uwrmaxsat/build/release/bin/uwrmaxsat --timeout 7200 --csv output/full_matrix_bg_d2_forbidden.csv,/home/g24021555/uwrmaxsat/build/release/bin/uwrmaxsat,8c68c8a386d3d7847b50d315143c2bab60e3514e59510e84a649db83cb303876,/home/g24021555/uwrmaxsat/build/release/bin/uwrmaxsat -m /tmp/b2b_uwrmaxsat_ejzsu3fy/forumt-14crafc.forb0007.wcnf,,process exit code=20,,,maxsat,uwrmaxsat,,/home/g24021555/uwrmaxsat/build/release/bin/uwrmaxsat,factorial,sparse_suffix+direct,,59,"1,2,3,4,5,6,7,8,9,10,11,12,13,14,15,16,17,18,20,21,22,23,24,25,26,27,28,29,30,31,32,33,34,35,36,37,38,39,40,41,42,43,44,45,46,47,48,49,50,51,52,53,54,55,56,57,58,59,60",2340,30,9,9,,,,,"journal objective family: bg_d2 | F-selected distance-labelled E* domain propagation and cycle detection | precedence configuration: F=distance_closure, P=sparse_suffix, G=direct | Full Domain MxT schedule variables + explicit unary exclusions | (20),(22)-(27) exactly once over full domains | (22)-(27) session/fixed/forbidden exclusions as hard unit clauses | (19) participant atMost-one per slot | (46),(47) clustered table capacity with compact forward channeling | (28) SparseSuffix precedence over direct distance-labelled relations | exact break-group ends and unary break-group thresholds | exact schedule <-> usedSlot channeling | (43) exactly |Mp| full usedSlot variables | (44) atMost 2|L| busy participants per slot | (45) exact even number of busy participants | historical hard cap Delta_G <= 2",,,result
,,,,,,,,,forumt-14crafc.forb0007,b2b-9ca554a8cfe9d1ab,b2b-lineage-forumt-14crafc,forbidden,F-SS-DC-ST-BGD2-IS-CD-IC12P,Full,Filter-E*,SparseSuffix,DistanceClosure-E*,SpanThreshold,BreakGroupsD2,IncrementalSAT,IC12+,UNSAT,UNSAT,,,bg_d2,,,,,,,,0.123075,False,49.387,,,,Compact,Compact/Full,project_implementation,incremental multi-phase SAT with persistent solver state,31666,,,,,,,84194,0,84194,2370,29296,203533,60,cfg5__m-full__p-sparse_suffix__g-distance_closure__b-span_threshold__o-break_groups_d2__s-incrementalsat__i-imp12plus__backend-cadical,cfg5__m-full__p-sparse_suffix__g-distance_closure__b-span_threshold__o-break_groups_d2__s-incrementalsat__i-imp12plus__backend-cadical,full,distance_closure,sparse_suffix,distance_closure,IncrementalSAT,CaDiCaL,1.5.3,imp12+,span_threshold,total_break_groups_subject_to_range_at_most_2,BGD2,IC12P,203533,0,0,448,56697,22494,4555,,0,236,1,,,,,,0,0,0,0,0,,,"formalism-specific model size: SAT/MaxSAT reports base CNF and soft clauses, MIP reports variables/linear constraints/nonzeros, and CP reports integer variables plus linear/global constraints; SAT bound/totalizer overhead remains separate in optimizer_added_*",2370,2340,2331,2370,0,0,0,0,0,0,0,1,0.002821,0.002908,0.088309,,0.091217,0.031858,"wall-clock from immediately before reading/parsing the .dzn instance through model construction, optimization, solution decoding, and independent validation; excludes worker-process startup and result-file export",,,,,,,peak_process_tree_rss_mb,9ca554a8cfe9d1ab832ef80dab71f6da620952bbdd7dfe9198e1b527d9de5441,forb0007,data_table06_forb/forumt-14crafc.forb0007.dzn,2,../noves/forumt-14crafc.forb0007.dzn | ../noves/tic-14crafc.forb0007.dzn,2,data_table06_forb/forumt-14crafc.forb0007.dzn | data_table06_forb/tic-14crafc.forb0007.dzn,https://imae.udg.edu/Recerca/LAI/,https://ima.udg.edu/Recerca/lai/b2b/b2b.zip,ee1f440ab3f6db27ab712300ad3a54a31ffd5ec1e06f81a9ac37cb7202c56528,2026-08-10T10:42:19+00:00,7200.0,,ee80a6fbd8b513f7c010668495c39621a371266a,True,3.10.12,1.8.dev25,instance-20260810-085803,Linux-6.8.0-1064-gcp-x86_64-with-glibc2.35,x86_64,4,8,15988.059,1,0,/home/g24021555/Business-Meeting-Scheduling-Problem/.venv/bin/python3 /home/g24021555/Business-Meeting-Scheduling-Problem/src/Main.py --manifest instances_manifest.csv --family forbidden --solver sat_all --objective-mode bg_d2 --domain-mode both --domain-filter-graph both --precedence-encoding both --precedence-graph both --encoding-variant imp12+ --sat-backend cadical --maxsat-backend uwrmaxsat --uwrmaxsat-bin /home/g24021555/uwrmaxsat/build/release/bin/uwrmaxsat --timeout 7200 --csv output/full_matrix_bg_d2_forbidden.csv,,,,,,,,incremental,,cadical,,staircase,sparse_suffix+distance_closure,,59,"1,2,3,4,5,6,7,8,9,10,11,12,13,14,15,16,17,18,20,21,22,23,24,25,26,27,28,29,30,31,32,33,34,35,36,37,38,39,40,41,42,43,44,45,46,47,48,49,50,51,52,53,54,55,56,57,58,59,60",2340,30,9,9,,,,,"journal objective family: bg_d2 | F-selected distance-labelled E* domain propagation and cycle detection | precedence configuration: F=distance_closure, P=sparse_suffix, G=distance_closure | Full Domain MxT schedule variables + explicit unary exclusions | (20),(22)-(27) exactly once over full domains | (22)-(27) session/fixed/forbidden exclusions as hard unit clauses | (19) participant atMost-one per slot | (46),(47) clustered table capacity with compact forward channeling | (28) SparseSuffix precedence over distance_closure distance-labelled relations | exact break-group ends and unary break-group thresholds | exact schedule <-> usedSlot channeling | (43) exactly |Mp| full usedSlot variables | (44) atMost 2|L| busy participants per slot | (45) exact even number of busy participants | historical hard cap Delta_G <= 2",,,result
,,,,,,,,,forumt-14crafc.forb0007,b2b-9ca554a8cfe9d1ab,b2b-lineage-forumt-14crafc,forbidden,F-SS-DC-ST-BGD2-NIS-CD-IC12P,Full,Filter-E*,SparseSuffix,DistanceClosure-E*,SpanThreshold,BreakGroupsD2,NonIncrementalSAT,IC12+,UNSAT,UNSAT,,,bg_d2,,,,,,,,0.127141,False,49.633,,,,Compact,Compact/Full,project_implementation,restart-based multi-phase SAT,31666,,,,,,,84194,0,84194,2370,29296,203533,60,cfg5__m-full__p-sparse_suffix__g-distance_closure__b-span_threshold__o-break_groups_d2__s-nonincrementalsat__i-imp12plus__backend-cadical,cfg5__m-full__p-sparse_suffix__g-distance_closure__b-span_threshold__o-break_groups_d2__s-nonincrementalsat__i-imp12plus__backend-cadical,full,distance_closure,sparse_suffix,distance_closure,NonIncrementalSAT,CaDiCaL,1.5.3,imp12+,span_threshold,total_break_groups_subject_to_range_at_most_2,BGD2,IC12P,203533,0,0,448,56697,22494,4555,,0,236,1,,,,,,0,0,0,0,0,,,"formalism-specific model size: SAT/MaxSAT reports base CNF and soft clauses, MIP reports variables/linear constraints/nonzeros, and CP reports integer variables plus linear/global constraints; SAT bound/totalizer overhead remains separate in optimizer_added_*",2370,2340,2331,2370,0,0,0,0,0,0,0,1,0.002776,0.003033,0.093603,,0.096637,0.030505,"wall-clock from immediately before reading/parsing the .dzn instance through model construction, optimization, solution decoding, and independent validation; excludes worker-process startup and result-file export",,,,,,,peak_process_tree_rss_mb,9ca554a8cfe9d1ab832ef80dab71f6da620952bbdd7dfe9198e1b527d9de5441,forb0007,data_table06_forb/forumt-14crafc.forb0007.dzn,2,../noves/forumt-14crafc.forb0007.dzn | ../noves/tic-14crafc.forb0007.dzn,2,data_table06_forb/forumt-14crafc.forb0007.dzn | data_table06_forb/tic-14crafc.forb0007.dzn,https://imae.udg.edu/Recerca/LAI/,https://ima.udg.edu/Recerca/lai/b2b/b2b.zip,ee1f440ab3f6db27ab712300ad3a54a31ffd5ec1e06f81a9ac37cb7202c56528,2026-08-10T10:42:19+00:00,7200.0,,ee80a6fbd8b513f7c010668495c39621a371266a,True,3.10.12,1.8.dev25,instance-20260810-085803,Linux-6.8.0-1064-gcp-x86_64-with-glibc2.35,x86_64,4,8,15988.059,1,0,/home/g24021555/Business-Meeting-Scheduling-Problem/.venv/bin/python3 /home/g24021555/Business-Meeting-Scheduling-Problem/src/Main.py --manifest instances_manifest.csv --family forbidden --solver sat_all --objective-mode bg_d2 --domain-mode both --domain-filter-graph both --precedence-encoding both --precedence-graph both --encoding-variant imp12+ --sat-backend cadical --maxsat-backend uwrmaxsat --uwrmaxsat-bin /home/g24021555/uwrmaxsat/build/release/bin/uwrmaxsat --timeout 7200 --csv output/full_matrix_bg_d2_forbidden.csv,,,,,,,,multiple,,cadical,,staircase,sparse_suffix+distance_closure,,59,"1,2,3,4,5,6,7,8,9,10,11,12,13,14,15,16,17,18,20,21,22,23,24,25,26,27,28,29,30,31,32,33,34,35,36,37,38,39,40,41,42,43,44,45,46,47,48,49,50,51,52,53,54,55,56,57,58,59,60",2340,30,9,9,,,,,"journal objective family: bg_d2 | F-selected distance-labelled E* domain propagation and cycle detection | precedence configuration: F=distance_closure, P=sparse_suffix, G=distance_closure | Full Domain MxT schedule variables + explicit unary exclusions | (20),(22)-(27) exactly once over full domains | (22)-(27) session/fixed/forbidden exclusions as hard unit clauses | (19) participant atMost-one per slot | (46),(47) clustered table capacity with compact forward channeling | (28) SparseSuffix precedence over distance_closure distance-labelled relations | exact break-group ends and unary break-group thresholds | exact schedule <-> usedSlot channeling | (43) exactly |Mp| full usedSlot variables | (44) atMost 2|L| busy participants per slot | (45) exact even number of busy participants | historical hard cap Delta_G <= 2",,,result
,,,,,,,,,forumt-14crafc.forb0007,b2b-9ca554a8cfe9d1ab,b2b-lineage-forumt-14crafc,forbidden,F-SS-DC-ST-BGD2-UW-IC12P,Full,Filter-E*,SparseSuffix,DistanceClosure-E*,SpanThreshold,BreakGroupsD2,UWrMaxSAT,IC12+,UNSAT,UNSAT,,,bg_d2,,,,,,,1,0.257162,False,65.473,,,,Compact,Compact/Full,project_implementation,one-shot weighted MaxSAT,31666,,,,,,,84194,236,84430,2370,29296,203769,60,cfg5__m-full__p-sparse_suffix__g-distance_closure__b-span_threshold__o-break_groups_d2__s-uwrmaxsat__i-imp12plus__backend-uwrmaxsat,cfg5__m-full__p-sparse_suffix__g-distance_closure__b-span_threshold__o-break_groups_d2__s-uwrmaxsat__i-imp12plus__backend-uwrmaxsat,full,distance_closure,sparse_suffix,distance_closure,UWrMaxSAT,UWrMaxSAT,binary-sha256:8c68c8a386d3d7847b50d315143c2bab60e3514e59510e84a649db83cb303876,imp12+,span_threshold,total_break_groups_subject_to_range_at_most_2,BGD2,IC12P,203533,236,1,448,56697,22494,4555,1,236,236,1,,,,,,0,0,0,0,0,,,"formalism-specific model size: SAT/MaxSAT reports base CNF and soft clauses, MIP reports variables/linear constraints/nonzeros, and CP reports integer variables plus linear/global constraints; SAT bound/totalizer overhead remains separate in optimizer_added_*",2370,2340,2331,2370,0,0,0,0,0,0,0,1,0.002431,0.002641,0.091894,,0.094535,0.162627,"wall-clock from immediately before reading/parsing the .dzn instance through model construction, optimization, solution decoding, and independent validation; excludes worker-process startup and result-file export",,,,,,,peak_process_tree_rss_mb,9ca554a8cfe9d1ab832ef80dab71f6da620952bbdd7dfe9198e1b527d9de5441,forb0007,data_table06_forb/forumt-14crafc.forb0007.dzn,2,../noves/forumt-14crafc.forb0007.dzn | ../noves/tic-14crafc.forb0007.dzn,2,data_table06_forb/forumt-14crafc.forb0007.dzn | data_table06_forb/tic-14crafc.forb0007.dzn,https://imae.udg.edu/Recerca/LAI/,https://ima.udg.edu/Recerca/lai/b2b/b2b.zip,ee1f440ab3f6db27ab712300ad3a54a31ffd5ec1e06f81a9ac37cb7202c56528,2026-08-10T10:42:19+00:00,7200.0,,ee80a6fbd8b513f7c010668495c39621a371266a,True,3.10.12,1.8.dev25,instance-20260810-085803,Linux-6.8.0-1064-gcp-x86_64-with-glibc2.35,x86_64,4,8,15988.059,1,0,/home/g24021555/Business-Meeting-Scheduling-Problem/.venv/bin/python3 /home/g24021555/Business-Meeting-Scheduling-Problem/src/Main.py --manifest instances_manifest.csv --family forbidden --solver sat_all --objective-mode bg_d2 --domain-mode both --domain-filter-graph both --precedence-encoding both --precedence-graph both --encoding-variant imp12+ --sat-backend cadical --maxsat-backend uwrmaxsat --uwrmaxsat-bin /home/g24021555/uwrmaxsat/build/release/bin/uwrmaxsat --timeout 7200 --csv output/full_matrix_bg_d2_forbidden.csv,/home/g24021555/uwrmaxsat/build/release/bin/uwrmaxsat,8c68c8a386d3d7847b50d315143c2bab60e3514e59510e84a649db83cb303876,/home/g24021555/uwrmaxsat/build/release/bin/uwrmaxsat -m /tmp/b2b_uwrmaxsat_67j3iitb/forumt-14crafc.forb0007.wcnf,,process exit code=20,,,maxsat,uwrmaxsat,,/home/g24021555/uwrmaxsat/build/release/bin/uwrmaxsat,staircase,sparse_suffix+distance_closure,,59,"1,2,3,4,5,6,7,8,9,10,11,12,13,14,15,16,17,18,20,21,22,23,24,25,26,27,28,29,30,31,32,33,34,35,36,37,38,39,40,41,42,43,44,45,46,47,48,49,50,51,52,53,54,55,56,57,58,59,60",2340,30,9,9,,,,,"journal objective family: bg_d2 | F-selected distance-labelled E* domain propagation and cycle detection | precedence configuration: F=distance_closure, P=sparse_suffix, G=distance_closure | Full Domain MxT schedule variables + explicit unary exclusions | (20),(22)-(27) exactly once over full domains | (22)-(27) session/fixed/forbidden exclusions as hard unit clauses | (19) participant atMost-one per slot | (46),(47) clustered table capacity with compact forward channeling | (28) SparseSuffix precedence over distance_closure distance-labelled relations | exact break-group ends and unary break-group thresholds | exact schedule <-> usedSlot channeling | (43) exactly |Mp| full usedSlot variables | (44) atMost 2|L| busy participants per slot | (45) exact even number of busy participants | historical hard cap Delta_G <= 2",,,result
,,,,,,,,,forumt-14crafc.forb0007,b2b-9ca554a8cfe9d1ab,b2b-lineage-forumt-14crafc,forbidden,R-PW-DE-ST-BGD2-IS-CD-IC12P,Reduced,Filter-E*,Pairwise,Direct-E,SpanThreshold,BreakGroupsD2,IncrementalSAT,IC12+,UNSAT,UNSAT,,,bg_d2,,,,,,,,0.114801,False,43.363,,,,Compact,Compact/Reduced,project_implementation,incremental multi-phase SAT with persistent solver state,31351,,,,,,,82957,0,82957,2331,29020,200726,60,cfg5__m-reduced__p-pairwise__g-direct__b-span_threshold__o-break_groups_d2__s-incrementalsat__i-imp12plus__backend-cadical,cfg5__m-reduced__p-pairwise__g-direct__b-span_threshold__o-break_groups_d2__s-incrementalsat__i-imp12plus__backend-cadical,reduced,distance_closure,pairwise,direct,IncrementalSAT,CaDiCaL,1.5.3,imp12+,span_threshold,total_break_groups_subject_to_range_at_most_2,BGD2,IC12P,200726,0,0,406,55771,22259,4519,,0,236,1,,,,,,0,0,0,0,0,,,"formalism-specific model size: SAT/MaxSAT reports base CNF and soft clauses, MIP reports variables/linear constraints/nonzeros, and CP reports integer variables plus linear/global constraints; SAT bound/totalizer overhead remains separate in optimizer_added_*",2370,2340,2331,2331,0,0,0,0,0,0,0,1,0.002776,0.003057,0.086175,,0.089233,0.025569,"wall-clock from immediately before reading/parsing the .dzn instance through model construction, optimization, solution decoding, and independent validation; excludes worker-process startup and result-file export",,,,,,,peak_process_tree_rss_mb,9ca554a8cfe9d1ab832ef80dab71f6da620952bbdd7dfe9198e1b527d9de5441,forb0007,data_table06_forb/forumt-14crafc.forb0007.dzn,2,../noves/forumt-14crafc.forb0007.dzn | ../noves/tic-14crafc.forb0007.dzn,2,data_table06_forb/forumt-14crafc.forb0007.dzn | data_table06_forb/tic-14crafc.forb0007.dzn,https://imae.udg.edu/Recerca/LAI/,https://ima.udg.edu/Recerca/lai/b2b/b2b.zip,ee1f440ab3f6db27ab712300ad3a54a31ffd5ec1e06f81a9ac37cb7202c56528,2026-08-10T10:42:19+00:00,7200.0,,ee80a6fbd8b513f7c010668495c39621a371266a,True,3.10.12,1.8.dev25,instance-20260810-085803,Linux-6.8.0-1064-gcp-x86_64-with-glibc2.35,x86_64,4,8,15988.059,1,0,/home/g24021555/Business-Meeting-Scheduling-Problem/.venv/bin/python3 /home/g24021555/Business-Meeting-Scheduling-Problem/src/Main.py --manifest instances_manifest.csv --family forbidden --solver sat_all --objective-mode bg_d2 --domain-mode both --domain-filter-graph both --precedence-encoding both --precedence-graph both --encoding-variant imp12+ --sat-backend cadical --maxsat-backend uwrmaxsat --uwrmaxsat-bin /home/g24021555/uwrmaxsat/build/release/bin/uwrmaxsat --timeout 7200 --csv output/full_matrix_bg_d2_forbidden.csv,,,,,,,,incremental,,cadical,,traditional,pairwise+direct,,59,"1,2,3,4,5,6,7,8,9,10,11,12,13,14,15,16,17,18,20,21,22,23,24,25,26,27,28,29,30,31,32,33,34,35,36,37,38,39,40,41,42,43,44,45,46,47,48,49,50,51,52,53,54,55,56,57,58,59,60",2340,30,9,9,,,,,"journal objective family: bg_d2 | F-selected distance-labelled E* domain propagation and cycle detection | precedence configuration: F=distance_closure, P=pairwise, G=direct | Reduced Domain variables after unary filtering + matching GAC + slot saturation | (20),(22)-(27) exactly once over reduced domains | (19) participant atMost-one per slot | (46),(47) clustered table capacity with compact forward channeling | (28) Pairwise precedence over direct distance-labelled relations | exact break-group ends and unary break-group thresholds | exact schedule <-> usedSlot channeling | (43) exactly |Mp| reduced usedSlot variables | (44) atMost 2|L| busy participants per slot | (45) exact even number of busy participants | historical hard cap Delta_G <= 2",,,result
,,,,,,,,,forumt-14crafc.forb0007,b2b-9ca554a8cfe9d1ab,b2b-lineage-forumt-14crafc,forbidden,R-PW-DE-ST-BGD2-NIS-CD-IC12P,Reduced,Filter-E*,Pairwise,Direct-E,SpanThreshold,BreakGroupsD2,NonIncrementalSAT,IC12+,UNSAT,UNSAT,,,bg_d2,,,,,,,,0.118836,False,42.211,,,,Compact,Compact/Reduced,project_implementation,restart-based multi-phase SAT,31351,,,,,,,82957,0,82957,2331,29020,200726,60,cfg5__m-reduced__p-pairwise__g-direct__b-span_threshold__o-break_groups_d2__s-nonincrementalsat__i-imp12plus__backend-cadical,cfg5__m-reduced__p-pairwise__g-direct__b-span_threshold__o-break_groups_d2__s-nonincrementalsat__i-imp12plus__backend-cadical,reduced,distance_closure,pairwise,direct,NonIncrementalSAT,CaDiCaL,1.5.3,imp12+,span_threshold,total_break_groups_subject_to_range_at_most_2,BGD2,IC12P,200726,0,0,406,55771,22259,4519,,0,236,1,,,,,,0,0,0,0,0,,,"formalism-specific model size: SAT/MaxSAT reports base CNF and soft clauses, MIP reports variables/linear constraints/nonzeros, and CP reports integer variables plus linear/global constraints; SAT bound/totalizer overhead remains separate in optimizer_added_*",2370,2340,2331,2331,0,0,0,0,0,0,0,1,0.002454,0.002631,0.091051,,0.093683,0.025153,"wall-clock from immediately before reading/parsing the .dzn instance through model construction, optimization, solution decoding, and independent validation; excludes worker-process startup and result-file export",,,,,,,peak_process_tree_rss_mb,9ca554a8cfe9d1ab832ef80dab71f6da620952bbdd7dfe9198e1b527d9de5441,forb0007,data_table06_forb/forumt-14crafc.forb0007.dzn,2,../noves/forumt-14crafc.forb0007.dzn | ../noves/tic-14crafc.forb0007.dzn,2,data_table06_forb/forumt-14crafc.forb0007.dzn | data_table06_forb/tic-14crafc.forb0007.dzn,https://imae.udg.edu/Recerca/LAI/,https://ima.udg.edu/Recerca/lai/b2b/b2b.zip,ee1f440ab3f6db27ab712300ad3a54a31ffd5ec1e06f81a9ac37cb7202c56528,2026-08-10T10:42:19+00:00,7200.0,,ee80a6fbd8b513f7c010668495c39621a371266a,True,3.10.12,1.8.dev25,instance-20260810-085803,Linux-6.8.0-1064-gcp-x86_64-with-glibc2.35,x86_64,4,8,15988.059,1,0,/home/g24021555/Business-Meeting-Scheduling-Problem/.venv/bin/python3 /home/g24021555/Business-Meeting-Scheduling-Problem/src/Main.py --manifest instances_manifest.csv --family forbidden --solver sat_all --objective-mode bg_d2 --domain-mode both --domain-filter-graph both --precedence-encoding both --precedence-graph both --encoding-variant imp12+ --sat-backend cadical --maxsat-backend uwrmaxsat --uwrmaxsat-bin /home/g24021555/uwrmaxsat/build/release/bin/uwrmaxsat --timeout 7200 --csv output/full_matrix_bg_d2_forbidden.csv,,,,,,,,multiple,,cadical,,traditional,pairwise+direct,,59,"1,2,3,4,5,6,7,8,9,10,11,12,13,14,15,16,17,18,20,21,22,23,24,25,26,27,28,29,30,31,32,33,34,35,36,37,38,39,40,41,42,43,44,45,46,47,48,49,50,51,52,53,54,55,56,57,58,59,60",2340,30,9,9,,,,,"journal objective family: bg_d2 | F-selected distance-labelled E* domain propagation and cycle detection | precedence configuration: F=distance_closure, P=pairwise, G=direct | Reduced Domain variables after unary filtering + matching GAC + slot saturation | (20),(22)-(27) exactly once over reduced domains | (19) participant atMost-one per slot | (46),(47) clustered table capacity with compact forward channeling | (28) Pairwise precedence over direct distance-labelled relations | exact break-group ends and unary break-group thresholds | exact schedule <-> usedSlot channeling | (43) exactly |Mp| reduced usedSlot variables | (44) atMost 2|L| busy participants per slot | (45) exact even number of busy participants | historical hard cap Delta_G <= 2",,,result
,,,,,,,,,forumt-14crafc.forb0007,b2b-9ca554a8cfe9d1ab,b2b-lineage-forumt-14crafc,forbidden,R-PW-DE-ST-BGD2-UW-IC12P,Reduced,Filter-E*,Pairwise,Direct-E,SpanThreshold,BreakGroupsD2,UWrMaxSAT,IC12+,UNSAT,UNSAT,,,bg_d2,,,,,,,1,0.253132,False,61.395,,,,Compact,Compact/Reduced,project_implementation,one-shot weighted MaxSAT,31351,,,,,,,82957,236,83193,2331,29020,200962,60,cfg5__m-reduced__p-pairwise__g-direct__b-span_threshold__o-break_groups_d2__s-uwrmaxsat__i-imp12plus__backend-uwrmaxsat,cfg5__m-reduced__p-pairwise__g-direct__b-span_threshold__o-break_groups_d2__s-uwrmaxsat__i-imp12plus__backend-uwrmaxsat,reduced,distance_closure,pairwise,direct,UWrMaxSAT,UWrMaxSAT,binary-sha256:8c68c8a386d3d7847b50d315143c2bab60e3514e59510e84a649db83cb303876,imp12+,span_threshold,total_break_groups_subject_to_range_at_most_2,BGD2,IC12P,200726,236,1,406,55771,22259,4519,1,236,236,1,,,,,,0,0,0,0,0,,,"formalism-specific model size: SAT/MaxSAT reports base CNF and soft clauses, MIP reports variables/linear constraints/nonzeros, and CP reports integer variables plus linear/global constraints; SAT bound/totalizer overhead remains separate in optimizer_added_*",2370,2340,2331,2331,0,0,0,0,0,0,0,1,0.002795,0.002603,0.090721,,0.093324,0.159808,"wall-clock from immediately before reading/parsing the .dzn instance through model construction, optimization, solution decoding, and independent validation; excludes worker-process startup and result-file export",,,,,,,peak_process_tree_rss_mb,9ca554a8cfe9d1ab832ef80dab71f6da620952bbdd7dfe9198e1b527d9de5441,forb0007,data_table06_forb/forumt-14crafc.forb0007.dzn,2,../noves/forumt-14crafc.forb0007.dzn | ../noves/tic-14crafc.forb0007.dzn,2,data_table06_forb/forumt-14crafc.forb0007.dzn | data_table06_forb/tic-14crafc.forb0007.dzn,https://imae.udg.edu/Recerca/LAI/,https://ima.udg.edu/Recerca/lai/b2b/b2b.zip,ee1f440ab3f6db27ab712300ad3a54a31ffd5ec1e06f81a9ac37cb7202c56528,2026-08-10T10:42:19+00:00,7200.0,,ee80a6fbd8b513f7c010668495c39621a371266a,True,3.10.12,1.8.dev25,instance-20260810-085803,Linux-6.8.0-1064-gcp-x86_64-with-glibc2.35,x86_64,4,8,15988.059,1,0,/home/g24021555/Business-Meeting-Scheduling-Problem/.venv/bin/python3 /home/g24021555/Business-Meeting-Scheduling-Problem/src/Main.py --manifest instances_manifest.csv --family forbidden --solver sat_all --objective-mode bg_d2 --domain-mode both --domain-filter-graph both --precedence-encoding both --precedence-graph both --encoding-variant imp12+ --sat-backend cadical --maxsat-backend uwrmaxsat --uwrmaxsat-bin /home/g24021555/uwrmaxsat/build/release/bin/uwrmaxsat --timeout 7200 --csv output/full_matrix_bg_d2_forbidden.csv,/home/g24021555/uwrmaxsat/build/release/bin/uwrmaxsat,8c68c8a386d3d7847b50d315143c2bab60e3514e59510e84a649db83cb303876,/home/g24021555/uwrmaxsat/build/release/bin/uwrmaxsat -m /tmp/b2b_uwrmaxsat_064zxxrj/forumt-14crafc.forb0007.wcnf,,process exit code=20,,,maxsat,uwrmaxsat,,/home/g24021555/uwrmaxsat/build/release/bin/uwrmaxsat,traditional,pairwise+direct,,59,"1,2,3,4,5,6,7,8,9,10,11,12,13,14,15,16,17,18,20,21,22,23,24,25,26,27,28,29,30,31,32,33,34,35,36,37,38,39,40,41,42,43,44,45,46,47,48,49,50,51,52,53,54,55,56,57,58,59,60",2340,30,9,9,,,,,"journal objective family: bg_d2 | F-selected distance-labelled E* domain propagation and cycle detection | precedence configuration: F=distance_closure, P=pairwise, G=direct | Reduced Domain variables after unary filtering + matching GAC + slot saturation | (20),(22)-(27) exactly once over reduced domains | (19) participant atMost-one per slot | (46),(47) clustered table capacity with compact forward channeling | (28) Pairwise precedence over direct distance-labelled relations | exact break-group ends and unary break-group thresholds | exact schedule <-> usedSlot channeling | (43) exactly |Mp| reduced usedSlot variables | (44) atMost 2|L| busy participants per slot | (45) exact even number of busy participants | historical hard cap Delta_G <= 2",,,result
,,,,,,,,,forumt-14crafc.forb0007,b2b-9ca554a8cfe9d1ab,b2b-lineage-forumt-14crafc,forbidden,R-PW-DC-ST-BGD2-IS-CD-IC12P,Reduced,Filter-E*,Pairwise,DistanceClosure-E*,SpanThreshold,BreakGroupsD2,IncrementalSAT,IC12+,UNSAT,UNSAT,,,bg_d2,,,,,,,,0.11666,False,43.434,,,,Compact,Compact/Reduced,project_implementation,incremental multi-phase SAT with persistent solver state,31351,,,,,,,82957,0,82957,2331,29020,200726,60,cfg5__m-reduced__p-pairwise__g-distance_closure__b-span_threshold__o-break_groups_d2__s-incrementalsat__i-imp12plus__backend-cadical,cfg5__m-reduced__p-pairwise__g-distance_closure__b-span_threshold__o-break_groups_d2__s-incrementalsat__i-imp12plus__backend-cadical,reduced,distance_closure,pairwise,distance_closure,IncrementalSAT,CaDiCaL,1.5.3,imp12+,span_threshold,total_break_groups_subject_to_range_at_most_2,BGD2,IC12P,200726,0,0,406,55771,22259,4519,,0,236,1,,,,,,0,0,0,0,0,,,"formalism-specific model size: SAT/MaxSAT reports base CNF and soft clauses, MIP reports variables/linear constraints/nonzeros, and CP reports integer variables plus linear/global constraints; SAT bound/totalizer overhead remains separate in optimizer_added_*",2370,2340,2331,2331,0,0,0,0,0,0,0,1,0.002529,0.00269,0.088774,,0.091463,0.025196,"wall-clock from immediately before reading/parsing the .dzn instance through model construction, optimization, solution decoding, and independent validation; excludes worker-process startup and result-file export",,,,,,,peak_process_tree_rss_mb,9ca554a8cfe9d1ab832ef80dab71f6da620952bbdd7dfe9198e1b527d9de5441,forb0007,data_table06_forb/forumt-14crafc.forb0007.dzn,2,../noves/forumt-14crafc.forb0007.dzn | ../noves/tic-14crafc.forb0007.dzn,2,data_table06_forb/forumt-14crafc.forb0007.dzn | data_table06_forb/tic-14crafc.forb0007.dzn,https://imae.udg.edu/Recerca/LAI/,https://ima.udg.edu/Recerca/lai/b2b/b2b.zip,ee1f440ab3f6db27ab712300ad3a54a31ffd5ec1e06f81a9ac37cb7202c56528,2026-08-10T10:42:19+00:00,7200.0,,ee80a6fbd8b513f7c010668495c39621a371266a,True,3.10.12,1.8.dev25,instance-20260810-085803,Linux-6.8.0-1064-gcp-x86_64-with-glibc2.35,x86_64,4,8,15988.059,1,0,/home/g24021555/Business-Meeting-Scheduling-Problem/.venv/bin/python3 /home/g24021555/Business-Meeting-Scheduling-Problem/src/Main.py --manifest instances_manifest.csv --family forbidden --solver sat_all --objective-mode bg_d2 --domain-mode both --domain-filter-graph both --precedence-encoding both --precedence-graph both --encoding-variant imp12+ --sat-backend cadical --maxsat-backend uwrmaxsat --uwrmaxsat-bin /home/g24021555/uwrmaxsat/build/release/bin/uwrmaxsat --timeout 7200 --csv output/full_matrix_bg_d2_forbidden.csv,,,,,,,,incremental,,cadical,,factorial,pairwise+distance_closure,,59,"1,2,3,4,5,6,7,8,9,10,11,12,13,14,15,16,17,18,20,21,22,23,24,25,26,27,28,29,30,31,32,33,34,35,36,37,38,39,40,41,42,43,44,45,46,47,48,49,50,51,52,53,54,55,56,57,58,59,60",2340,30,9,9,,,,,"journal objective family: bg_d2 | F-selected distance-labelled E* domain propagation and cycle detection | precedence configuration: F=distance_closure, P=pairwise, G=distance_closure | Reduced Domain variables after unary filtering + matching GAC + slot saturation | (20),(22)-(27) exactly once over reduced domains | (19) participant atMost-one per slot | (46),(47) clustered table capacity with compact forward channeling | (28) Pairwise precedence over distance_closure distance-labelled relations | exact break-group ends and unary break-group thresholds | exact schedule <-> usedSlot channeling | (43) exactly |Mp| reduced usedSlot variables | (44) atMost 2|L| busy participants per slot | (45) exact even number of busy participants | historical hard cap Delta_G <= 2",,,result
,,,,,,,,,forumt-14crafc.forb0007,b2b-9ca554a8cfe9d1ab,b2b-lineage-forumt-14crafc,forbidden,R-PW-DC-ST-BGD2-NIS-CD-IC12P,Reduced,Filter-E*,Pairwise,DistanceClosure-E*,SpanThreshold,BreakGroupsD2,NonIncrementalSAT,IC12+,UNSAT,UNSAT,,,bg_d2,,,,,,,,0.111207,False,43.07,,,,Compact,Compact/Reduced,project_implementation,restart-based multi-phase SAT,31351,,,,,,,82957,0,82957,2331,29020,200726,60,cfg5__m-reduced__p-pairwise__g-distance_closure__b-span_threshold__o-break_groups_d2__s-nonincrementalsat__i-imp12plus__backend-cadical,cfg5__m-reduced__p-pairwise__g-distance_closure__b-span_threshold__o-break_groups_d2__s-nonincrementalsat__i-imp12plus__backend-cadical,reduced,distance_closure,pairwise,distance_closure,NonIncrementalSAT,CaDiCaL,1.5.3,imp12+,span_threshold,total_break_groups_subject_to_range_at_most_2,BGD2,IC12P,200726,0,0,406,55771,22259,4519,,0,236,1,,,,,,0,0,0,0,0,,,"formalism-specific model size: SAT/MaxSAT reports base CNF and soft clauses, MIP reports variables/linear constraints/nonzeros, and CP reports integer variables plus linear/global constraints; SAT bound/totalizer overhead remains separate in optimizer_added_*",2370,2340,2331,2331,0,0,0,0,0,0,0,1,0.00244,0.002624,0.0845,,0.087124,0.024083,"wall-clock from immediately before reading/parsing the .dzn instance through model construction, optimization, solution decoding, and independent validation; excludes worker-process startup and result-file export",,,,,,,peak_process_tree_rss_mb,9ca554a8cfe9d1ab832ef80dab71f6da620952bbdd7dfe9198e1b527d9de5441,forb0007,data_table06_forb/forumt-14crafc.forb0007.dzn,2,../noves/forumt-14crafc.forb0007.dzn | ../noves/tic-14crafc.forb0007.dzn,2,data_table06_forb/forumt-14crafc.forb0007.dzn | data_table06_forb/tic-14crafc.forb0007.dzn,https://imae.udg.edu/Recerca/LAI/,https://ima.udg.edu/Recerca/lai/b2b/b2b.zip,ee1f440ab3f6db27ab712300ad3a54a31ffd5ec1e06f81a9ac37cb7202c56528,2026-08-10T10:42:19+00:00,7200.0,,ee80a6fbd8b513f7c010668495c39621a371266a,True,3.10.12,1.8.dev25,instance-20260810-085803,Linux-6.8.0-1064-gcp-x86_64-with-glibc2.35,x86_64,4,8,15988.059,1,0,/home/g24021555/Business-Meeting-Scheduling-Problem/.venv/bin/python3 /home/g24021555/Business-Meeting-Scheduling-Problem/src/Main.py --manifest instances_manifest.csv --family forbidden --solver sat_all --objective-mode bg_d2 --domain-mode both --domain-filter-graph both --precedence-encoding both --precedence-graph both --encoding-variant imp12+ --sat-backend cadical --maxsat-backend uwrmaxsat --uwrmaxsat-bin /home/g24021555/uwrmaxsat/build/release/bin/uwrmaxsat --timeout 7200 --csv output/full_matrix_bg_d2_forbidden.csv,,,,,,,,multiple,,cadical,,factorial,pairwise+distance_closure,,59,"1,2,3,4,5,6,7,8,9,10,11,12,13,14,15,16,17,18,20,21,22,23,24,25,26,27,28,29,30,31,32,33,34,35,36,37,38,39,40,41,42,43,44,45,46,47,48,49,50,51,52,53,54,55,56,57,58,59,60",2340,30,9,9,,,,,"journal objective family: bg_d2 | F-selected distance-labelled E* domain propagation and cycle detection | precedence configuration: F=distance_closure, P=pairwise, G=distance_closure | Reduced Domain variables after unary filtering + matching GAC + slot saturation | (20),(22)-(27) exactly once over reduced domains | (19) participant atMost-one per slot | (46),(47) clustered table capacity with compact forward channeling | (28) Pairwise precedence over distance_closure distance-labelled relations | exact break-group ends and unary break-group thresholds | exact schedule <-> usedSlot channeling | (43) exactly |Mp| reduced usedSlot variables | (44) atMost 2|L| busy participants per slot | (45) exact even number of busy participants | historical hard cap Delta_G <= 2",,,result
,,,,,,,,,forumt-14crafc.forb0007,b2b-9ca554a8cfe9d1ab,b2b-lineage-forumt-14crafc,forbidden,R-PW-DC-ST-BGD2-UW-IC12P,Reduced,Filter-E*,Pairwise,DistanceClosure-E*,SpanThreshold,BreakGroupsD2,UWrMaxSAT,IC12+,UNSAT,UNSAT,,,bg_d2,,,,,,,1,0.248069,False,61.484,,,,Compact,Compact/Reduced,project_implementation,one-shot weighted MaxSAT,31351,,,,,,,82957,236,83193,2331,29020,200962,60,cfg5__m-reduced__p-pairwise__g-distance_closure__b-span_threshold__o-break_groups_d2__s-uwrmaxsat__i-imp12plus__backend-uwrmaxsat,cfg5__m-reduced__p-pairwise__g-distance_closure__b-span_threshold__o-break_groups_d2__s-uwrmaxsat__i-imp12plus__backend-uwrmaxsat,reduced,distance_closure,pairwise,distance_closure,UWrMaxSAT,UWrMaxSAT,binary-sha256:8c68c8a386d3d7847b50d315143c2bab60e3514e59510e84a649db83cb303876,imp12+,span_threshold,total_break_groups_subject_to_range_at_most_2,BGD2,IC12P,200726,236,1,406,55771,22259,4519,1,236,236,1,,,,,,0,0,0,0,0,,,"formalism-specific model size: SAT/MaxSAT reports base CNF and soft clauses, MIP reports variables/linear constraints/nonzeros, and CP reports integer variables plus linear/global constraints; SAT bound/totalizer overhead remains separate in optimizer_added_*",2370,2340,2331,2331,0,0,0,0,0,0,0,1,0.002433,0.002569,0.089256,,0.091825,0.156243,"wall-clock from immediately before reading/parsing the .dzn instance through model construction, optimization, solution decoding, and independent validation; excludes worker-process startup and result-file export",,,,,,,peak_process_tree_rss_mb,9ca554a8cfe9d1ab832ef80dab71f6da620952bbdd7dfe9198e1b527d9de5441,forb0007,data_table06_forb/forumt-14crafc.forb0007.dzn,2,../noves/forumt-14crafc.forb0007.dzn | ../noves/tic-14crafc.forb0007.dzn,2,data_table06_forb/forumt-14crafc.forb0007.dzn | data_table06_forb/tic-14crafc.forb0007.dzn,https://imae.udg.edu/Recerca/LAI/,https://ima.udg.edu/Recerca/lai/b2b/b2b.zip,ee1f440ab3f6db27ab712300ad3a54a31ffd5ec1e06f81a9ac37cb7202c56528,2026-08-10T10:42:19+00:00,7200.0,,ee80a6fbd8b513f7c010668495c39621a371266a,True,3.10.12,1.8.dev25,instance-20260810-085803,Linux-6.8.0-1064-gcp-x86_64-with-glibc2.35,x86_64,4,8,15988.059,1,0,/home/g24021555/Business-Meeting-Scheduling-Problem/.venv/bin/python3 /home/g24021555/Business-Meeting-Scheduling-Problem/src/Main.py --manifest instances_manifest.csv --family forbidden --solver sat_all --objective-mode bg_d2 --domain-mode both --domain-filter-graph both --precedence-encoding both --precedence-graph both --encoding-variant imp12+ --sat-backend cadical --maxsat-backend uwrmaxsat --uwrmaxsat-bin /home/g24021555/uwrmaxsat/build/release/bin/uwrmaxsat --timeout 7200 --csv output/full_matrix_bg_d2_forbidden.csv,/home/g24021555/uwrmaxsat/build/release/bin/uwrmaxsat,8c68c8a386d3d7847b50d315143c2bab60e3514e59510e84a649db83cb303876,/home/g24021555/uwrmaxsat/build/release/bin/uwrmaxsat -m /tmp/b2b_uwrmaxsat_g9n9ifiy/forumt-14crafc.forb0007.wcnf,,process exit code=20,,,maxsat,uwrmaxsat,,/home/g24021555/uwrmaxsat/build/release/bin/uwrmaxsat,factorial,pairwise+distance_closure,,59,"1,2,3,4,5,6,7,8,9,10,11,12,13,14,15,16,17,18,20,21,22,23,24,25,26,27,28,29,30,31,32,33,34,35,36,37,38,39,40,41,42,43,44,45,46,47,48,49,50,51,52,53,54,55,56,57,58,59,60",2340,30,9,9,,,,,"journal objective family: bg_d2 | F-selected distance-labelled E* domain propagation and cycle detection | precedence configuration: F=distance_closure, P=pairwise, G=distance_closure | Reduced Domain variables after unary filtering + matching GAC + slot saturation | (20),(22)-(27) exactly once over reduced domains | (19) participant atMost-one per slot | (46),(47) clustered table capacity with compact forward channeling | (28) Pairwise precedence over distance_closure distance-labelled relations | exact break-group ends and unary break-group thresholds | exact schedule <-> usedSlot channeling | (43) exactly |Mp| reduced usedSlot variables | (44) atMost 2|L| busy participants per slot | (45) exact even number of busy participants | historical hard cap Delta_G <= 2",,,result
,,,,,,,,,forumt-14crafc.forb0007,b2b-9ca554a8cfe9d1ab,b2b-lineage-forumt-14crafc,forbidden,R-SS-DE-ST-BGD2-IS-CD-IC12P,Reduced,Filter-E*,SparseSuffix,Direct-E,SpanThreshold,BreakGroupsD2,IncrementalSAT,IC12+,UNSAT,UNSAT,,,bg_d2,,,,,,,,0.117516,False,43.035,,,,Compact,Compact/Reduced,project_implementation,incremental multi-phase SAT with persistent solver state,31351,,,,,,,82957,0,82957,2331,29020,200726,60,cfg5__m-reduced__p-sparse_suffix__g-direct__b-span_threshold__o-break_groups_d2__s-incrementalsat__i-imp12plus__backend-cadical,cfg5__m-reduced__p-sparse_suffix__g-direct__b-span_threshold__o-break_groups_d2__s-incrementalsat__i-imp12plus__backend-cadical,reduced,distance_closure,sparse_suffix,direct,IncrementalSAT,CaDiCaL,1.5.3,imp12+,span_threshold,total_break_groups_subject_to_range_at_most_2,BGD2,IC12P,200726,0,0,406,55771,22259,4519,,0,236,1,,,,,,0,0,0,0,0,,,"formalism-specific model size: SAT/MaxSAT reports base CNF and soft clauses, MIP reports variables/linear constraints/nonzeros, and CP reports integer variables plus linear/global constraints; SAT bound/totalizer overhead remains separate in optimizer_added_*",2370,2340,2331,2331,0,0,0,0,0,0,0,1,0.002487,0.002667,0.089262,,0.09193,0.025586,"wall-clock from immediately before reading/parsing the .dzn instance through model construction, optimization, solution decoding, and independent validation; excludes worker-process startup and result-file export",,,,,,,peak_process_tree_rss_mb,9ca554a8cfe9d1ab832ef80dab71f6da620952bbdd7dfe9198e1b527d9de5441,forb0007,data_table06_forb/forumt-14crafc.forb0007.dzn,2,../noves/forumt-14crafc.forb0007.dzn | ../noves/tic-14crafc.forb0007.dzn,2,data_table06_forb/forumt-14crafc.forb0007.dzn | data_table06_forb/tic-14crafc.forb0007.dzn,https://imae.udg.edu/Recerca/LAI/,https://ima.udg.edu/Recerca/lai/b2b/b2b.zip,ee1f440ab3f6db27ab712300ad3a54a31ffd5ec1e06f81a9ac37cb7202c56528,2026-08-10T10:42:19+00:00,7200.0,,ee80a6fbd8b513f7c010668495c39621a371266a,True,3.10.12,1.8.dev25,instance-20260810-085803,Linux-6.8.0-1064-gcp-x86_64-with-glibc2.35,x86_64,4,8,15988.059,1,0,/home/g24021555/Business-Meeting-Scheduling-Problem/.venv/bin/python3 /home/g24021555/Business-Meeting-Scheduling-Problem/src/Main.py --manifest instances_manifest.csv --family forbidden --solver sat_all --objective-mode bg_d2 --domain-mode both --domain-filter-graph both --precedence-encoding both --precedence-graph both --encoding-variant imp12+ --sat-backend cadical --maxsat-backend uwrmaxsat --uwrmaxsat-bin /home/g24021555/uwrmaxsat/build/release/bin/uwrmaxsat --timeout 7200 --csv output/full_matrix_bg_d2_forbidden.csv,,,,,,,,incremental,,cadical,,factorial,sparse_suffix+direct,,59,"1,2,3,4,5,6,7,8,9,10,11,12,13,14,15,16,17,18,20,21,22,23,24,25,26,27,28,29,30,31,32,33,34,35,36,37,38,39,40,41,42,43,44,45,46,47,48,49,50,51,52,53,54,55,56,57,58,59,60",2340,30,9,9,,,,,"journal objective family: bg_d2 | F-selected distance-labelled E* domain propagation and cycle detection | precedence configuration: F=distance_closure, P=sparse_suffix, G=direct | Reduced Domain variables after unary filtering + matching GAC + slot saturation | (20),(22)-(27) exactly once over reduced domains | (19) participant atMost-one per slot | (46),(47) clustered table capacity with compact forward channeling | (28) SparseSuffix precedence over direct distance-labelled relations | exact break-group ends and unary break-group thresholds | exact schedule <-> usedSlot channeling | (43) exactly |Mp| reduced usedSlot variables | (44) atMost 2|L| busy participants per slot | (45) exact even number of busy participants | historical hard cap Delta_G <= 2",,,result
,,,,,,,,,forumt-14crafc.forb0007,b2b-9ca554a8cfe9d1ab,b2b-lineage-forumt-14crafc,forbidden,R-SS-DE-ST-BGD2-NIS-CD-IC12P,Reduced,Filter-E*,SparseSuffix,Direct-E,SpanThreshold,BreakGroupsD2,NonIncrementalSAT,IC12+,UNSAT,UNSAT,,,bg_d2,,,,,,,,0.111819,False,43.691,,,,Compact,Compact/Reduced,project_implementation,restart-based multi-phase SAT,31351,,,,,,,82957,0,82957,2331,29020,200726,60,cfg5__m-reduced__p-sparse_suffix__g-direct__b-span_threshold__o-break_groups_d2__s-nonincrementalsat__i-imp12plus__backend-cadical,cfg5__m-reduced__p-sparse_suffix__g-direct__b-span_threshold__o-break_groups_d2__s-nonincrementalsat__i-imp12plus__backend-cadical,reduced,distance_closure,sparse_suffix,direct,NonIncrementalSAT,CaDiCaL,1.5.3,imp12+,span_threshold,total_break_groups_subject_to_range_at_most_2,BGD2,IC12P,200726,0,0,406,55771,22259,4519,,0,236,1,,,,,,0,0,0,0,0,,,"formalism-specific model size: SAT/MaxSAT reports base CNF and soft clauses, MIP reports variables/linear constraints/nonzeros, and CP reports integer variables plus linear/global constraints; SAT bound/totalizer overhead remains separate in optimizer_added_*",2370,2340,2331,2331,0,0,0,0,0,0,0,1,0.002448,0.002645,0.084703,,0.087347,0.024471,"wall-clock from immediately before reading/parsing the .dzn instance through model construction, optimization, solution decoding, and independent validation; excludes worker-process startup and result-file export",,,,,,,peak_process_tree_rss_mb,9ca554a8cfe9d1ab832ef80dab71f6da620952bbdd7dfe9198e1b527d9de5441,forb0007,data_table06_forb/forumt-14crafc.forb0007.dzn,2,../noves/forumt-14crafc.forb0007.dzn | ../noves/tic-14crafc.forb0007.dzn,2,data_table06_forb/forumt-14crafc.forb0007.dzn | data_table06_forb/tic-14crafc.forb0007.dzn,https://imae.udg.edu/Recerca/LAI/,https://ima.udg.edu/Recerca/lai/b2b/b2b.zip,ee1f440ab3f6db27ab712300ad3a54a31ffd5ec1e06f81a9ac37cb7202c56528,2026-08-10T10:42:19+00:00,7200.0,,ee80a6fbd8b513f7c010668495c39621a371266a,True,3.10.12,1.8.dev25,instance-20260810-085803,Linux-6.8.0-1064-gcp-x86_64-with-glibc2.35,x86_64,4,8,15988.059,1,0,/home/g24021555/Business-Meeting-Scheduling-Problem/.venv/bin/python3 /home/g24021555/Business-Meeting-Scheduling-Problem/src/Main.py --manifest instances_manifest.csv --family forbidden --solver sat_all --objective-mode bg_d2 --domain-mode both --domain-filter-graph both --precedence-encoding both --precedence-graph both --encoding-variant imp12+ --sat-backend cadical --maxsat-backend uwrmaxsat --uwrmaxsat-bin /home/g24021555/uwrmaxsat/build/release/bin/uwrmaxsat --timeout 7200 --csv output/full_matrix_bg_d2_forbidden.csv,,,,,,,,multiple,,cadical,,factorial,sparse_suffix+direct,,59,"1,2,3,4,5,6,7,8,9,10,11,12,13,14,15,16,17,18,20,21,22,23,24,25,26,27,28,29,30,31,32,33,34,35,36,37,38,39,40,41,42,43,44,45,46,47,48,49,50,51,52,53,54,55,56,57,58,59,60",2340,30,9,9,,,,,"journal objective family: bg_d2 | F-selected distance-labelled E* domain propagation and cycle detection | precedence configuration: F=distance_closure, P=sparse_suffix, G=direct | Reduced Domain variables after unary filtering + matching GAC + slot saturation | (20),(22)-(27) exactly once over reduced domains | (19) participant atMost-one per slot | (46),(47) clustered table capacity with compact forward channeling | (28) SparseSuffix precedence over direct distance-labelled relations | exact break-group ends and unary break-group thresholds | exact schedule <-> usedSlot channeling | (43) exactly |Mp| reduced usedSlot variables | (44) atMost 2|L| busy participants per slot | (45) exact even number of busy participants | historical hard cap Delta_G <= 2",,,result
,,,,,,,,,forumt-14crafc.forb0007,b2b-9ca554a8cfe9d1ab,b2b-lineage-forumt-14crafc,forbidden,R-SS-DE-ST-BGD2-UW-IC12P,Reduced,Filter-E*,SparseSuffix,Direct-E,SpanThreshold,BreakGroupsD2,UWrMaxSAT,IC12+,UNSAT,UNSAT,,,bg_d2,,,,,,,1,0.251076,False,61.34,,,,Compact,Compact/Reduced,project_implementation,one-shot weighted MaxSAT,31351,,,,,,,82957,236,83193,2331,29020,200962,60,cfg5__m-reduced__p-sparse_suffix__g-direct__b-span_threshold__o-break_groups_d2__s-uwrmaxsat__i-imp12plus__backend-uwrmaxsat,cfg5__m-reduced__p-sparse_suffix__g-direct__b-span_threshold__o-break_groups_d2__s-uwrmaxsat__i-imp12plus__backend-uwrmaxsat,reduced,distance_closure,sparse_suffix,direct,UWrMaxSAT,UWrMaxSAT,binary-sha256:8c68c8a386d3d7847b50d315143c2bab60e3514e59510e84a649db83cb303876,imp12+,span_threshold,total_break_groups_subject_to_range_at_most_2,BGD2,IC12P,200726,236,1,406,55771,22259,4519,1,236,236,1,,,,,,0,0,0,0,0,,,"formalism-specific model size: SAT/MaxSAT reports base CNF and soft clauses, MIP reports variables/linear constraints/nonzeros, and CP reports integer variables plus linear/global constraints; SAT bound/totalizer overhead remains separate in optimizer_added_*",2370,2340,2331,2331,0,0,0,0,0,0,0,1,0.002644,0.002655,0.088679,,0.091334,0.159741,"wall-clock from immediately before reading/parsing the .dzn instance through model construction, optimization, solution decoding, and independent validation; excludes worker-process startup and result-file export",,,,,,,peak_process_tree_rss_mb,9ca554a8cfe9d1ab832ef80dab71f6da620952bbdd7dfe9198e1b527d9de5441,forb0007,data_table06_forb/forumt-14crafc.forb0007.dzn,2,../noves/forumt-14crafc.forb0007.dzn | ../noves/tic-14crafc.forb0007.dzn,2,data_table06_forb/forumt-14crafc.forb0007.dzn | data_table06_forb/tic-14crafc.forb0007.dzn,https://imae.udg.edu/Recerca/LAI/,https://ima.udg.edu/Recerca/lai/b2b/b2b.zip,ee1f440ab3f6db27ab712300ad3a54a31ffd5ec1e06f81a9ac37cb7202c56528,2026-08-10T10:42:19+00:00,7200.0,,ee80a6fbd8b513f7c010668495c39621a371266a,True,3.10.12,1.8.dev25,instance-20260810-085803,Linux-6.8.0-1064-gcp-x86_64-with-glibc2.35,x86_64,4,8,15988.059,1,0,/home/g24021555/Business-Meeting-Scheduling-Problem/.venv/bin/python3 /home/g24021555/Business-Meeting-Scheduling-Problem/src/Main.py --manifest instances_manifest.csv --family forbidden --solver sat_all --objective-mode bg_d2 --domain-mode both --domain-filter-graph both --precedence-encoding both --precedence-graph both --encoding-variant imp12+ --sat-backend cadical --maxsat-backend uwrmaxsat --uwrmaxsat-bin /home/g24021555/uwrmaxsat/build/release/bin/uwrmaxsat --timeout 7200 --csv output/full_matrix_bg_d2_forbidden.csv,/home/g24021555/uwrmaxsat/build/release/bin/uwrmaxsat,8c68c8a386d3d7847b50d315143c2bab60e3514e59510e84a649db83cb303876,/home/g24021555/uwrmaxsat/build/release/bin/uwrmaxsat -m /tmp/b2b_uwrmaxsat__dqjgy_3/forumt-14crafc.forb0007.wcnf,,process exit code=20,,,maxsat,uwrmaxsat,,/home/g24021555/uwrmaxsat/build/release/bin/uwrmaxsat,factorial,sparse_suffix+direct,,59,"1,2,3,4,5,6,7,8,9,10,11,12,13,14,15,16,17,18,20,21,22,23,24,25,26,27,28,29,30,31,32,33,34,35,36,37,38,39,40,41,42,43,44,45,46,47,48,49,50,51,52,53,54,55,56,57,58,59,60",2340,30,9,9,,,,,"journal objective family: bg_d2 | F-selected distance-labelled E* domain propagation and cycle detection | precedence configuration: F=distance_closure, P=sparse_suffix, G=direct | Reduced Domain variables after unary filtering + matching GAC + slot saturation | (20),(22)-(27) exactly once over reduced domains | (19) participant atMost-one per slot | (46),(47) clustered table capacity with compact forward channeling | (28) SparseSuffix precedence over direct distance-labelled relations | exact break-group ends and unary break-group thresholds | exact schedule <-> usedSlot channeling | (43) exactly |Mp| reduced usedSlot variables | (44) atMost 2|L| busy participants per slot | (45) exact even number of busy participants | historical hard cap Delta_G <= 2",,,result
,,,,,,,,,forumt-14crafc.forb0007,b2b-9ca554a8cfe9d1ab,b2b-lineage-forumt-14crafc,forbidden,R-SS-DC-ST-BGD2-IS-CD-IC12P,Reduced,Filter-E*,SparseSuffix,DistanceClosure-E*,SpanThreshold,BreakGroupsD2,IncrementalSAT,IC12+,UNSAT,UNSAT,,,bg_d2,,,,,,,,0.116665,False,42.828,,,,Compact,Compact/Reduced,project_implementation,incremental multi-phase SAT with persistent solver state,31351,,,,,,,82957,0,82957,2331,29020,200726,60,cfg5__m-reduced__p-sparse_suffix__g-distance_closure__b-span_threshold__o-break_groups_d2__s-incrementalsat__i-imp12plus__backend-cadical,cfg5__m-reduced__p-sparse_suffix__g-distance_closure__b-span_threshold__o-break_groups_d2__s-incrementalsat__i-imp12plus__backend-cadical,reduced,distance_closure,sparse_suffix,distance_closure,IncrementalSAT,CaDiCaL,1.5.3,imp12+,span_threshold,total_break_groups_subject_to_range_at_most_2,BGD2,IC12P,200726,0,0,406,55771,22259,4519,,0,236,1,,,,,,0,0,0,0,0,,,"formalism-specific model size: SAT/MaxSAT reports base CNF and soft clauses, MIP reports variables/linear constraints/nonzeros, and CP reports integer variables plus linear/global constraints; SAT bound/totalizer overhead remains separate in optimizer_added_*",2370,2340,2331,2331,0,0,0,0,0,0,0,1,0.002435,0.003009,0.087963,,0.090972,0.025693,"wall-clock from immediately before reading/parsing the .dzn instance through model construction, optimization, solution decoding, and independent validation; excludes worker-process startup and result-file export",,,,,,,peak_process_tree_rss_mb,9ca554a8cfe9d1ab832ef80dab71f6da620952bbdd7dfe9198e1b527d9de5441,forb0007,data_table06_forb/forumt-14crafc.forb0007.dzn,2,../noves/forumt-14crafc.forb0007.dzn | ../noves/tic-14crafc.forb0007.dzn,2,data_table06_forb/forumt-14crafc.forb0007.dzn | data_table06_forb/tic-14crafc.forb0007.dzn,https://imae.udg.edu/Recerca/LAI/,https://ima.udg.edu/Recerca/lai/b2b/b2b.zip,ee1f440ab3f6db27ab712300ad3a54a31ffd5ec1e06f81a9ac37cb7202c56528,2026-08-10T10:42:19+00:00,7200.0,,ee80a6fbd8b513f7c010668495c39621a371266a,True,3.10.12,1.8.dev25,instance-20260810-085803,Linux-6.8.0-1064-gcp-x86_64-with-glibc2.35,x86_64,4,8,15988.059,1,0,/home/g24021555/Business-Meeting-Scheduling-Problem/.venv/bin/python3 /home/g24021555/Business-Meeting-Scheduling-Problem/src/Main.py --manifest instances_manifest.csv --family forbidden --solver sat_all --objective-mode bg_d2 --domain-mode both --domain-filter-graph both --precedence-encoding both --precedence-graph both --encoding-variant imp12+ --sat-backend cadical --maxsat-backend uwrmaxsat --uwrmaxsat-bin /home/g24021555/uwrmaxsat/build/release/bin/uwrmaxsat --timeout 7200 --csv output/full_matrix_bg_d2_forbidden.csv,,,,,,,,incremental,,cadical,,staircase,sparse_suffix+distance_closure,,59,"1,2,3,4,5,6,7,8,9,10,11,12,13,14,15,16,17,18,20,21,22,23,24,25,26,27,28,29,30,31,32,33,34,35,36,37,38,39,40,41,42,43,44,45,46,47,48,49,50,51,52,53,54,55,56,57,58,59,60",2340,30,9,9,,,,,"journal objective family: bg_d2 | F-selected distance-labelled E* domain propagation and cycle detection | precedence configuration: F=distance_closure, P=sparse_suffix, G=distance_closure | Reduced Domain variables after unary filtering + matching GAC + slot saturation | (20),(22)-(27) exactly once over reduced domains | (19) participant atMost-one per slot | (46),(47) clustered table capacity with compact forward channeling | (28) SparseSuffix precedence over distance_closure distance-labelled relations | exact break-group ends and unary break-group thresholds | exact schedule <-> usedSlot channeling | (43) exactly |Mp| reduced usedSlot variables | (44) atMost 2|L| busy participants per slot | (45) exact even number of busy participants | historical hard cap Delta_G <= 2",,,result
,,,,,,,,,forumt-14crafc.forb0007,b2b-9ca554a8cfe9d1ab,b2b-lineage-forumt-14crafc,forbidden,R-SS-DC-ST-BGD2-NIS-CD-IC12P,Reduced,Filter-E*,SparseSuffix,DistanceClosure-E*,SpanThreshold,BreakGroupsD2,NonIncrementalSAT,IC12+,UNSAT,UNSAT,,,bg_d2,,,,,,,,0.116401,False,42.773,,,,Compact,Compact/Reduced,project_implementation,restart-based multi-phase SAT,31351,,,,,,,82957,0,82957,2331,29020,200726,60,cfg5__m-reduced__p-sparse_suffix__g-distance_closure__b-span_threshold__o-break_groups_d2__s-nonincrementalsat__i-imp12plus__backend-cadical,cfg5__m-reduced__p-sparse_suffix__g-distance_closure__b-span_threshold__o-break_groups_d2__s-nonincrementalsat__i-imp12plus__backend-cadical,reduced,distance_closure,sparse_suffix,distance_closure,NonIncrementalSAT,CaDiCaL,1.5.3,imp12+,span_threshold,total_break_groups_subject_to_range_at_most_2,BGD2,IC12P,200726,0,0,406,55771,22259,4519,,0,236,1,,,,,,0,0,0,0,0,,,"formalism-specific model size: SAT/MaxSAT reports base CNF and soft clauses, MIP reports variables/linear constraints/nonzeros, and CP reports integer variables plus linear/global constraints; SAT bound/totalizer overhead remains separate in optimizer_added_*",2370,2340,2331,2331,0,0,0,0,0,0,0,1,0.002681,0.002618,0.088064,,0.090682,0.025719,"wall-clock from immediately before reading/parsing the .dzn instance through model construction, optimization, solution decoding, and independent validation; excludes worker-process startup and result-file export",,,,,,,peak_process_tree_rss_mb,9ca554a8cfe9d1ab832ef80dab71f6da620952bbdd7dfe9198e1b527d9de5441,forb0007,data_table06_forb/forumt-14crafc.forb0007.dzn,2,../noves/forumt-14crafc.forb0007.dzn | ../noves/tic-14crafc.forb0007.dzn,2,data_table06_forb/forumt-14crafc.forb0007.dzn | data_table06_forb/tic-14crafc.forb0007.dzn,https://imae.udg.edu/Recerca/LAI/,https://ima.udg.edu/Recerca/lai/b2b/b2b.zip,ee1f440ab3f6db27ab712300ad3a54a31ffd5ec1e06f81a9ac37cb7202c56528,2026-08-10T10:42:19+00:00,7200.0,,ee80a6fbd8b513f7c010668495c39621a371266a,True,3.10.12,1.8.dev25,instance-20260810-085803,Linux-6.8.0-1064-gcp-x86_64-with-glibc2.35,x86_64,4,8,15988.059,1,0,/home/g24021555/Business-Meeting-Scheduling-Problem/.venv/bin/python3 /home/g24021555/Business-Meeting-Scheduling-Problem/src/Main.py --manifest instances_manifest.csv --family forbidden --solver sat_all --objective-mode bg_d2 --domain-mode both --domain-filter-graph both --precedence-encoding both --precedence-graph both --encoding-variant imp12+ --sat-backend cadical --maxsat-backend uwrmaxsat --uwrmaxsat-bin /home/g24021555/uwrmaxsat/build/release/bin/uwrmaxsat --timeout 7200 --csv output/full_matrix_bg_d2_forbidden.csv,,,,,,,,multiple,,cadical,,staircase,sparse_suffix+distance_closure,,59,"1,2,3,4,5,6,7,8,9,10,11,12,13,14,15,16,17,18,20,21,22,23,24,25,26,27,28,29,30,31,32,33,34,35,36,37,38,39,40,41,42,43,44,45,46,47,48,49,50,51,52,53,54,55,56,57,58,59,60",2340,30,9,9,,,,,"journal objective family: bg_d2 | F-selected distance-labelled E* domain propagation and cycle detection | precedence configuration: F=distance_closure, P=sparse_suffix, G=distance_closure | Reduced Domain variables after unary filtering + matching GAC + slot saturation | (20),(22)-(27) exactly once over reduced domains | (19) participant atMost-one per slot | (46),(47) clustered table capacity with compact forward channeling | (28) SparseSuffix precedence over distance_closure distance-labelled relations | exact break-group ends and unary break-group thresholds | exact schedule <-> usedSlot channeling | (43) exactly |Mp| reduced usedSlot variables | (44) atMost 2|L| busy participants per slot | (45) exact even number of busy participants | historical hard cap Delta_G <= 2",,,result
,,,,,,,,,forumt-14crafc.forb0007,b2b-9ca554a8cfe9d1ab,b2b-lineage-forumt-14crafc,forbidden,R-SS-DC-ST-BGD2-UW-IC12P,Reduced,Filter-E*,SparseSuffix,DistanceClosure-E*,SpanThreshold,BreakGroupsD2,UWrMaxSAT,IC12+,UNSAT,UNSAT,,,bg_d2,,,,,,,1,0.255886,False,61.5,,,,Compact,Compact/Reduced,project_implementation,one-shot weighted MaxSAT,31351,,,,,,,82957,236,83193,2331,29020,200962,60,cfg5__m-reduced__p-sparse_suffix__g-distance_closure__b-span_threshold__o-break_groups_d2__s-uwrmaxsat__i-imp12plus__backend-uwrmaxsat,cfg5__m-reduced__p-sparse_suffix__g-distance_closure__b-span_threshold__o-break_groups_d2__s-uwrmaxsat__i-imp12plus__backend-uwrmaxsat,reduced,distance_closure,sparse_suffix,distance_closure,UWrMaxSAT,UWrMaxSAT,binary-sha256:8c68c8a386d3d7847b50d315143c2bab60e3514e59510e84a649db83cb303876,imp12+,span_threshold,total_break_groups_subject_to_range_at_most_2,BGD2,IC12P,200726,236,1,406,55771,22259,4519,1,236,236,1,,,,,,0,0,0,0,0,,,"formalism-specific model size: SAT/MaxSAT reports base CNF and soft clauses, MIP reports variables/linear constraints/nonzeros, and CP reports integer variables plus linear/global constraints; SAT bound/totalizer overhead remains separate in optimizer_added_*",2370,2340,2331,2331,0,0,0,0,0,0,0,1,0.002647,0.00293,0.091459,,0.094389,0.161497,"wall-clock from immediately before reading/parsing the .dzn instance through model construction, optimization, solution decoding, and independent validation; excludes worker-process startup and result-file export",,,,,,,peak_process_tree_rss_mb,9ca554a8cfe9d1ab832ef80dab71f6da620952bbdd7dfe9198e1b527d9de5441,forb0007,data_table06_forb/forumt-14crafc.forb0007.dzn,2,../noves/forumt-14crafc.forb0007.dzn | ../noves/tic-14crafc.forb0007.dzn,2,data_table06_forb/forumt-14crafc.forb0007.dzn | data_table06_forb/tic-14crafc.forb0007.dzn,https://imae.udg.edu/Recerca/LAI/,https://ima.udg.edu/Recerca/lai/b2b/b2b.zip,ee1f440ab3f6db27ab712300ad3a54a31ffd5ec1e06f81a9ac37cb7202c56528,2026-08-10T10:42:19+00:00,7200.0,,ee80a6fbd8b513f7c010668495c39621a371266a,True,3.10.12,1.8.dev25,instance-20260810-085803,Linux-6.8.0-1064-gcp-x86_64-with-glibc2.35,x86_64,4,8,15988.059,1,0,/home/g24021555/Business-Meeting-Scheduling-Problem/.venv/bin/python3 /home/g24021555/Business-Meeting-Scheduling-Problem/src/Main.py --manifest instances_manifest.csv --family forbidden --solver sat_all --objective-mode bg_d2 --domain-mode both --domain-filter-graph both --precedence-encoding both --precedence-graph both --encoding-variant imp12+ --sat-backend cadical --maxsat-backend uwrmaxsat --uwrmaxsat-bin /home/g24021555/uwrmaxsat/build/release/bin/uwrmaxsat --timeout 7200 --csv output/full_matrix_bg_d2_forbidden.csv,/home/g24021555/uwrmaxsat/build/release/bin/uwrmaxsat,8c68c8a386d3d7847b50d315143c2bab60e3514e59510e84a649db83cb303876,/home/g24021555/uwrmaxsat/build/release/bin/uwrmaxsat -m /tmp/b2b_uwrmaxsat_9n4yo_io/forumt-14crafc.forb0007.wcnf,,process exit code=20,,,maxsat,uwrmaxsat,,/home/g24021555/uwrmaxsat/build/release/bin/uwrmaxsat,staircase,sparse_suffix+distance_closure,,59,"1,2,3,4,5,6,7,8,9,10,11,12,13,14,15,16,17,18,20,21,22,23,24,25,26,27,28,29,30,31,32,33,34,35,36,37,38,39,40,41,42,43,44,45,46,47,48,49,50,51,52,53,54,55,56,57,58,59,60",2340,30,9,9,,,,,"journal objective family: bg_d2 | F-selected distance-labelled E* domain propagation and cycle detection | precedence configuration: F=distance_closure, P=sparse_suffix, G=distance_closure | Reduced Domain variables after unary filtering + matching GAC + slot saturation | (20),(22)-(27) exactly once over reduced domains | (19) participant atMost-one per slot | (46),(47) clustered table capacity with compact forward channeling | (28) SparseSuffix precedence over distance_closure distance-labelled relations | exact break-group ends and unary break-group thresholds | exact schedule <-> usedSlot channeling | (43) exactly |Mp| reduced usedSlot variables | (44) atMost 2|L| busy participants per slot | (45) exact even number of busy participants | historical hard cap Delta_G <= 2",,,result
,,,,,,,,,forum-14.forb0003,b2b-9f40198b940d15c1,b2b-lineage-forum-14,forbidden,F-PW-DE-ST-BGD2-IS-CD-IC12P,Full,Filter-E*,Pairwise,Direct-E,SpanThreshold,BreakGroupsD2,IncrementalSAT,IC12+,OPTIMAL,SAT,0,0,bg_d2,0,0,0,,,,,11.449192,False,273.125,,,,Compact,Compact/Full,project_implementation,incremental multi-phase SAT with persistent solver state,225960,,,,,,,499755,0,499755,6644,219316,1362121,73,cfg5__m-full__p-pairwise__g-direct__b-span_threshold__o-break_groups_d2__s-incrementalsat__i-imp12plus__backend-cadical,cfg5__m-full__p-pairwise__g-direct__b-span_threshold__o-break_groups_d2__s-incrementalsat__i-imp12plus__backend-cadical,full,distance_closure,pairwise,direct,IncrementalSAT,CaDiCaL,1.5.3,imp12+,span_threshold,total_break_groups_subject_to_range_at_most_2,BGD2,IC12P,1362121,0,0,1142,232812,180227,85574,,0,720,7,,,,,,1,5522,82859,242452,82859,9.328180907999922,6,"formalism-specific model size: SAT/MaxSAT reports base CNF and soft clauses, MIP reports variables/linear constraints/nonzeros, and CP reports integer variables plus linear/global constraints; SAT bound/totalizer overhead remains separate in optimizer_added_*",6644,5888,5876,6644,0,0,0,0,0,0,0,2,0.998596,0.003657,1.56309,,1.566747,9.882445,"wall-clock from immediately before reading/parsing the .dzn instance through model construction, optimization, solution decoding, and independent validation; excludes worker-process startup and result-file export",0,0,0,0,0,"0,0,0,0,0,0,0,0,0,0,0,0,0,0,0,0,0,0,0,0,0,0,0,0,0,0,0,0,0,0,0,0,0,0,0,0,0,0,0,0,0,0,0,0,0,0,0,0,0,0,0,0,0,0,0,0,0,0,0,0,0,0,0,0,0,0,0,0,0,0,0,0,0,0,0,0,0,0",peak_process_tree_rss_mb,9f40198b940d15c1288198ac8af360d3679d0c7c34dd44180c705cdcfe9430c4,forb0003,data_table06_forb/forum-14.forb0003.dzn,2,../noves/forum-14.forb0003.dzn | ../noves/ticf-14crafa.forb0003.dzn,2,data_table06_forb/forum-14.forb0003.dzn | data_table06_forb/ticf-14crafa.forb0003.dzn,https://imae.udg.edu/Recerca/LAI/,https://ima.udg.edu/Recerca/lai/b2b/b2b.zip,ee1f440ab3f6db27ab712300ad3a54a31ffd5ec1e06f81a9ac37cb7202c56528,2026-08-10T10:42:19+00:00,7200.0,,ee80a6fbd8b513f7c010668495c39621a371266a,True,3.10.12,1.8.dev25,instance-20260810-085803,Linux-6.8.0-1064-gcp-x86_64-with-glibc2.35,x86_64,4,8,15988.059,1,0,/home/g24021555/Business-Meeting-Scheduling-Problem/.venv/bin/python3 /home/g24021555/Business-Meeting-Scheduling-Problem/src/Main.py --manifest instances_manifest.csv --family forbidden --solver sat_all --objective-mode bg_d2 --domain-mode both --domain-filter-graph both --precedence-encoding both --precedence-graph both --encoding-variant imp12+ --sat-backend cadical --maxsat-backend uwrmaxsat --uwrmaxsat-bin /home/g24021555/uwrmaxsat/build/release/bin/uwrmaxsat --timeout 7200 --csv output/full_matrix_bg_d2_forbidden.csv,,,,,,,,incremental,,cadical,,traditional,pairwise+direct,0,72,"1,2,3,4,5,6,8,9,11,12,14,17,19,20,21,22,23,24,25,26,27,28,29,30,31,32,33,34,35,36,37,38,39,40,41,42,43,44,45,46,47,48,49,50,51,52,53,54,55,56,57,58,59,60,61,62,63,64,65,66,67,68,69,70,71,72,73,74,75,76,77,78",5888,756,12,12,"0,0,0,0,0,0,0,0,0,0,0,0,0,0,0,0,0,0,0,0,0,0,0,0,0,0,0,0,0,0,0,0,0,0,0,0,0,0,0,0,0,0,0,0,0,0,0,0,0,0,0,0,0,0,0,0,0,0,0,0,0,0,0,0,0,0,0,0,0,0,0,0,0,0,0,0,0,0","10,16,16,22,30,30,38,44,44,44,44,44,44,40,38,28,24,18,14,10,4,2","17,8,16,13,11,16,12,14,13,15,13,10,11,5,2,6,3,8,12,9,9,11,10,5,9,10,4,10,16,13,15,15,10,6,4,17,8,7,18,16,13,14,12,12,17,19,8,7,18,13,15,11,9,2,8,12,10,9,11,14,13,17,18,10,11,9,6,13,15,18,14,20,19,17,16,14,6,19,7,20,9,13,16,8,21,15,11,16,11,10,18,12,14,7,11,8,14,16,19,15,13,9,8,4,7,3,5,2,6,9,3,4,1,8,9,7,9,5,12,11,10,6,8,5,3,12,9,8,6,10,7,10,13,14,7,8,5,15,11,17,12,7,8,4,2,5,7,9,1,8,17,18,14,12,10,13,7,11,10,13,14,12,17,14,11,10,18,6,5,20,4,19,15,16,13,10,17,5,9,7,11,12,15,8,6,9,8,5,4,2,3,10,6,7,15,13,14,12,10,13,11,15,14,12,9,8,10,12,15,14,11,8,16,9,6,13,7,21,11,12,6,15,14,13,20,5,22,18,3,19,7,10,9,17,1,2,8,16,4,5,9,8,7,12,14,19,15,20,17,16,18,13,12,15,13,14,11,16,10,7,12,3,4,5,2,6,8,11,9,1,13,12,14,15,11,9,7,10,5,4,12,11,6,16,15,17,14,14,15,13,8,10,1,12,5,7,2,6,9,11,3,4",1:M113 M149 M235 M270 M293 | 2:M15 M54 M108 M145 M190 M236 M265 M297 | 3:M17 M106 M111 M125 M191 M229 M262 M301 | 4:M27 M35 M104 M112 M144 M171 M189 M239 M263 M280 M302 | 5:M14 M24 M107 M118 M124 M137 M146 M169 M178 M188 M226 M240 M264 M279 M295 | 6:M16 M34 M67 M77 M109 M122 M129 M168 M185 M193 M215 M221 M266 M283 M298 | 7:M38 M48 M79 M94 M105 M116 M131 M135 M142 M147 M157 M180 M194 M217 M231 M243 M260 M277 M296 | 8:M2 M18 M37 M47 M55 M84 M96 M103 M114 M123 M128 M136 M143 M150 M184 M187 M206 M212 M237 M242 M267 M291 | 9:M20 M21 M25 M53 M58 M66 M81 M102 M110 M115 M117 M127 M148 M179 M186 M205 M214 M233 M241 M269 M276 M299 | 10:M12 M23 M26 M28 M33 M57 M64 M90 M121 M130 M132 M155 M159 M166 M176 M192 M199 M207 M232 M259 M278 M292 | 11:M5 M13 M22 M52 M59 M65 M87 M89 M95 M120 M139 M158 M165 M181 M201 M211 M219 M257 M268 M275 M282 M300 | 12:M7 M19 M43 M44 M56 M92 M119 M126 M141 M154 M162 M182 M198 M204 M208 M220 M244 M253 M261 M272 M281 M294 | 13:M4 M9 M11 M30 M41 M50 M61 M68 M82 M101 M133 M156 M160 M175 M196 M200 M216 M224 M252 M255 M271 M290 | 14:M8 M42 M60 M71 M76 M93 M97 M134 M153 M161 M164 M197 M203 M210 M223 M245 M256 M273 M287 M288 | 15:M10 M31 M32 M51 M69 M86 M100 M138 M173 M183 M195 M202 M209 M222 M247 M254 M274 M285 M289 | 16:M3 M6 M29 M40 M75 M83 M88 M98 M174 M213 M238 M250 M258 M284 | 17:M1 M36 M45 M62 M74 M140 M151 M163 M177 M234 M249 M286 | 18:M39 M49 M63 M70 M91 M152 M167 M228 M251 | 19:M46 M73 M78 M99 M172 M230 M246 | 20:M72 M80 M170 M225 M248 | 21:M85 M218 | 22:M227,"journal objective family: bg_d2 | F-selected distance-labelled E* domain propagation and cycle detection | precedence configuration: F=distance_closure, P=pairwise, G=direct | Full Domain MxT schedule variables + explicit unary exclusions | (20),(22)-(27) exactly once over full domains | (22)-(27) session/fixed/forbidden exclusions as hard unit clauses | (19) participant atMost-one per slot | (46),(47) clustered table capacity with compact forward channeling | (28) Pairwise precedence over direct distance-labelled relations | exact break-group ends and unary break-group thresholds | exact schedule <-> usedSlot channeling | (43) exactly |Mp| full usedSlot variables | (44) atMost 2|L| busy participants per slot | (45) exact even number of busy participants | historical hard cap Delta_G <= 2",0,"(0,)",result
,,,,,,,,,forum-14.forb0003,b2b-9f40198b940d15c1,b2b-lineage-forum-14,forbidden,F-PW-DE-ST-BGD2-NIS-CD-IC12P,Full,Filter-E*,Pairwise,Direct-E,SpanThreshold,BreakGroupsD2,NonIncrementalSAT,IC12+,OPTIMAL,SAT,0,0,bg_d2,0,0,0,,,,,23.977431,False,355.246,,,,Compact,Compact/Full,project_implementation,restart-based multi-phase SAT,225960,,,,,,,499755,0,499755,6644,219316,1362121,73,cfg5__m-full__p-pairwise__g-direct__b-span_threshold__o-break_groups_d2__s-nonincrementalsat__i-imp12plus__backend-cadical,cfg5__m-full__p-pairwise__g-direct__b-span_threshold__o-break_groups_d2__s-nonincrementalsat__i-imp12plus__backend-cadical,full,distance_closure,pairwise,direct,NonIncrementalSAT,CaDiCaL,1.5.3,imp12+,span_threshold,total_break_groups_subject_to_range_at_most_2,BGD2,IC12P,1362121,0,0,1142,232812,180227,85574,,0,720,7,,,,,,7,37791,76188,189504,148984,21.85605292299988,6,"formalism-specific model size: SAT/MaxSAT reports base CNF and soft clauses, MIP reports variables/linear constraints/nonzeros, and CP reports integer variables plus linear/global constraints; SAT bound/totalizer overhead remains separate in optimizer_added_*",6644,5888,5876,6644,0,0,0,0,0,0,0,2,0.980694,0.003637,1.548066,,1.551703,22.425728,"wall-clock from immediately before reading/parsing the .dzn instance through model construction, optimization, solution decoding, and independent validation; excludes worker-process startup and result-file export",0,0,0,0,0,"0,0,0,0,0,0,0,0,0,0,0,0,0,0,0,0,0,0,0,0,0,0,0,0,0,0,0,0,0,0,0,0,0,0,0,0,0,0,0,0,0,0,0,0,0,0,0,0,0,0,0,0,0,0,0,0,0,0,0,0,0,0,0,0,0,0,0,0,0,0,0,0,0,0,0,0,0,0",peak_process_tree_rss_mb,9f40198b940d15c1288198ac8af360d3679d0c7c34dd44180c705cdcfe9430c4,forb0003,data_table06_forb/forum-14.forb0003.dzn,2,../noves/forum-14.forb0003.dzn | ../noves/ticf-14crafa.forb0003.dzn,2,data_table06_forb/forum-14.forb0003.dzn | data_table06_forb/ticf-14crafa.forb0003.dzn,https://imae.udg.edu/Recerca/LAI/,https://ima.udg.edu/Recerca/lai/b2b/b2b.zip,ee1f440ab3f6db27ab712300ad3a54a31ffd5ec1e06f81a9ac37cb7202c56528,2026-08-10T10:42:19+00:00,7200.0,,ee80a6fbd8b513f7c010668495c39621a371266a,True,3.10.12,1.8.dev25,instance-20260810-085803,Linux-6.8.0-1064-gcp-x86_64-with-glibc2.35,x86_64,4,8,15988.059,1,0,/home/g24021555/Business-Meeting-Scheduling-Problem/.venv/bin/python3 /home/g24021555/Business-Meeting-Scheduling-Problem/src/Main.py --manifest instances_manifest.csv --family forbidden --solver sat_all --objective-mode bg_d2 --domain-mode both --domain-filter-graph both --precedence-encoding both --precedence-graph both --encoding-variant imp12+ --sat-backend cadical --maxsat-backend uwrmaxsat --uwrmaxsat-bin /home/g24021555/uwrmaxsat/build/release/bin/uwrmaxsat --timeout 7200 --csv output/full_matrix_bg_d2_forbidden.csv,,,,,,,,multiple,,cadical,,traditional,pairwise+direct,0,72,"1,2,3,4,5,6,8,9,11,12,14,17,19,20,21,22,23,24,25,26,27,28,29,30,31,32,33,34,35,36,37,38,39,40,41,42,43,44,45,46,47,48,49,50,51,52,53,54,55,56,57,58,59,60,61,62,63,64,65,66,67,68,69,70,71,72,73,74,75,76,77,78",5888,756,12,12,"0,0,0,0,0,0,0,0,0,0,0,0,0,0,0,0,0,0,0,0,0,0,0,0,0,0,0,0,0,0,0,0,0,0,0,0,0,0,0,0,0,0,0,0,0,0,0,0,0,0,0,0,0,0,0,0,0,0,0,0,0,0,0,0,0,0,0,0,0,0,0,0,0,0,0,0,0,0","8,10,14,18,24,30,34,40,44,44,44,44,44,42,42,36,28,20,16,14,6,2","18,16,15,13,11,10,16,14,13,15,13,6,11,10,12,5,7,9,8,4,15,12,14,10,5,12,11,9,8,10,12,12,18,10,5,20,8,4,17,15,16,9,13,11,13,19,6,18,20,8,12,10,9,4,11,5,12,11,12,15,19,13,16,11,7,14,13,19,15,13,16,21,17,14,18,9,6,19,13,7,8,15,18,12,20,11,14,14,10,15,17,16,13,19,9,8,15,16,20,14,18,12,9,16,10,15,8,14,17,12,13,15,14,16,6,8,11,6,9,12,5,2,3,4,9,6,8,11,5,3,7,18,14,11,9,12,19,16,13,10,8,7,6,14,10,9,8,11,12,7,6,8,15,17,11,14,7,11,7,9,10,8,14,17,20,13,21,7,6,16,15,10,9,5,5,9,17,13,7,1,2,4,10,3,6,14,17,15,10,12,18,13,11,16,9,10,12,13,12,14,7,9,8,11,13,10,10,15,9,14,11,12,17,8,13,16,7,3,17,9,8,12,18,14,21,10,22,4,16,7,13,6,5,19,11,20,2,15,1,6,15,14,13,12,17,14,13,20,18,16,15,19,9,10,8,7,6,11,5,10,11,8,4,3,1,7,6,9,12,2,13,16,14,15,17,9,7,10,3,4,11,8,5,16,14,17,15,16,17,15,9,8,3,11,1,10,6,7,12,2,4,5",1:M180 M239 M265 M295 | 2:M122 M181 M237 M270 M300 | 3:M123 M130 M184 M218 M264 M279 M293 | 4:M20 M38 M54 M124 M182 M228 M263 M280 M301 | 5:M16 M25 M35 M56 M121 M129 M174 M175 M233 M259 M283 M302 | 6:M12 M47 M77 M115 M118 M126 M143 M151 M169 M185 M232 M240 M257 M267 M297 | 7:M17 M65 M80 M131 M142 M150 M157 M159 M168 M179 M201 M217 M230 M256 M266 M277 M298 | 8:M19 M29 M37 M50 M81 M96 M107 M116 M127 M141 M147 M152 M162 M203 M214 M221 M255 M262 M282 M292 | 9:M18 M28 M42 M53 M76 M95 M103 M119 M125 M135 M146 M160 M173 M176 M195 M202 M209 M220 M253 M268 M276 M291 | 10:M6 M14 M24 M30 M34 M52 M89 M105 M140 M145 M161 M172 M183 M189 M196 M206 M207 M226 M254 M260 M278 M296 | 11:M5 M13 M27 M44 M55 M58 M64 M86 M117 M128 M134 M148 M155 M158 M193 M204 M211 M235 M258 M261 M281 M294 | 12:M15 M22 M26 M31 M32 M51 M57 M59 M84 M102 M110 M120 M136 M149 M190 M197 M199 M212 M222 M244 M269 M299 | 13:M4 M9 M11 M43 M45 M62 M67 M70 M79 M93 M111 M139 M166 M178 M192 M198 M205 M215 M231 M243 M247 M271 | 14:M8 M23 M66 M74 M87 M88 M100 M108 M113 M133 M144 M156 M163 M186 M200 M210 M224 M242 M246 M273 M285 | 15:M3 M10 M21 M40 M60 M69 M82 M90 M97 M106 M112 M153 M171 M188 M208 M238 M241 M251 M274 M287 M290 | 16:M2 M7 M41 M63 M71 M92 M98 M104 M114 M138 M170 M194 M216 M229 M250 M272 M284 M288 | 17:M39 M73 M91 M109 M154 M164 M177 M187 M213 M219 M245 M275 M286 M289 | 18:M1 M33 M48 M75 M83 M101 M132 M191 M223 M249 | 19:M46 M61 M68 M78 M94 M137 M234 M252 | 20:M36 M49 M85 M99 M165 M236 M248 | 21:M72 M167 M225 | 22:M227,"journal objective family: bg_d2 | F-selected distance-labelled E* domain propagation and cycle detection | precedence configuration: F=distance_closure, P=pairwise, G=direct | Full Domain MxT schedule variables + explicit unary exclusions | (20),(22)-(27) exactly once over full domains | (22)-(27) session/fixed/forbidden exclusions as hard unit clauses | (19) participant atMost-one per slot | (46),(47) clustered table capacity with compact forward channeling | (28) Pairwise precedence over direct distance-labelled relations | exact break-group ends and unary break-group thresholds | exact schedule <-> usedSlot channeling | (43) exactly |Mp| full usedSlot variables | (44) atMost 2|L| busy participants per slot | (45) exact even number of busy participants | historical hard cap Delta_G <= 2",0,"(0,)",result
,,,,,,,,,forum-14.forb0003,b2b-9f40198b940d15c1,b2b-lineage-forum-14,forbidden,F-PW-DE-ST-BGD2-UW-IC12P,Full,Filter-E*,Pairwise,Direct-E,SpanThreshold,BreakGroupsD2,UWrMaxSAT,IC12+,OPTIMAL,SAT,0,0,bg_d2,0,0,0,,,0,1,8.576981,False,356.66,,,,Compact,Compact/Full,project_implementation,one-shot weighted MaxSAT,225960,,,,,,,499755,720,500475,6644,219316,1362841,73,cfg5__m-full__p-pairwise__g-direct__b-span_threshold__o-break_groups_d2__s-uwrmaxsat__i-imp12plus__backend-uwrmaxsat,cfg5__m-full__p-pairwise__g-direct__b-span_threshold__o-break_groups_d2__s-uwrmaxsat__i-imp12plus__backend-uwrmaxsat,full,distance_closure,pairwise,direct,UWrMaxSAT,UWrMaxSAT,binary-sha256:8c68c8a386d3d7847b50d315143c2bab60e3514e59510e84a649db83cb303876,imp12+,span_threshold,total_break_groups_subject_to_range_at_most_2,BGD2,IC12P,1362121,720,1,1142,232812,180227,85574,1,720,720,1,,,,,,0,0,0,0,0,,,"formalism-specific model size: SAT/MaxSAT reports base CNF and soft clauses, MIP reports variables/linear constraints/nonzeros, and CP reports integer variables plus linear/global constraints; SAT bound/totalizer overhead remains separate in optimizer_added_*",6644,5888,5876,6644,0,0,0,0,0,0,0,2,0.998346,0.00366,1.562826,,1.566486,7.010495,"wall-clock from immediately before reading/parsing the .dzn instance through model construction, optimization, solution decoding, and independent validation; excludes worker-process startup and result-file export",0,0,0,0,0,"0,0,0,0,0,0,0,0,0,0,0,0,0,0,0,0,0,0,0,0,0,0,0,0,0,0,0,0,0,0,0,0,0,0,0,0,0,0,0,0,0,0,0,0,0,0,0,0,0,0,0,0,0,0,0,0,0,0,0,0,0,0,0,0,0,0,0,0,0,0,0,0,0,0,0,0,0,0",peak_process_tree_rss_mb,9f40198b940d15c1288198ac8af360d3679d0c7c34dd44180c705cdcfe9430c4,forb0003,data_table06_forb/forum-14.forb0003.dzn,2,../noves/forum-14.forb0003.dzn | ../noves/ticf-14crafa.forb0003.dzn,2,data_table06_forb/forum-14.forb0003.dzn | data_table06_forb/ticf-14crafa.forb0003.dzn,https://imae.udg.edu/Recerca/LAI/,https://ima.udg.edu/Recerca/lai/b2b/b2b.zip,ee1f440ab3f6db27ab712300ad3a54a31ffd5ec1e06f81a9ac37cb7202c56528,2026-08-10T10:42:19+00:00,7200.0,,ee80a6fbd8b513f7c010668495c39621a371266a,True,3.10.12,1.8.dev25,instance-20260810-085803,Linux-6.8.0-1064-gcp-x86_64-with-glibc2.35,x86_64,4,8,15988.059,1,0,/home/g24021555/Business-Meeting-Scheduling-Problem/.venv/bin/python3 /home/g24021555/Business-Meeting-Scheduling-Problem/src/Main.py --manifest instances_manifest.csv --family forbidden --solver sat_all --objective-mode bg_d2 --domain-mode both --domain-filter-graph both --precedence-encoding both --precedence-graph both --encoding-variant imp12+ --sat-backend cadical --maxsat-backend uwrmaxsat --uwrmaxsat-bin /home/g24021555/uwrmaxsat/build/release/bin/uwrmaxsat --timeout 7200 --csv output/full_matrix_bg_d2_forbidden.csv,/home/g24021555/uwrmaxsat/build/release/bin/uwrmaxsat,8c68c8a386d3d7847b50d315143c2bab60e3514e59510e84a649db83cb303876,/home/g24021555/uwrmaxsat/build/release/bin/uwrmaxsat -m /tmp/b2b_uwrmaxsat_9lmpedrl/forum-14.forb0003.wcnf,,process exit code=30,,,maxsat,uwrmaxsat,,/home/g24021555/uwrmaxsat/build/release/bin/uwrmaxsat,traditional,pairwise+direct,0,72,"1,2,3,4,5,6,8,9,11,12,14,17,19,20,21,22,23,24,25,26,27,28,29,30,31,32,33,34,35,36,37,38,39,40,41,42,43,44,45,46,47,48,49,50,51,52,53,54,55,56,57,58,59,60,61,62,63,64,65,66,67,68,69,70,71,72,73,74,75,76,77,78",5888,756,12,12,"0,0,0,0,0,0,0,0,0,0,0,0,0,0,0,0,0,0,0,0,0,0,0,0,0,0,0,0,0,0,0,0,0,0,0,0,0,0,0,0,0,0,0,0,0,0,0,0,0,0,0,0,0,0,0,0,0,0,0,0,0,0,0,0,0,0,0,0,0,0,0,0,0,0,0,0,0,0","12,20,22,30,36,42,44,44,42,44,42,42,42,34,28,22,18,16,10,8,4,2","5,10,11,13,16,17,12,14,13,15,14,2,9,11,12,4,6,8,5,1,9,3,4,14,13,15,18,13,7,11,8,16,11,10,6,20,7,8,14,17,5,4,12,12,19,18,5,20,16,15,8,11,7,5,6,10,3,10,9,11,18,14,13,13,14,15,12,9,3,6,4,10,8,2,5,5,8,19,16,9,4,13,17,18,7,12,6,10,2,3,15,13,7,9,11,10,13,17,16,12,14,6,13,10,11,5,8,7,17,21,15,16,14,13,6,3,5,8,12,11,10,2,7,7,12,3,8,4,6,11,9,18,13,12,17,14,19,15,10,6,7,9,5,9,2,7,6,8,4,5,9,17,14,15,18,13,16,9,7,6,4,15,12,20,10,5,18,17,19,11,16,13,4,6,8,6,16,15,9,1,10,14,11,2,5,9,7,4,8,1,3,2,5,6,12,10,13,8,10,14,7,13,12,11,8,9,8,10,7,5,13,12,11,4,3,9,6,21,17,3,14,18,15,12,10,19,1,20,13,4,2,8,6,11,9,22,7,16,5,7,8,6,7,8,14,15,13,11,10,12,9,7,8,11,7,6,10,9,9,4,10,11,3,5,1,8,12,6,7,2,13,14,10,12,11,7,12,10,4,9,8,11,6,14,12,15,13,15,16,14,8,9,4,12,1,2,11,6,5,10,3,7",1:M20 M180 M190 M227 M265 M295 | 2:M12 M74 M89 M122 M145 M184 M192 M231 M270 M296 | 3:M22 M57 M69 M90 M116 M126 M191 M215 M220 M263 M301 | 4:M16 M23 M42 M71 M81 M128 M149 M161 M173 M188 M214 M230 M260 M279 M293 | 5:M1 M19 M41 M47 M54 M75 M76 M106 M117 M143 M150 M166 M185 M193 M210 M239 M264 M299 | 6:M17 M35 M55 M70 M87 M102 M115 M129 M140 M147 M160 M174 M176 M194 M217 M233 M242 M256 M268 M283 M298 | 7:M29 M37 M53 M85 M93 M108 M123 M124 M141 M146 M159 M187 M201 M209 M237 M240 M243 M252 M255 M269 M276 M302 | 8:M18 M31 M38 M51 M73 M77 M107 M118 M127 M148 M175 M189 M198 M205 M207 M232 M241 M244 M253 M266 M281 M291 | 9:M13 M21 M59 M68 M80 M94 M131 M142 M144 M151 M158 M179 M186 M206 M216 M235 M251 M258 M259 M280 M292 | 10:M2 M34 M56 M58 M72 M88 M96 M104 M121 M139 M165 M181 M196 M199 M208 M225 M249 M257 M261 M273 M278 M300 | 11:M3 M14 M30 M33 M52 M60 M95 M105 M120 M130 M170 M183 M204 M213 M234 M248 M254 M262 M275 M282 M297 | 12:M7 M15 M43 M44 M67 M86 M100 M119 M125 M134 M163 M195 M203 M212 M224 M250 M267 M274 M277 M285 M294 | 13:M4 M9 M25 M28 M63 M64 M82 M92 M97 M103 M114 M133 M156 M172 M197 M202 M211 M229 M247 M271 M287 | 14:M8 M11 M24 M39 M62 M65 M101 M113 M136 M153 M182 M200 M221 M245 M272 M284 M290 | 15:M10 M26 M50 M66 M91 M111 M138 M154 M162 M178 M223 M246 M286 M288 | 16:M5 M32 M49 M79 M99 M112 M157 M171 M177 M238 M289 | 17:M6 M40 M83 M98 M109 M135 M152 M168 M219 | 18:M27 M46 M61 M84 M132 M155 M167 M222 | 19:M45 M78 M137 M169 M226 | 20:M36 M48 M164 M228 | 21:M110 M218 | 22:M236,"journal objective family: bg_d2 | F-selected distance-labelled E* domain propagation and cycle detection | precedence configuration: F=distance_closure, P=pairwise, G=direct | Full Domain MxT schedule variables + explicit unary exclusions | (20),(22)-(27) exactly once over full domains | (22)-(27) session/fixed/forbidden exclusions as hard unit clauses | (19) participant atMost-one per slot | (46),(47) clustered table capacity with compact forward channeling | (28) Pairwise precedence over direct distance-labelled relations | exact break-group ends and unary break-group thresholds | exact schedule <-> usedSlot channeling | (43) exactly |Mp| full usedSlot variables | (44) atMost 2|L| busy participants per slot | (45) exact even number of busy participants | historical hard cap Delta_G <= 2",,,result
,,,,,,,,,forum-14.forb0003,b2b-9f40198b940d15c1,b2b-lineage-forum-14,forbidden,F-PW-DC-ST-BGD2-IS-CD-IC12P,Full,Filter-E*,Pairwise,DistanceClosure-E*,SpanThreshold,BreakGroupsD2,IncrementalSAT,IC12+,OPTIMAL,SAT,0,0,bg_d2,0,0,0,,,,,11.452905,False,280.52,,,,Compact,Compact/Full,project_implementation,incremental multi-phase SAT with persistent solver state,225960,,,,,,,499755,0,499755,6644,219316,1362121,73,cfg5__m-full__p-pairwise__g-distance_closure__b-span_threshold__o-break_groups_d2__s-incrementalsat__i-imp12plus__backend-cadical,cfg5__m-full__p-pairwise__g-distance_closure__b-span_threshold__o-break_groups_d2__s-incrementalsat__i-imp12plus__backend-cadical,full,distance_closure,pairwise,distance_closure,IncrementalSAT,CaDiCaL,1.5.3,imp12+,span_threshold,total_break_groups_subject_to_range_at_most_2,BGD2,IC12P,1362121,0,0,1142,232812,180227,85574,,0,720,7,,,,,,1,5522,82859,242452,82859,9.35056663100022,6,"formalism-specific model size: SAT/MaxSAT reports base CNF and soft clauses, MIP reports variables/linear constraints/nonzeros, and CP reports integer variables plus linear/global constraints; SAT bound/totalizer overhead remains separate in optimizer_added_*",6644,5888,5876,6644,0,0,0,0,0,0,0,2,0.996232,0.003182,1.558794,,1.561976,9.890929,"wall-clock from immediately before reading/parsing the .dzn instance through model construction, optimization, solution decoding, and independent validation; excludes worker-process startup and result-file export",0,0,0,0,0,"0,0,0,0,0,0,0,0,0,0,0,0,0,0,0,0,0,0,0,0,0,0,0,0,0,0,0,0,0,0,0,0,0,0,0,0,0,0,0,0,0,0,0,0,0,0,0,0,0,0,0,0,0,0,0,0,0,0,0,0,0,0,0,0,0,0,0,0,0,0,0,0,0,0,0,0,0,0",peak_process_tree_rss_mb,9f40198b940d15c1288198ac8af360d3679d0c7c34dd44180c705cdcfe9430c4,forb0003,data_table06_forb/forum-14.forb0003.dzn,2,../noves/forum-14.forb0003.dzn | ../noves/ticf-14crafa.forb0003.dzn,2,data_table06_forb/forum-14.forb0003.dzn | data_table06_forb/ticf-14crafa.forb0003.dzn,https://imae.udg.edu/Recerca/LAI/,https://ima.udg.edu/Recerca/lai/b2b/b2b.zip,ee1f440ab3f6db27ab712300ad3a54a31ffd5ec1e06f81a9ac37cb7202c56528,2026-08-10T10:42:19+00:00,7200.0,,ee80a6fbd8b513f7c010668495c39621a371266a,True,3.10.12,1.8.dev25,instance-20260810-085803,Linux-6.8.0-1064-gcp-x86_64-with-glibc2.35,x86_64,4,8,15988.059,1,0,/home/g24021555/Business-Meeting-Scheduling-Problem/.venv/bin/python3 /home/g24021555/Business-Meeting-Scheduling-Problem/src/Main.py --manifest instances_manifest.csv --family forbidden --solver sat_all --objective-mode bg_d2 --domain-mode both --domain-filter-graph both --precedence-encoding both --precedence-graph both --encoding-variant imp12+ --sat-backend cadical --maxsat-backend uwrmaxsat --uwrmaxsat-bin /home/g24021555/uwrmaxsat/build/release/bin/uwrmaxsat --timeout 7200 --csv output/full_matrix_bg_d2_forbidden.csv,,,,,,,,incremental,,cadical,,factorial,pairwise+distance_closure,0,72,"1,2,3,4,5,6,8,9,11,12,14,17,19,20,21,22,23,24,25,26,27,28,29,30,31,32,33,34,35,36,37,38,39,40,41,42,43,44,45,46,47,48,49,50,51,52,53,54,55,56,57,58,59,60,61,62,63,64,65,66,67,68,69,70,71,72,73,74,75,76,77,78",5888,756,12,12,"0,0,0,0,0,0,0,0,0,0,0,0,0,0,0,0,0,0,0,0,0,0,0,0,0,0,0,0,0,0,0,0,0,0,0,0,0,0,0,0,0,0,0,0,0,0,0,0,0,0,0,0,0,0,0,0,0,0,0,0,0,0,0,0,0,0,0,0,0,0,0,0,0,0,0,0,0,0","10,16,16,22,30,30,38,44,44,44,44,44,44,40,38,28,24,18,14,10,4,2","17,8,16,13,11,16,12,14,13,15,13,10,11,5,2,6,3,8,12,9,9,11,10,5,9,10,4,10,16,13,15,15,10,6,4,17,8,7,18,16,13,14,12,12,17,19,8,7,18,13,15,11,9,2,8,12,10,9,11,14,13,17,18,10,11,9,6,13,15,18,14,20,19,17,16,14,6,19,7,20,9,13,16,8,21,15,11,16,11,10,18,12,14,7,11,8,14,16,19,15,13,9,8,4,7,3,5,2,6,9,3,4,1,8,9,7,9,5,12,11,10,6,8,5,3,12,9,8,6,10,7,10,13,14,7,8,5,15,11,17,12,7,8,4,2,5,7,9,1,8,17,18,14,12,10,13,7,11,10,13,14,12,17,14,11,10,18,6,5,20,4,19,15,16,13,10,17,5,9,7,11,12,15,8,6,9,8,5,4,2,3,10,6,7,15,13,14,12,10,13,11,15,14,12,9,8,10,12,15,14,11,8,16,9,6,13,7,21,11,12,6,15,14,13,20,5,22,18,3,19,7,10,9,17,1,2,8,16,4,5,9,8,7,12,14,19,15,20,17,16,18,13,12,15,13,14,11,16,10,7,12,3,4,5,2,6,8,11,9,1,13,12,14,15,11,9,7,10,5,4,12,11,6,16,15,17,14,14,15,13,8,10,1,12,5,7,2,6,9,11,3,4",1:M113 M149 M235 M270 M293 | 2:M15 M54 M108 M145 M190 M236 M265 M297 | 3:M17 M106 M111 M125 M191 M229 M262 M301 | 4:M27 M35 M104 M112 M144 M171 M189 M239 M263 M280 M302 | 5:M14 M24 M107 M118 M124 M137 M146 M169 M178 M188 M226 M240 M264 M279 M295 | 6:M16 M34 M67 M77 M109 M122 M129 M168 M185 M193 M215 M221 M266 M283 M298 | 7:M38 M48 M79 M94 M105 M116 M131 M135 M142 M147 M157 M180 M194 M217 M231 M243 M260 M277 M296 | 8:M2 M18 M37 M47 M55 M84 M96 M103 M114 M123 M128 M136 M143 M150 M184 M187 M206 M212 M237 M242 M267 M291 | 9:M20 M21 M25 M53 M58 M66 M81 M102 M110 M115 M117 M127 M148 M179 M186 M205 M214 M233 M241 M269 M276 M299 | 10:M12 M23 M26 M28 M33 M57 M64 M90 M121 M130 M132 M155 M159 M166 M176 M192 M199 M207 M232 M259 M278 M292 | 11:M5 M13 M22 M52 M59 M65 M87 M89 M95 M120 M139 M158 M165 M181 M201 M211 M219 M257 M268 M275 M282 M300 | 12:M7 M19 M43 M44 M56 M92 M119 M126 M141 M154 M162 M182 M198 M204 M208 M220 M244 M253 M261 M272 M281 M294 | 13:M4 M9 M11 M30 M41 M50 M61 M68 M82 M101 M133 M156 M160 M175 M196 M200 M216 M224 M252 M255 M271 M290 | 14:M8 M42 M60 M71 M76 M93 M97 M134 M153 M161 M164 M197 M203 M210 M223 M245 M256 M273 M287 M288 | 15:M10 M31 M32 M51 M69 M86 M100 M138 M173 M183 M195 M202 M209 M222 M247 M254 M274 M285 M289 | 16:M3 M6 M29 M40 M75 M83 M88 M98 M174 M213 M238 M250 M258 M284 | 17:M1 M36 M45 M62 M74 M140 M151 M163 M177 M234 M249 M286 | 18:M39 M49 M63 M70 M91 M152 M167 M228 M251 | 19:M46 M73 M78 M99 M172 M230 M246 | 20:M72 M80 M170 M225 M248 | 21:M85 M218 | 22:M227,"journal objective family: bg_d2 | F-selected distance-labelled E* domain propagation and cycle detection | precedence configuration: F=distance_closure, P=pairwise, G=distance_closure | Full Domain MxT schedule variables + explicit unary exclusions | (20),(22)-(27) exactly once over full domains | (22)-(27) session/fixed/forbidden exclusions as hard unit clauses | (19) participant atMost-one per slot | (46),(47) clustered table capacity with compact forward channeling | (28) Pairwise precedence over distance_closure distance-labelled relations | exact break-group ends and unary break-group thresholds | exact schedule <-> usedSlot channeling | (43) exactly |Mp| full usedSlot variables | (44) atMost 2|L| busy participants per slot | (45) exact even number of busy participants | historical hard cap Delta_G <= 2",0,"(0,)",result
,,,,,,,,,forum-14.forb0003,b2b-9f40198b940d15c1,b2b-lineage-forum-14,forbidden,F-PW-DC-ST-BGD2-NIS-CD-IC12P,Full,Filter-E*,Pairwise,DistanceClosure-E*,SpanThreshold,BreakGroupsD2,NonIncrementalSAT,IC12+,OPTIMAL,SAT,0,0,bg_d2,0,0,0,,,,,23.949161,False,356.188,,,,Compact,Compact/Full,project_implementation,restart-based multi-phase SAT,225960,,,,,,,499755,0,499755,6644,219316,1362121,73,cfg5__m-full__p-pairwise__g-distance_closure__b-span_threshold__o-break_groups_d2__s-nonincrementalsat__i-imp12plus__backend-cadical,cfg5__m-full__p-pairwise__g-distance_closure__b-span_threshold__o-break_groups_d2__s-nonincrementalsat__i-imp12plus__backend-cadical,full,distance_closure,pairwise,distance_closure,NonIncrementalSAT,CaDiCaL,1.5.3,imp12+,span_threshold,total_break_groups_subject_to_range_at_most_2,BGD2,IC12P,1362121,0,0,1142,232812,180227,85574,,0,720,7,,,,,,7,37791,76188,189504,148984,21.827271922000364,6,"formalism-specific model size: SAT/MaxSAT reports base CNF and soft clauses, MIP reports variables/linear constraints/nonzeros, and CP reports integer variables plus linear/global constraints; SAT bound/totalizer overhead remains separate in optimizer_added_*",6644,5888,5876,6644,0,0,0,0,0,0,0,2,0.994419,0.003164,1.550801,,1.553965,22.395197,"wall-clock from immediately before reading/parsing the .dzn instance through model construction, optimization, solution decoding, and independent validation; excludes worker-process startup and result-file export",0,0,0,0,0,"0,0,0,0,0,0,0,0,0,0,0,0,0,0,0,0,0,0,0,0,0,0,0,0,0,0,0,0,0,0,0,0,0,0,0,0,0,0,0,0,0,0,0,0,0,0,0,0,0,0,0,0,0,0,0,0,0,0,0,0,0,0,0,0,0,0,0,0,0,0,0,0,0,0,0,0,0,0",peak_process_tree_rss_mb,9f40198b940d15c1288198ac8af360d3679d0c7c34dd44180c705cdcfe9430c4,forb0003,data_table06_forb/forum-14.forb0003.dzn,2,../noves/forum-14.forb0003.dzn | ../noves/ticf-14crafa.forb0003.dzn,2,data_table06_forb/forum-14.forb0003.dzn | data_table06_forb/ticf-14crafa.forb0003.dzn,https://imae.udg.edu/Recerca/LAI/,https://ima.udg.edu/Recerca/lai/b2b/b2b.zip,ee1f440ab3f6db27ab712300ad3a54a31ffd5ec1e06f81a9ac37cb7202c56528,2026-08-10T10:42:19+00:00,7200.0,,ee80a6fbd8b513f7c010668495c39621a371266a,True,3.10.12,1.8.dev25,instance-20260810-085803,Linux-6.8.0-1064-gcp-x86_64-with-glibc2.35,x86_64,4,8,15988.059,1,0,/home/g24021555/Business-Meeting-Scheduling-Problem/.venv/bin/python3 /home/g24021555/Business-Meeting-Scheduling-Problem/src/Main.py --manifest instances_manifest.csv --family forbidden --solver sat_all --objective-mode bg_d2 --domain-mode both --domain-filter-graph both --precedence-encoding both --precedence-graph both --encoding-variant imp12+ --sat-backend cadical --maxsat-backend uwrmaxsat --uwrmaxsat-bin /home/g24021555/uwrmaxsat/build/release/bin/uwrmaxsat --timeout 7200 --csv output/full_matrix_bg_d2_forbidden.csv,,,,,,,,multiple,,cadical,,factorial,pairwise+distance_closure,0,72,"1,2,3,4,5,6,8,9,11,12,14,17,19,20,21,22,23,24,25,26,27,28,29,30,31,32,33,34,35,36,37,38,39,40,41,42,43,44,45,46,47,48,49,50,51,52,53,54,55,56,57,58,59,60,61,62,63,64,65,66,67,68,69,70,71,72,73,74,75,76,77,78",5888,756,12,12,"0,0,0,0,0,0,0,0,0,0,0,0,0,0,0,0,0,0,0,0,0,0,0,0,0,0,0,0,0,0,0,0,0,0,0,0,0,0,0,0,0,0,0,0,0,0,0,0,0,0,0,0,0,0,0,0,0,0,0,0,0,0,0,0,0,0,0,0,0,0,0,0,0,0,0,0,0,0","8,10,14,18,24,30,34,40,44,44,44,44,44,42,42,36,28,20,16,14,6,2","18,16,15,13,11,10,16,14,13,15,13,6,11,10,12,5,7,9,8,4,15,12,14,10,5,12,11,9,8,10,12,12,18,10,5,20,8,4,17,15,16,9,13,11,13,19,6,18,20,8,12,10,9,4,11,5,12,11,12,15,19,13,16,11,7,14,13,19,15,13,16,21,17,14,18,9,6,19,13,7,8,15,18,12,20,11,14,14,10,15,17,16,13,19,9,8,15,16,20,14,18,12,9,16,10,15,8,14,17,12,13,15,14,16,6,8,11,6,9,12,5,2,3,4,9,6,8,11,5,3,7,18,14,11,9,12,19,16,13,10,8,7,6,14,10,9,8,11,12,7,6,8,15,17,11,14,7,11,7,9,10,8,14,17,20,13,21,7,6,16,15,10,9,5,5,9,17,13,7,1,2,4,10,3,6,14,17,15,10,12,18,13,11,16,9,10,12,13,12,14,7,9,8,11,13,10,10,15,9,14,11,12,17,8,13,16,7,3,17,9,8,12,18,14,21,10,22,4,16,7,13,6,5,19,11,20,2,15,1,6,15,14,13,12,17,14,13,20,18,16,15,19,9,10,8,7,6,11,5,10,11,8,4,3,1,7,6,9,12,2,13,16,14,15,17,9,7,10,3,4,11,8,5,16,14,17,15,16,17,15,9,8,3,11,1,10,6,7,12,2,4,5",1:M180 M239 M265 M295 | 2:M122 M181 M237 M270 M300 | 3:M123 M130 M184 M218 M264 M279 M293 | 4:M20 M38 M54 M124 M182 M228 M263 M280 M301 | 5:M16 M25 M35 M56 M121 M129 M174 M175 M233 M259 M283 M302 | 6:M12 M47 M77 M115 M118 M126 M143 M151 M169 M185 M232 M240 M257 M267 M297 | 7:M17 M65 M80 M131 M142 M150 M157 M159 M168 M179 M201 M217 M230 M256 M266 M277 M298 | 8:M19 M29 M37 M50 M81 M96 M107 M116 M127 M141 M147 M152 M162 M203 M214 M221 M255 M262 M282 M292 | 9:M18 M28 M42 M53 M76 M95 M103 M119 M125 M135 M146 M160 M173 M176 M195 M202 M209 M220 M253 M268 M276 M291 | 10:M6 M14 M24 M30 M34 M52 M89 M105 M140 M145 M161 M172 M183 M189 M196 M206 M207 M226 M254 M260 M278 M296 | 11:M5 M13 M27 M44 M55 M58 M64 M86 M117 M128 M134 M148 M155 M158 M193 M204 M211 M235 M258 M261 M281 M294 | 12:M15 M22 M26 M31 M32 M51 M57 M59 M84 M102 M110 M120 M136 M149 M190 M197 M199 M212 M222 M244 M269 M299 | 13:M4 M9 M11 M43 M45 M62 M67 M70 M79 M93 M111 M139 M166 M178 M192 M198 M205 M215 M231 M243 M247 M271 | 14:M8 M23 M66 M74 M87 M88 M100 M108 M113 M133 M144 M156 M163 M186 M200 M210 M224 M242 M246 M273 M285 | 15:M3 M10 M21 M40 M60 M69 M82 M90 M97 M106 M112 M153 M171 M188 M208 M238 M241 M251 M274 M287 M290 | 16:M2 M7 M41 M63 M71 M92 M98 M104 M114 M138 M170 M194 M216 M229 M250 M272 M284 M288 | 17:M39 M73 M91 M109 M154 M164 M177 M187 M213 M219 M245 M275 M286 M289 | 18:M1 M33 M48 M75 M83 M101 M132 M191 M223 M249 | 19:M46 M61 M68 M78 M94 M137 M234 M252 | 20:M36 M49 M85 M99 M165 M236 M248 | 21:M72 M167 M225 | 22:M227,"journal objective family: bg_d2 | F-selected distance-labelled E* domain propagation and cycle detection | precedence configuration: F=distance_closure, P=pairwise, G=distance_closure | Full Domain MxT schedule variables + explicit unary exclusions | (20),(22)-(27) exactly once over full domains | (22)-(27) session/fixed/forbidden exclusions as hard unit clauses | (19) participant atMost-one per slot | (46),(47) clustered table capacity with compact forward channeling | (28) Pairwise precedence over distance_closure distance-labelled relations | exact break-group ends and unary break-group thresholds | exact schedule <-> usedSlot channeling | (43) exactly |Mp| full usedSlot variables | (44) atMost 2|L| busy participants per slot | (45) exact even number of busy participants | historical hard cap Delta_G <= 2",0,"(0,)",result
,,,,,,,,,forum-14.forb0003,b2b-9f40198b940d15c1,b2b-lineage-forum-14,forbidden,F-PW-DC-ST-BGD2-UW-IC12P,Full,Filter-E*,Pairwise,DistanceClosure-E*,SpanThreshold,BreakGroupsD2,UWrMaxSAT,IC12+,OPTIMAL,SAT,0,0,bg_d2,0,0,0,,,0,1,8.584831,False,356.598,,,,Compact,Compact/Full,project_implementation,one-shot weighted MaxSAT,225960,,,,,,,499755,720,500475,6644,219316,1362841,73,cfg5__m-full__p-pairwise__g-distance_closure__b-span_threshold__o-break_groups_d2__s-uwrmaxsat__i-imp12plus__backend-uwrmaxsat,cfg5__m-full__p-pairwise__g-distance_closure__b-span_threshold__o-break_groups_d2__s-uwrmaxsat__i-imp12plus__backend-uwrmaxsat,full,distance_closure,pairwise,distance_closure,UWrMaxSAT,UWrMaxSAT,binary-sha256:8c68c8a386d3d7847b50d315143c2bab60e3514e59510e84a649db83cb303876,imp12+,span_threshold,total_break_groups_subject_to_range_at_most_2,BGD2,IC12P,1362121,720,1,1142,232812,180227,85574,1,720,720,1,,,,,,0,0,0,0,0,,,"formalism-specific model size: SAT/MaxSAT reports base CNF and soft clauses, MIP reports variables/linear constraints/nonzeros, and CP reports integer variables plus linear/global constraints; SAT bound/totalizer overhead remains separate in optimizer_added_*",6644,5888,5876,6644,0,0,0,0,0,0,0,2,1.005049,0.003619,1.574293,,1.577912,7.006919,"wall-clock from immediately before reading/parsing the .dzn instance through model construction, optimization, solution decoding, and independent validation; excludes worker-process startup and result-file export",0,0,0,0,0,"0,0,0,0,0,0,0,0,0,0,0,0,0,0,0,0,0,0,0,0,0,0,0,0,0,0,0,0,0,0,0,0,0,0,0,0,0,0,0,0,0,0,0,0,0,0,0,0,0,0,0,0,0,0,0,0,0,0,0,0,0,0,0,0,0,0,0,0,0,0,0,0,0,0,0,0,0,0",peak_process_tree_rss_mb,9f40198b940d15c1288198ac8af360d3679d0c7c34dd44180c705cdcfe9430c4,forb0003,data_table06_forb/forum-14.forb0003.dzn,2,../noves/forum-14.forb0003.dzn | ../noves/ticf-14crafa.forb0003.dzn,2,data_table06_forb/forum-14.forb0003.dzn | data_table06_forb/ticf-14crafa.forb0003.dzn,https://imae.udg.edu/Recerca/LAI/,https://ima.udg.edu/Recerca/lai/b2b/b2b.zip,ee1f440ab3f6db27ab712300ad3a54a31ffd5ec1e06f81a9ac37cb7202c56528,2026-08-10T10:42:19+00:00,7200.0,,ee80a6fbd8b513f7c010668495c39621a371266a,True,3.10.12,1.8.dev25,instance-20260810-085803,Linux-6.8.0-1064-gcp-x86_64-with-glibc2.35,x86_64,4,8,15988.059,1,0,/home/g24021555/Business-Meeting-Scheduling-Problem/.venv/bin/python3 /home/g24021555/Business-Meeting-Scheduling-Problem/src/Main.py --manifest instances_manifest.csv --family forbidden --solver sat_all --objective-mode bg_d2 --domain-mode both --domain-filter-graph both --precedence-encoding both --precedence-graph both --encoding-variant imp12+ --sat-backend cadical --maxsat-backend uwrmaxsat --uwrmaxsat-bin /home/g24021555/uwrmaxsat/build/release/bin/uwrmaxsat --timeout 7200 --csv output/full_matrix_bg_d2_forbidden.csv,/home/g24021555/uwrmaxsat/build/release/bin/uwrmaxsat,8c68c8a386d3d7847b50d315143c2bab60e3514e59510e84a649db83cb303876,/home/g24021555/uwrmaxsat/build/release/bin/uwrmaxsat -m /tmp/b2b_uwrmaxsat_zh3fcx28/forum-14.forb0003.wcnf,,process exit code=30,,,maxsat,uwrmaxsat,,/home/g24021555/uwrmaxsat/build/release/bin/uwrmaxsat,factorial,pairwise+distance_closure,0,72,"1,2,3,4,5,6,8,9,11,12,14,17,19,20,21,22,23,24,25,26,27,28,29,30,31,32,33,34,35,36,37,38,39,40,41,42,43,44,45,46,47,48,49,50,51,52,53,54,55,56,57,58,59,60,61,62,63,64,65,66,67,68,69,70,71,72,73,74,75,76,77,78",5888,756,12,12,"0,0,0,0,0,0,0,0,0,0,0,0,0,0,0,0,0,0,0,0,0,0,0,0,0,0,0,0,0,0,0,0,0,0,0,0,0,0,0,0,0,0,0,0,0,0,0,0,0,0,0,0,0,0,0,0,0,0,0,0,0,0,0,0,0,0,0,0,0,0,0,0,0,0,0,0,0,0","12,20,22,30,36,42,44,44,42,44,42,42,42,34,28,22,18,16,10,8,4,2","5,10,11,13,16,17,12,14,13,15,14,2,9,11,12,4,6,8,5,1,9,3,4,14,13,15,18,13,7,11,8,16,11,10,6,20,7,8,14,17,5,4,12,12,19,18,5,20,16,15,8,11,7,5,6,10,3,10,9,11,18,14,13,13,14,15,12,9,3,6,4,10,8,2,5,5,8,19,16,9,4,13,17,18,7,12,6,10,2,3,15,13,7,9,11,10,13,17,16,12,14,6,13,10,11,5,8,7,17,21,15,16,14,13,6,3,5,8,12,11,10,2,7,7,12,3,8,4,6,11,9,18,13,12,17,14,19,15,10,6,7,9,5,9,2,7,6,8,4,5,9,17,14,15,18,13,16,9,7,6,4,15,12,20,10,5,18,17,19,11,16,13,4,6,8,6,16,15,9,1,10,14,11,2,5,9,7,4,8,1,3,2,5,6,12,10,13,8,10,14,7,13,12,11,8,9,8,10,7,5,13,12,11,4,3,9,6,21,17,3,14,18,15,12,10,19,1,20,13,4,2,8,6,11,9,22,7,16,5,7,8,6,7,8,14,15,13,11,10,12,9,7,8,11,7,6,10,9,9,4,10,11,3,5,1,8,12,6,7,2,13,14,10,12,11,7,12,10,4,9,8,11,6,14,12,15,13,15,16,14,8,9,4,12,1,2,11,6,5,10,3,7",1:M20 M180 M190 M227 M265 M295 | 2:M12 M74 M89 M122 M145 M184 M192 M231 M270 M296 | 3:M22 M57 M69 M90 M116 M126 M191 M215 M220 M263 M301 | 4:M16 M23 M42 M71 M81 M128 M149 M161 M173 M188 M214 M230 M260 M279 M293 | 5:M1 M19 M41 M47 M54 M75 M76 M106 M117 M143 M150 M166 M185 M193 M210 M239 M264 M299 | 6:M17 M35 M55 M70 M87 M102 M115 M129 M140 M147 M160 M174 M176 M194 M217 M233 M242 M256 M268 M283 M298 | 7:M29 M37 M53 M85 M93 M108 M123 M124 M141 M146 M159 M187 M201 M209 M237 M240 M243 M252 M255 M269 M276 M302 | 8:M18 M31 M38 M51 M73 M77 M107 M118 M127 M148 M175 M189 M198 M205 M207 M232 M241 M244 M253 M266 M281 M291 | 9:M13 M21 M59 M68 M80 M94 M131 M142 M144 M151 M158 M179 M186 M206 M216 M235 M251 M258 M259 M280 M292 | 10:M2 M34 M56 M58 M72 M88 M96 M104 M121 M139 M165 M181 M196 M199 M208 M225 M249 M257 M261 M273 M278 M300 | 11:M3 M14 M30 M33 M52 M60 M95 M105 M120 M130 M170 M183 M204 M213 M234 M248 M254 M262 M275 M282 M297 | 12:M7 M15 M43 M44 M67 M86 M100 M119 M125 M134 M163 M195 M203 M212 M224 M250 M267 M274 M277 M285 M294 | 13:M4 M9 M25 M28 M63 M64 M82 M92 M97 M103 M114 M133 M156 M172 M197 M202 M211 M229 M247 M271 M287 | 14:M8 M11 M24 M39 M62 M65 M101 M113 M136 M153 M182 M200 M221 M245 M272 M284 M290 | 15:M10 M26 M50 M66 M91 M111 M138 M154 M162 M178 M223 M246 M286 M288 | 16:M5 M32 M49 M79 M99 M112 M157 M171 M177 M238 M289 | 17:M6 M40 M83 M98 M109 M135 M152 M168 M219 | 18:M27 M46 M61 M84 M132 M155 M167 M222 | 19:M45 M78 M137 M169 M226 | 20:M36 M48 M164 M228 | 21:M110 M218 | 22:M236,"journal objective family: bg_d2 | F-selected distance-labelled E* domain propagation and cycle detection | precedence configuration: F=distance_closure, P=pairwise, G=distance_closure | Full Domain MxT schedule variables + explicit unary exclusions | (20),(22)-(27) exactly once over full domains | (22)-(27) session/fixed/forbidden exclusions as hard unit clauses | (19) participant atMost-one per slot | (46),(47) clustered table capacity with compact forward channeling | (28) Pairwise precedence over distance_closure distance-labelled relations | exact break-group ends and unary break-group thresholds | exact schedule <-> usedSlot channeling | (43) exactly |Mp| full usedSlot variables | (44) atMost 2|L| busy participants per slot | (45) exact even number of busy participants | historical hard cap Delta_G <= 2",,,result
,,,,,,,,,forum-14.forb0003,b2b-9f40198b940d15c1,b2b-lineage-forum-14,forbidden,F-SS-DE-ST-BGD2-IS-CD-IC12P,Full,Filter-E*,SparseSuffix,Direct-E,SpanThreshold,BreakGroupsD2,IncrementalSAT,IC12+,OPTIMAL,SAT,0,0,bg_d2,0,0,0,,,,,11.457555,False,273.16,,,,Compact,Compact/Full,project_implementation,incremental multi-phase SAT with persistent solver state,225960,,,,,,,499755,0,499755,6644,219316,1362121,73,cfg5__m-full__p-sparse_suffix__g-direct__b-span_threshold__o-break_groups_d2__s-incrementalsat__i-imp12plus__backend-cadical,cfg5__m-full__p-sparse_suffix__g-direct__b-span_threshold__o-break_groups_d2__s-incrementalsat__i-imp12plus__backend-cadical,full,distance_closure,sparse_suffix,direct,IncrementalSAT,CaDiCaL,1.5.3,imp12+,span_threshold,total_break_groups_subject_to_range_at_most_2,BGD2,IC12P,1362121,0,0,1142,232812,180227,85574,,0,720,7,,,,,,1,5522,82859,242452,82859,9.331938704000095,6,"formalism-specific model size: SAT/MaxSAT reports base CNF and soft clauses, MIP reports variables/linear constraints/nonzeros, and CP reports integer variables plus linear/global constraints; SAT bound/totalizer overhead remains separate in optimizer_added_*",6644,5888,5876,6644,0,0,0,0,0,0,0,2,1.006434,0.003518,1.562198,,1.565716,9.891839,"wall-clock from immediately before reading/parsing the .dzn instance through model construction, optimization, solution decoding, and independent validation; excludes worker-process startup and result-file export",0,0,0,0,0,"0,0,0,0,0,0,0,0,0,0,0,0,0,0,0,0,0,0,0,0,0,0,0,0,0,0,0,0,0,0,0,0,0,0,0,0,0,0,0,0,0,0,0,0,0,0,0,0,0,0,0,0,0,0,0,0,0,0,0,0,0,0,0,0,0,0,0,0,0,0,0,0,0,0,0,0,0,0",peak_process_tree_rss_mb,9f40198b940d15c1288198ac8af360d3679d0c7c34dd44180c705cdcfe9430c4,forb0003,data_table06_forb/forum-14.forb0003.dzn,2,../noves/forum-14.forb0003.dzn | ../noves/ticf-14crafa.forb0003.dzn,2,data_table06_forb/forum-14.forb0003.dzn | data_table06_forb/ticf-14crafa.forb0003.dzn,https://imae.udg.edu/Recerca/LAI/,https://ima.udg.edu/Recerca/lai/b2b/b2b.zip,ee1f440ab3f6db27ab712300ad3a54a31ffd5ec1e06f81a9ac37cb7202c56528,2026-08-10T10:42:19+00:00,7200.0,,ee80a6fbd8b513f7c010668495c39621a371266a,True,3.10.12,1.8.dev25,instance-20260810-085803,Linux-6.8.0-1064-gcp-x86_64-with-glibc2.35,x86_64,4,8,15988.059,1,0,/home/g24021555/Business-Meeting-Scheduling-Problem/.venv/bin/python3 /home/g24021555/Business-Meeting-Scheduling-Problem/src/Main.py --manifest instances_manifest.csv --family forbidden --solver sat_all --objective-mode bg_d2 --domain-mode both --domain-filter-graph both --precedence-encoding both --precedence-graph both --encoding-variant imp12+ --sat-backend cadical --maxsat-backend uwrmaxsat --uwrmaxsat-bin /home/g24021555/uwrmaxsat/build/release/bin/uwrmaxsat --timeout 7200 --csv output/full_matrix_bg_d2_forbidden.csv,,,,,,,,incremental,,cadical,,factorial,sparse_suffix+direct,0,72,"1,2,3,4,5,6,8,9,11,12,14,17,19,20,21,22,23,24,25,26,27,28,29,30,31,32,33,34,35,36,37,38,39,40,41,42,43,44,45,46,47,48,49,50,51,52,53,54,55,56,57,58,59,60,61,62,63,64,65,66,67,68,69,70,71,72,73,74,75,76,77,78",5888,756,12,12,"0,0,0,0,0,0,0,0,0,0,0,0,0,0,0,0,0,0,0,0,0,0,0,0,0,0,0,0,0,0,0,0,0,0,0,0,0,0,0,0,0,0,0,0,0,0,0,0,0,0,0,0,0,0,0,0,0,0,0,0,0,0,0,0,0,0,0,0,0,0,0,0,0,0,0,0,0,0","10,16,16,22,30,30,38,44,44,44,44,44,44,40,38,28,24,18,14,10,4,2","17,8,16,13,11,16,12,14,13,15,13,10,11,5,2,6,3,8,12,9,9,11,10,5,9,10,4,10,16,13,15,15,10,6,4,17,8,7,18,16,13,14,12,12,17,19,8,7,18,13,15,11,9,2,8,12,10,9,11,14,13,17,18,10,11,9,6,13,15,18,14,20,19,17,16,14,6,19,7,20,9,13,16,8,21,15,11,16,11,10,18,12,14,7,11,8,14,16,19,15,13,9,8,4,7,3,5,2,6,9,3,4,1,8,9,7,9,5,12,11,10,6,8,5,3,12,9,8,6,10,7,10,13,14,7,8,5,15,11,17,12,7,8,4,2,5,7,9,1,8,17,18,14,12,10,13,7,11,10,13,14,12,17,14,11,10,18,6,5,20,4,19,15,16,13,10,17,5,9,7,11,12,15,8,6,9,8,5,4,2,3,10,6,7,15,13,14,12,10,13,11,15,14,12,9,8,10,12,15,14,11,8,16,9,6,13,7,21,11,12,6,15,14,13,20,5,22,18,3,19,7,10,9,17,1,2,8,16,4,5,9,8,7,12,14,19,15,20,17,16,18,13,12,15,13,14,11,16,10,7,12,3,4,5,2,6,8,11,9,1,13,12,14,15,11,9,7,10,5,4,12,11,6,16,15,17,14,14,15,13,8,10,1,12,5,7,2,6,9,11,3,4",1:M113 M149 M235 M270 M293 | 2:M15 M54 M108 M145 M190 M236 M265 M297 | 3:M17 M106 M111 M125 M191 M229 M262 M301 | 4:M27 M35 M104 M112 M144 M171 M189 M239 M263 M280 M302 | 5:M14 M24 M107 M118 M124 M137 M146 M169 M178 M188 M226 M240 M264 M279 M295 | 6:M16 M34 M67 M77 M109 M122 M129 M168 M185 M193 M215 M221 M266 M283 M298 | 7:M38 M48 M79 M94 M105 M116 M131 M135 M142 M147 M157 M180 M194 M217 M231 M243 M260 M277 M296 | 8:M2 M18 M37 M47 M55 M84 M96 M103 M114 M123 M128 M136 M143 M150 M184 M187 M206 M212 M237 M242 M267 M291 | 9:M20 M21 M25 M53 M58 M66 M81 M102 M110 M115 M117 M127 M148 M179 M186 M205 M214 M233 M241 M269 M276 M299 | 10:M12 M23 M26 M28 M33 M57 M64 M90 M121 M130 M132 M155 M159 M166 M176 M192 M199 M207 M232 M259 M278 M292 | 11:M5 M13 M22 M52 M59 M65 M87 M89 M95 M120 M139 M158 M165 M181 M201 M211 M219 M257 M268 M275 M282 M300 | 12:M7 M19 M43 M44 M56 M92 M119 M126 M141 M154 M162 M182 M198 M204 M208 M220 M244 M253 M261 M272 M281 M294 | 13:M4 M9 M11 M30 M41 M50 M61 M68 M82 M101 M133 M156 M160 M175 M196 M200 M216 M224 M252 M255 M271 M290 | 14:M8 M42 M60 M71 M76 M93 M97 M134 M153 M161 M164 M197 M203 M210 M223 M245 M256 M273 M287 M288 | 15:M10 M31 M32 M51 M69 M86 M100 M138 M173 M183 M195 M202 M209 M222 M247 M254 M274 M285 M289 | 16:M3 M6 M29 M40 M75 M83 M88 M98 M174 M213 M238 M250 M258 M284 | 17:M1 M36 M45 M62 M74 M140 M151 M163 M177 M234 M249 M286 | 18:M39 M49 M63 M70 M91 M152 M167 M228 M251 | 19:M46 M73 M78 M99 M172 M230 M246 | 20:M72 M80 M170 M225 M248 | 21:M85 M218 | 22:M227,"journal objective family: bg_d2 | F-selected distance-labelled E* domain propagation and cycle detection | precedence configuration: F=distance_closure, P=sparse_suffix, G=direct | Full Domain MxT schedule variables + explicit unary exclusions | (20),(22)-(27) exactly once over full domains | (22)-(27) session/fixed/forbidden exclusions as hard unit clauses | (19) participant atMost-one per slot | (46),(47) clustered table capacity with compact forward channeling | (28) SparseSuffix precedence over direct distance-labelled relations | exact break-group ends and unary break-group thresholds | exact schedule <-> usedSlot channeling | (43) exactly |Mp| full usedSlot variables | (44) atMost 2|L| busy participants per slot | (45) exact even number of busy participants | historical hard cap Delta_G <= 2",0,"(0,)",result
,,,,,,,,,forum-14.forb0003,b2b-9f40198b940d15c1,b2b-lineage-forum-14,forbidden,F-SS-DE-ST-BGD2-NIS-CD-IC12P,Full,Filter-E*,SparseSuffix,Direct-E,SpanThreshold,BreakGroupsD2,NonIncrementalSAT,IC12+,OPTIMAL,SAT,0,0,bg_d2,0,0,0,,,,,23.953985,False,357.086,,,,Compact,Compact/Full,project_implementation,restart-based multi-phase SAT,225960,,,,,,,499755,0,499755,6644,219316,1362121,73,cfg5__m-full__p-sparse_suffix__g-direct__b-span_threshold__o-break_groups_d2__s-nonincrementalsat__i-imp12plus__backend-cadical,cfg5__m-full__p-sparse_suffix__g-direct__b-span_threshold__o-break_groups_d2__s-nonincrementalsat__i-imp12plus__backend-cadical,full,distance_closure,sparse_suffix,direct,NonIncrementalSAT,CaDiCaL,1.5.3,imp12+,span_threshold,total_break_groups_subject_to_range_at_most_2,BGD2,IC12P,1362121,0,0,1142,232812,180227,85574,,0,720,7,,,,,,7,37791,76188,189504,148984,21.837743951999983,6,"formalism-specific model size: SAT/MaxSAT reports base CNF and soft clauses, MIP reports variables/linear constraints/nonzeros, and CP reports integer variables plus linear/global constraints; SAT bound/totalizer overhead remains separate in optimizer_added_*",6644,5888,5876,6644,0,0,0,0,0,0,0,2,0.985586,0.003161,1.550859,,1.55402,22.399965,"wall-clock from immediately before reading/parsing the .dzn instance through model construction, optimization, solution decoding, and independent validation; excludes worker-process startup and result-file export",0,0,0,0,0,"0,0,0,0,0,0,0,0,0,0,0,0,0,0,0,0,0,0,0,0,0,0,0,0,0,0,0,0,0,0,0,0,0,0,0,0,0,0,0,0,0,0,0,0,0,0,0,0,0,0,0,0,0,0,0,0,0,0,0,0,0,0,0,0,0,0,0,0,0,0,0,0,0,0,0,0,0,0",peak_process_tree_rss_mb,9f40198b940d15c1288198ac8af360d3679d0c7c34dd44180c705cdcfe9430c4,forb0003,data_table06_forb/forum-14.forb0003.dzn,2,../noves/forum-14.forb0003.dzn | ../noves/ticf-14crafa.forb0003.dzn,2,data_table06_forb/forum-14.forb0003.dzn | data_table06_forb/ticf-14crafa.forb0003.dzn,https://imae.udg.edu/Recerca/LAI/,https://ima.udg.edu/Recerca/lai/b2b/b2b.zip,ee1f440ab3f6db27ab712300ad3a54a31ffd5ec1e06f81a9ac37cb7202c56528,2026-08-10T10:42:19+00:00,7200.0,,ee80a6fbd8b513f7c010668495c39621a371266a,True,3.10.12,1.8.dev25,instance-20260810-085803,Linux-6.8.0-1064-gcp-x86_64-with-glibc2.35,x86_64,4,8,15988.059,1,0,/home/g24021555/Business-Meeting-Scheduling-Problem/.venv/bin/python3 /home/g24021555/Business-Meeting-Scheduling-Problem/src/Main.py --manifest instances_manifest.csv --family forbidden --solver sat_all --objective-mode bg_d2 --domain-mode both --domain-filter-graph both --precedence-encoding both --precedence-graph both --encoding-variant imp12+ --sat-backend cadical --maxsat-backend uwrmaxsat --uwrmaxsat-bin /home/g24021555/uwrmaxsat/build/release/bin/uwrmaxsat --timeout 7200 --csv output/full_matrix_bg_d2_forbidden.csv,,,,,,,,multiple,,cadical,,factorial,sparse_suffix+direct,0,72,"1,2,3,4,5,6,8,9,11,12,14,17,19,20,21,22,23,24,25,26,27,28,29,30,31,32,33,34,35,36,37,38,39,40,41,42,43,44,45,46,47,48,49,50,51,52,53,54,55,56,57,58,59,60,61,62,63,64,65,66,67,68,69,70,71,72,73,74,75,76,77,78",5888,756,12,12,"0,0,0,0,0,0,0,0,0,0,0,0,0,0,0,0,0,0,0,0,0,0,0,0,0,0,0,0,0,0,0,0,0,0,0,0,0,0,0,0,0,0,0,0,0,0,0,0,0,0,0,0,0,0,0,0,0,0,0,0,0,0,0,0,0,0,0,0,0,0,0,0,0,0,0,0,0,0","8,10,14,18,24,30,34,40,44,44,44,44,44,42,42,36,28,20,16,14,6,2","18,16,15,13,11,10,16,14,13,15,13,6,11,10,12,5,7,9,8,4,15,12,14,10,5,12,11,9,8,10,12,12,18,10,5,20,8,4,17,15,16,9,13,11,13,19,6,18,20,8,12,10,9,4,11,5,12,11,12,15,19,13,16,11,7,14,13,19,15,13,16,21,17,14,18,9,6,19,13,7,8,15,18,12,20,11,14,14,10,15,17,16,13,19,9,8,15,16,20,14,18,12,9,16,10,15,8,14,17,12,13,15,14,16,6,8,11,6,9,12,5,2,3,4,9,6,8,11,5,3,7,18,14,11,9,12,19,16,13,10,8,7,6,14,10,9,8,11,12,7,6,8,15,17,11,14,7,11,7,9,10,8,14,17,20,13,21,7,6,16,15,10,9,5,5,9,17,13,7,1,2,4,10,3,6,14,17,15,10,12,18,13,11,16,9,10,12,13,12,14,7,9,8,11,13,10,10,15,9,14,11,12,17,8,13,16,7,3,17,9,8,12,18,14,21,10,22,4,16,7,13,6,5,19,11,20,2,15,1,6,15,14,13,12,17,14,13,20,18,16,15,19,9,10,8,7,6,11,5,10,11,8,4,3,1,7,6,9,12,2,13,16,14,15,17,9,7,10,3,4,11,8,5,16,14,17,15,16,17,15,9,8,3,11,1,10,6,7,12,2,4,5",1:M180 M239 M265 M295 | 2:M122 M181 M237 M270 M300 | 3:M123 M130 M184 M218 M264 M279 M293 | 4:M20 M38 M54 M124 M182 M228 M263 M280 M301 | 5:M16 M25 M35 M56 M121 M129 M174 M175 M233 M259 M283 M302 | 6:M12 M47 M77 M115 M118 M126 M143 M151 M169 M185 M232 M240 M257 M267 M297 | 7:M17 M65 M80 M131 M142 M150 M157 M159 M168 M179 M201 M217 M230 M256 M266 M277 M298 | 8:M19 M29 M37 M50 M81 M96 M107 M116 M127 M141 M147 M152 M162 M203 M214 M221 M255 M262 M282 M292 | 9:M18 M28 M42 M53 M76 M95 M103 M119 M125 M135 M146 M160 M173 M176 M195 M202 M209 M220 M253 M268 M276 M291 | 10:M6 M14 M24 M30 M34 M52 M89 M105 M140 M145 M161 M172 M183 M189 M196 M206 M207 M226 M254 M260 M278 M296 | 11:M5 M13 M27 M44 M55 M58 M64 M86 M117 M128 M134 M148 M155 M158 M193 M204 M211 M235 M258 M261 M281 M294 | 12:M15 M22 M26 M31 M32 M51 M57 M59 M84 M102 M110 M120 M136 M149 M190 M197 M199 M212 M222 M244 M269 M299 | 13:M4 M9 M11 M43 M45 M62 M67 M70 M79 M93 M111 M139 M166 M178 M192 M198 M205 M215 M231 M243 M247 M271 | 14:M8 M23 M66 M74 M87 M88 M100 M108 M113 M133 M144 M156 M163 M186 M200 M210 M224 M242 M246 M273 M285 | 15:M3 M10 M21 M40 M60 M69 M82 M90 M97 M106 M112 M153 M171 M188 M208 M238 M241 M251 M274 M287 M290 | 16:M2 M7 M41 M63 M71 M92 M98 M104 M114 M138 M170 M194 M216 M229 M250 M272 M284 M288 | 17:M39 M73 M91 M109 M154 M164 M177 M187 M213 M219 M245 M275 M286 M289 | 18:M1 M33 M48 M75 M83 M101 M132 M191 M223 M249 | 19:M46 M61 M68 M78 M94 M137 M234 M252 | 20:M36 M49 M85 M99 M165 M236 M248 | 21:M72 M167 M225 | 22:M227,"journal objective family: bg_d2 | F-selected distance-labelled E* domain propagation and cycle detection | precedence configuration: F=distance_closure, P=sparse_suffix, G=direct | Full Domain MxT schedule variables + explicit unary exclusions | (20),(22)-(27) exactly once over full domains | (22)-(27) session/fixed/forbidden exclusions as hard unit clauses | (19) participant atMost-one per slot | (46),(47) clustered table capacity with compact forward channeling | (28) SparseSuffix precedence over direct distance-labelled relations | exact break-group ends and unary break-group thresholds | exact schedule <-> usedSlot channeling | (43) exactly |Mp| full usedSlot variables | (44) atMost 2|L| busy participants per slot | (45) exact even number of busy participants | historical hard cap Delta_G <= 2",0,"(0,)",result
,,,,,,,,,forum-14.forb0003,b2b-9f40198b940d15c1,b2b-lineage-forum-14,forbidden,F-SS-DE-ST-BGD2-UW-IC12P,Full,Filter-E*,SparseSuffix,Direct-E,SpanThreshold,BreakGroupsD2,UWrMaxSAT,IC12+,OPTIMAL,SAT,0,0,bg_d2,0,0,0,,,0,1,8.677337,False,356.551,,,,Compact,Compact/Full,project_implementation,one-shot weighted MaxSAT,225960,,,,,,,499755,720,500475,6644,219316,1362841,73,cfg5__m-full__p-sparse_suffix__g-direct__b-span_threshold__o-break_groups_d2__s-uwrmaxsat__i-imp12plus__backend-uwrmaxsat,cfg5__m-full__p-sparse_suffix__g-direct__b-span_threshold__o-break_groups_d2__s-uwrmaxsat__i-imp12plus__backend-uwrmaxsat,full,distance_closure,sparse_suffix,direct,UWrMaxSAT,UWrMaxSAT,binary-sha256:8c68c8a386d3d7847b50d315143c2bab60e3514e59510e84a649db83cb303876,imp12+,span_threshold,total_break_groups_subject_to_range_at_most_2,BGD2,IC12P,1362121,720,1,1142,232812,180227,85574,1,720,720,1,,,,,,0,0,0,0,0,,,"formalism-specific model size: SAT/MaxSAT reports base CNF and soft clauses, MIP reports variables/linear constraints/nonzeros, and CP reports integer variables plus linear/global constraints; SAT bound/totalizer overhead remains separate in optimizer_added_*",6644,5888,5876,6644,0,0,0,0,0,0,0,2,0.999104,0.00322,1.573332,,1.576551,7.100785,"wall-clock from immediately before reading/parsing the .dzn instance through model construction, optimization, solution decoding, and independent validation; excludes worker-process startup and result-file export",0,0,0,0,0,"0,0,0,0,0,0,0,0,0,0,0,0,0,0,0,0,0,0,0,0,0,0,0,0,0,0,0,0,0,0,0,0,0,0,0,0,0,0,0,0,0,0,0,0,0,0,0,0,0,0,0,0,0,0,0,0,0,0,0,0,0,0,0,0,0,0,0,0,0,0,0,0,0,0,0,0,0,0",peak_process_tree_rss_mb,9f40198b940d15c1288198ac8af360d3679d0c7c34dd44180c705cdcfe9430c4,forb0003,data_table06_forb/forum-14.forb0003.dzn,2,../noves/forum-14.forb0003.dzn | ../noves/ticf-14crafa.forb0003.dzn,2,data_table06_forb/forum-14.forb0003.dzn | data_table06_forb/ticf-14crafa.forb0003.dzn,https://imae.udg.edu/Recerca/LAI/,https://ima.udg.edu/Recerca/lai/b2b/b2b.zip,ee1f440ab3f6db27ab712300ad3a54a31ffd5ec1e06f81a9ac37cb7202c56528,2026-08-10T10:42:19+00:00,7200.0,,ee80a6fbd8b513f7c010668495c39621a371266a,True,3.10.12,1.8.dev25,instance-20260810-085803,Linux-6.8.0-1064-gcp-x86_64-with-glibc2.35,x86_64,4,8,15988.059,1,0,/home/g24021555/Business-Meeting-Scheduling-Problem/.venv/bin/python3 /home/g24021555/Business-Meeting-Scheduling-Problem/src/Main.py --manifest instances_manifest.csv --family forbidden --solver sat_all --objective-mode bg_d2 --domain-mode both --domain-filter-graph both --precedence-encoding both --precedence-graph both --encoding-variant imp12+ --sat-backend cadical --maxsat-backend uwrmaxsat --uwrmaxsat-bin /home/g24021555/uwrmaxsat/build/release/bin/uwrmaxsat --timeout 7200 --csv output/full_matrix_bg_d2_forbidden.csv,/home/g24021555/uwrmaxsat/build/release/bin/uwrmaxsat,8c68c8a386d3d7847b50d315143c2bab60e3514e59510e84a649db83cb303876,/home/g24021555/uwrmaxsat/build/release/bin/uwrmaxsat -m /tmp/b2b_uwrmaxsat_cfxnq6x3/forum-14.forb0003.wcnf,,process exit code=30,,,maxsat,uwrmaxsat,,/home/g24021555/uwrmaxsat/build/release/bin/uwrmaxsat,factorial,sparse_suffix+direct,0,72,"1,2,3,4,5,6,8,9,11,12,14,17,19,20,21,22,23,24,25,26,27,28,29,30,31,32,33,34,35,36,37,38,39,40,41,42,43,44,45,46,47,48,49,50,51,52,53,54,55,56,57,58,59,60,61,62,63,64,65,66,67,68,69,70,71,72,73,74,75,76,77,78",5888,756,12,12,"0,0,0,0,0,0,0,0,0,0,0,0,0,0,0,0,0,0,0,0,0,0,0,0,0,0,0,0,0,0,0,0,0,0,0,0,0,0,0,0,0,0,0,0,0,0,0,0,0,0,0,0,0,0,0,0,0,0,0,0,0,0,0,0,0,0,0,0,0,0,0,0,0,0,0,0,0,0","12,20,22,30,36,42,44,44,42,44,42,42,42,34,28,22,18,16,10,8,4,2","5,10,11,13,16,17,12,14,13,15,14,2,9,11,12,4,6,8,5,1,9,3,4,14,13,15,18,13,7,11,8,16,11,10,6,20,7,8,14,17,5,4,12,12,19,18,5,20,16,15,8,11,7,5,6,10,3,10,9,11,18,14,13,13,14,15,12,9,3,6,4,10,8,2,5,5,8,19,16,9,4,13,17,18,7,12,6,10,2,3,15,13,7,9,11,10,13,17,16,12,14,6,13,10,11,5,8,7,17,21,15,16,14,13,6,3,5,8,12,11,10,2,7,7,12,3,8,4,6,11,9,18,13,12,17,14,19,15,10,6,7,9,5,9,2,7,6,8,4,5,9,17,14,15,18,13,16,9,7,6,4,15,12,20,10,5,18,17,19,11,16,13,4,6,8,6,16,15,9,1,10,14,11,2,5,9,7,4,8,1,3,2,5,6,12,10,13,8,10,14,7,13,12,11,8,9,8,10,7,5,13,12,11,4,3,9,6,21,17,3,14,18,15,12,10,19,1,20,13,4,2,8,6,11,9,22,7,16,5,7,8,6,7,8,14,15,13,11,10,12,9,7,8,11,7,6,10,9,9,4,10,11,3,5,1,8,12,6,7,2,13,14,10,12,11,7,12,10,4,9,8,11,6,14,12,15,13,15,16,14,8,9,4,12,1,2,11,6,5,10,3,7",1:M20 M180 M190 M227 M265 M295 | 2:M12 M74 M89 M122 M145 M184 M192 M231 M270 M296 | 3:M22 M57 M69 M90 M116 M126 M191 M215 M220 M263 M301 | 4:M16 M23 M42 M71 M81 M128 M149 M161 M173 M188 M214 M230 M260 M279 M293 | 5:M1 M19 M41 M47 M54 M75 M76 M106 M117 M143 M150 M166 M185 M193 M210 M239 M264 M299 | 6:M17 M35 M55 M70 M87 M102 M115 M129 M140 M147 M160 M174 M176 M194 M217 M233 M242 M256 M268 M283 M298 | 7:M29 M37 M53 M85 M93 M108 M123 M124 M141 M146 M159 M187 M201 M209 M237 M240 M243 M252 M255 M269 M276 M302 | 8:M18 M31 M38 M51 M73 M77 M107 M118 M127 M148 M175 M189 M198 M205 M207 M232 M241 M244 M253 M266 M281 M291 | 9:M13 M21 M59 M68 M80 M94 M131 M142 M144 M151 M158 M179 M186 M206 M216 M235 M251 M258 M259 M280 M292 | 10:M2 M34 M56 M58 M72 M88 M96 M104 M121 M139 M165 M181 M196 M199 M208 M225 M249 M257 M261 M273 M278 M300 | 11:M3 M14 M30 M33 M52 M60 M95 M105 M120 M130 M170 M183 M204 M213 M234 M248 M254 M262 M275 M282 M297 | 12:M7 M15 M43 M44 M67 M86 M100 M119 M125 M134 M163 M195 M203 M212 M224 M250 M267 M274 M277 M285 M294 | 13:M4 M9 M25 M28 M63 M64 M82 M92 M97 M103 M114 M133 M156 M172 M197 M202 M211 M229 M247 M271 M287 | 14:M8 M11 M24 M39 M62 M65 M101 M113 M136 M153 M182 M200 M221 M245 M272 M284 M290 | 15:M10 M26 M50 M66 M91 M111 M138 M154 M162 M178 M223 M246 M286 M288 | 16:M5 M32 M49 M79 M99 M112 M157 M171 M177 M238 M289 | 17:M6 M40 M83 M98 M109 M135 M152 M168 M219 | 18:M27 M46 M61 M84 M132 M155 M167 M222 | 19:M45 M78 M137 M169 M226 | 20:M36 M48 M164 M228 | 21:M110 M218 | 22:M236,"journal objective family: bg_d2 | F-selected distance-labelled E* domain propagation and cycle detection | precedence configuration: F=distance_closure, P=sparse_suffix, G=direct | Full Domain MxT schedule variables + explicit unary exclusions | (20),(22)-(27) exactly once over full domains | (22)-(27) session/fixed/forbidden exclusions as hard unit clauses | (19) participant atMost-one per slot | (46),(47) clustered table capacity with compact forward channeling | (28) SparseSuffix precedence over direct distance-labelled relations | exact break-group ends and unary break-group thresholds | exact schedule <-> usedSlot channeling | (43) exactly |Mp| full usedSlot variables | (44) atMost 2|L| busy participants per slot | (45) exact even number of busy participants | historical hard cap Delta_G <= 2",,,result
,,,,,,,,,forum-14.forb0003,b2b-9f40198b940d15c1,b2b-lineage-forum-14,forbidden,F-SS-DC-ST-BGD2-IS-CD-IC12P,Full,Filter-E*,SparseSuffix,DistanceClosure-E*,SpanThreshold,BreakGroupsD2,IncrementalSAT,IC12+,OPTIMAL,SAT,0,0,bg_d2,0,0,0,,,,,11.712627,False,281.852,,,,Compact,Compact/Full,project_implementation,incremental multi-phase SAT with persistent solver state,225960,,,,,,,499755,0,499755,6644,219316,1362121,73,cfg5__m-full__p-sparse_suffix__g-distance_closure__b-span_threshold__o-break_groups_d2__s-incrementalsat__i-imp12plus__backend-cadical,cfg5__m-full__p-sparse_suffix__g-distance_closure__b-span_threshold__o-break_groups_d2__s-incrementalsat__i-imp12plus__backend-cadical,full,distance_closure,sparse_suffix,distance_closure,IncrementalSAT,CaDiCaL,1.5.3,imp12+,span_threshold,total_break_groups_subject_to_range_at_most_2,BGD2,IC12P,1362121,0,0,1142,232812,180227,85574,,0,720,7,,,,,,1,5522,82859,242452,82859,9.581664971999999,6,"formalism-specific model size: SAT/MaxSAT reports base CNF and soft clauses, MIP reports variables/linear constraints/nonzeros, and CP reports integer variables plus linear/global constraints; SAT bound/totalizer overhead remains separate in optimizer_added_*",6644,5888,5876,6644,0,0,0,0,0,0,0,2,0.994728,0.003309,1.572317,,1.575626,10.137001,"wall-clock from immediately before reading/parsing the .dzn instance through model construction, optimization, solution decoding, and independent validation; excludes worker-process startup and result-file export",0,0,0,0,0,"0,0,0,0,0,0,0,0,0,0,0,0,0,0,0,0,0,0,0,0,0,0,0,0,0,0,0,0,0,0,0,0,0,0,0,0,0,0,0,0,0,0,0,0,0,0,0,0,0,0,0,0,0,0,0,0,0,0,0,0,0,0,0,0,0,0,0,0,0,0,0,0,0,0,0,0,0,0",peak_process_tree_rss_mb,9f40198b940d15c1288198ac8af360d3679d0c7c34dd44180c705cdcfe9430c4,forb0003,data_table06_forb/forum-14.forb0003.dzn,2,../noves/forum-14.forb0003.dzn | ../noves/ticf-14crafa.forb0003.dzn,2,data_table06_forb/forum-14.forb0003.dzn | data_table06_forb/ticf-14crafa.forb0003.dzn,https://imae.udg.edu/Recerca/LAI/,https://ima.udg.edu/Recerca/lai/b2b/b2b.zip,ee1f440ab3f6db27ab712300ad3a54a31ffd5ec1e06f81a9ac37cb7202c56528,2026-08-10T10:42:19+00:00,7200.0,,ee80a6fbd8b513f7c010668495c39621a371266a,True,3.10.12,1.8.dev25,instance-20260810-085803,Linux-6.8.0-1064-gcp-x86_64-with-glibc2.35,x86_64,4,8,15988.059,1,0,/home/g24021555/Business-Meeting-Scheduling-Problem/.venv/bin/python3 /home/g24021555/Business-Meeting-Scheduling-Problem/src/Main.py --manifest instances_manifest.csv --family forbidden --solver sat_all --objective-mode bg_d2 --domain-mode both --domain-filter-graph both --precedence-encoding both --precedence-graph both --encoding-variant imp12+ --sat-backend cadical --maxsat-backend uwrmaxsat --uwrmaxsat-bin /home/g24021555/uwrmaxsat/build/release/bin/uwrmaxsat --timeout 7200 --csv output/full_matrix_bg_d2_forbidden.csv,,,,,,,,incremental,,cadical,,staircase,sparse_suffix+distance_closure,0,72,"1,2,3,4,5,6,8,9,11,12,14,17,19,20,21,22,23,24,25,26,27,28,29,30,31,32,33,34,35,36,37,38,39,40,41,42,43,44,45,46,47,48,49,50,51,52,53,54,55,56,57,58,59,60,61,62,63,64,65,66,67,68,69,70,71,72,73,74,75,76,77,78",5888,756,12,12,"0,0,0,0,0,0,0,0,0,0,0,0,0,0,0,0,0,0,0,0,0,0,0,0,0,0,0,0,0,0,0,0,0,0,0,0,0,0,0,0,0,0,0,0,0,0,0,0,0,0,0,0,0,0,0,0,0,0,0,0,0,0,0,0,0,0,0,0,0,0,0,0,0,0,0,0,0,0","10,16,16,22,30,30,38,44,44,44,44,44,44,40,38,28,24,18,14,10,4,2","17,8,16,13,11,16,12,14,13,15,13,10,11,5,2,6,3,8,12,9,9,11,10,5,9,10,4,10,16,13,15,15,10,6,4,17,8,7,18,16,13,14,12,12,17,19,8,7,18,13,15,11,9,2,8,12,10,9,11,14,13,17,18,10,11,9,6,13,15,18,14,20,19,17,16,14,6,19,7,20,9,13,16,8,21,15,11,16,11,10,18,12,14,7,11,8,14,16,19,15,13,9,8,4,7,3,5,2,6,9,3,4,1,8,9,7,9,5,12,11,10,6,8,5,3,12,9,8,6,10,7,10,13,14,7,8,5,15,11,17,12,7,8,4,2,5,7,9,1,8,17,18,14,12,10,13,7,11,10,13,14,12,17,14,11,10,18,6,5,20,4,19,15,16,13,10,17,5,9,7,11,12,15,8,6,9,8,5,4,2,3,10,6,7,15,13,14,12,10,13,11,15,14,12,9,8,10,12,15,14,11,8,16,9,6,13,7,21,11,12,6,15,14,13,20,5,22,18,3,19,7,10,9,17,1,2,8,16,4,5,9,8,7,12,14,19,15,20,17,16,18,13,12,15,13,14,11,16,10,7,12,3,4,5,2,6,8,11,9,1,13,12,14,15,11,9,7,10,5,4,12,11,6,16,15,17,14,14,15,13,8,10,1,12,5,7,2,6,9,11,3,4",1:M113 M149 M235 M270 M293 | 2:M15 M54 M108 M145 M190 M236 M265 M297 | 3:M17 M106 M111 M125 M191 M229 M262 M301 | 4:M27 M35 M104 M112 M144 M171 M189 M239 M263 M280 M302 | 5:M14 M24 M107 M118 M124 M137 M146 M169 M178 M188 M226 M240 M264 M279 M295 | 6:M16 M34 M67 M77 M109 M122 M129 M168 M185 M193 M215 M221 M266 M283 M298 | 7:M38 M48 M79 M94 M105 M116 M131 M135 M142 M147 M157 M180 M194 M217 M231 M243 M260 M277 M296 | 8:M2 M18 M37 M47 M55 M84 M96 M103 M114 M123 M128 M136 M143 M150 M184 M187 M206 M212 M237 M242 M267 M291 | 9:M20 M21 M25 M53 M58 M66 M81 M102 M110 M115 M117 M127 M148 M179 M186 M205 M214 M233 M241 M269 M276 M299 | 10:M12 M23 M26 M28 M33 M57 M64 M90 M121 M130 M132 M155 M159 M166 M176 M192 M199 M207 M232 M259 M278 M292 | 11:M5 M13 M22 M52 M59 M65 M87 M89 M95 M120 M139 M158 M165 M181 M201 M211 M219 M257 M268 M275 M282 M300 | 12:M7 M19 M43 M44 M56 M92 M119 M126 M141 M154 M162 M182 M198 M204 M208 M220 M244 M253 M261 M272 M281 M294 | 13:M4 M9 M11 M30 M41 M50 M61 M68 M82 M101 M133 M156 M160 M175 M196 M200 M216 M224 M252 M255 M271 M290 | 14:M8 M42 M60 M71 M76 M93 M97 M134 M153 M161 M164 M197 M203 M210 M223 M245 M256 M273 M287 M288 | 15:M10 M31 M32 M51 M69 M86 M100 M138 M173 M183 M195 M202 M209 M222 M247 M254 M274 M285 M289 | 16:M3 M6 M29 M40 M75 M83 M88 M98 M174 M213 M238 M250 M258 M284 | 17:M1 M36 M45 M62 M74 M140 M151 M163 M177 M234 M249 M286 | 18:M39 M49 M63 M70 M91 M152 M167 M228 M251 | 19:M46 M73 M78 M99 M172 M230 M246 | 20:M72 M80 M170 M225 M248 | 21:M85 M218 | 22:M227,"journal objective family: bg_d2 | F-selected distance-labelled E* domain propagation and cycle detection | precedence configuration: F=distance_closure, P=sparse_suffix, G=distance_closure | Full Domain MxT schedule variables + explicit unary exclusions | (20),(22)-(27) exactly once over full domains | (22)-(27) session/fixed/forbidden exclusions as hard unit clauses | (19) participant atMost-one per slot | (46),(47) clustered table capacity with compact forward channeling | (28) SparseSuffix precedence over distance_closure distance-labelled relations | exact break-group ends and unary break-group thresholds | exact schedule <-> usedSlot channeling | (43) exactly |Mp| full usedSlot variables | (44) atMost 2|L| busy participants per slot | (45) exact even number of busy participants | historical hard cap Delta_G <= 2",0,"(0,)",result
,,,,,,,,,forum-14.forb0003,b2b-9f40198b940d15c1,b2b-lineage-forum-14,forbidden,F-SS-DC-ST-BGD2-NIS-CD-IC12P,Full,Filter-E*,SparseSuffix,DistanceClosure-E*,SpanThreshold,BreakGroupsD2,NonIncrementalSAT,IC12+,OPTIMAL,SAT,0,0,bg_d2,0,0,0,,,,,24.242506,False,356.059,,,,Compact,Compact/Full,project_implementation,restart-based multi-phase SAT,225960,,,,,,,499755,0,499755,6644,219316,1362121,73,cfg5__m-full__p-sparse_suffix__g-distance_closure__b-span_threshold__o-break_groups_d2__s-nonincrementalsat__i-imp12plus__backend-cadical,cfg5__m-full__p-sparse_suffix__g-distance_closure__b-span_threshold__o-break_groups_d2__s-nonincrementalsat__i-imp12plus__backend-cadical,full,distance_closure,sparse_suffix,distance_closure,NonIncrementalSAT,CaDiCaL,1.5.3,imp12+,span_threshold,total_break_groups_subject_to_range_at_most_2,BGD2,IC12P,1362121,0,0,1142,232812,180227,85574,,0,720,7,,,,,,7,37791,76188,189504,148984,22.098247059999267,6,"formalism-specific model size: SAT/MaxSAT reports base CNF and soft clauses, MIP reports variables/linear constraints/nonzeros, and CP reports integer variables plus linear/global constraints; SAT bound/totalizer overhead remains separate in optimizer_added_*",6644,5888,5876,6644,0,0,0,0,0,0,0,2,0.999945,0.003203,1.574945,,1.578148,22.664358,"wall-clock from immediately before reading/parsing the .dzn instance through model construction, optimization, solution decoding, and independent validation; excludes worker-process startup and result-file export",0,0,0,0,0,"0,0,0,0,0,0,0,0,0,0,0,0,0,0,0,0,0,0,0,0,0,0,0,0,0,0,0,0,0,0,0,0,0,0,0,0,0,0,0,0,0,0,0,0,0,0,0,0,0,0,0,0,0,0,0,0,0,0,0,0,0,0,0,0,0,0,0,0,0,0,0,0,0,0,0,0,0,0",peak_process_tree_rss_mb,9f40198b940d15c1288198ac8af360d3679d0c7c34dd44180c705cdcfe9430c4,forb0003,data_table06_forb/forum-14.forb0003.dzn,2,../noves/forum-14.forb0003.dzn | ../noves/ticf-14crafa.forb0003.dzn,2,data_table06_forb/forum-14.forb0003.dzn | data_table06_forb/ticf-14crafa.forb0003.dzn,https://imae.udg.edu/Recerca/LAI/,https://ima.udg.edu/Recerca/lai/b2b/b2b.zip,ee1f440ab3f6db27ab712300ad3a54a31ffd5ec1e06f81a9ac37cb7202c56528,2026-08-10T10:42:19+00:00,7200.0,,ee80a6fbd8b513f7c010668495c39621a371266a,True,3.10.12,1.8.dev25,instance-20260810-085803,Linux-6.8.0-1064-gcp-x86_64-with-glibc2.35,x86_64,4,8,15988.059,1,0,/home/g24021555/Business-Meeting-Scheduling-Problem/.venv/bin/python3 /home/g24021555/Business-Meeting-Scheduling-Problem/src/Main.py --manifest instances_manifest.csv --family forbidden --solver sat_all --objective-mode bg_d2 --domain-mode both --domain-filter-graph both --precedence-encoding both --precedence-graph both --encoding-variant imp12+ --sat-backend cadical --maxsat-backend uwrmaxsat --uwrmaxsat-bin /home/g24021555/uwrmaxsat/build/release/bin/uwrmaxsat --timeout 7200 --csv output/full_matrix_bg_d2_forbidden.csv,,,,,,,,multiple,,cadical,,staircase,sparse_suffix+distance_closure,0,72,"1,2,3,4,5,6,8,9,11,12,14,17,19,20,21,22,23,24,25,26,27,28,29,30,31,32,33,34,35,36,37,38,39,40,41,42,43,44,45,46,47,48,49,50,51,52,53,54,55,56,57,58,59,60,61,62,63,64,65,66,67,68,69,70,71,72,73,74,75,76,77,78",5888,756,12,12,"0,0,0,0,0,0,0,0,0,0,0,0,0,0,0,0,0,0,0,0,0,0,0,0,0,0,0,0,0,0,0,0,0,0,0,0,0,0,0,0,0,0,0,0,0,0,0,0,0,0,0,0,0,0,0,0,0,0,0,0,0,0,0,0,0,0,0,0,0,0,0,0,0,0,0,0,0,0","8,10,14,18,24,30,34,40,44,44,44,44,44,42,42,36,28,20,16,14,6,2","18,16,15,13,11,10,16,14,13,15,13,6,11,10,12,5,7,9,8,4,15,12,14,10,5,12,11,9,8,10,12,12,18,10,5,20,8,4,17,15,16,9,13,11,13,19,6,18,20,8,12,10,9,4,11,5,12,11,12,15,19,13,16,11,7,14,13,19,15,13,16,21,17,14,18,9,6,19,13,7,8,15,18,12,20,11,14,14,10,15,17,16,13,19,9,8,15,16,20,14,18,12,9,16,10,15,8,14,17,12,13,15,14,16,6,8,11,6,9,12,5,2,3,4,9,6,8,11,5,3,7,18,14,11,9,12,19,16,13,10,8,7,6,14,10,9,8,11,12,7,6,8,15,17,11,14,7,11,7,9,10,8,14,17,20,13,21,7,6,16,15,10,9,5,5,9,17,13,7,1,2,4,10,3,6,14,17,15,10,12,18,13,11,16,9,10,12,13,12,14,7,9,8,11,13,10,10,15,9,14,11,12,17,8,13,16,7,3,17,9,8,12,18,14,21,10,22,4,16,7,13,6,5,19,11,20,2,15,1,6,15,14,13,12,17,14,13,20,18,16,15,19,9,10,8,7,6,11,5,10,11,8,4,3,1,7,6,9,12,2,13,16,14,15,17,9,7,10,3,4,11,8,5,16,14,17,15,16,17,15,9,8,3,11,1,10,6,7,12,2,4,5",1:M180 M239 M265 M295 | 2:M122 M181 M237 M270 M300 | 3:M123 M130 M184 M218 M264 M279 M293 | 4:M20 M38 M54 M124 M182 M228 M263 M280 M301 | 5:M16 M25 M35 M56 M121 M129 M174 M175 M233 M259 M283 M302 | 6:M12 M47 M77 M115 M118 M126 M143 M151 M169 M185 M232 M240 M257 M267 M297 | 7:M17 M65 M80 M131 M142 M150 M157 M159 M168 M179 M201 M217 M230 M256 M266 M277 M298 | 8:M19 M29 M37 M50 M81 M96 M107 M116 M127 M141 M147 M152 M162 M203 M214 M221 M255 M262 M282 M292 | 9:M18 M28 M42 M53 M76 M95 M103 M119 M125 M135 M146 M160 M173 M176 M195 M202 M209 M220 M253 M268 M276 M291 | 10:M6 M14 M24 M30 M34 M52 M89 M105 M140 M145 M161 M172 M183 M189 M196 M206 M207 M226 M254 M260 M278 M296 | 11:M5 M13 M27 M44 M55 M58 M64 M86 M117 M128 M134 M148 M155 M158 M193 M204 M211 M235 M258 M261 M281 M294 | 12:M15 M22 M26 M31 M32 M51 M57 M59 M84 M102 M110 M120 M136 M149 M190 M197 M199 M212 M222 M244 M269 M299 | 13:M4 M9 M11 M43 M45 M62 M67 M70 M79 M93 M111 M139 M166 M178 M192 M198 M205 M215 M231 M243 M247 M271 | 14:M8 M23 M66 M74 M87 M88 M100 M108 M113 M133 M144 M156 M163 M186 M200 M210 M224 M242 M246 M273 M285 | 15:M3 M10 M21 M40 M60 M69 M82 M90 M97 M106 M112 M153 M171 M188 M208 M238 M241 M251 M274 M287 M290 | 16:M2 M7 M41 M63 M71 M92 M98 M104 M114 M138 M170 M194 M216 M229 M250 M272 M284 M288 | 17:M39 M73 M91 M109 M154 M164 M177 M187 M213 M219 M245 M275 M286 M289 | 18:M1 M33 M48 M75 M83 M101 M132 M191 M223 M249 | 19:M46 M61 M68 M78 M94 M137 M234 M252 | 20:M36 M49 M85 M99 M165 M236 M248 | 21:M72 M167 M225 | 22:M227,"journal objective family: bg_d2 | F-selected distance-labelled E* domain propagation and cycle detection | precedence configuration: F=distance_closure, P=sparse_suffix, G=distance_closure | Full Domain MxT schedule variables + explicit unary exclusions | (20),(22)-(27) exactly once over full domains | (22)-(27) session/fixed/forbidden exclusions as hard unit clauses | (19) participant atMost-one per slot | (46),(47) clustered table capacity with compact forward channeling | (28) SparseSuffix precedence over distance_closure distance-labelled relations | exact break-group ends and unary break-group thresholds | exact schedule <-> usedSlot channeling | (43) exactly |Mp| full usedSlot variables | (44) atMost 2|L| busy participants per slot | (45) exact even number of busy participants | historical hard cap Delta_G <= 2",0,"(0,)",result
,,,,,,,,,forum-14.forb0003,b2b-9f40198b940d15c1,b2b-lineage-forum-14,forbidden,F-SS-DC-ST-BGD2-UW-IC12P,Full,Filter-E*,SparseSuffix,DistanceClosure-E*,SpanThreshold,BreakGroupsD2,UWrMaxSAT,IC12+,OPTIMAL,SAT,0,0,bg_d2,0,0,0,,,0,1,8.525526,False,356.398,,,,Compact,Compact/Full,project_implementation,one-shot weighted MaxSAT,225960,,,,,,,499755,720,500475,6644,219316,1362841,73,cfg5__m-full__p-sparse_suffix__g-distance_closure__b-span_threshold__o-break_groups_d2__s-uwrmaxsat__i-imp12plus__backend-uwrmaxsat,cfg5__m-full__p-sparse_suffix__g-distance_closure__b-span_threshold__o-break_groups_d2__s-uwrmaxsat__i-imp12plus__backend-uwrmaxsat,full,distance_closure,sparse_suffix,distance_closure,UWrMaxSAT,UWrMaxSAT,binary-sha256:8c68c8a386d3d7847b50d315143c2bab60e3514e59510e84a649db83cb303876,imp12+,span_threshold,total_break_groups_subject_to_range_at_most_2,BGD2,IC12P,1362121,720,1,1142,232812,180227,85574,1,720,720,1,,,,,,0,0,0,0,0,,,"formalism-specific model size: SAT/MaxSAT reports base CNF and soft clauses, MIP reports variables/linear constraints/nonzeros, and CP reports integer variables plus linear/global constraints; SAT bound/totalizer overhead remains separate in optimizer_added_*",6644,5888,5876,6644,0,0,0,0,0,0,0,2,0.990069,0.003159,1.549529,,1.552689,6.972837,"wall-clock from immediately before reading/parsing the .dzn instance through model construction, optimization, solution decoding, and independent validation; excludes worker-process startup and result-file export",0,0,0,0,0,"0,0,0,0,0,0,0,0,0,0,0,0,0,0,0,0,0,0,0,0,0,0,0,0,0,0,0,0,0,0,0,0,0,0,0,0,0,0,0,0,0,0,0,0,0,0,0,0,0,0,0,0,0,0,0,0,0,0,0,0,0,0,0,0,0,0,0,0,0,0,0,0,0,0,0,0,0,0",peak_process_tree_rss_mb,9f40198b940d15c1288198ac8af360d3679d0c7c34dd44180c705cdcfe9430c4,forb0003,data_table06_forb/forum-14.forb0003.dzn,2,../noves/forum-14.forb0003.dzn | ../noves/ticf-14crafa.forb0003.dzn,2,data_table06_forb/forum-14.forb0003.dzn | data_table06_forb/ticf-14crafa.forb0003.dzn,https://imae.udg.edu/Recerca/LAI/,https://ima.udg.edu/Recerca/lai/b2b/b2b.zip,ee1f440ab3f6db27ab712300ad3a54a31ffd5ec1e06f81a9ac37cb7202c56528,2026-08-10T10:42:19+00:00,7200.0,,ee80a6fbd8b513f7c010668495c39621a371266a,True,3.10.12,1.8.dev25,instance-20260810-085803,Linux-6.8.0-1064-gcp-x86_64-with-glibc2.35,x86_64,4,8,15988.059,1,0,/home/g24021555/Business-Meeting-Scheduling-Problem/.venv/bin/python3 /home/g24021555/Business-Meeting-Scheduling-Problem/src/Main.py --manifest instances_manifest.csv --family forbidden --solver sat_all --objective-mode bg_d2 --domain-mode both --domain-filter-graph both --precedence-encoding both --precedence-graph both --encoding-variant imp12+ --sat-backend cadical --maxsat-backend uwrmaxsat --uwrmaxsat-bin /home/g24021555/uwrmaxsat/build/release/bin/uwrmaxsat --timeout 7200 --csv output/full_matrix_bg_d2_forbidden.csv,/home/g24021555/uwrmaxsat/build/release/bin/uwrmaxsat,8c68c8a386d3d7847b50d315143c2bab60e3514e59510e84a649db83cb303876,/home/g24021555/uwrmaxsat/build/release/bin/uwrmaxsat -m /tmp/b2b_uwrmaxsat_ussxceaa/forum-14.forb0003.wcnf,,process exit code=30,,,maxsat,uwrmaxsat,,/home/g24021555/uwrmaxsat/build/release/bin/uwrmaxsat,staircase,sparse_suffix+distance_closure,0,72,"1,2,3,4,5,6,8,9,11,12,14,17,19,20,21,22,23,24,25,26,27,28,29,30,31,32,33,34,35,36,37,38,39,40,41,42,43,44,45,46,47,48,49,50,51,52,53,54,55,56,57,58,59,60,61,62,63,64,65,66,67,68,69,70,71,72,73,74,75,76,77,78",5888,756,12,12,"0,0,0,0,0,0,0,0,0,0,0,0,0,0,0,0,0,0,0,0,0,0,0,0,0,0,0,0,0,0,0,0,0,0,0,0,0,0,0,0,0,0,0,0,0,0,0,0,0,0,0,0,0,0,0,0,0,0,0,0,0,0,0,0,0,0,0,0,0,0,0,0,0,0,0,0,0,0","12,20,22,30,36,42,44,44,42,44,42,42,42,34,28,22,18,16,10,8,4,2","5,10,11,13,16,17,12,14,13,15,14,2,9,11,12,4,6,8,5,1,9,3,4,14,13,15,18,13,7,11,8,16,11,10,6,20,7,8,14,17,5,4,12,12,19,18,5,20,16,15,8,11,7,5,6,10,3,10,9,11,18,14,13,13,14,15,12,9,3,6,4,10,8,2,5,5,8,19,16,9,4,13,17,18,7,12,6,10,2,3,15,13,7,9,11,10,13,17,16,12,14,6,13,10,11,5,8,7,17,21,15,16,14,13,6,3,5,8,12,11,10,2,7,7,12,3,8,4,6,11,9,18,13,12,17,14,19,15,10,6,7,9,5,9,2,7,6,8,4,5,9,17,14,15,18,13,16,9,7,6,4,15,12,20,10,5,18,17,19,11,16,13,4,6,8,6,16,15,9,1,10,14,11,2,5,9,7,4,8,1,3,2,5,6,12,10,13,8,10,14,7,13,12,11,8,9,8,10,7,5,13,12,11,4,3,9,6,21,17,3,14,18,15,12,10,19,1,20,13,4,2,8,6,11,9,22,7,16,5,7,8,6,7,8,14,15,13,11,10,12,9,7,8,11,7,6,10,9,9,4,10,11,3,5,1,8,12,6,7,2,13,14,10,12,11,7,12,10,4,9,8,11,6,14,12,15,13,15,16,14,8,9,4,12,1,2,11,6,5,10,3,7",1:M20 M180 M190 M227 M265 M295 | 2:M12 M74 M89 M122 M145 M184 M192 M231 M270 M296 | 3:M22 M57 M69 M90 M116 M126 M191 M215 M220 M263 M301 | 4:M16 M23 M42 M71 M81 M128 M149 M161 M173 M188 M214 M230 M260 M279 M293 | 5:M1 M19 M41 M47 M54 M75 M76 M106 M117 M143 M150 M166 M185 M193 M210 M239 M264 M299 | 6:M17 M35 M55 M70 M87 M102 M115 M129 M140 M147 M160 M174 M176 M194 M217 M233 M242 M256 M268 M283 M298 | 7:M29 M37 M53 M85 M93 M108 M123 M124 M141 M146 M159 M187 M201 M209 M237 M240 M243 M252 M255 M269 M276 M302 | 8:M18 M31 M38 M51 M73 M77 M107 M118 M127 M148 M175 M189 M198 M205 M207 M232 M241 M244 M253 M266 M281 M291 | 9:M13 M21 M59 M68 M80 M94 M131 M142 M144 M151 M158 M179 M186 M206 M216 M235 M251 M258 M259 M280 M292 | 10:M2 M34 M56 M58 M72 M88 M96 M104 M121 M139 M165 M181 M196 M199 M208 M225 M249 M257 M261 M273 M278 M300 | 11:M3 M14 M30 M33 M52 M60 M95 M105 M120 M130 M170 M183 M204 M213 M234 M248 M254 M262 M275 M282 M297 | 12:M7 M15 M43 M44 M67 M86 M100 M119 M125 M134 M163 M195 M203 M212 M224 M250 M267 M274 M277 M285 M294 | 13:M4 M9 M25 M28 M63 M64 M82 M92 M97 M103 M114 M133 M156 M172 M197 M202 M211 M229 M247 M271 M287 | 14:M8 M11 M24 M39 M62 M65 M101 M113 M136 M153 M182 M200 M221 M245 M272 M284 M290 | 15:M10 M26 M50 M66 M91 M111 M138 M154 M162 M178 M223 M246 M286 M288 | 16:M5 M32 M49 M79 M99 M112 M157 M171 M177 M238 M289 | 17:M6 M40 M83 M98 M109 M135 M152 M168 M219 | 18:M27 M46 M61 M84 M132 M155 M167 M222 | 19:M45 M78 M137 M169 M226 | 20:M36 M48 M164 M228 | 21:M110 M218 | 22:M236,"journal objective family: bg_d2 | F-selected distance-labelled E* domain propagation and cycle detection | precedence configuration: F=distance_closure, P=sparse_suffix, G=distance_closure | Full Domain MxT schedule variables + explicit unary exclusions | (20),(22)-(27) exactly once over full domains | (22)-(27) session/fixed/forbidden exclusions as hard unit clauses | (19) participant atMost-one per slot | (46),(47) clustered table capacity with compact forward channeling | (28) SparseSuffix precedence over distance_closure distance-labelled relations | exact break-group ends and unary break-group thresholds | exact schedule <-> usedSlot channeling | (43) exactly |Mp| full usedSlot variables | (44) atMost 2|L| busy participants per slot | (45) exact even number of busy participants | historical hard cap Delta_G <= 2",,,result
,,,,,,,,,forum-14.forb0003,b2b-9f40198b940d15c1,b2b-lineage-forum-14,forbidden,R-PW-DE-ST-BGD2-IS-CD-IC12P,Reduced,Filter-E*,Pairwise,Direct-E,SpanThreshold,BreakGroupsD2,IncrementalSAT,IC12+,OPTIMAL,SAT,0,0,bg_d2,0,0,0,,,,,10.001235,False,277.52,,,,Compact,Compact/Reduced,project_implementation,incremental multi-phase SAT with persistent solver state,219073,,,,,,,472173,0,472173,5876,213197,1293316,73,cfg5__m-reduced__p-pairwise__g-direct__b-span_threshold__o-break_groups_d2__s-incrementalsat__i-imp12plus__backend-cadical,cfg5__m-reduced__p-pairwise__g-direct__b-span_threshold__o-break_groups_d2__s-incrementalsat__i-imp12plus__backend-cadical,reduced,distance_closure,pairwise,direct,IncrementalSAT,CaDiCaL,1.5.3,imp12+,span_threshold,total_break_groups_subject_to_range_at_most_2,BGD2,IC12P,1293316,0,0,396,215179,174619,81979,,0,718,7,,,,,,1,5456,79544,232570,79544,7.963419671999873,6,"formalism-specific model size: SAT/MaxSAT reports base CNF and soft clauses, MIP reports variables/linear constraints/nonzeros, and CP reports integer variables plus linear/global constraints; SAT bound/totalizer overhead remains separate in optimizer_added_*",6644,5888,5876,5876,0,0,0,0,0,0,0,2,0.985873,0.003164,1.514001,,1.517165,8.484071,"wall-clock from immediately before reading/parsing the .dzn instance through model construction, optimization, solution decoding, and independent validation; excludes worker-process startup and result-file export",0,0,0,0,0,"0,0,0,0,0,0,0,0,0,0,0,0,0,0,0,0,0,0,0,0,0,0,0,0,0,0,0,0,0,0,0,0,0,0,0,0,0,0,0,0,0,0,0,0,0,0,0,0,0,0,0,0,0,0,0,0,0,0,0,0,0,0,0,0,0,0,0,0,0,0,0,0,0,0,0,0,0,0",peak_process_tree_rss_mb,9f40198b940d15c1288198ac8af360d3679d0c7c34dd44180c705cdcfe9430c4,forb0003,data_table06_forb/forum-14.forb0003.dzn,2,../noves/forum-14.forb0003.dzn | ../noves/ticf-14crafa.forb0003.dzn,2,data_table06_forb/forum-14.forb0003.dzn | data_table06_forb/ticf-14crafa.forb0003.dzn,https://imae.udg.edu/Recerca/LAI/,https://ima.udg.edu/Recerca/lai/b2b/b2b.zip,ee1f440ab3f6db27ab712300ad3a54a31ffd5ec1e06f81a9ac37cb7202c56528,2026-08-10T10:42:19+00:00,7200.0,,ee80a6fbd8b513f7c010668495c39621a371266a,True,3.10.12,1.8.dev25,instance-20260810-085803,Linux-6.8.0-1064-gcp-x86_64-with-glibc2.35,x86_64,4,8,15988.059,1,0,/home/g24021555/Business-Meeting-Scheduling-Problem/.venv/bin/python3 /home/g24021555/Business-Meeting-Scheduling-Problem/src/Main.py --manifest instances_manifest.csv --family forbidden --solver sat_all --objective-mode bg_d2 --domain-mode both --domain-filter-graph both --precedence-encoding both --precedence-graph both --encoding-variant imp12+ --sat-backend cadical --maxsat-backend uwrmaxsat --uwrmaxsat-bin /home/g24021555/uwrmaxsat/build/release/bin/uwrmaxsat --timeout 7200 --csv output/full_matrix_bg_d2_forbidden.csv,,,,,,,,incremental,,cadical,,traditional,pairwise+direct,0,72,"1,2,3,4,5,6,8,9,11,12,14,17,19,20,21,22,23,24,25,26,27,28,29,30,31,32,33,34,35,36,37,38,39,40,41,42,43,44,45,46,47,48,49,50,51,52,53,54,55,56,57,58,59,60,61,62,63,64,65,66,67,68,69,70,71,72,73,74,75,76,77,78",5888,756,12,12,"0,0,0,0,0,0,0,0,0,0,0,0,0,0,0,0,0,0,0,0,0,0,0,0,0,0,0,0,0,0,0,0,0,0,0,0,0,0,0,0,0,0,0,0,0,0,0,0,0,0,0,0,0,0,0,0,0,0,0,0,0,0,0,0,0,0,0,0,0,0,0,0,0,0,0,0,0,0","14,18,20,28,34,38,42,44,44,42,44,44,44,36,30,22,18,14,10,8,6,4","18,11,10,13,19,13,14,16,15,17,14,3,1,8,12,11,4,9,10,2,4,7,6,8,7,6,5,9,6,8,7,10,12,9,13,18,6,15,7,17,11,16,14,13,21,20,7,16,17,11,15,12,6,5,2,1,9,10,9,10,18,14,16,8,2,5,7,10,5,3,4,11,8,7,9,3,14,16,9,4,6,13,15,1,2,17,5,19,8,9,16,15,13,21,12,10,14,17,13,12,15,14,15,13,12,9,8,11,17,18,10,9,14,11,13,12,2,7,5,3,11,6,8,12,3,5,11,7,4,6,10,16,7,5,6,14,12,9,11,13,15,9,5,8,13,7,6,5,10,7,4,8,5,12,13,15,10,11,14,12,13,20,11,22,13,10,17,4,19,18,16,9,12,14,7,4,2,15,13,3,8,12,14,1,6,14,11,7,8,6,9,10,12,13,12,11,13,8,16,20,13,19,18,14,17,15,15,9,7,13,8,11,10,6,12,14,5,21,22,5,3,7,19,1,17,4,6,12,13,20,8,11,2,18,10,15,14,16,9,8,15,13,14,8,6,3,4,10,5,7,9,11,12,11,9,8,13,10,10,4,2,3,5,12,1,8,9,11,6,7,4,7,5,6,8,12,11,6,4,10,8,9,7,9,11,10,12,15,16,14,11,10,4,12,1,5,2,9,6,8,3,7",1:M13 M56 M84 M184 M224 M265 M295 | 2:M20 M55 M65 M85 M117 M177 M233 M261 M297 | 3:M12 M70 M76 M120 M125 M180 M221 M246 M262 M301 | 4:M17 M21 M71 M80 M129 M151 M168 M176 M226 M247 M260 M271 M279 M293 | 5:M27 M54 M66 M69 M87 M119 M126 M134 M143 M148 M153 M217 M220 M249 M263 M273 M296 | 6:M23 M26 M29 M37 M53 M81 M122 M130 M135 M147 M185 M190 M214 M227 M245 M269 M274 M278 M299 | 7:M22 M25 M31 M39 M47 M67 M74 M118 M128 M133 M146 M150 M175 M188 M209 M222 M250 M270 M272 M283 M302 | 8:M14 M24 M30 M64 M73 M89 M107 M123 M144 M152 M181 M189 M198 M211 M231 M240 M244 M256 M266 M275 M281 M300 | 9:M18 M28 M34 M57 M59 M75 M79 M90 M106 M112 M138 M142 M172 M191 M208 M239 M251 M255 M267 M282 M284 M298 | 10:M3 M19 M32 M58 M60 M68 M96 M111 M131 M149 M157 M166 M192 M213 M235 M248 M258 M259 M280 M286 M292 | 11:M2 M16 M41 M50 M72 M108 M114 M121 M127 M139 M158 M163 M187 M196 M212 M232 M252 M254 M268 M277 M285 M291 | 12:M15 M33 M52 M95 M100 M105 M116 M124 M137 M154 M160 M173 M182 M193 M195 M215 M228 M253 M264 M276 M287 M294 | 13:M4 M6 M35 M44 M82 M93 M99 M104 M115 M140 M145 M155 M161 M165 M179 M194 M197 M201 M210 M229 M242 M257 | 14:M7 M11 M43 M62 M77 M97 M102 M113 M136 M159 M174 M183 M186 M204 M216 M237 M243 M290 | 15:M9 M38 M51 M83 M92 M101 M103 M141 M156 M178 M206 M207 M236 M241 M288 | 16:M8 M42 M48 M63 M78 M91 M132 M171 M199 M238 M289 | 17:M10 M40 M49 M86 M98 M109 M167 M205 M225 | 18:M1 M36 M61 M110 M170 M203 M234 | 19:M5 M88 M169 M202 M223 | 20:M46 M162 M200 M230 | 21:M45 M94 M218 | 22:M164 M219,"journal objective family: bg_d2 | F-selected distance-labelled E* domain propagation and cycle detection | precedence configuration: F=distance_closure, P=pairwise, G=direct | Reduced Domain variables after unary filtering + matching GAC + slot saturation | (20),(22)-(27) exactly once over reduced domains | (19) participant atMost-one per slot | (46),(47) clustered table capacity with compact forward channeling | (28) Pairwise precedence over direct distance-labelled relations | exact break-group ends and unary break-group thresholds | exact schedule <-> usedSlot channeling | (43) exactly |Mp| reduced usedSlot variables | (44) atMost 2|L| busy participants per slot | (45) exact even number of busy participants | historical hard cap Delta_G <= 2",0,"(0,)",result
,,,,,,,,,forum-14.forb0003,b2b-9f40198b940d15c1,b2b-lineage-forum-14,forbidden,R-PW-DE-ST-BGD2-NIS-CD-IC12P,Reduced,Filter-E*,Pairwise,Direct-E,SpanThreshold,BreakGroupsD2,NonIncrementalSAT,IC12+,OPTIMAL,SAT,0,0,bg_d2,0,0,0,,,,,28.846048,False,303.012,,,,Compact,Compact/Reduced,project_implementation,restart-based multi-phase SAT,219073,,,,,,,472173,0,472173,5876,213197,1293316,73,cfg5__m-reduced__p-pairwise__g-direct__b-span_threshold__o-break_groups_d2__s-nonincrementalsat__i-imp12plus__backend-cadical,cfg5__m-reduced__p-pairwise__g-direct__b-span_threshold__o-break_groups_d2__s-nonincrementalsat__i-imp12plus__backend-cadical,reduced,distance_closure,pairwise,direct,NonIncrementalSAT,CaDiCaL,1.5.3,imp12+,span_threshold,total_break_groups_subject_to_range_at_most_2,BGD2,IC12P,1293316,0,0,396,215179,174619,81979,,0,718,7,,,,,,7,36465,73538,182878,144802,26.792500765000113,6,"formalism-specific model size: SAT/MaxSAT reports base CNF and soft clauses, MIP reports variables/linear constraints/nonzeros, and CP reports integer variables plus linear/global constraints; SAT bound/totalizer overhead remains separate in optimizer_added_*",6644,5888,5876,5876,0,0,0,0,0,0,0,2,0.974211,0.003222,1.511131,,1.514352,27.331696,"wall-clock from immediately before reading/parsing the .dzn instance through model construction, optimization, solution decoding, and independent validation; excludes worker-process startup and result-file export",0,0,0,0,0,"0,0,0,0,0,0,0,0,0,0,0,0,0,0,0,0,0,0,0,0,0,0,0,0,0,0,0,0,0,0,0,0,0,0,0,0,0,0,0,0,0,0,0,0,0,0,0,0,0,0,0,0,0,0,0,0,0,0,0,0,0,0,0,0,0,0,0,0,0,0,0,0,0,0,0,0,0,0",peak_process_tree_rss_mb,9f40198b940d15c1288198ac8af360d3679d0c7c34dd44180c705cdcfe9430c4,forb0003,data_table06_forb/forum-14.forb0003.dzn,2,../noves/forum-14.forb0003.dzn | ../noves/ticf-14crafa.forb0003.dzn,2,data_table06_forb/forum-14.forb0003.dzn | data_table06_forb/ticf-14crafa.forb0003.dzn,https://imae.udg.edu/Recerca/LAI/,https://ima.udg.edu/Recerca/lai/b2b/b2b.zip,ee1f440ab3f6db27ab712300ad3a54a31ffd5ec1e06f81a9ac37cb7202c56528,2026-08-10T10:42:19+00:00,7200.0,,ee80a6fbd8b513f7c010668495c39621a371266a,True,3.10.12,1.8.dev25,instance-20260810-085803,Linux-6.8.0-1064-gcp-x86_64-with-glibc2.35,x86_64,4,8,15988.059,1,0,/home/g24021555/Business-Meeting-Scheduling-Problem/.venv/bin/python3 /home/g24021555/Business-Meeting-Scheduling-Problem/src/Main.py --manifest instances_manifest.csv --family forbidden --solver sat_all --objective-mode bg_d2 --domain-mode both --domain-filter-graph both --precedence-encoding both --precedence-graph both --encoding-variant imp12+ --sat-backend cadical --maxsat-backend uwrmaxsat --uwrmaxsat-bin /home/g24021555/uwrmaxsat/build/release/bin/uwrmaxsat --timeout 7200 --csv output/full_matrix_bg_d2_forbidden.csv,,,,,,,,multiple,,cadical,,traditional,pairwise+direct,0,72,"1,2,3,4,5,6,8,9,11,12,14,17,19,20,21,22,23,24,25,26,27,28,29,30,31,32,33,34,35,36,37,38,39,40,41,42,43,44,45,46,47,48,49,50,51,52,53,54,55,56,57,58,59,60,61,62,63,64,65,66,67,68,69,70,71,72,73,74,75,76,77,78",5888,756,12,12,"0,0,0,0,0,0,0,0,0,0,0,0,0,0,0,0,0,0,0,0,0,0,0,0,0,0,0,0,0,0,0,0,0,0,0,0,0,0,0,0,0,0,0,0,0,0,0,0,0,0,0,0,0,0,0,0,0,0,0,0,0,0,0,0,0,0,0,0,0,0,0,0,0,0,0,0,0,0","6,10,14,20,26,32,36,38,42,44,44,44,44,44,42,38,28,22,16,8,4,2","12,8,10,13,11,10,14,15,14,16,13,12,9,10,6,3,11,8,4,5,10,9,8,12,10,11,9,14,11,13,15,12,17,11,13,3,14,4,7,18,8,5,10,11,17,16,6,15,13,7,5,10,8,7,11,12,6,12,13,14,17,15,20,9,17,15,14,18,16,19,17,21,15,14,13,12,14,4,8,6,7,13,19,16,20,11,5,18,8,6,19,16,14,13,8,7,14,15,18,16,17,17,18,13,15,16,11,19,16,13,14,10,9,12,5,10,7,5,12,6,9,2,4,12,5,10,9,4,8,6,7,9,15,18,12,17,8,16,14,7,11,7,6,15,13,9,10,11,12,9,16,18,7,12,17,13,9,9,6,7,8,14,15,12,16,7,2,6,19,20,5,9,10,8,10,6,16,7,5,3,11,8,15,4,13,15,19,12,11,18,14,13,16,17,9,11,10,6,13,15,12,14,17,16,10,11,18,11,17,16,9,13,19,10,14,15,12,2,19,9,16,10,18,4,21,13,22,17,8,15,7,6,5,20,12,11,1,14,3,6,15,13,14,14,7,15,8,10,13,11,12,9,10,12,13,11,9,8,9,8,5,11,7,2,1,6,4,12,10,3,17,18,14,15,16,10,9,11,4,3,8,7,5,13,16,15,14,14,16,15,12,9,6,11,2,7,4,8,3,5,1,10",1:M237 M265 M301 | 2:M122 M167 M218 M264 M295 | 3:M16 M36 M180 M239 M270 M280 M299 | 4:M19 M38 M78 M123 M128 M184 M224 M267 M279 M297 | 5:M20 M42 M51 M87 M115 M118 M125 M171 M179 M233 M261 M283 M300 | 6:M15 M47 M57 M80 M90 M120 M130 M143 M159 M168 M176 M198 M232 M240 M266 M293 | 7:M39 M50 M54 M81 M96 M117 M131 M140 M142 M153 M160 M166 M178 M231 M245 M263 M282 M296 | 8:M2 M18 M23 M41 M53 M79 M89 M95 M129 M137 M161 M174 M182 M229 M247 M258 M260 M281 M298 | 9:M13 M22 M27 M64 M113 M121 M127 M132 M146 M150 M157 M158 M172 M195 M211 M220 M252 M257 M259 M277 M292 | 10:M3 M6 M14 M21 M25 M43 M52 M112 M116 M126 M147 M173 M175 M197 M205 M214 M222 M248 M253 M269 M276 M302 | 11:M5 M17 M26 M29 M34 M44 M55 M86 M107 M141 M148 M181 M189 M196 M206 M208 M236 M250 M256 M262 M278 M294 | 12:M1 M12 M24 M32 M56 M58 M76 M114 M119 M124 M135 M149 M154 M164 M188 M201 M217 M235 M251 M254 M268 M291 | 13:M4 M11 M30 M35 M49 M59 M75 M82 M94 M104 M110 M145 M156 M185 M192 M199 M212 M226 M242 M249 M255 M284 | 14:M7 M9 M28 M37 M60 M67 M74 M77 M93 M97 M111 M139 M162 M191 M202 M215 M238 M243 M244 M273 M287 M288 | 15:M8 M31 M48 M62 M66 M73 M98 M105 M133 M144 M163 M183 M186 M200 M216 M230 M241 M246 M274 M286 M290 | 16:M10 M46 M69 M84 M92 M100 M106 M109 M138 M151 M165 M177 M193 M204 M210 M221 M275 M285 M289 | 17:M33 M45 M61 M65 M71 M101 M102 M136 M155 M194 M203 M209 M228 M271 | 18:M40 M68 M88 M99 M103 M134 M152 M190 M207 M223 M272 | 19:M70 M83 M91 M108 M169 M187 M213 M219 | 20:M63 M85 M170 M234 | 21:M72 M225 | 22:M227,"journal objective family: bg_d2 | F-selected distance-labelled E* domain propagation and cycle detection | precedence configuration: F=distance_closure, P=pairwise, G=direct | Reduced Domain variables after unary filtering + matching GAC + slot saturation | (20),(22)-(27) exactly once over reduced domains | (19) participant atMost-one per slot | (46),(47) clustered table capacity with compact forward channeling | (28) Pairwise precedence over direct distance-labelled relations | exact break-group ends and unary break-group thresholds | exact schedule <-> usedSlot channeling | (43) exactly |Mp| reduced usedSlot variables | (44) atMost 2|L| busy participants per slot | (45) exact even number of busy participants | historical hard cap Delta_G <= 2",0,"(0,)",result
,,,,,,,,,forum-14.forb0003,b2b-9f40198b940d15c1,b2b-lineage-forum-14,forbidden,R-PW-DE-ST-BGD2-UW-IC12P,Reduced,Filter-E*,Pairwise,Direct-E,SpanThreshold,BreakGroupsD2,UWrMaxSAT,IC12+,OPTIMAL,SAT,0,0,bg_d2,0,0,0,,,0,1,9.496897,False,341.594,,,,Compact,Compact/Reduced,project_implementation,one-shot weighted MaxSAT,219073,,,,,,,472173,718,472891,5876,213197,1294034,73,cfg5__m-reduced__p-pairwise__g-direct__b-span_threshold__o-break_groups_d2__s-uwrmaxsat__i-imp12plus__backend-uwrmaxsat,cfg5__m-reduced__p-pairwise__g-direct__b-span_threshold__o-break_groups_d2__s-uwrmaxsat__i-imp12plus__backend-uwrmaxsat,reduced,distance_closure,pairwise,direct,UWrMaxSAT,UWrMaxSAT,binary-sha256:8c68c8a386d3d7847b50d315143c2bab60e3514e59510e84a649db83cb303876,imp12+,span_threshold,total_break_groups_subject_to_range_at_most_2,BGD2,IC12P,1293316,718,1,396,215179,174619,81979,1,718,718,1,,,,,,0,0,0,0,0,,,"formalism-specific model size: SAT/MaxSAT reports base CNF and soft clauses, MIP reports variables/linear constraints/nonzeros, and CP reports integer variables plus linear/global constraints; SAT bound/totalizer overhead remains separate in optimizer_added_*",6644,5888,5876,5876,0,0,0,0,0,0,0,2,1.003487,0.003482,1.52306,,1.526542,7.970354,"wall-clock from immediately before reading/parsing the .dzn instance through model construction, optimization, solution decoding, and independent validation; excludes worker-process startup and result-file export",0,0,0,0,0,"0,0,0,0,0,0,0,0,0,0,0,0,0,0,0,0,0,0,0,0,0,0,0,0,0,0,0,0,0,0,0,0,0,0,0,0,0,0,0,0,0,0,0,0,0,0,0,0,0,0,0,0,0,0,0,0,0,0,0,0,0,0,0,0,0,0,0,0,0,0,0,0,0,0,0,0,0,0",peak_process_tree_rss_mb,9f40198b940d15c1288198ac8af360d3679d0c7c34dd44180c705cdcfe9430c4,forb0003,data_table06_forb/forum-14.forb0003.dzn,2,../noves/forum-14.forb0003.dzn | ../noves/ticf-14crafa.forb0003.dzn,2,data_table06_forb/forum-14.forb0003.dzn | data_table06_forb/ticf-14crafa.forb0003.dzn,https://imae.udg.edu/Recerca/LAI/,https://ima.udg.edu/Recerca/lai/b2b/b2b.zip,ee1f440ab3f6db27ab712300ad3a54a31ffd5ec1e06f81a9ac37cb7202c56528,2026-08-10T10:42:19+00:00,7200.0,,ee80a6fbd8b513f7c010668495c39621a371266a,True,3.10.12,1.8.dev25,instance-20260810-085803,Linux-6.8.0-1064-gcp-x86_64-with-glibc2.35,x86_64,4,8,15988.059,1,0,/home/g24021555/Business-Meeting-Scheduling-Problem/.venv/bin/python3 /home/g24021555/Business-Meeting-Scheduling-Problem/src/Main.py --manifest instances_manifest.csv --family forbidden --solver sat_all --objective-mode bg_d2 --domain-mode both --domain-filter-graph both --precedence-encoding both --precedence-graph both --encoding-variant imp12+ --sat-backend cadical --maxsat-backend uwrmaxsat --uwrmaxsat-bin /home/g24021555/uwrmaxsat/build/release/bin/uwrmaxsat --timeout 7200 --csv output/full_matrix_bg_d2_forbidden.csv,/home/g24021555/uwrmaxsat/build/release/bin/uwrmaxsat,8c68c8a386d3d7847b50d315143c2bab60e3514e59510e84a649db83cb303876,/home/g24021555/uwrmaxsat/build/release/bin/uwrmaxsat -m /tmp/b2b_uwrmaxsat_o2zbysri/forum-14.forb0003.wcnf,,process exit code=30,,,maxsat,uwrmaxsat,,/home/g24021555/uwrmaxsat/build/release/bin/uwrmaxsat,traditional,pairwise+direct,0,72,"1,2,3,4,5,6,8,9,11,12,14,17,19,20,21,22,23,24,25,26,27,28,29,30,31,32,33,34,35,36,37,38,39,40,41,42,43,44,45,46,47,48,49,50,51,52,53,54,55,56,57,58,59,60,61,62,63,64,65,66,67,68,69,70,71,72,73,74,75,76,77,78",5888,756,12,12,"0,0,0,0,0,0,0,0,0,0,0,0,0,0,0,0,0,0,0,0,0,0,0,0,0,0,0,0,0,0,0,0,0,0,0,0,0,0,0,0,0,0,0,0,0,0,0,0,0,0,0,0,0,0,0,0,0,0,0,0,0,0,0,0,0,0,0,0,0,0,0,0,0,0,0,0,0,0","10,12,14,20,22,26,30,36,44,44,44,44,44,42,38,36,32,24,16,14,10,2","18,6,12,13,16,13,21,17,16,18,15,7,8,5,11,9,6,10,12,4,11,15,14,11,10,9,5,9,17,13,11,14,17,13,1,6,8,7,11,16,12,15,9,15,20,18,6,21,9,14,13,12,11,4,8,10,9,10,12,16,18,15,13,11,14,10,16,18,14,15,13,21,19,20,17,9,2,4,8,3,7,15,17,13,16,10,6,19,9,8,15,17,16,11,10,7,16,17,20,14,18,10,12,13,8,11,9,15,15,19,14,12,13,18,10,10,11,7,9,8,12,2,3,3,4,5,6,7,10,8,11,14,16,12,8,7,17,5,15,13,10,9,11,5,9,12,7,8,4,8,16,17,9,19,20,14,13,15,11,14,16,7,16,17,19,12,5,6,4,10,9,13,20,14,9,6,14,12,8,1,2,11,18,3,7,14,20,16,13,15,17,21,19,18,14,10,13,12,13,15,11,9,10,14,16,12,11,12,9,13,5,7,6,14,10,15,8,2,17,6,3,11,20,7,21,15,22,18,10,12,5,9,4,19,14,16,8,13,1,8,16,17,15,14,17,15,11,13,10,12,18,16,9,14,13,10,12,11,8,5,10,9,3,6,1,4,12,7,11,2,13,14,16,17,15,12,6,10,5,4,8,9,7,12,14,11,13,17,19,18,11,8,5,12,2,10,3,7,4,9,1,6",1:M35 M180 M239 M265 M301 | 2:M77 M122 M181 M218 M270 M295 | 3:M80 M123 M124 M184 M221 M263 M297 | 4:M20 M54 M78 M125 M149 M169 M233 M266 M280 M299 | 5:M14 M27 M126 M138 M144 M167 M211 M231 M260 M279 M293 | 6:M2 M17 M36 M47 M87 M127 M168 M176 M213 M220 M264 M277 M302 | 7:M12 M38 M81 M96 M118 M128 M136 M147 M162 M185 M212 M224 M268 M283 M298 | 8:M13 M37 M55 M79 M90 M105 M120 M130 M135 M148 M150 M179 M217 M237 M240 M259 M281 M292 | 9:M16 M26 M28 M43 M49 M57 M76 M89 M107 M119 M142 M145 M153 M171 M175 M202 M209 M232 M253 M262 M282 M300 | 10:M18 M25 M56 M58 M66 M86 M95 M102 M115 M116 M129 M141 M170 M196 M203 M215 M229 M249 M256 M261 M278 M296 | 11:M15 M21 M24 M31 M39 M53 M64 M94 M106 M117 M131 M143 M159 M182 M201 M207 M222 M247 M258 M269 M286 M291 | 12:M3 M19 M41 M52 M59 M103 M112 M121 M134 M146 M166 M178 M198 M206 M208 M230 M250 M257 M267 M276 M284 M294 | 13:M4 M6 M30 M34 M51 M63 M71 M84 M104 M113 M140 M157 M172 M189 M197 M199 M210 M238 M248 M255 M271 M287 | 14:M23 M32 M50 M65 M69 M100 M111 M132 M156 M160 M174 M177 M186 M195 M204 M214 M235 M244 M254 M272 M285 | 15:M11 M22 M42 M44 M62 M70 M82 M91 M108 M109 M139 M158 M190 M200 M216 M226 M243 M246 M275 | 16:M5 M9 M40 M60 M67 M85 M93 M97 M133 M151 M161 M163 M188 M205 M236 M241 M252 M273 | 17:M8 M29 M33 M75 M83 M92 M98 M137 M152 M164 M191 M219 M242 M245 M274 M288 | 18:M1 M10 M46 M61 M68 M101 M114 M183 M194 M228 M251 M290 | 19:M73 M88 M110 M154 M165 M193 M234 M289 | 20:M45 M74 M99 M155 M173 M187 M223 | 21:M7 M48 M72 M192 M225 | 22:M227,"journal objective family: bg_d2 | F-selected distance-labelled E* domain propagation and cycle detection | precedence configuration: F=distance_closure, P=pairwise, G=direct | Reduced Domain variables after unary filtering + matching GAC + slot saturation | (20),(22)-(27) exactly once over reduced domains | (19) participant atMost-one per slot | (46),(47) clustered table capacity with compact forward channeling | (28) Pairwise precedence over direct distance-labelled relations | exact break-group ends and unary break-group thresholds | exact schedule <-> usedSlot channeling | (43) exactly |Mp| reduced usedSlot variables | (44) atMost 2|L| busy participants per slot | (45) exact even number of busy participants | historical hard cap Delta_G <= 2",,,result
,,,,,,,,,forum-14.forb0003,b2b-9f40198b940d15c1,b2b-lineage-forum-14,forbidden,R-PW-DC-ST-BGD2-IS-CD-IC12P,Reduced,Filter-E*,Pairwise,DistanceClosure-E*,SpanThreshold,BreakGroupsD2,IncrementalSAT,IC12+,OPTIMAL,SAT,0,0,bg_d2,0,0,0,,,,,9.647344,False,279.469,,,,Compact,Compact/Reduced,project_implementation,incremental multi-phase SAT with persistent solver state,219073,,,,,,,472173,0,472173,5876,213197,1293316,73,cfg5__m-reduced__p-pairwise__g-distance_closure__b-span_threshold__o-break_groups_d2__s-incrementalsat__i-imp12plus__backend-cadical,cfg5__m-reduced__p-pairwise__g-distance_closure__b-span_threshold__o-break_groups_d2__s-incrementalsat__i-imp12plus__backend-cadical,reduced,distance_closure,pairwise,distance_closure,IncrementalSAT,CaDiCaL,1.5.3,imp12+,span_threshold,total_break_groups_subject_to_range_at_most_2,BGD2,IC12P,1293316,0,0,396,215179,174619,81979,,0,718,7,,,,,,1,5456,79544,232570,79544,7.632216072000119,6,"formalism-specific model size: SAT/MaxSAT reports base CNF and soft clauses, MIP reports variables/linear constraints/nonzeros, and CP reports integer variables plus linear/global constraints; SAT bound/totalizer overhead remains separate in optimizer_added_*",6644,5888,5876,5876,0,0,0,0,0,0,0,2,0.997491,0.003143,1.506481,,1.509624,8.13772,"wall-clock from immediately before reading/parsing the .dzn instance through model construction, optimization, solution decoding, and independent validation; excludes worker-process startup and result-file export",0,0,0,0,0,"0,0,0,0,0,0,0,0,0,0,0,0,0,0,0,0,0,0,0,0,0,0,0,0,0,0,0,0,0,0,0,0,0,0,0,0,0,0,0,0,0,0,0,0,0,0,0,0,0,0,0,0,0,0,0,0,0,0,0,0,0,0,0,0,0,0,0,0,0,0,0,0,0,0,0,0,0,0",peak_process_tree_rss_mb,9f40198b940d15c1288198ac8af360d3679d0c7c34dd44180c705cdcfe9430c4,forb0003,data_table06_forb/forum-14.forb0003.dzn,2,../noves/forum-14.forb0003.dzn | ../noves/ticf-14crafa.forb0003.dzn,2,data_table06_forb/forum-14.forb0003.dzn | data_table06_forb/ticf-14crafa.forb0003.dzn,https://imae.udg.edu/Recerca/LAI/,https://ima.udg.edu/Recerca/lai/b2b/b2b.zip,ee1f440ab3f6db27ab712300ad3a54a31ffd5ec1e06f81a9ac37cb7202c56528,2026-08-10T10:42:19+00:00,7200.0,,ee80a6fbd8b513f7c010668495c39621a371266a,True,3.10.12,1.8.dev25,instance-20260810-085803,Linux-6.8.0-1064-gcp-x86_64-with-glibc2.35,x86_64,4,8,15988.059,1,0,/home/g24021555/Business-Meeting-Scheduling-Problem/.venv/bin/python3 /home/g24021555/Business-Meeting-Scheduling-Problem/src/Main.py --manifest instances_manifest.csv --family forbidden --solver sat_all --objective-mode bg_d2 --domain-mode both --domain-filter-graph both --precedence-encoding both --precedence-graph both --encoding-variant imp12+ --sat-backend cadical --maxsat-backend uwrmaxsat --uwrmaxsat-bin /home/g24021555/uwrmaxsat/build/release/bin/uwrmaxsat --timeout 7200 --csv output/full_matrix_bg_d2_forbidden.csv,,,,,,,,incremental,,cadical,,factorial,pairwise+distance_closure,0,72,"1,2,3,4,5,6,8,9,11,12,14,17,19,20,21,22,23,24,25,26,27,28,29,30,31,32,33,34,35,36,37,38,39,40,41,42,43,44,45,46,47,48,49,50,51,52,53,54,55,56,57,58,59,60,61,62,63,64,65,66,67,68,69,70,71,72,73,74,75,76,77,78",5888,756,12,12,"0,0,0,0,0,0,0,0,0,0,0,0,0,0,0,0,0,0,0,0,0,0,0,0,0,0,0,0,0,0,0,0,0,0,0,0,0,0,0,0,0,0,0,0,0,0,0,0,0,0,0,0,0,0,0,0,0,0,0,0,0,0,0,0,0,0,0,0,0,0,0,0,0,0,0,0,0,0","14,18,20,28,34,38,42,44,44,42,44,44,44,36,30,22,18,14,10,8,6,4","18,11,10,13,19,13,14,16,15,17,14,3,1,8,12,11,4,9,10,2,4,7,6,8,7,6,5,9,6,8,7,10,12,9,13,18,6,15,7,17,11,16,14,13,21,20,7,16,17,11,15,12,6,5,2,1,9,10,9,10,18,14,16,8,2,5,7,10,5,3,4,11,8,7,9,3,14,16,9,4,6,13,15,1,2,17,5,19,8,9,16,15,13,21,12,10,14,17,13,12,15,14,15,13,12,9,8,11,17,18,10,9,14,11,13,12,2,7,5,3,11,6,8,12,3,5,11,7,4,6,10,16,7,5,6,14,12,9,11,13,15,9,5,8,13,7,6,5,10,7,4,8,5,12,13,15,10,11,14,12,13,20,11,22,13,10,17,4,19,18,16,9,12,14,7,4,2,15,13,3,8,12,14,1,6,14,11,7,8,6,9,10,12,13,12,11,13,8,16,20,13,19,18,14,17,15,15,9,7,13,8,11,10,6,12,14,5,21,22,5,3,7,19,1,17,4,6,12,13,20,8,11,2,18,10,15,14,16,9,8,15,13,14,8,6,3,4,10,5,7,9,11,12,11,9,8,13,10,10,4,2,3,5,12,1,8,9,11,6,7,4,7,5,6,8,12,11,6,4,10,8,9,7,9,11,10,12,15,16,14,11,10,4,12,1,5,2,9,6,8,3,7",1:M13 M56 M84 M184 M224 M265 M295 | 2:M20 M55 M65 M85 M117 M177 M233 M261 M297 | 3:M12 M70 M76 M120 M125 M180 M221 M246 M262 M301 | 4:M17 M21 M71 M80 M129 M151 M168 M176 M226 M247 M260 M271 M279 M293 | 5:M27 M54 M66 M69 M87 M119 M126 M134 M143 M148 M153 M217 M220 M249 M263 M273 M296 | 6:M23 M26 M29 M37 M53 M81 M122 M130 M135 M147 M185 M190 M214 M227 M245 M269 M274 M278 M299 | 7:M22 M25 M31 M39 M47 M67 M74 M118 M128 M133 M146 M150 M175 M188 M209 M222 M250 M270 M272 M283 M302 | 8:M14 M24 M30 M64 M73 M89 M107 M123 M144 M152 M181 M189 M198 M211 M231 M240 M244 M256 M266 M275 M281 M300 | 9:M18 M28 M34 M57 M59 M75 M79 M90 M106 M112 M138 M142 M172 M191 M208 M239 M251 M255 M267 M282 M284 M298 | 10:M3 M19 M32 M58 M60 M68 M96 M111 M131 M149 M157 M166 M192 M213 M235 M248 M258 M259 M280 M286 M292 | 11:M2 M16 M41 M50 M72 M108 M114 M121 M127 M139 M158 M163 M187 M196 M212 M232 M252 M254 M268 M277 M285 M291 | 12:M15 M33 M52 M95 M100 M105 M116 M124 M137 M154 M160 M173 M182 M193 M195 M215 M228 M253 M264 M276 M287 M294 | 13:M4 M6 M35 M44 M82 M93 M99 M104 M115 M140 M145 M155 M161 M165 M179 M194 M197 M201 M210 M229 M242 M257 | 14:M7 M11 M43 M62 M77 M97 M102 M113 M136 M159 M174 M183 M186 M204 M216 M237 M243 M290 | 15:M9 M38 M51 M83 M92 M101 M103 M141 M156 M178 M206 M207 M236 M241 M288 | 16:M8 M42 M48 M63 M78 M91 M132 M171 M199 M238 M289 | 17:M10 M40 M49 M86 M98 M109 M167 M205 M225 | 18:M1 M36 M61 M110 M170 M203 M234 | 19:M5 M88 M169 M202 M223 | 20:M46 M162 M200 M230 | 21:M45 M94 M218 | 22:M164 M219,"journal objective family: bg_d2 | F-selected distance-labelled E* domain propagation and cycle detection | precedence configuration: F=distance_closure, P=pairwise, G=distance_closure | Reduced Domain variables after unary filtering + matching GAC + slot saturation | (20),(22)-(27) exactly once over reduced domains | (19) participant atMost-one per slot | (46),(47) clustered table capacity with compact forward channeling | (28) Pairwise precedence over distance_closure distance-labelled relations | exact break-group ends and unary break-group thresholds | exact schedule <-> usedSlot channeling | (43) exactly |Mp| reduced usedSlot variables | (44) atMost 2|L| busy participants per slot | (45) exact even number of busy participants | historical hard cap Delta_G <= 2",0,"(0,)",result
,,,,,,,,,forum-14.forb0003,b2b-9f40198b940d15c1,b2b-lineage-forum-14,forbidden,R-PW-DC-ST-BGD2-NIS-CD-IC12P,Reduced,Filter-E*,Pairwise,DistanceClosure-E*,SpanThreshold,BreakGroupsD2,NonIncrementalSAT,IC12+,OPTIMAL,SAT,0,0,bg_d2,0,0,0,,,,,28.63697,False,300.398,,,,Compact,Compact/Reduced,project_implementation,restart-based multi-phase SAT,219073,,,,,,,472173,0,472173,5876,213197,1293316,73,cfg5__m-reduced__p-pairwise__g-distance_closure__b-span_threshold__o-break_groups_d2__s-nonincrementalsat__i-imp12plus__backend-cadical,cfg5__m-reduced__p-pairwise__g-distance_closure__b-span_threshold__o-break_groups_d2__s-nonincrementalsat__i-imp12plus__backend-cadical,reduced,distance_closure,pairwise,distance_closure,NonIncrementalSAT,CaDiCaL,1.5.3,imp12+,span_threshold,total_break_groups_subject_to_range_at_most_2,BGD2,IC12P,1293316,0,0,396,215179,174619,81979,,0,718,7,,,,,,7,36465,73538,182878,144802,26.611571508000452,6,"formalism-specific model size: SAT/MaxSAT reports base CNF and soft clauses, MIP reports variables/linear constraints/nonzeros, and CP reports integer variables plus linear/global constraints; SAT bound/totalizer overhead remains separate in optimizer_added_*",6644,5888,5876,5876,0,0,0,0,0,0,0,2,0.994258,0.003149,1.504751,,1.5079,27.12907,"wall-clock from immediately before reading/parsing the .dzn instance through model construction, optimization, solution decoding, and independent validation; excludes worker-process startup and result-file export",0,0,0,0,0,"0,0,0,0,0,0,0,0,0,0,0,0,0,0,0,0,0,0,0,0,0,0,0,0,0,0,0,0,0,0,0,0,0,0,0,0,0,0,0,0,0,0,0,0,0,0,0,0,0,0,0,0,0,0,0,0,0,0,0,0,0,0,0,0,0,0,0,0,0,0,0,0,0,0,0,0,0,0",peak_process_tree_rss_mb,9f40198b940d15c1288198ac8af360d3679d0c7c34dd44180c705cdcfe9430c4,forb0003,data_table06_forb/forum-14.forb0003.dzn,2,../noves/forum-14.forb0003.dzn | ../noves/ticf-14crafa.forb0003.dzn,2,data_table06_forb/forum-14.forb0003.dzn | data_table06_forb/ticf-14crafa.forb0003.dzn,https://imae.udg.edu/Recerca/LAI/,https://ima.udg.edu/Recerca/lai/b2b/b2b.zip,ee1f440ab3f6db27ab712300ad3a54a31ffd5ec1e06f81a9ac37cb7202c56528,2026-08-10T10:42:19+00:00,7200.0,,ee80a6fbd8b513f7c010668495c39621a371266a,True,3.10.12,1.8.dev25,instance-20260810-085803,Linux-6.8.0-1064-gcp-x86_64-with-glibc2.35,x86_64,4,8,15988.059,1,0,/home/g24021555/Business-Meeting-Scheduling-Problem/.venv/bin/python3 /home/g24021555/Business-Meeting-Scheduling-Problem/src/Main.py --manifest instances_manifest.csv --family forbidden --solver sat_all --objective-mode bg_d2 --domain-mode both --domain-filter-graph both --precedence-encoding both --precedence-graph both --encoding-variant imp12+ --sat-backend cadical --maxsat-backend uwrmaxsat --uwrmaxsat-bin /home/g24021555/uwrmaxsat/build/release/bin/uwrmaxsat --timeout 7200 --csv output/full_matrix_bg_d2_forbidden.csv,,,,,,,,multiple,,cadical,,factorial,pairwise+distance_closure,0,72,"1,2,3,4,5,6,8,9,11,12,14,17,19,20,21,22,23,24,25,26,27,28,29,30,31,32,33,34,35,36,37,38,39,40,41,42,43,44,45,46,47,48,49,50,51,52,53,54,55,56,57,58,59,60,61,62,63,64,65,66,67,68,69,70,71,72,73,74,75,76,77,78",5888,756,12,12,"0,0,0,0,0,0,0,0,0,0,0,0,0,0,0,0,0,0,0,0,0,0,0,0,0,0,0,0,0,0,0,0,0,0,0,0,0,0,0,0,0,0,0,0,0,0,0,0,0,0,0,0,0,0,0,0,0,0,0,0,0,0,0,0,0,0,0,0,0,0,0,0,0,0,0,0,0,0","6,10,14,20,26,32,36,38,42,44,44,44,44,44,42,38,28,22,16,8,4,2","12,8,10,13,11,10,14,15,14,16,13,12,9,10,6,3,11,8,4,5,10,9,8,12,10,11,9,14,11,13,15,12,17,11,13,3,14,4,7,18,8,5,10,11,17,16,6,15,13,7,5,10,8,7,11,12,6,12,13,14,17,15,20,9,17,15,14,18,16,19,17,21,15,14,13,12,14,4,8,6,7,13,19,16,20,11,5,18,8,6,19,16,14,13,8,7,14,15,18,16,17,17,18,13,15,16,11,19,16,13,14,10,9,12,5,10,7,5,12,6,9,2,4,12,5,10,9,4,8,6,7,9,15,18,12,17,8,16,14,7,11,7,6,15,13,9,10,11,12,9,16,18,7,12,17,13,9,9,6,7,8,14,15,12,16,7,2,6,19,20,5,9,10,8,10,6,16,7,5,3,11,8,15,4,13,15,19,12,11,18,14,13,16,17,9,11,10,6,13,15,12,14,17,16,10,11,18,11,17,16,9,13,19,10,14,15,12,2,19,9,16,10,18,4,21,13,22,17,8,15,7,6,5,20,12,11,1,14,3,6,15,13,14,14,7,15,8,10,13,11,12,9,10,12,13,11,9,8,9,8,5,11,7,2,1,6,4,12,10,3,17,18,14,15,16,10,9,11,4,3,8,7,5,13,16,15,14,14,16,15,12,9,6,11,2,7,4,8,3,5,1,10",1:M237 M265 M301 | 2:M122 M167 M218 M264 M295 | 3:M16 M36 M180 M239 M270 M280 M299 | 4:M19 M38 M78 M123 M128 M184 M224 M267 M279 M297 | 5:M20 M42 M51 M87 M115 M118 M125 M171 M179 M233 M261 M283 M300 | 6:M15 M47 M57 M80 M90 M120 M130 M143 M159 M168 M176 M198 M232 M240 M266 M293 | 7:M39 M50 M54 M81 M96 M117 M131 M140 M142 M153 M160 M166 M178 M231 M245 M263 M282 M296 | 8:M2 M18 M23 M41 M53 M79 M89 M95 M129 M137 M161 M174 M182 M229 M247 M258 M260 M281 M298 | 9:M13 M22 M27 M64 M113 M121 M127 M132 M146 M150 M157 M158 M172 M195 M211 M220 M252 M257 M259 M277 M292 | 10:M3 M6 M14 M21 M25 M43 M52 M112 M116 M126 M147 M173 M175 M197 M205 M214 M222 M248 M253 M269 M276 M302 | 11:M5 M17 M26 M29 M34 M44 M55 M86 M107 M141 M148 M181 M189 M196 M206 M208 M236 M250 M256 M262 M278 M294 | 12:M1 M12 M24 M32 M56 M58 M76 M114 M119 M124 M135 M149 M154 M164 M188 M201 M217 M235 M251 M254 M268 M291 | 13:M4 M11 M30 M35 M49 M59 M75 M82 M94 M104 M110 M145 M156 M185 M192 M199 M212 M226 M242 M249 M255 M284 | 14:M7 M9 M28 M37 M60 M67 M74 M77 M93 M97 M111 M139 M162 M191 M202 M215 M238 M243 M244 M273 M287 M288 | 15:M8 M31 M48 M62 M66 M73 M98 M105 M133 M144 M163 M183 M186 M200 M216 M230 M241 M246 M274 M286 M290 | 16:M10 M46 M69 M84 M92 M100 M106 M109 M138 M151 M165 M177 M193 M204 M210 M221 M275 M285 M289 | 17:M33 M45 M61 M65 M71 M101 M102 M136 M155 M194 M203 M209 M228 M271 | 18:M40 M68 M88 M99 M103 M134 M152 M190 M207 M223 M272 | 19:M70 M83 M91 M108 M169 M187 M213 M219 | 20:M63 M85 M170 M234 | 21:M72 M225 | 22:M227,"journal objective family: bg_d2 | F-selected distance-labelled E* domain propagation and cycle detection | precedence configuration: F=distance_closure, P=pairwise, G=distance_closure | Reduced Domain variables after unary filtering + matching GAC + slot saturation | (20),(22)-(27) exactly once over reduced domains | (19) participant atMost-one per slot | (46),(47) clustered table capacity with compact forward channeling | (28) Pairwise precedence over distance_closure distance-labelled relations | exact break-group ends and unary break-group thresholds | exact schedule <-> usedSlot channeling | (43) exactly |Mp| reduced usedSlot variables | (44) atMost 2|L| busy participants per slot | (45) exact even number of busy participants | historical hard cap Delta_G <= 2",0,"(0,)",result
,,,,,,,,,forum-14.forb0003,b2b-9f40198b940d15c1,b2b-lineage-forum-14,forbidden,R-PW-DC-ST-BGD2-UW-IC12P,Reduced,Filter-E*,Pairwise,DistanceClosure-E*,SpanThreshold,BreakGroupsD2,UWrMaxSAT,IC12+,OPTIMAL,SAT,0,0,bg_d2,0,0,0,,,0,1,9.604689,False,341.449,,,,Compact,Compact/Reduced,project_implementation,one-shot weighted MaxSAT,219073,,,,,,,472173,718,472891,5876,213197,1294034,73,cfg5__m-reduced__p-pairwise__g-distance_closure__b-span_threshold__o-break_groups_d2__s-uwrmaxsat__i-imp12plus__backend-uwrmaxsat,cfg5__m-reduced__p-pairwise__g-distance_closure__b-span_threshold__o-break_groups_d2__s-uwrmaxsat__i-imp12plus__backend-uwrmaxsat,reduced,distance_closure,pairwise,distance_closure,UWrMaxSAT,UWrMaxSAT,binary-sha256:8c68c8a386d3d7847b50d315143c2bab60e3514e59510e84a649db83cb303876,imp12+,span_threshold,total_break_groups_subject_to_range_at_most_2,BGD2,IC12P,1293316,718,1,396,215179,174619,81979,1,718,718,1,,,,,,0,0,0,0,0,,,"formalism-specific model size: SAT/MaxSAT reports base CNF and soft clauses, MIP reports variables/linear constraints/nonzeros, and CP reports integer variables plus linear/global constraints; SAT bound/totalizer overhead remains separate in optimizer_added_*",6644,5888,5876,5876,0,0,0,0,0,0,0,2,1.007414,0.00319,1.539836,,1.543025,8.061664,"wall-clock from immediately before reading/parsing the .dzn instance through model construction, optimization, solution decoding, and independent validation; excludes worker-process startup and result-file export",0,0,0,0,0,"0,0,0,0,0,0,0,0,0,0,0,0,0,0,0,0,0,0,0,0,0,0,0,0,0,0,0,0,0,0,0,0,0,0,0,0,0,0,0,0,0,0,0,0,0,0,0,0,0,0,0,0,0,0,0,0,0,0,0,0,0,0,0,0,0,0,0,0,0,0,0,0,0,0,0,0,0,0",peak_process_tree_rss_mb,9f40198b940d15c1288198ac8af360d3679d0c7c34dd44180c705cdcfe9430c4,forb0003,data_table06_forb/forum-14.forb0003.dzn,2,../noves/forum-14.forb0003.dzn | ../noves/ticf-14crafa.forb0003.dzn,2,data_table06_forb/forum-14.forb0003.dzn | data_table06_forb/ticf-14crafa.forb0003.dzn,https://imae.udg.edu/Recerca/LAI/,https://ima.udg.edu/Recerca/lai/b2b/b2b.zip,ee1f440ab3f6db27ab712300ad3a54a31ffd5ec1e06f81a9ac37cb7202c56528,2026-08-10T10:42:19+00:00,7200.0,,ee80a6fbd8b513f7c010668495c39621a371266a,True,3.10.12,1.8.dev25,instance-20260810-085803,Linux-6.8.0-1064-gcp-x86_64-with-glibc2.35,x86_64,4,8,15988.059,1,0,/home/g24021555/Business-Meeting-Scheduling-Problem/.venv/bin/python3 /home/g24021555/Business-Meeting-Scheduling-Problem/src/Main.py --manifest instances_manifest.csv --family forbidden --solver sat_all --objective-mode bg_d2 --domain-mode both --domain-filter-graph both --precedence-encoding both --precedence-graph both --encoding-variant imp12+ --sat-backend cadical --maxsat-backend uwrmaxsat --uwrmaxsat-bin /home/g24021555/uwrmaxsat/build/release/bin/uwrmaxsat --timeout 7200 --csv output/full_matrix_bg_d2_forbidden.csv,/home/g24021555/uwrmaxsat/build/release/bin/uwrmaxsat,8c68c8a386d3d7847b50d315143c2bab60e3514e59510e84a649db83cb303876,/home/g24021555/uwrmaxsat/build/release/bin/uwrmaxsat -m /tmp/b2b_uwrmaxsat_0ppwa3fj/forum-14.forb0003.wcnf,,process exit code=30,,,maxsat,uwrmaxsat,,/home/g24021555/uwrmaxsat/build/release/bin/uwrmaxsat,factorial,pairwise+distance_closure,0,72,"1,2,3,4,5,6,8,9,11,12,14,17,19,20,21,22,23,24,25,26,27,28,29,30,31,32,33,34,35,36,37,38,39,40,41,42,43,44,45,46,47,48,49,50,51,52,53,54,55,56,57,58,59,60,61,62,63,64,65,66,67,68,69,70,71,72,73,74,75,76,77,78",5888,756,12,12,"0,0,0,0,0,0,0,0,0,0,0,0,0,0,0,0,0,0,0,0,0,0,0,0,0,0,0,0,0,0,0,0,0,0,0,0,0,0,0,0,0,0,0,0,0,0,0,0,0,0,0,0,0,0,0,0,0,0,0,0,0,0,0,0,0,0,0,0,0,0,0,0,0,0,0,0,0,0","10,12,14,20,22,26,30,36,44,44,44,44,44,42,38,36,32,24,16,14,10,2","18,6,12,13,16,13,21,17,16,18,15,7,8,5,11,9,6,10,12,4,11,15,14,11,10,9,5,9,17,13,11,14,17,13,1,6,8,7,11,16,12,15,9,15,20,18,6,21,9,14,13,12,11,4,8,10,9,10,12,16,18,15,13,11,14,10,16,18,14,15,13,21,19,20,17,9,2,4,8,3,7,15,17,13,16,10,6,19,9,8,15,17,16,11,10,7,16,17,20,14,18,10,12,13,8,11,9,15,15,19,14,12,13,18,10,10,11,7,9,8,12,2,3,3,4,5,6,7,10,8,11,14,16,12,8,7,17,5,15,13,10,9,11,5,9,12,7,8,4,8,16,17,9,19,20,14,13,15,11,14,16,7,16,17,19,12,5,6,4,10,9,13,20,14,9,6,14,12,8,1,2,11,18,3,7,14,20,16,13,15,17,21,19,18,14,10,13,12,13,15,11,9,10,14,16,12,11,12,9,13,5,7,6,14,10,15,8,2,17,6,3,11,20,7,21,15,22,18,10,12,5,9,4,19,14,16,8,13,1,8,16,17,15,14,17,15,11,13,10,12,18,16,9,14,13,10,12,11,8,5,10,9,3,6,1,4,12,7,11,2,13,14,16,17,15,12,6,10,5,4,8,9,7,12,14,11,13,17,19,18,11,8,5,12,2,10,3,7,4,9,1,6",1:M35 M180 M239 M265 M301 | 2:M77 M122 M181 M218 M270 M295 | 3:M80 M123 M124 M184 M221 M263 M297 | 4:M20 M54 M78 M125 M149 M169 M233 M266 M280 M299 | 5:M14 M27 M126 M138 M144 M167 M211 M231 M260 M279 M293 | 6:M2 M17 M36 M47 M87 M127 M168 M176 M213 M220 M264 M277 M302 | 7:M12 M38 M81 M96 M118 M128 M136 M147 M162 M185 M212 M224 M268 M283 M298 | 8:M13 M37 M55 M79 M90 M105 M120 M130 M135 M148 M150 M179 M217 M237 M240 M259 M281 M292 | 9:M16 M26 M28 M43 M49 M57 M76 M89 M107 M119 M142 M145 M153 M171 M175 M202 M209 M232 M253 M262 M282 M300 | 10:M18 M25 M56 M58 M66 M86 M95 M102 M115 M116 M129 M141 M170 M196 M203 M215 M229 M249 M256 M261 M278 M296 | 11:M15 M21 M24 M31 M39 M53 M64 M94 M106 M117 M131 M143 M159 M182 M201 M207 M222 M247 M258 M269 M286 M291 | 12:M3 M19 M41 M52 M59 M103 M112 M121 M134 M146 M166 M178 M198 M206 M208 M230 M250 M257 M267 M276 M284 M294 | 13:M4 M6 M30 M34 M51 M63 M71 M84 M104 M113 M140 M157 M172 M189 M197 M199 M210 M238 M248 M255 M271 M287 | 14:M23 M32 M50 M65 M69 M100 M111 M132 M156 M160 M174 M177 M186 M195 M204 M214 M235 M244 M254 M272 M285 | 15:M11 M22 M42 M44 M62 M70 M82 M91 M108 M109 M139 M158 M190 M200 M216 M226 M243 M246 M275 | 16:M5 M9 M40 M60 M67 M85 M93 M97 M133 M151 M161 M163 M188 M205 M236 M241 M252 M273 | 17:M8 M29 M33 M75 M83 M92 M98 M137 M152 M164 M191 M219 M242 M245 M274 M288 | 18:M1 M10 M46 M61 M68 M101 M114 M183 M194 M228 M251 M290 | 19:M73 M88 M110 M154 M165 M193 M234 M289 | 20:M45 M74 M99 M155 M173 M187 M223 | 21:M7 M48 M72 M192 M225 | 22:M227,"journal objective family: bg_d2 | F-selected distance-labelled E* domain propagation and cycle detection | precedence configuration: F=distance_closure, P=pairwise, G=distance_closure | Reduced Domain variables after unary filtering + matching GAC + slot saturation | (20),(22)-(27) exactly once over reduced domains | (19) participant atMost-one per slot | (46),(47) clustered table capacity with compact forward channeling | (28) Pairwise precedence over distance_closure distance-labelled relations | exact break-group ends and unary break-group thresholds | exact schedule <-> usedSlot channeling | (43) exactly |Mp| reduced usedSlot variables | (44) atMost 2|L| busy participants per slot | (45) exact even number of busy participants | historical hard cap Delta_G <= 2",,,result
,,,,,,,,,forum-14.forb0003,b2b-9f40198b940d15c1,b2b-lineage-forum-14,forbidden,R-SS-DE-ST-BGD2-IS-CD-IC12P,Reduced,Filter-E*,SparseSuffix,Direct-E,SpanThreshold,BreakGroupsD2,IncrementalSAT,IC12+,OPTIMAL,SAT,0,0,bg_d2,0,0,0,,,,,9.94214,False,267.988,,,,Compact,Compact/Reduced,project_implementation,incremental multi-phase SAT with persistent solver state,219073,,,,,,,472173,0,472173,5876,213197,1293316,73,cfg5__m-reduced__p-sparse_suffix__g-direct__b-span_threshold__o-break_groups_d2__s-incrementalsat__i-imp12plus__backend-cadical,cfg5__m-reduced__p-sparse_suffix__g-direct__b-span_threshold__o-break_groups_d2__s-incrementalsat__i-imp12plus__backend-cadical,reduced,distance_closure,sparse_suffix,direct,IncrementalSAT,CaDiCaL,1.5.3,imp12+,span_threshold,total_break_groups_subject_to_range_at_most_2,BGD2,IC12P,1293316,0,0,396,215179,174619,81979,,0,718,7,,,,,,1,5456,79544,232570,79544,7.875517070999194,6,"formalism-specific model size: SAT/MaxSAT reports base CNF and soft clauses, MIP reports variables/linear constraints/nonzeros, and CP reports integer variables plus linear/global constraints; SAT bound/totalizer overhead remains separate in optimizer_added_*",6644,5888,5876,5876,0,0,0,0,0,0,0,2,1.011773,0.003169,1.541675,,1.544844,8.397295,"wall-clock from immediately before reading/parsing the .dzn instance through model construction, optimization, solution decoding, and independent validation; excludes worker-process startup and result-file export",0,0,0,0,0,"0,0,0,0,0,0,0,0,0,0,0,0,0,0,0,0,0,0,0,0,0,0,0,0,0,0,0,0,0,0,0,0,0,0,0,0,0,0,0,0,0,0,0,0,0,0,0,0,0,0,0,0,0,0,0,0,0,0,0,0,0,0,0,0,0,0,0,0,0,0,0,0,0,0,0,0,0,0",peak_process_tree_rss_mb,9f40198b940d15c1288198ac8af360d3679d0c7c34dd44180c705cdcfe9430c4,forb0003,data_table06_forb/forum-14.forb0003.dzn,2,../noves/forum-14.forb0003.dzn | ../noves/ticf-14crafa.forb0003.dzn,2,data_table06_forb/forum-14.forb0003.dzn | data_table06_forb/ticf-14crafa.forb0003.dzn,https://imae.udg.edu/Recerca/LAI/,https://ima.udg.edu/Recerca/lai/b2b/b2b.zip,ee1f440ab3f6db27ab712300ad3a54a31ffd5ec1e06f81a9ac37cb7202c56528,2026-08-10T10:42:19+00:00,7200.0,,ee80a6fbd8b513f7c010668495c39621a371266a,True,3.10.12,1.8.dev25,instance-20260810-085803,Linux-6.8.0-1064-gcp-x86_64-with-glibc2.35,x86_64,4,8,15988.059,1,0,/home/g24021555/Business-Meeting-Scheduling-Problem/.venv/bin/python3 /home/g24021555/Business-Meeting-Scheduling-Problem/src/Main.py --manifest instances_manifest.csv --family forbidden --solver sat_all --objective-mode bg_d2 --domain-mode both --domain-filter-graph both --precedence-encoding both --precedence-graph both --encoding-variant imp12+ --sat-backend cadical --maxsat-backend uwrmaxsat --uwrmaxsat-bin /home/g24021555/uwrmaxsat/build/release/bin/uwrmaxsat --timeout 7200 --csv output/full_matrix_bg_d2_forbidden.csv,,,,,,,,incremental,,cadical,,factorial,sparse_suffix+direct,0,72,"1,2,3,4,5,6,8,9,11,12,14,17,19,20,21,22,23,24,25,26,27,28,29,30,31,32,33,34,35,36,37,38,39,40,41,42,43,44,45,46,47,48,49,50,51,52,53,54,55,56,57,58,59,60,61,62,63,64,65,66,67,68,69,70,71,72,73,74,75,76,77,78",5888,756,12,12,"0,0,0,0,0,0,0,0,0,0,0,0,0,0,0,0,0,0,0,0,0,0,0,0,0,0,0,0,0,0,0,0,0,0,0,0,0,0,0,0,0,0,0,0,0,0,0,0,0,0,0,0,0,0,0,0,0,0,0,0,0,0,0,0,0,0,0,0,0,0,0,0,0,0,0,0,0,0","14,18,20,28,34,38,42,44,44,42,44,44,44,36,30,22,18,14,10,8,6,4","18,11,10,13,19,13,14,16,15,17,14,3,1,8,12,11,4,9,10,2,4,7,6,8,7,6,5,9,6,8,7,10,12,9,13,18,6,15,7,17,11,16,14,13,21,20,7,16,17,11,15,12,6,5,2,1,9,10,9,10,18,14,16,8,2,5,7,10,5,3,4,11,8,7,9,3,14,16,9,4,6,13,15,1,2,17,5,19,8,9,16,15,13,21,12,10,14,17,13,12,15,14,15,13,12,9,8,11,17,18,10,9,14,11,13,12,2,7,5,3,11,6,8,12,3,5,11,7,4,6,10,16,7,5,6,14,12,9,11,13,15,9,5,8,13,7,6,5,10,7,4,8,5,12,13,15,10,11,14,12,13,20,11,22,13,10,17,4,19,18,16,9,12,14,7,4,2,15,13,3,8,12,14,1,6,14,11,7,8,6,9,10,12,13,12,11,13,8,16,20,13,19,18,14,17,15,15,9,7,13,8,11,10,6,12,14,5,21,22,5,3,7,19,1,17,4,6,12,13,20,8,11,2,18,10,15,14,16,9,8,15,13,14,8,6,3,4,10,5,7,9,11,12,11,9,8,13,10,10,4,2,3,5,12,1,8,9,11,6,7,4,7,5,6,8,12,11,6,4,10,8,9,7,9,11,10,12,15,16,14,11,10,4,12,1,5,2,9,6,8,3,7",1:M13 M56 M84 M184 M224 M265 M295 | 2:M20 M55 M65 M85 M117 M177 M233 M261 M297 | 3:M12 M70 M76 M120 M125 M180 M221 M246 M262 M301 | 4:M17 M21 M71 M80 M129 M151 M168 M176 M226 M247 M260 M271 M279 M293 | 5:M27 M54 M66 M69 M87 M119 M126 M134 M143 M148 M153 M217 M220 M249 M263 M273 M296 | 6:M23 M26 M29 M37 M53 M81 M122 M130 M135 M147 M185 M190 M214 M227 M245 M269 M274 M278 M299 | 7:M22 M25 M31 M39 M47 M67 M74 M118 M128 M133 M146 M150 M175 M188 M209 M222 M250 M270 M272 M283 M302 | 8:M14 M24 M30 M64 M73 M89 M107 M123 M144 M152 M181 M189 M198 M211 M231 M240 M244 M256 M266 M275 M281 M300 | 9:M18 M28 M34 M57 M59 M75 M79 M90 M106 M112 M138 M142 M172 M191 M208 M239 M251 M255 M267 M282 M284 M298 | 10:M3 M19 M32 M58 M60 M68 M96 M111 M131 M149 M157 M166 M192 M213 M235 M248 M258 M259 M280 M286 M292 | 11:M2 M16 M41 M50 M72 M108 M114 M121 M127 M139 M158 M163 M187 M196 M212 M232 M252 M254 M268 M277 M285 M291 | 12:M15 M33 M52 M95 M100 M105 M116 M124 M137 M154 M160 M173 M182 M193 M195 M215 M228 M253 M264 M276 M287 M294 | 13:M4 M6 M35 M44 M82 M93 M99 M104 M115 M140 M145 M155 M161 M165 M179 M194 M197 M201 M210 M229 M242 M257 | 14:M7 M11 M43 M62 M77 M97 M102 M113 M136 M159 M174 M183 M186 M204 M216 M237 M243 M290 | 15:M9 M38 M51 M83 M92 M101 M103 M141 M156 M178 M206 M207 M236 M241 M288 | 16:M8 M42 M48 M63 M78 M91 M132 M171 M199 M238 M289 | 17:M10 M40 M49 M86 M98 M109 M167 M205 M225 | 18:M1 M36 M61 M110 M170 M203 M234 | 19:M5 M88 M169 M202 M223 | 20:M46 M162 M200 M230 | 21:M45 M94 M218 | 22:M164 M219,"journal objective family: bg_d2 | F-selected distance-labelled E* domain propagation and cycle detection | precedence configuration: F=distance_closure, P=sparse_suffix, G=direct | Reduced Domain variables after unary filtering + matching GAC + slot saturation | (20),(22)-(27) exactly once over reduced domains | (19) participant atMost-one per slot | (46),(47) clustered table capacity with compact forward channeling | (28) SparseSuffix precedence over direct distance-labelled relations | exact break-group ends and unary break-group thresholds | exact schedule <-> usedSlot channeling | (43) exactly |Mp| reduced usedSlot variables | (44) atMost 2|L| busy participants per slot | (45) exact even number of busy participants | historical hard cap Delta_G <= 2",0,"(0,)",result
,,,,,,,,,forum-14.forb0003,b2b-9f40198b940d15c1,b2b-lineage-forum-14,forbidden,R-SS-DE-ST-BGD2-NIS-CD-IC12P,Reduced,Filter-E*,SparseSuffix,Direct-E,SpanThreshold,BreakGroupsD2,NonIncrementalSAT,IC12+,OPTIMAL,SAT,0,0,bg_d2,0,0,0,,,,,29.222048,False,308.27,,,,Compact,Compact/Reduced,project_implementation,restart-based multi-phase SAT,219073,,,,,,,472173,0,472173,5876,213197,1293316,73,cfg5__m-reduced__p-sparse_suffix__g-direct__b-span_threshold__o-break_groups_d2__s-nonincrementalsat__i-imp12plus__backend-cadical,cfg5__m-reduced__p-sparse_suffix__g-direct__b-span_threshold__o-break_groups_d2__s-nonincrementalsat__i-imp12plus__backend-cadical,reduced,distance_closure,sparse_suffix,direct,NonIncrementalSAT,CaDiCaL,1.5.3,imp12+,span_threshold,total_break_groups_subject_to_range_at_most_2,BGD2,IC12P,1293316,0,0,396,215179,174619,81979,,0,718,7,,,,,,7,36465,73538,182878,144802,27.150159705999613,6,"formalism-specific model size: SAT/MaxSAT reports base CNF and soft clauses, MIP reports variables/linear constraints/nonzeros, and CP reports integer variables plus linear/global constraints; SAT bound/totalizer overhead remains separate in optimizer_added_*",6644,5888,5876,5876,0,0,0,0,0,0,0,2,0.989854,0.003293,1.525921,,1.529215,27.692833,"wall-clock from immediately before reading/parsing the .dzn instance through model construction, optimization, solution decoding, and independent validation; excludes worker-process startup and result-file export",0,0,0,0,0,"0,0,0,0,0,0,0,0,0,0,0,0,0,0,0,0,0,0,0,0,0,0,0,0,0,0,0,0,0,0,0,0,0,0,0,0,0,0,0,0,0,0,0,0,0,0,0,0,0,0,0,0,0,0,0,0,0,0,0,0,0,0,0,0,0,0,0,0,0,0,0,0,0,0,0,0,0,0",peak_process_tree_rss_mb,9f40198b940d15c1288198ac8af360d3679d0c7c34dd44180c705cdcfe9430c4,forb0003,data_table06_forb/forum-14.forb0003.dzn,2,../noves/forum-14.forb0003.dzn | ../noves/ticf-14crafa.forb0003.dzn,2,data_table06_forb/forum-14.forb0003.dzn | data_table06_forb/ticf-14crafa.forb0003.dzn,https://imae.udg.edu/Recerca/LAI/,https://ima.udg.edu/Recerca/lai/b2b/b2b.zip,ee1f440ab3f6db27ab712300ad3a54a31ffd5ec1e06f81a9ac37cb7202c56528,2026-08-10T10:42:19+00:00,7200.0,,ee80a6fbd8b513f7c010668495c39621a371266a,True,3.10.12,1.8.dev25,instance-20260810-085803,Linux-6.8.0-1064-gcp-x86_64-with-glibc2.35,x86_64,4,8,15988.059,1,0,/home/g24021555/Business-Meeting-Scheduling-Problem/.venv/bin/python3 /home/g24021555/Business-Meeting-Scheduling-Problem/src/Main.py --manifest instances_manifest.csv --family forbidden --solver sat_all --objective-mode bg_d2 --domain-mode both --domain-filter-graph both --precedence-encoding both --precedence-graph both --encoding-variant imp12+ --sat-backend cadical --maxsat-backend uwrmaxsat --uwrmaxsat-bin /home/g24021555/uwrmaxsat/build/release/bin/uwrmaxsat --timeout 7200 --csv output/full_matrix_bg_d2_forbidden.csv,,,,,,,,multiple,,cadical,,factorial,sparse_suffix+direct,0,72,"1,2,3,4,5,6,8,9,11,12,14,17,19,20,21,22,23,24,25,26,27,28,29,30,31,32,33,34,35,36,37,38,39,40,41,42,43,44,45,46,47,48,49,50,51,52,53,54,55,56,57,58,59,60,61,62,63,64,65,66,67,68,69,70,71,72,73,74,75,76,77,78",5888,756,12,12,"0,0,0,0,0,0,0,0,0,0,0,0,0,0,0,0,0,0,0,0,0,0,0,0,0,0,0,0,0,0,0,0,0,0,0,0,0,0,0,0,0,0,0,0,0,0,0,0,0,0,0,0,0,0,0,0,0,0,0,0,0,0,0,0,0,0,0,0,0,0,0,0,0,0,0,0,0,0","6,10,14,20,26,32,36,38,42,44,44,44,44,44,42,38,28,22,16,8,4,2","12,8,10,13,11,10,14,15,14,16,13,12,9,10,6,3,11,8,4,5,10,9,8,12,10,11,9,14,11,13,15,12,17,11,13,3,14,4,7,18,8,5,10,11,17,16,6,15,13,7,5,10,8,7,11,12,6,12,13,14,17,15,20,9,17,15,14,18,16,19,17,21,15,14,13,12,14,4,8,6,7,13,19,16,20,11,5,18,8,6,19,16,14,13,8,7,14,15,18,16,17,17,18,13,15,16,11,19,16,13,14,10,9,12,5,10,7,5,12,6,9,2,4,12,5,10,9,4,8,6,7,9,15,18,12,17,8,16,14,7,11,7,6,15,13,9,10,11,12,9,16,18,7,12,17,13,9,9,6,7,8,14,15,12,16,7,2,6,19,20,5,9,10,8,10,6,16,7,5,3,11,8,15,4,13,15,19,12,11,18,14,13,16,17,9,11,10,6,13,15,12,14,17,16,10,11,18,11,17,16,9,13,19,10,14,15,12,2,19,9,16,10,18,4,21,13,22,17,8,15,7,6,5,20,12,11,1,14,3,6,15,13,14,14,7,15,8,10,13,11,12,9,10,12,13,11,9,8,9,8,5,11,7,2,1,6,4,12,10,3,17,18,14,15,16,10,9,11,4,3,8,7,5,13,16,15,14,14,16,15,12,9,6,11,2,7,4,8,3,5,1,10",1:M237 M265 M301 | 2:M122 M167 M218 M264 M295 | 3:M16 M36 M180 M239 M270 M280 M299 | 4:M19 M38 M78 M123 M128 M184 M224 M267 M279 M297 | 5:M20 M42 M51 M87 M115 M118 M125 M171 M179 M233 M261 M283 M300 | 6:M15 M47 M57 M80 M90 M120 M130 M143 M159 M168 M176 M198 M232 M240 M266 M293 | 7:M39 M50 M54 M81 M96 M117 M131 M140 M142 M153 M160 M166 M178 M231 M245 M263 M282 M296 | 8:M2 M18 M23 M41 M53 M79 M89 M95 M129 M137 M161 M174 M182 M229 M247 M258 M260 M281 M298 | 9:M13 M22 M27 M64 M113 M121 M127 M132 M146 M150 M157 M158 M172 M195 M211 M220 M252 M257 M259 M277 M292 | 10:M3 M6 M14 M21 M25 M43 M52 M112 M116 M126 M147 M173 M175 M197 M205 M214 M222 M248 M253 M269 M276 M302 | 11:M5 M17 M26 M29 M34 M44 M55 M86 M107 M141 M148 M181 M189 M196 M206 M208 M236 M250 M256 M262 M278 M294 | 12:M1 M12 M24 M32 M56 M58 M76 M114 M119 M124 M135 M149 M154 M164 M188 M201 M217 M235 M251 M254 M268 M291 | 13:M4 M11 M30 M35 M49 M59 M75 M82 M94 M104 M110 M145 M156 M185 M192 M199 M212 M226 M242 M249 M255 M284 | 14:M7 M9 M28 M37 M60 M67 M74 M77 M93 M97 M111 M139 M162 M191 M202 M215 M238 M243 M244 M273 M287 M288 | 15:M8 M31 M48 M62 M66 M73 M98 M105 M133 M144 M163 M183 M186 M200 M216 M230 M241 M246 M274 M286 M290 | 16:M10 M46 M69 M84 M92 M100 M106 M109 M138 M151 M165 M177 M193 M204 M210 M221 M275 M285 M289 | 17:M33 M45 M61 M65 M71 M101 M102 M136 M155 M194 M203 M209 M228 M271 | 18:M40 M68 M88 M99 M103 M134 M152 M190 M207 M223 M272 | 19:M70 M83 M91 M108 M169 M187 M213 M219 | 20:M63 M85 M170 M234 | 21:M72 M225 | 22:M227,"journal objective family: bg_d2 | F-selected distance-labelled E* domain propagation and cycle detection | precedence configuration: F=distance_closure, P=sparse_suffix, G=direct | Reduced Domain variables after unary filtering + matching GAC + slot saturation | (20),(22)-(27) exactly once over reduced domains | (19) participant atMost-one per slot | (46),(47) clustered table capacity with compact forward channeling | (28) SparseSuffix precedence over direct distance-labelled relations | exact break-group ends and unary break-group thresholds | exact schedule <-> usedSlot channeling | (43) exactly |Mp| reduced usedSlot variables | (44) atMost 2|L| busy participants per slot | (45) exact even number of busy participants | historical hard cap Delta_G <= 2",0,"(0,)",result
,,,,,,,,,forum-14.forb0003,b2b-9f40198b940d15c1,b2b-lineage-forum-14,forbidden,R-SS-DE-ST-BGD2-UW-IC12P,Reduced,Filter-E*,SparseSuffix,Direct-E,SpanThreshold,BreakGroupsD2,UWrMaxSAT,IC12+,OPTIMAL,SAT,0,0,bg_d2,0,0,0,,,0,1,9.273146,False,341.543,,,,Compact,Compact/Reduced,project_implementation,one-shot weighted MaxSAT,219073,,,,,,,472173,718,472891,5876,213197,1294034,73,cfg5__m-reduced__p-sparse_suffix__g-direct__b-span_threshold__o-break_groups_d2__s-uwrmaxsat__i-imp12plus__backend-uwrmaxsat,cfg5__m-reduced__p-sparse_suffix__g-direct__b-span_threshold__o-break_groups_d2__s-uwrmaxsat__i-imp12plus__backend-uwrmaxsat,reduced,distance_closure,sparse_suffix,direct,UWrMaxSAT,UWrMaxSAT,binary-sha256:8c68c8a386d3d7847b50d315143c2bab60e3514e59510e84a649db83cb303876,imp12+,span_threshold,total_break_groups_subject_to_range_at_most_2,BGD2,IC12P,1293316,718,1,396,215179,174619,81979,1,718,718,1,,,,,,0,0,0,0,0,,,"formalism-specific model size: SAT/MaxSAT reports base CNF and soft clauses, MIP reports variables/linear constraints/nonzeros, and CP reports integer variables plus linear/global constraints; SAT bound/totalizer overhead remains separate in optimizer_added_*",6644,5888,5876,5876,0,0,0,0,0,0,0,2,0.982649,0.003147,1.495576,,1.498723,7.774423,"wall-clock from immediately before reading/parsing the .dzn instance through model construction, optimization, solution decoding, and independent validation; excludes worker-process startup and result-file export",0,0,0,0,0,"0,0,0,0,0,0,0,0,0,0,0,0,0,0,0,0,0,0,0,0,0,0,0,0,0,0,0,0,0,0,0,0,0,0,0,0,0,0,0,0,0,0,0,0,0,0,0,0,0,0,0,0,0,0,0,0,0,0,0,0,0,0,0,0,0,0,0,0,0,0,0,0,0,0,0,0,0,0",peak_process_tree_rss_mb,9f40198b940d15c1288198ac8af360d3679d0c7c34dd44180c705cdcfe9430c4,forb0003,data_table06_forb/forum-14.forb0003.dzn,2,../noves/forum-14.forb0003.dzn | ../noves/ticf-14crafa.forb0003.dzn,2,data_table06_forb/forum-14.forb0003.dzn | data_table06_forb/ticf-14crafa.forb0003.dzn,https://imae.udg.edu/Recerca/LAI/,https://ima.udg.edu/Recerca/lai/b2b/b2b.zip,ee1f440ab3f6db27ab712300ad3a54a31ffd5ec1e06f81a9ac37cb7202c56528,2026-08-10T10:42:19+00:00,7200.0,,ee80a6fbd8b513f7c010668495c39621a371266a,True,3.10.12,1.8.dev25,instance-20260810-085803,Linux-6.8.0-1064-gcp-x86_64-with-glibc2.35,x86_64,4,8,15988.059,1,0,/home/g24021555/Business-Meeting-Scheduling-Problem/.venv/bin/python3 /home/g24021555/Business-Meeting-Scheduling-Problem/src/Main.py --manifest instances_manifest.csv --family forbidden --solver sat_all --objective-mode bg_d2 --domain-mode both --domain-filter-graph both --precedence-encoding both --precedence-graph both --encoding-variant imp12+ --sat-backend cadical --maxsat-backend uwrmaxsat --uwrmaxsat-bin /home/g24021555/uwrmaxsat/build/release/bin/uwrmaxsat --timeout 7200 --csv output/full_matrix_bg_d2_forbidden.csv,/home/g24021555/uwrmaxsat/build/release/bin/uwrmaxsat,8c68c8a386d3d7847b50d315143c2bab60e3514e59510e84a649db83cb303876,/home/g24021555/uwrmaxsat/build/release/bin/uwrmaxsat -m /tmp/b2b_uwrmaxsat_ef1fcd_u/forum-14.forb0003.wcnf,,process exit code=30,,,maxsat,uwrmaxsat,,/home/g24021555/uwrmaxsat/build/release/bin/uwrmaxsat,factorial,sparse_suffix+direct,0,72,"1,2,3,4,5,6,8,9,11,12,14,17,19,20,21,22,23,24,25,26,27,28,29,30,31,32,33,34,35,36,37,38,39,40,41,42,43,44,45,46,47,48,49,50,51,52,53,54,55,56,57,58,59,60,61,62,63,64,65,66,67,68,69,70,71,72,73,74,75,76,77,78",5888,756,12,12,"0,0,0,0,0,0,0,0,0,0,0,0,0,0,0,0,0,0,0,0,0,0,0,0,0,0,0,0,0,0,0,0,0,0,0,0,0,0,0,0,0,0,0,0,0,0,0,0,0,0,0,0,0,0,0,0,0,0,0,0,0,0,0,0,0,0,0,0,0,0,0,0,0,0,0,0,0,0","10,12,14,20,22,26,30,36,44,44,44,44,44,42,38,36,32,24,16,14,10,2","18,6,12,13,16,13,21,17,16,18,15,7,8,5,11,9,6,10,12,4,11,15,14,11,10,9,5,9,17,13,11,14,17,13,1,6,8,7,11,16,12,15,9,15,20,18,6,21,9,14,13,12,11,4,8,10,9,10,12,16,18,15,13,11,14,10,16,18,14,15,13,21,19,20,17,9,2,4,8,3,7,15,17,13,16,10,6,19,9,8,15,17,16,11,10,7,16,17,20,14,18,10,12,13,8,11,9,15,15,19,14,12,13,18,10,10,11,7,9,8,12,2,3,3,4,5,6,7,10,8,11,14,16,12,8,7,17,5,15,13,10,9,11,5,9,12,7,8,4,8,16,17,9,19,20,14,13,15,11,14,16,7,16,17,19,12,5,6,4,10,9,13,20,14,9,6,14,12,8,1,2,11,18,3,7,14,20,16,13,15,17,21,19,18,14,10,13,12,13,15,11,9,10,14,16,12,11,12,9,13,5,7,6,14,10,15,8,2,17,6,3,11,20,7,21,15,22,18,10,12,5,9,4,19,14,16,8,13,1,8,16,17,15,14,17,15,11,13,10,12,18,16,9,14,13,10,12,11,8,5,10,9,3,6,1,4,12,7,11,2,13,14,16,17,15,12,6,10,5,4,8,9,7,12,14,11,13,17,19,18,11,8,5,12,2,10,3,7,4,9,1,6",1:M35 M180 M239 M265 M301 | 2:M77 M122 M181 M218 M270 M295 | 3:M80 M123 M124 M184 M221 M263 M297 | 4:M20 M54 M78 M125 M149 M169 M233 M266 M280 M299 | 5:M14 M27 M126 M138 M144 M167 M211 M231 M260 M279 M293 | 6:M2 M17 M36 M47 M87 M127 M168 M176 M213 M220 M264 M277 M302 | 7:M12 M38 M81 M96 M118 M128 M136 M147 M162 M185 M212 M224 M268 M283 M298 | 8:M13 M37 M55 M79 M90 M105 M120 M130 M135 M148 M150 M179 M217 M237 M240 M259 M281 M292 | 9:M16 M26 M28 M43 M49 M57 M76 M89 M107 M119 M142 M145 M153 M171 M175 M202 M209 M232 M253 M262 M282 M300 | 10:M18 M25 M56 M58 M66 M86 M95 M102 M115 M116 M129 M141 M170 M196 M203 M215 M229 M249 M256 M261 M278 M296 | 11:M15 M21 M24 M31 M39 M53 M64 M94 M106 M117 M131 M143 M159 M182 M201 M207 M222 M247 M258 M269 M286 M291 | 12:M3 M19 M41 M52 M59 M103 M112 M121 M134 M146 M166 M178 M198 M206 M208 M230 M250 M257 M267 M276 M284 M294 | 13:M4 M6 M30 M34 M51 M63 M71 M84 M104 M113 M140 M157 M172 M189 M197 M199 M210 M238 M248 M255 M271 M287 | 14:M23 M32 M50 M65 M69 M100 M111 M132 M156 M160 M174 M177 M186 M195 M204 M214 M235 M244 M254 M272 M285 | 15:M11 M22 M42 M44 M62 M70 M82 M91 M108 M109 M139 M158 M190 M200 M216 M226 M243 M246 M275 | 16:M5 M9 M40 M60 M67 M85 M93 M97 M133 M151 M161 M163 M188 M205 M236 M241 M252 M273 | 17:M8 M29 M33 M75 M83 M92 M98 M137 M152 M164 M191 M219 M242 M245 M274 M288 | 18:M1 M10 M46 M61 M68 M101 M114 M183 M194 M228 M251 M290 | 19:M73 M88 M110 M154 M165 M193 M234 M289 | 20:M45 M74 M99 M155 M173 M187 M223 | 21:M7 M48 M72 M192 M225 | 22:M227,"journal objective family: bg_d2 | F-selected distance-labelled E* domain propagation and cycle detection | precedence configuration: F=distance_closure, P=sparse_suffix, G=direct | Reduced Domain variables after unary filtering + matching GAC + slot saturation | (20),(22)-(27) exactly once over reduced domains | (19) participant atMost-one per slot | (46),(47) clustered table capacity with compact forward channeling | (28) SparseSuffix precedence over direct distance-labelled relations | exact break-group ends and unary break-group thresholds | exact schedule <-> usedSlot channeling | (43) exactly |Mp| reduced usedSlot variables | (44) atMost 2|L| busy participants per slot | (45) exact even number of busy participants | historical hard cap Delta_G <= 2",,,result
,,,,,,,,,forum-14.forb0003,b2b-9f40198b940d15c1,b2b-lineage-forum-14,forbidden,R-SS-DC-ST-BGD2-IS-CD-IC12P,Reduced,Filter-E*,SparseSuffix,DistanceClosure-E*,SpanThreshold,BreakGroupsD2,IncrementalSAT,IC12+,OPTIMAL,SAT,0,0,bg_d2,0,0,0,,,,,9.6683,False,277.352,,,,Compact,Compact/Reduced,project_implementation,incremental multi-phase SAT with persistent solver state,219073,,,,,,,472173,0,472173,5876,213197,1293316,73,cfg5__m-reduced__p-sparse_suffix__g-distance_closure__b-span_threshold__o-break_groups_d2__s-incrementalsat__i-imp12plus__backend-cadical,cfg5__m-reduced__p-sparse_suffix__g-distance_closure__b-span_threshold__o-break_groups_d2__s-incrementalsat__i-imp12plus__backend-cadical,reduced,distance_closure,sparse_suffix,distance_closure,IncrementalSAT,CaDiCaL,1.5.3,imp12+,span_threshold,total_break_groups_subject_to_range_at_most_2,BGD2,IC12P,1293316,0,0,396,215179,174619,81979,,0,718,7,,,,,,1,5456,79544,232570,79544,7.662731155000074,6,"formalism-specific model size: SAT/MaxSAT reports base CNF and soft clauses, MIP reports variables/linear constraints/nonzeros, and CP reports integer variables plus linear/global constraints; SAT bound/totalizer overhead remains separate in optimizer_added_*",6644,5888,5876,5876,0,0,0,0,0,0,0,2,0.995752,0.003217,1.50662,,1.509837,8.158463,"wall-clock from immediately before reading/parsing the .dzn instance through model construction, optimization, solution decoding, and independent validation; excludes worker-process startup and result-file export",0,0,0,0,0,"0,0,0,0,0,0,0,0,0,0,0,0,0,0,0,0,0,0,0,0,0,0,0,0,0,0,0,0,0,0,0,0,0,0,0,0,0,0,0,0,0,0,0,0,0,0,0,0,0,0,0,0,0,0,0,0,0,0,0,0,0,0,0,0,0,0,0,0,0,0,0,0,0,0,0,0,0,0",peak_process_tree_rss_mb,9f40198b940d15c1288198ac8af360d3679d0c7c34dd44180c705cdcfe9430c4,forb0003,data_table06_forb/forum-14.forb0003.dzn,2,../noves/forum-14.forb0003.dzn | ../noves/ticf-14crafa.forb0003.dzn,2,data_table06_forb/forum-14.forb0003.dzn | data_table06_forb/ticf-14crafa.forb0003.dzn,https://imae.udg.edu/Recerca/LAI/,https://ima.udg.edu/Recerca/lai/b2b/b2b.zip,ee1f440ab3f6db27ab712300ad3a54a31ffd5ec1e06f81a9ac37cb7202c56528,2026-08-10T10:42:19+00:00,7200.0,,ee80a6fbd8b513f7c010668495c39621a371266a,True,3.10.12,1.8.dev25,instance-20260810-085803,Linux-6.8.0-1064-gcp-x86_64-with-glibc2.35,x86_64,4,8,15988.059,1,0,/home/g24021555/Business-Meeting-Scheduling-Problem/.venv/bin/python3 /home/g24021555/Business-Meeting-Scheduling-Problem/src/Main.py --manifest instances_manifest.csv --family forbidden --solver sat_all --objective-mode bg_d2 --domain-mode both --domain-filter-graph both --precedence-encoding both --precedence-graph both --encoding-variant imp12+ --sat-backend cadical --maxsat-backend uwrmaxsat --uwrmaxsat-bin /home/g24021555/uwrmaxsat/build/release/bin/uwrmaxsat --timeout 7200 --csv output/full_matrix_bg_d2_forbidden.csv,,,,,,,,incremental,,cadical,,staircase,sparse_suffix+distance_closure,0,72,"1,2,3,4,5,6,8,9,11,12,14,17,19,20,21,22,23,24,25,26,27,28,29,30,31,32,33,34,35,36,37,38,39,40,41,42,43,44,45,46,47,48,49,50,51,52,53,54,55,56,57,58,59,60,61,62,63,64,65,66,67,68,69,70,71,72,73,74,75,76,77,78",5888,756,12,12,"0,0,0,0,0,0,0,0,0,0,0,0,0,0,0,0,0,0,0,0,0,0,0,0,0,0,0,0,0,0,0,0,0,0,0,0,0,0,0,0,0,0,0,0,0,0,0,0,0,0,0,0,0,0,0,0,0,0,0,0,0,0,0,0,0,0,0,0,0,0,0,0,0,0,0,0,0,0","14,18,20,28,34,38,42,44,44,42,44,44,44,36,30,22,18,14,10,8,6,4","18,11,10,13,19,13,14,16,15,17,14,3,1,8,12,11,4,9,10,2,4,7,6,8,7,6,5,9,6,8,7,10,12,9,13,18,6,15,7,17,11,16,14,13,21,20,7,16,17,11,15,12,6,5,2,1,9,10,9,10,18,14,16,8,2,5,7,10,5,3,4,11,8,7,9,3,14,16,9,4,6,13,15,1,2,17,5,19,8,9,16,15,13,21,12,10,14,17,13,12,15,14,15,13,12,9,8,11,17,18,10,9,14,11,13,12,2,7,5,3,11,6,8,12,3,5,11,7,4,6,10,16,7,5,6,14,12,9,11,13,15,9,5,8,13,7,6,5,10,7,4,8,5,12,13,15,10,11,14,12,13,20,11,22,13,10,17,4,19,18,16,9,12,14,7,4,2,15,13,3,8,12,14,1,6,14,11,7,8,6,9,10,12,13,12,11,13,8,16,20,13,19,18,14,17,15,15,9,7,13,8,11,10,6,12,14,5,21,22,5,3,7,19,1,17,4,6,12,13,20,8,11,2,18,10,15,14,16,9,8,15,13,14,8,6,3,4,10,5,7,9,11,12,11,9,8,13,10,10,4,2,3,5,12,1,8,9,11,6,7,4,7,5,6,8,12,11,6,4,10,8,9,7,9,11,10,12,15,16,14,11,10,4,12,1,5,2,9,6,8,3,7",1:M13 M56 M84 M184 M224 M265 M295 | 2:M20 M55 M65 M85 M117 M177 M233 M261 M297 | 3:M12 M70 M76 M120 M125 M180 M221 M246 M262 M301 | 4:M17 M21 M71 M80 M129 M151 M168 M176 M226 M247 M260 M271 M279 M293 | 5:M27 M54 M66 M69 M87 M119 M126 M134 M143 M148 M153 M217 M220 M249 M263 M273 M296 | 6:M23 M26 M29 M37 M53 M81 M122 M130 M135 M147 M185 M190 M214 M227 M245 M269 M274 M278 M299 | 7:M22 M25 M31 M39 M47 M67 M74 M118 M128 M133 M146 M150 M175 M188 M209 M222 M250 M270 M272 M283 M302 | 8:M14 M24 M30 M64 M73 M89 M107 M123 M144 M152 M181 M189 M198 M211 M231 M240 M244 M256 M266 M275 M281 M300 | 9:M18 M28 M34 M57 M59 M75 M79 M90 M106 M112 M138 M142 M172 M191 M208 M239 M251 M255 M267 M282 M284 M298 | 10:M3 M19 M32 M58 M60 M68 M96 M111 M131 M149 M157 M166 M192 M213 M235 M248 M258 M259 M280 M286 M292 | 11:M2 M16 M41 M50 M72 M108 M114 M121 M127 M139 M158 M163 M187 M196 M212 M232 M252 M254 M268 M277 M285 M291 | 12:M15 M33 M52 M95 M100 M105 M116 M124 M137 M154 M160 M173 M182 M193 M195 M215 M228 M253 M264 M276 M287 M294 | 13:M4 M6 M35 M44 M82 M93 M99 M104 M115 M140 M145 M155 M161 M165 M179 M194 M197 M201 M210 M229 M242 M257 | 14:M7 M11 M43 M62 M77 M97 M102 M113 M136 M159 M174 M183 M186 M204 M216 M237 M243 M290 | 15:M9 M38 M51 M83 M92 M101 M103 M141 M156 M178 M206 M207 M236 M241 M288 | 16:M8 M42 M48 M63 M78 M91 M132 M171 M199 M238 M289 | 17:M10 M40 M49 M86 M98 M109 M167 M205 M225 | 18:M1 M36 M61 M110 M170 M203 M234 | 19:M5 M88 M169 M202 M223 | 20:M46 M162 M200 M230 | 21:M45 M94 M218 | 22:M164 M219,"journal objective family: bg_d2 | F-selected distance-labelled E* domain propagation and cycle detection | precedence configuration: F=distance_closure, P=sparse_suffix, G=distance_closure | Reduced Domain variables after unary filtering + matching GAC + slot saturation | (20),(22)-(27) exactly once over reduced domains | (19) participant atMost-one per slot | (46),(47) clustered table capacity with compact forward channeling | (28) SparseSuffix precedence over distance_closure distance-labelled relations | exact break-group ends and unary break-group thresholds | exact schedule <-> usedSlot channeling | (43) exactly |Mp| reduced usedSlot variables | (44) atMost 2|L| busy participants per slot | (45) exact even number of busy participants | historical hard cap Delta_G <= 2",0,"(0,)",result
,,,,,,,,,forum-14.forb0003,b2b-9f40198b940d15c1,b2b-lineage-forum-14,forbidden,R-SS-DC-ST-BGD2-NIS-CD-IC12P,Reduced,Filter-E*,SparseSuffix,DistanceClosure-E*,SpanThreshold,BreakGroupsD2,NonIncrementalSAT,IC12+,OPTIMAL,SAT,0,0,bg_d2,0,0,0,,,,,28.96681,False,308.102,,,,Compact,Compact/Reduced,project_implementation,restart-based multi-phase SAT,219073,,,,,,,472173,0,472173,5876,213197,1293316,73,cfg5__m-reduced__p-sparse_suffix__g-distance_closure__b-span_threshold__o-break_groups_d2__s-nonincrementalsat__i-imp12plus__backend-cadical,cfg5__m-reduced__p-sparse_suffix__g-distance_closure__b-span_threshold__o-break_groups_d2__s-nonincrementalsat__i-imp12plus__backend-cadical,reduced,distance_closure,sparse_suffix,distance_closure,NonIncrementalSAT,CaDiCaL,1.5.3,imp12+,span_threshold,total_break_groups_subject_to_range_at_most_2,BGD2,IC12P,1293316,0,0,396,215179,174619,81979,,0,718,7,,,,,,7,36465,73538,182878,144802,26.947190951000266,6,"formalism-specific model size: SAT/MaxSAT reports base CNF and soft clauses, MIP reports variables/linear constraints/nonzeros, and CP reports integer variables plus linear/global constraints; SAT bound/totalizer overhead remains separate in optimizer_added_*",6644,5888,5876,5876,0,0,0,0,0,0,0,2,0.989671,0.00317,1.500958,,1.504128,27.462682,"wall-clock from immediately before reading/parsing the .dzn instance through model construction, optimization, solution decoding, and independent validation; excludes worker-process startup and result-file export",0,0,0,0,0,"0,0,0,0,0,0,0,0,0,0,0,0,0,0,0,0,0,0,0,0,0,0,0,0,0,0,0,0,0,0,0,0,0,0,0,0,0,0,0,0,0,0,0,0,0,0,0,0,0,0,0,0,0,0,0,0,0,0,0,0,0,0,0,0,0,0,0,0,0,0,0,0,0,0,0,0,0,0",peak_process_tree_rss_mb,9f40198b940d15c1288198ac8af360d3679d0c7c34dd44180c705cdcfe9430c4,forb0003,data_table06_forb/forum-14.forb0003.dzn,2,../noves/forum-14.forb0003.dzn | ../noves/ticf-14crafa.forb0003.dzn,2,data_table06_forb/forum-14.forb0003.dzn | data_table06_forb/ticf-14crafa.forb0003.dzn,https://imae.udg.edu/Recerca/LAI/,https://ima.udg.edu/Recerca/lai/b2b/b2b.zip,ee1f440ab3f6db27ab712300ad3a54a31ffd5ec1e06f81a9ac37cb7202c56528,2026-08-10T10:42:19+00:00,7200.0,,ee80a6fbd8b513f7c010668495c39621a371266a,True,3.10.12,1.8.dev25,instance-20260810-085803,Linux-6.8.0-1064-gcp-x86_64-with-glibc2.35,x86_64,4,8,15988.059,1,0,/home/g24021555/Business-Meeting-Scheduling-Problem/.venv/bin/python3 /home/g24021555/Business-Meeting-Scheduling-Problem/src/Main.py --manifest instances_manifest.csv --family forbidden --solver sat_all --objective-mode bg_d2 --domain-mode both --domain-filter-graph both --precedence-encoding both --precedence-graph both --encoding-variant imp12+ --sat-backend cadical --maxsat-backend uwrmaxsat --uwrmaxsat-bin /home/g24021555/uwrmaxsat/build/release/bin/uwrmaxsat --timeout 7200 --csv output/full_matrix_bg_d2_forbidden.csv,,,,,,,,multiple,,cadical,,staircase,sparse_suffix+distance_closure,0,72,"1,2,3,4,5,6,8,9,11,12,14,17,19,20,21,22,23,24,25,26,27,28,29,30,31,32,33,34,35,36,37,38,39,40,41,42,43,44,45,46,47,48,49,50,51,52,53,54,55,56,57,58,59,60,61,62,63,64,65,66,67,68,69,70,71,72,73,74,75,76,77,78",5888,756,12,12,"0,0,0,0,0,0,0,0,0,0,0,0,0,0,0,0,0,0,0,0,0,0,0,0,0,0,0,0,0,0,0,0,0,0,0,0,0,0,0,0,0,0,0,0,0,0,0,0,0,0,0,0,0,0,0,0,0,0,0,0,0,0,0,0,0,0,0,0,0,0,0,0,0,0,0,0,0,0","6,10,14,20,26,32,36,38,42,44,44,44,44,44,42,38,28,22,16,8,4,2","12,8,10,13,11,10,14,15,14,16,13,12,9,10,6,3,11,8,4,5,10,9,8,12,10,11,9,14,11,13,15,12,17,11,13,3,14,4,7,18,8,5,10,11,17,16,6,15,13,7,5,10,8,7,11,12,6,12,13,14,17,15,20,9,17,15,14,18,16,19,17,21,15,14,13,12,14,4,8,6,7,13,19,16,20,11,5,18,8,6,19,16,14,13,8,7,14,15,18,16,17,17,18,13,15,16,11,19,16,13,14,10,9,12,5,10,7,5,12,6,9,2,4,12,5,10,9,4,8,6,7,9,15,18,12,17,8,16,14,7,11,7,6,15,13,9,10,11,12,9,16,18,7,12,17,13,9,9,6,7,8,14,15,12,16,7,2,6,19,20,5,9,10,8,10,6,16,7,5,3,11,8,15,4,13,15,19,12,11,18,14,13,16,17,9,11,10,6,13,15,12,14,17,16,10,11,18,11,17,16,9,13,19,10,14,15,12,2,19,9,16,10,18,4,21,13,22,17,8,15,7,6,5,20,12,11,1,14,3,6,15,13,14,14,7,15,8,10,13,11,12,9,10,12,13,11,9,8,9,8,5,11,7,2,1,6,4,12,10,3,17,18,14,15,16,10,9,11,4,3,8,7,5,13,16,15,14,14,16,15,12,9,6,11,2,7,4,8,3,5,1,10",1:M237 M265 M301 | 2:M122 M167 M218 M264 M295 | 3:M16 M36 M180 M239 M270 M280 M299 | 4:M19 M38 M78 M123 M128 M184 M224 M267 M279 M297 | 5:M20 M42 M51 M87 M115 M118 M125 M171 M179 M233 M261 M283 M300 | 6:M15 M47 M57 M80 M90 M120 M130 M143 M159 M168 M176 M198 M232 M240 M266 M293 | 7:M39 M50 M54 M81 M96 M117 M131 M140 M142 M153 M160 M166 M178 M231 M245 M263 M282 M296 | 8:M2 M18 M23 M41 M53 M79 M89 M95 M129 M137 M161 M174 M182 M229 M247 M258 M260 M281 M298 | 9:M13 M22 M27 M64 M113 M121 M127 M132 M146 M150 M157 M158 M172 M195 M211 M220 M252 M257 M259 M277 M292 | 10:M3 M6 M14 M21 M25 M43 M52 M112 M116 M126 M147 M173 M175 M197 M205 M214 M222 M248 M253 M269 M276 M302 | 11:M5 M17 M26 M29 M34 M44 M55 M86 M107 M141 M148 M181 M189 M196 M206 M208 M236 M250 M256 M262 M278 M294 | 12:M1 M12 M24 M32 M56 M58 M76 M114 M119 M124 M135 M149 M154 M164 M188 M201 M217 M235 M251 M254 M268 M291 | 13:M4 M11 M30 M35 M49 M59 M75 M82 M94 M104 M110 M145 M156 M185 M192 M199 M212 M226 M242 M249 M255 M284 | 14:M7 M9 M28 M37 M60 M67 M74 M77 M93 M97 M111 M139 M162 M191 M202 M215 M238 M243 M244 M273 M287 M288 | 15:M8 M31 M48 M62 M66 M73 M98 M105 M133 M144 M163 M183 M186 M200 M216 M230 M241 M246 M274 M286 M290 | 16:M10 M46 M69 M84 M92 M100 M106 M109 M138 M151 M165 M177 M193 M204 M210 M221 M275 M285 M289 | 17:M33 M45 M61 M65 M71 M101 M102 M136 M155 M194 M203 M209 M228 M271 | 18:M40 M68 M88 M99 M103 M134 M152 M190 M207 M223 M272 | 19:M70 M83 M91 M108 M169 M187 M213 M219 | 20:M63 M85 M170 M234 | 21:M72 M225 | 22:M227,"journal objective family: bg_d2 | F-selected distance-labelled E* domain propagation and cycle detection | precedence configuration: F=distance_closure, P=sparse_suffix, G=distance_closure | Reduced Domain variables after unary filtering + matching GAC + slot saturation | (20),(22)-(27) exactly once over reduced domains | (19) participant atMost-one per slot | (46),(47) clustered table capacity with compact forward channeling | (28) SparseSuffix precedence over distance_closure distance-labelled relations | exact break-group ends and unary break-group thresholds | exact schedule <-> usedSlot channeling | (43) exactly |Mp| reduced usedSlot variables | (44) atMost 2|L| busy participants per slot | (45) exact even number of busy participants | historical hard cap Delta_G <= 2",0,"(0,)",result
,,,,,,,,,forum-14.forb0003,b2b-9f40198b940d15c1,b2b-lineage-forum-14,forbidden,R-SS-DC-ST-BGD2-UW-IC12P,Reduced,Filter-E*,SparseSuffix,DistanceClosure-E*,SpanThreshold,BreakGroupsD2,UWrMaxSAT,IC12+,OPTIMAL,SAT,0,0,bg_d2,0,0,0,,,0,1,9.565302,False,341.555,,,,Compact,Compact/Reduced,project_implementation,one-shot weighted MaxSAT,219073,,,,,,,472173,718,472891,5876,213197,1294034,73,cfg5__m-reduced__p-sparse_suffix__g-distance_closure__b-span_threshold__o-break_groups_d2__s-uwrmaxsat__i-imp12plus__backend-uwrmaxsat,cfg5__m-reduced__p-sparse_suffix__g-distance_closure__b-span_threshold__o-break_groups_d2__s-uwrmaxsat__i-imp12plus__backend-uwrmaxsat,reduced,distance_closure,sparse_suffix,distance_closure,UWrMaxSAT,UWrMaxSAT,binary-sha256:8c68c8a386d3d7847b50d315143c2bab60e3514e59510e84a649db83cb303876,imp12+,span_threshold,total_break_groups_subject_to_range_at_most_2,BGD2,IC12P,1293316,718,1,396,215179,174619,81979,1,718,718,1,,,,,,0,0,0,0,0,,,"formalism-specific model size: SAT/MaxSAT reports base CNF and soft clauses, MIP reports variables/linear constraints/nonzeros, and CP reports integer variables plus linear/global constraints; SAT bound/totalizer overhead remains separate in optimizer_added_*",6644,5888,5876,5876,0,0,0,0,0,0,0,2,1.009855,0.003733,1.544297,,1.54803,8.017272,"wall-clock from immediately before reading/parsing the .dzn instance through model construction, optimization, solution decoding, and independent validation; excludes worker-process startup and result-file export",0,0,0,0,0,"0,0,0,0,0,0,0,0,0,0,0,0,0,0,0,0,0,0,0,0,0,0,0,0,0,0,0,0,0,0,0,0,0,0,0,0,0,0,0,0,0,0,0,0,0,0,0,0,0,0,0,0,0,0,0,0,0,0,0,0,0,0,0,0,0,0,0,0,0,0,0,0,0,0,0,0,0,0",peak_process_tree_rss_mb,9f40198b940d15c1288198ac8af360d3679d0c7c34dd44180c705cdcfe9430c4,forb0003,data_table06_forb/forum-14.forb0003.dzn,2,../noves/forum-14.forb0003.dzn | ../noves/ticf-14crafa.forb0003.dzn,2,data_table06_forb/forum-14.forb0003.dzn | data_table06_forb/ticf-14crafa.forb0003.dzn,https://imae.udg.edu/Recerca/LAI/,https://ima.udg.edu/Recerca/lai/b2b/b2b.zip,ee1f440ab3f6db27ab712300ad3a54a31ffd5ec1e06f81a9ac37cb7202c56528,2026-08-10T10:42:19+00:00,7200.0,,ee80a6fbd8b513f7c010668495c39621a371266a,True,3.10.12,1.8.dev25,instance-20260810-085803,Linux-6.8.0-1064-gcp-x86_64-with-glibc2.35,x86_64,4,8,15988.059,1,0,/home/g24021555/Business-Meeting-Scheduling-Problem/.venv/bin/python3 /home/g24021555/Business-Meeting-Scheduling-Problem/src/Main.py --manifest instances_manifest.csv --family forbidden --solver sat_all --objective-mode bg_d2 --domain-mode both --domain-filter-graph both --precedence-encoding both --precedence-graph both --encoding-variant imp12+ --sat-backend cadical --maxsat-backend uwrmaxsat --uwrmaxsat-bin /home/g24021555/uwrmaxsat/build/release/bin/uwrmaxsat --timeout 7200 --csv output/full_matrix_bg_d2_forbidden.csv,/home/g24021555/uwrmaxsat/build/release/bin/uwrmaxsat,8c68c8a386d3d7847b50d315143c2bab60e3514e59510e84a649db83cb303876,/home/g24021555/uwrmaxsat/build/release/bin/uwrmaxsat -m /tmp/b2b_uwrmaxsat_naez2yvb/forum-14.forb0003.wcnf,,process exit code=30,,,maxsat,uwrmaxsat,,/home/g24021555/uwrmaxsat/build/release/bin/uwrmaxsat,staircase,sparse_suffix+distance_closure,0,72,"1,2,3,4,5,6,8,9,11,12,14,17,19,20,21,22,23,24,25,26,27,28,29,30,31,32,33,34,35,36,37,38,39,40,41,42,43,44,45,46,47,48,49,50,51,52,53,54,55,56,57,58,59,60,61,62,63,64,65,66,67,68,69,70,71,72,73,74,75,76,77,78",5888,756,12,12,"0,0,0,0,0,0,0,0,0,0,0,0,0,0,0,0,0,0,0,0,0,0,0,0,0,0,0,0,0,0,0,0,0,0,0,0,0,0,0,0,0,0,0,0,0,0,0,0,0,0,0,0,0,0,0,0,0,0,0,0,0,0,0,0,0,0,0,0,0,0,0,0,0,0,0,0,0,0","10,12,14,20,22,26,30,36,44,44,44,44,44,42,38,36,32,24,16,14,10,2","18,6,12,13,16,13,21,17,16,18,15,7,8,5,11,9,6,10,12,4,11,15,14,11,10,9,5,9,17,13,11,14,17,13,1,6,8,7,11,16,12,15,9,15,20,18,6,21,9,14,13,12,11,4,8,10,9,10,12,16,18,15,13,11,14,10,16,18,14,15,13,21,19,20,17,9,2,4,8,3,7,15,17,13,16,10,6,19,9,8,15,17,16,11,10,7,16,17,20,14,18,10,12,13,8,11,9,15,15,19,14,12,13,18,10,10,11,7,9,8,12,2,3,3,4,5,6,7,10,8,11,14,16,12,8,7,17,5,15,13,10,9,11,5,9,12,7,8,4,8,16,17,9,19,20,14,13,15,11,14,16,7,16,17,19,12,5,6,4,10,9,13,20,14,9,6,14,12,8,1,2,11,18,3,7,14,20,16,13,15,17,21,19,18,14,10,13,12,13,15,11,9,10,14,16,12,11,12,9,13,5,7,6,14,10,15,8,2,17,6,3,11,20,7,21,15,22,18,10,12,5,9,4,19,14,16,8,13,1,8,16,17,15,14,17,15,11,13,10,12,18,16,9,14,13,10,12,11,8,5,10,9,3,6,1,4,12,7,11,2,13,14,16,17,15,12,6,10,5,4,8,9,7,12,14,11,13,17,19,18,11,8,5,12,2,10,3,7,4,9,1,6",1:M35 M180 M239 M265 M301 | 2:M77 M122 M181 M218 M270 M295 | 3:M80 M123 M124 M184 M221 M263 M297 | 4:M20 M54 M78 M125 M149 M169 M233 M266 M280 M299 | 5:M14 M27 M126 M138 M144 M167 M211 M231 M260 M279 M293 | 6:M2 M17 M36 M47 M87 M127 M168 M176 M213 M220 M264 M277 M302 | 7:M12 M38 M81 M96 M118 M128 M136 M147 M162 M185 M212 M224 M268 M283 M298 | 8:M13 M37 M55 M79 M90 M105 M120 M130 M135 M148 M150 M179 M217 M237 M240 M259 M281 M292 | 9:M16 M26 M28 M43 M49 M57 M76 M89 M107 M119 M142 M145 M153 M171 M175 M202 M209 M232 M253 M262 M282 M300 | 10:M18 M25 M56 M58 M66 M86 M95 M102 M115 M116 M129 M141 M170 M196 M203 M215 M229 M249 M256 M261 M278 M296 | 11:M15 M21 M24 M31 M39 M53 M64 M94 M106 M117 M131 M143 M159 M182 M201 M207 M222 M247 M258 M269 M286 M291 | 12:M3 M19 M41 M52 M59 M103 M112 M121 M134 M146 M166 M178 M198 M206 M208 M230 M250 M257 M267 M276 M284 M294 | 13:M4 M6 M30 M34 M51 M63 M71 M84 M104 M113 M140 M157 M172 M189 M197 M199 M210 M238 M248 M255 M271 M287 | 14:M23 M32 M50 M65 M69 M100 M111 M132 M156 M160 M174 M177 M186 M195 M204 M214 M235 M244 M254 M272 M285 | 15:M11 M22 M42 M44 M62 M70 M82 M91 M108 M109 M139 M158 M190 M200 M216 M226 M243 M246 M275 | 16:M5 M9 M40 M60 M67 M85 M93 M97 M133 M151 M161 M163 M188 M205 M236 M241 M252 M273 | 17:M8 M29 M33 M75 M83 M92 M98 M137 M152 M164 M191 M219 M242 M245 M274 M288 | 18:M1 M10 M46 M61 M68 M101 M114 M183 M194 M228 M251 M290 | 19:M73 M88 M110 M154 M165 M193 M234 M289 | 20:M45 M74 M99 M155 M173 M187 M223 | 21:M7 M48 M72 M192 M225 | 22:M227,"journal objective family: bg_d2 | F-selected distance-labelled E* domain propagation and cycle detection | precedence configuration: F=distance_closure, P=sparse_suffix, G=distance_closure | Reduced Domain variables after unary filtering + matching GAC + slot saturation | (20),(22)-(27) exactly once over reduced domains | (19) participant atMost-one per slot | (46),(47) clustered table capacity with compact forward channeling | (28) SparseSuffix precedence over distance_closure distance-labelled relations | exact break-group ends and unary break-group thresholds | exact schedule <-> usedSlot channeling | (43) exactly |Mp| reduced usedSlot variables | (44) atMost 2|L| busy participants per slot | (45) exact even number of busy participants | historical hard cap Delta_G <= 2",,,result
,,,,,,,,,forum-14.forb0007,b2b-ae5d9496030cf4c6,b2b-lineage-forum-14,forbidden,F-PW-DE-ST-BGD2-IS-CD-IC12P,Full,Filter-E*,Pairwise,Direct-E,SpanThreshold,BreakGroupsD2,IncrementalSAT,IC12+,UNSAT,UNSAT,,,bg_d2,,,,,,,,1.151887,False,168.379,,,,Compact,Compact/Full,project_implementation,incremental multi-phase SAT with persistent solver state,225960,,,,,,,499824,0,499824,6644,219316,1362190,73,cfg5__m-full__p-pairwise__g-direct__b-span_threshold__o-break_groups_d2__s-incrementalsat__i-imp12plus__backend-cadical,cfg5__m-full__p-pairwise__g-direct__b-span_threshold__o-break_groups_d2__s-incrementalsat__i-imp12plus__backend-cadical,full,distance_closure,pairwise,direct,IncrementalSAT,CaDiCaL,1.5.3,imp12+,span_threshold,total_break_groups_subject_to_range_at_most_2,BGD2,IC12P,1362190,0,0,1211,232812,180227,85574,,0,720,1,,,,,,0,0,0,0,0,,,"formalism-specific model size: SAT/MaxSAT reports base CNF and soft clauses, MIP reports variables/linear constraints/nonzeros, and CP reports integer variables plus linear/global constraints; SAT bound/totalizer overhead remains separate in optimizer_added_*",6644,5819,5798,6644,0,0,0,0,0,0,0,1,0.409225,0.003148,0.972094,,0.975241,0.176646,"wall-clock from immediately before reading/parsing the .dzn instance through model construction, optimization, solution decoding, and independent validation; excludes worker-process startup and result-file export",,,,,,,peak_process_tree_rss_mb,ae5d9496030cf4c6b1ac6debe184b053977ae4588fefb961961e65a1c2e9e092,forb0007,data_table06_forb/forum-14.forb0007.dzn,2,../noves/forum-14.forb0007.dzn | ../noves/ticf-14crafa.forb0007.dzn,2,data_table06_forb/forum-14.forb0007.dzn | data_table06_forb/ticf-14crafa.forb0007.dzn,https://imae.udg.edu/Recerca/LAI/,https://ima.udg.edu/Recerca/lai/b2b/b2b.zip,ee1f440ab3f6db27ab712300ad3a54a31ffd5ec1e06f81a9ac37cb7202c56528,2026-08-10T10:42:19+00:00,7200.0,,ee80a6fbd8b513f7c010668495c39621a371266a,True,3.10.12,1.8.dev25,instance-20260810-085803,Linux-6.8.0-1064-gcp-x86_64-with-glibc2.35,x86_64,4,8,15988.059,1,0,/home/g24021555/Business-Meeting-Scheduling-Problem/.venv/bin/python3 /home/g24021555/Business-Meeting-Scheduling-Problem/src/Main.py --manifest instances_manifest.csv --family forbidden --solver sat_all --objective-mode bg_d2 --domain-mode both --domain-filter-graph both --precedence-encoding both --precedence-graph both --encoding-variant imp12+ --sat-backend cadical --maxsat-backend uwrmaxsat --uwrmaxsat-bin /home/g24021555/uwrmaxsat/build/release/bin/uwrmaxsat --timeout 7200 --csv output/full_matrix_bg_d2_forbidden.csv,,,,,,,,incremental,,cadical,,traditional,pairwise+direct,,72,"1,2,3,4,5,6,8,9,11,12,14,17,19,20,21,22,23,24,25,26,27,28,29,30,31,32,33,34,35,36,37,38,39,40,41,42,43,44,45,46,47,48,49,50,51,52,53,54,55,56,57,58,59,60,61,62,63,64,65,66,67,68,69,70,71,72,73,74,75,76,77,78",5819,825,21,21,,,,,"journal objective family: bg_d2 | F-selected distance-labelled E* domain propagation and cycle detection | precedence configuration: F=distance_closure, P=pairwise, G=direct | Full Domain MxT schedule variables + explicit unary exclusions | (20),(22)-(27) exactly once over full domains | (22)-(27) session/fixed/forbidden exclusions as hard unit clauses | (19) participant atMost-one per slot | (46),(47) clustered table capacity with compact forward channeling | (28) Pairwise precedence over direct distance-labelled relations | exact break-group ends and unary break-group thresholds | exact schedule <-> usedSlot channeling | (43) exactly |Mp| full usedSlot variables | (44) atMost 2|L| busy participants per slot | (45) exact even number of busy participants | historical hard cap Delta_G <= 2",,,result
,,,,,,,,,forum-14.forb0007,b2b-ae5d9496030cf4c6,b2b-lineage-forum-14,forbidden,F-PW-DE-ST-BGD2-NIS-CD-IC12P,Full,Filter-E*,Pairwise,Direct-E,SpanThreshold,BreakGroupsD2,NonIncrementalSAT,IC12+,UNSAT,UNSAT,,,bg_d2,,,,,,,,1.162606,False,168.293,,,,Compact,Compact/Full,project_implementation,restart-based multi-phase SAT,225960,,,,,,,499824,0,499824,6644,219316,1362190,73,cfg5__m-full__p-pairwise__g-direct__b-span_threshold__o-break_groups_d2__s-nonincrementalsat__i-imp12plus__backend-cadical,cfg5__m-full__p-pairwise__g-direct__b-span_threshold__o-break_groups_d2__s-nonincrementalsat__i-imp12plus__backend-cadical,full,distance_closure,pairwise,direct,NonIncrementalSAT,CaDiCaL,1.5.3,imp12+,span_threshold,total_break_groups_subject_to_range_at_most_2,BGD2,IC12P,1362190,0,0,1211,232812,180227,85574,,0,720,1,,,,,,0,0,0,0,0,,,"formalism-specific model size: SAT/MaxSAT reports base CNF and soft clauses, MIP reports variables/linear constraints/nonzeros, and CP reports integer variables plus linear/global constraints; SAT bound/totalizer overhead remains separate in optimizer_added_*",6644,5819,5798,6644,0,0,0,0,0,0,0,1,0.400889,0.003649,0.977684,,0.981333,0.181273,"wall-clock from immediately before reading/parsing the .dzn instance through model construction, optimization, solution decoding, and independent validation; excludes worker-process startup and result-file export",,,,,,,peak_process_tree_rss_mb,ae5d9496030cf4c6b1ac6debe184b053977ae4588fefb961961e65a1c2e9e092,forb0007,data_table06_forb/forum-14.forb0007.dzn,2,../noves/forum-14.forb0007.dzn | ../noves/ticf-14crafa.forb0007.dzn,2,data_table06_forb/forum-14.forb0007.dzn | data_table06_forb/ticf-14crafa.forb0007.dzn,https://imae.udg.edu/Recerca/LAI/,https://ima.udg.edu/Recerca/lai/b2b/b2b.zip,ee1f440ab3f6db27ab712300ad3a54a31ffd5ec1e06f81a9ac37cb7202c56528,2026-08-10T10:42:19+00:00,7200.0,,ee80a6fbd8b513f7c010668495c39621a371266a,True,3.10.12,1.8.dev25,instance-20260810-085803,Linux-6.8.0-1064-gcp-x86_64-with-glibc2.35,x86_64,4,8,15988.059,1,0,/home/g24021555/Business-Meeting-Scheduling-Problem/.venv/bin/python3 /home/g24021555/Business-Meeting-Scheduling-Problem/src/Main.py --manifest instances_manifest.csv --family forbidden --solver sat_all --objective-mode bg_d2 --domain-mode both --domain-filter-graph both --precedence-encoding both --precedence-graph both --encoding-variant imp12+ --sat-backend cadical --maxsat-backend uwrmaxsat --uwrmaxsat-bin /home/g24021555/uwrmaxsat/build/release/bin/uwrmaxsat --timeout 7200 --csv output/full_matrix_bg_d2_forbidden.csv,,,,,,,,multiple,,cadical,,traditional,pairwise+direct,,72,"1,2,3,4,5,6,8,9,11,12,14,17,19,20,21,22,23,24,25,26,27,28,29,30,31,32,33,34,35,36,37,38,39,40,41,42,43,44,45,46,47,48,49,50,51,52,53,54,55,56,57,58,59,60,61,62,63,64,65,66,67,68,69,70,71,72,73,74,75,76,77,78",5819,825,21,21,,,,,"journal objective family: bg_d2 | F-selected distance-labelled E* domain propagation and cycle detection | precedence configuration: F=distance_closure, P=pairwise, G=direct | Full Domain MxT schedule variables + explicit unary exclusions | (20),(22)-(27) exactly once over full domains | (22)-(27) session/fixed/forbidden exclusions as hard unit clauses | (19) participant atMost-one per slot | (46),(47) clustered table capacity with compact forward channeling | (28) Pairwise precedence over direct distance-labelled relations | exact break-group ends and unary break-group thresholds | exact schedule <-> usedSlot channeling | (43) exactly |Mp| full usedSlot variables | (44) atMost 2|L| busy participants per slot | (45) exact even number of busy participants | historical hard cap Delta_G <= 2",,,result
,,,,,,,,,forum-14.forb0007,b2b-ae5d9496030cf4c6,b2b-lineage-forum-14,forbidden,F-PW-DE-ST-BGD2-UW-IC12P,Full,Filter-E*,Pairwise,Direct-E,SpanThreshold,BreakGroupsD2,UWrMaxSAT,IC12+,UNSAT,UNSAT,,,bg_d2,,,,,,,1,2.129023,False,243.098,,,,Compact,Compact/Full,project_implementation,one-shot weighted MaxSAT,225960,,,,,,,499824,720,500544,6644,219316,1362910,73,cfg5__m-full__p-pairwise__g-direct__b-span_threshold__o-break_groups_d2__s-uwrmaxsat__i-imp12plus__backend-uwrmaxsat,cfg5__m-full__p-pairwise__g-direct__b-span_threshold__o-break_groups_d2__s-uwrmaxsat__i-imp12plus__backend-uwrmaxsat,full,distance_closure,pairwise,direct,UWrMaxSAT,UWrMaxSAT,binary-sha256:8c68c8a386d3d7847b50d315143c2bab60e3514e59510e84a649db83cb303876,imp12+,span_threshold,total_break_groups_subject_to_range_at_most_2,BGD2,IC12P,1362190,720,1,1211,232812,180227,85574,1,720,720,1,,,,,,0,0,0,0,0,,,"formalism-specific model size: SAT/MaxSAT reports base CNF and soft clauses, MIP reports variables/linear constraints/nonzeros, and CP reports integer variables plus linear/global constraints; SAT bound/totalizer overhead remains separate in optimizer_added_*",6644,5819,5798,6644,0,0,0,0,0,0,0,1,0.402542,0.003199,0.984497,,0.987696,1.141327,"wall-clock from immediately before reading/parsing the .dzn instance through model construction, optimization, solution decoding, and independent validation; excludes worker-process startup and result-file export",,,,,,,peak_process_tree_rss_mb,ae5d9496030cf4c6b1ac6debe184b053977ae4588fefb961961e65a1c2e9e092,forb0007,data_table06_forb/forum-14.forb0007.dzn,2,../noves/forum-14.forb0007.dzn | ../noves/ticf-14crafa.forb0007.dzn,2,data_table06_forb/forum-14.forb0007.dzn | data_table06_forb/ticf-14crafa.forb0007.dzn,https://imae.udg.edu/Recerca/LAI/,https://ima.udg.edu/Recerca/lai/b2b/b2b.zip,ee1f440ab3f6db27ab712300ad3a54a31ffd5ec1e06f81a9ac37cb7202c56528,2026-08-10T10:42:19+00:00,7200.0,,ee80a6fbd8b513f7c010668495c39621a371266a,True,3.10.12,1.8.dev25,instance-20260810-085803,Linux-6.8.0-1064-gcp-x86_64-with-glibc2.35,x86_64,4,8,15988.059,1,0,/home/g24021555/Business-Meeting-Scheduling-Problem/.venv/bin/python3 /home/g24021555/Business-Meeting-Scheduling-Problem/src/Main.py --manifest instances_manifest.csv --family forbidden --solver sat_all --objective-mode bg_d2 --domain-mode both --domain-filter-graph both --precedence-encoding both --precedence-graph both --encoding-variant imp12+ --sat-backend cadical --maxsat-backend uwrmaxsat --uwrmaxsat-bin /home/g24021555/uwrmaxsat/build/release/bin/uwrmaxsat --timeout 7200 --csv output/full_matrix_bg_d2_forbidden.csv,/home/g24021555/uwrmaxsat/build/release/bin/uwrmaxsat,8c68c8a386d3d7847b50d315143c2bab60e3514e59510e84a649db83cb303876,/home/g24021555/uwrmaxsat/build/release/bin/uwrmaxsat -m /tmp/b2b_uwrmaxsat_eri7098r/forum-14.forb0007.wcnf,,process exit code=20,,,maxsat,uwrmaxsat,,/home/g24021555/uwrmaxsat/build/release/bin/uwrmaxsat,traditional,pairwise+direct,,72,"1,2,3,4,5,6,8,9,11,12,14,17,19,20,21,22,23,24,25,26,27,28,29,30,31,32,33,34,35,36,37,38,39,40,41,42,43,44,45,46,47,48,49,50,51,52,53,54,55,56,57,58,59,60,61,62,63,64,65,66,67,68,69,70,71,72,73,74,75,76,77,78",5819,825,21,21,,,,,"journal objective family: bg_d2 | F-selected distance-labelled E* domain propagation and cycle detection | precedence configuration: F=distance_closure, P=pairwise, G=direct | Full Domain MxT schedule variables + explicit unary exclusions | (20),(22)-(27) exactly once over full domains | (22)-(27) session/fixed/forbidden exclusions as hard unit clauses | (19) participant atMost-one per slot | (46),(47) clustered table capacity with compact forward channeling | (28) Pairwise precedence over direct distance-labelled relations | exact break-group ends and unary break-group thresholds | exact schedule <-> usedSlot channeling | (43) exactly |Mp| full usedSlot variables | (44) atMost 2|L| busy participants per slot | (45) exact even number of busy participants | historical hard cap Delta_G <= 2",,,result
,,,,,,,,,forum-14.forb0007,b2b-ae5d9496030cf4c6,b2b-lineage-forum-14,forbidden,F-PW-DC-ST-BGD2-IS-CD-IC12P,Full,Filter-E*,Pairwise,DistanceClosure-E*,SpanThreshold,BreakGroupsD2,IncrementalSAT,IC12+,UNSAT,UNSAT,,,bg_d2,,,,,,,,1.155689,False,168.352,,,,Compact,Compact/Full,project_implementation,incremental multi-phase SAT with persistent solver state,225960,,,,,,,499824,0,499824,6644,219316,1362190,73,cfg5__m-full__p-pairwise__g-distance_closure__b-span_threshold__o-break_groups_d2__s-incrementalsat__i-imp12plus__backend-cadical,cfg5__m-full__p-pairwise__g-distance_closure__b-span_threshold__o-break_groups_d2__s-incrementalsat__i-imp12plus__backend-cadical,full,distance_closure,pairwise,distance_closure,IncrementalSAT,CaDiCaL,1.5.3,imp12+,span_threshold,total_break_groups_subject_to_range_at_most_2,BGD2,IC12P,1362190,0,0,1211,232812,180227,85574,,0,720,1,,,,,,0,0,0,0,0,,,"formalism-specific model size: SAT/MaxSAT reports base CNF and soft clauses, MIP reports variables/linear constraints/nonzeros, and CP reports integer variables plus linear/global constraints; SAT bound/totalizer overhead remains separate in optimizer_added_*",6644,5819,5798,6644,0,0,0,0,0,0,0,1,0.401097,0.003246,0.964902,,0.968148,0.187541,"wall-clock from immediately before reading/parsing the .dzn instance through model construction, optimization, solution decoding, and independent validation; excludes worker-process startup and result-file export",,,,,,,peak_process_tree_rss_mb,ae5d9496030cf4c6b1ac6debe184b053977ae4588fefb961961e65a1c2e9e092,forb0007,data_table06_forb/forum-14.forb0007.dzn,2,../noves/forum-14.forb0007.dzn | ../noves/ticf-14crafa.forb0007.dzn,2,data_table06_forb/forum-14.forb0007.dzn | data_table06_forb/ticf-14crafa.forb0007.dzn,https://imae.udg.edu/Recerca/LAI/,https://ima.udg.edu/Recerca/lai/b2b/b2b.zip,ee1f440ab3f6db27ab712300ad3a54a31ffd5ec1e06f81a9ac37cb7202c56528,2026-08-10T10:42:19+00:00,7200.0,,ee80a6fbd8b513f7c010668495c39621a371266a,True,3.10.12,1.8.dev25,instance-20260810-085803,Linux-6.8.0-1064-gcp-x86_64-with-glibc2.35,x86_64,4,8,15988.059,1,0,/home/g24021555/Business-Meeting-Scheduling-Problem/.venv/bin/python3 /home/g24021555/Business-Meeting-Scheduling-Problem/src/Main.py --manifest instances_manifest.csv --family forbidden --solver sat_all --objective-mode bg_d2 --domain-mode both --domain-filter-graph both --precedence-encoding both --precedence-graph both --encoding-variant imp12+ --sat-backend cadical --maxsat-backend uwrmaxsat --uwrmaxsat-bin /home/g24021555/uwrmaxsat/build/release/bin/uwrmaxsat --timeout 7200 --csv output/full_matrix_bg_d2_forbidden.csv,,,,,,,,incremental,,cadical,,factorial,pairwise+distance_closure,,72,"1,2,3,4,5,6,8,9,11,12,14,17,19,20,21,22,23,24,25,26,27,28,29,30,31,32,33,34,35,36,37,38,39,40,41,42,43,44,45,46,47,48,49,50,51,52,53,54,55,56,57,58,59,60,61,62,63,64,65,66,67,68,69,70,71,72,73,74,75,76,77,78",5819,825,21,21,,,,,"journal objective family: bg_d2 | F-selected distance-labelled E* domain propagation and cycle detection | precedence configuration: F=distance_closure, P=pairwise, G=distance_closure | Full Domain MxT schedule variables + explicit unary exclusions | (20),(22)-(27) exactly once over full domains | (22)-(27) session/fixed/forbidden exclusions as hard unit clauses | (19) participant atMost-one per slot | (46),(47) clustered table capacity with compact forward channeling | (28) Pairwise precedence over distance_closure distance-labelled relations | exact break-group ends and unary break-group thresholds | exact schedule <-> usedSlot channeling | (43) exactly |Mp| full usedSlot variables | (44) atMost 2|L| busy participants per slot | (45) exact even number of busy participants | historical hard cap Delta_G <= 2",,,result
,,,,,,,,,forum-14.forb0007,b2b-ae5d9496030cf4c6,b2b-lineage-forum-14,forbidden,F-PW-DC-ST-BGD2-NIS-CD-IC12P,Full,Filter-E*,Pairwise,DistanceClosure-E*,SpanThreshold,BreakGroupsD2,NonIncrementalSAT,IC12+,UNSAT,UNSAT,,,bg_d2,,,,,,,,1.14631,False,168.367,,,,Compact,Compact/Full,project_implementation,restart-based multi-phase SAT,225960,,,,,,,499824,0,499824,6644,219316,1362190,73,cfg5__m-full__p-pairwise__g-distance_closure__b-span_threshold__o-break_groups_d2__s-nonincrementalsat__i-imp12plus__backend-cadical,cfg5__m-full__p-pairwise__g-distance_closure__b-span_threshold__o-break_groups_d2__s-nonincrementalsat__i-imp12plus__backend-cadical,full,distance_closure,pairwise,distance_closure,NonIncrementalSAT,CaDiCaL,1.5.3,imp12+,span_threshold,total_break_groups_subject_to_range_at_most_2,BGD2,IC12P,1362190,0,0,1211,232812,180227,85574,,0,720,1,,,,,,0,0,0,0,0,,,"formalism-specific model size: SAT/MaxSAT reports base CNF and soft clauses, MIP reports variables/linear constraints/nonzeros, and CP reports integer variables plus linear/global constraints; SAT bound/totalizer overhead remains separate in optimizer_added_*",6644,5819,5798,6644,0,0,0,0,0,0,0,1,0.403927,0.003402,0.960767,,0.964169,0.182141,"wall-clock from immediately before reading/parsing the .dzn instance through model construction, optimization, solution decoding, and independent validation; excludes worker-process startup and result-file export",,,,,,,peak_process_tree_rss_mb,ae5d9496030cf4c6b1ac6debe184b053977ae4588fefb961961e65a1c2e9e092,forb0007,data_table06_forb/forum-14.forb0007.dzn,2,../noves/forum-14.forb0007.dzn | ../noves/ticf-14crafa.forb0007.dzn,2,data_table06_forb/forum-14.forb0007.dzn | data_table06_forb/ticf-14crafa.forb0007.dzn,https://imae.udg.edu/Recerca/LAI/,https://ima.udg.edu/Recerca/lai/b2b/b2b.zip,ee1f440ab3f6db27ab712300ad3a54a31ffd5ec1e06f81a9ac37cb7202c56528,2026-08-10T10:42:19+00:00,7200.0,,ee80a6fbd8b513f7c010668495c39621a371266a,True,3.10.12,1.8.dev25,instance-20260810-085803,Linux-6.8.0-1064-gcp-x86_64-with-glibc2.35,x86_64,4,8,15988.059,1,0,/home/g24021555/Business-Meeting-Scheduling-Problem/.venv/bin/python3 /home/g24021555/Business-Meeting-Scheduling-Problem/src/Main.py --manifest instances_manifest.csv --family forbidden --solver sat_all --objective-mode bg_d2 --domain-mode both --domain-filter-graph both --precedence-encoding both --precedence-graph both --encoding-variant imp12+ --sat-backend cadical --maxsat-backend uwrmaxsat --uwrmaxsat-bin /home/g24021555/uwrmaxsat/build/release/bin/uwrmaxsat --timeout 7200 --csv output/full_matrix_bg_d2_forbidden.csv,,,,,,,,multiple,,cadical,,factorial,pairwise+distance_closure,,72,"1,2,3,4,5,6,8,9,11,12,14,17,19,20,21,22,23,24,25,26,27,28,29,30,31,32,33,34,35,36,37,38,39,40,41,42,43,44,45,46,47,48,49,50,51,52,53,54,55,56,57,58,59,60,61,62,63,64,65,66,67,68,69,70,71,72,73,74,75,76,77,78",5819,825,21,21,,,,,"journal objective family: bg_d2 | F-selected distance-labelled E* domain propagation and cycle detection | precedence configuration: F=distance_closure, P=pairwise, G=distance_closure | Full Domain MxT schedule variables + explicit unary exclusions | (20),(22)-(27) exactly once over full domains | (22)-(27) session/fixed/forbidden exclusions as hard unit clauses | (19) participant atMost-one per slot | (46),(47) clustered table capacity with compact forward channeling | (28) Pairwise precedence over distance_closure distance-labelled relations | exact break-group ends and unary break-group thresholds | exact schedule <-> usedSlot channeling | (43) exactly |Mp| full usedSlot variables | (44) atMost 2|L| busy participants per slot | (45) exact even number of busy participants | historical hard cap Delta_G <= 2",,,result
,,,,,,,,,forum-14.forb0007,b2b-ae5d9496030cf4c6,b2b-lineage-forum-14,forbidden,F-PW-DC-ST-BGD2-UW-IC12P,Full,Filter-E*,Pairwise,DistanceClosure-E*,SpanThreshold,BreakGroupsD2,UWrMaxSAT,IC12+,UNSAT,UNSAT,,,bg_d2,,,,,,,1,2.121966,False,243.047,,,,Compact,Compact/Full,project_implementation,one-shot weighted MaxSAT,225960,,,,,,,499824,720,500544,6644,219316,1362910,73,cfg5__m-full__p-pairwise__g-distance_closure__b-span_threshold__o-break_groups_d2__s-uwrmaxsat__i-imp12plus__backend-uwrmaxsat,cfg5__m-full__p-pairwise__g-distance_closure__b-span_threshold__o-break_groups_d2__s-uwrmaxsat__i-imp12plus__backend-uwrmaxsat,full,distance_closure,pairwise,distance_closure,UWrMaxSAT,UWrMaxSAT,binary-sha256:8c68c8a386d3d7847b50d315143c2bab60e3514e59510e84a649db83cb303876,imp12+,span_threshold,total_break_groups_subject_to_range_at_most_2,BGD2,IC12P,1362190,720,1,1211,232812,180227,85574,1,720,720,1,,,,,,0,0,0,0,0,,,"formalism-specific model size: SAT/MaxSAT reports base CNF and soft clauses, MIP reports variables/linear constraints/nonzeros, and CP reports integer variables plus linear/global constraints; SAT bound/totalizer overhead remains separate in optimizer_added_*",6644,5819,5798,6644,0,0,0,0,0,0,0,1,0.395529,0.003651,0.964626,,0.968277,1.153689,"wall-clock from immediately before reading/parsing the .dzn instance through model construction, optimization, solution decoding, and independent validation; excludes worker-process startup and result-file export",,,,,,,peak_process_tree_rss_mb,ae5d9496030cf4c6b1ac6debe184b053977ae4588fefb961961e65a1c2e9e092,forb0007,data_table06_forb/forum-14.forb0007.dzn,2,../noves/forum-14.forb0007.dzn | ../noves/ticf-14crafa.forb0007.dzn,2,data_table06_forb/forum-14.forb0007.dzn | data_table06_forb/ticf-14crafa.forb0007.dzn,https://imae.udg.edu/Recerca/LAI/,https://ima.udg.edu/Recerca/lai/b2b/b2b.zip,ee1f440ab3f6db27ab712300ad3a54a31ffd5ec1e06f81a9ac37cb7202c56528,2026-08-10T10:42:19+00:00,7200.0,,ee80a6fbd8b513f7c010668495c39621a371266a,True,3.10.12,1.8.dev25,instance-20260810-085803,Linux-6.8.0-1064-gcp-x86_64-with-glibc2.35,x86_64,4,8,15988.059,1,0,/home/g24021555/Business-Meeting-Scheduling-Problem/.venv/bin/python3 /home/g24021555/Business-Meeting-Scheduling-Problem/src/Main.py --manifest instances_manifest.csv --family forbidden --solver sat_all --objective-mode bg_d2 --domain-mode both --domain-filter-graph both --precedence-encoding both --precedence-graph both --encoding-variant imp12+ --sat-backend cadical --maxsat-backend uwrmaxsat --uwrmaxsat-bin /home/g24021555/uwrmaxsat/build/release/bin/uwrmaxsat --timeout 7200 --csv output/full_matrix_bg_d2_forbidden.csv,/home/g24021555/uwrmaxsat/build/release/bin/uwrmaxsat,8c68c8a386d3d7847b50d315143c2bab60e3514e59510e84a649db83cb303876,/home/g24021555/uwrmaxsat/build/release/bin/uwrmaxsat -m /tmp/b2b_uwrmaxsat_tyhw0ecb/forum-14.forb0007.wcnf,,process exit code=20,,,maxsat,uwrmaxsat,,/home/g24021555/uwrmaxsat/build/release/bin/uwrmaxsat,factorial,pairwise+distance_closure,,72,"1,2,3,4,5,6,8,9,11,12,14,17,19,20,21,22,23,24,25,26,27,28,29,30,31,32,33,34,35,36,37,38,39,40,41,42,43,44,45,46,47,48,49,50,51,52,53,54,55,56,57,58,59,60,61,62,63,64,65,66,67,68,69,70,71,72,73,74,75,76,77,78",5819,825,21,21,,,,,"journal objective family: bg_d2 | F-selected distance-labelled E* domain propagation and cycle detection | precedence configuration: F=distance_closure, P=pairwise, G=distance_closure | Full Domain MxT schedule variables + explicit unary exclusions | (20),(22)-(27) exactly once over full domains | (22)-(27) session/fixed/forbidden exclusions as hard unit clauses | (19) participant atMost-one per slot | (46),(47) clustered table capacity with compact forward channeling | (28) Pairwise precedence over distance_closure distance-labelled relations | exact break-group ends and unary break-group thresholds | exact schedule <-> usedSlot channeling | (43) exactly |Mp| full usedSlot variables | (44) atMost 2|L| busy participants per slot | (45) exact even number of busy participants | historical hard cap Delta_G <= 2",,,result
,,,,,,,,,forum-14.forb0007,b2b-ae5d9496030cf4c6,b2b-lineage-forum-14,forbidden,F-SS-DE-ST-BGD2-IS-CD-IC12P,Full,Filter-E*,SparseSuffix,Direct-E,SpanThreshold,BreakGroupsD2,IncrementalSAT,IC12+,UNSAT,UNSAT,,,bg_d2,,,,,,,,1.153924,False,168.422,,,,Compact,Compact/Full,project_implementation,incremental multi-phase SAT with persistent solver state,225960,,,,,,,499824,0,499824,6644,219316,1362190,73,cfg5__m-full__p-sparse_suffix__g-direct__b-span_threshold__o-break_groups_d2__s-incrementalsat__i-imp12plus__backend-cadical,cfg5__m-full__p-sparse_suffix__g-direct__b-span_threshold__o-break_groups_d2__s-incrementalsat__i-imp12plus__backend-cadical,full,distance_closure,sparse_suffix,direct,IncrementalSAT,CaDiCaL,1.5.3,imp12+,span_threshold,total_break_groups_subject_to_range_at_most_2,BGD2,IC12P,1362190,0,0,1211,232812,180227,85574,,0,720,1,,,,,,0,0,0,0,0,,,"formalism-specific model size: SAT/MaxSAT reports base CNF and soft clauses, MIP reports variables/linear constraints/nonzeros, and CP reports integer variables plus linear/global constraints; SAT bound/totalizer overhead remains separate in optimizer_added_*",6644,5819,5798,6644,0,0,0,0,0,0,0,1,0.397168,0.003165,0.966181,,0.969346,0.184579,"wall-clock from immediately before reading/parsing the .dzn instance through model construction, optimization, solution decoding, and independent validation; excludes worker-process startup and result-file export",,,,,,,peak_process_tree_rss_mb,ae5d9496030cf4c6b1ac6debe184b053977ae4588fefb961961e65a1c2e9e092,forb0007,data_table06_forb/forum-14.forb0007.dzn,2,../noves/forum-14.forb0007.dzn | ../noves/ticf-14crafa.forb0007.dzn,2,data_table06_forb/forum-14.forb0007.dzn | data_table06_forb/ticf-14crafa.forb0007.dzn,https://imae.udg.edu/Recerca/LAI/,https://ima.udg.edu/Recerca/lai/b2b/b2b.zip,ee1f440ab3f6db27ab712300ad3a54a31ffd5ec1e06f81a9ac37cb7202c56528,2026-08-10T10:42:19+00:00,7200.0,,ee80a6fbd8b513f7c010668495c39621a371266a,True,3.10.12,1.8.dev25,instance-20260810-085803,Linux-6.8.0-1064-gcp-x86_64-with-glibc2.35,x86_64,4,8,15988.059,1,0,/home/g24021555/Business-Meeting-Scheduling-Problem/.venv/bin/python3 /home/g24021555/Business-Meeting-Scheduling-Problem/src/Main.py --manifest instances_manifest.csv --family forbidden --solver sat_all --objective-mode bg_d2 --domain-mode both --domain-filter-graph both --precedence-encoding both --precedence-graph both --encoding-variant imp12+ --sat-backend cadical --maxsat-backend uwrmaxsat --uwrmaxsat-bin /home/g24021555/uwrmaxsat/build/release/bin/uwrmaxsat --timeout 7200 --csv output/full_matrix_bg_d2_forbidden.csv,,,,,,,,incremental,,cadical,,factorial,sparse_suffix+direct,,72,"1,2,3,4,5,6,8,9,11,12,14,17,19,20,21,22,23,24,25,26,27,28,29,30,31,32,33,34,35,36,37,38,39,40,41,42,43,44,45,46,47,48,49,50,51,52,53,54,55,56,57,58,59,60,61,62,63,64,65,66,67,68,69,70,71,72,73,74,75,76,77,78",5819,825,21,21,,,,,"journal objective family: bg_d2 | F-selected distance-labelled E* domain propagation and cycle detection | precedence configuration: F=distance_closure, P=sparse_suffix, G=direct | Full Domain MxT schedule variables + explicit unary exclusions | (20),(22)-(27) exactly once over full domains | (22)-(27) session/fixed/forbidden exclusions as hard unit clauses | (19) participant atMost-one per slot | (46),(47) clustered table capacity with compact forward channeling | (28) SparseSuffix precedence over direct distance-labelled relations | exact break-group ends and unary break-group thresholds | exact schedule <-> usedSlot channeling | (43) exactly |Mp| full usedSlot variables | (44) atMost 2|L| busy participants per slot | (45) exact even number of busy participants | historical hard cap Delta_G <= 2",,,result
,,,,,,,,,forum-14.forb0007,b2b-ae5d9496030cf4c6,b2b-lineage-forum-14,forbidden,F-SS-DE-ST-BGD2-NIS-CD-IC12P,Full,Filter-E*,SparseSuffix,Direct-E,SpanThreshold,BreakGroupsD2,NonIncrementalSAT,IC12+,UNSAT,UNSAT,,,bg_d2,,,,,,,,1.155563,False,168.492,,,,Compact,Compact/Full,project_implementation,restart-based multi-phase SAT,225960,,,,,,,499824,0,499824,6644,219316,1362190,73,cfg5__m-full__p-sparse_suffix__g-direct__b-span_threshold__o-break_groups_d2__s-nonincrementalsat__i-imp12plus__backend-cadical,cfg5__m-full__p-sparse_suffix__g-direct__b-span_threshold__o-break_groups_d2__s-nonincrementalsat__i-imp12plus__backend-cadical,full,distance_closure,sparse_suffix,direct,NonIncrementalSAT,CaDiCaL,1.5.3,imp12+,span_threshold,total_break_groups_subject_to_range_at_most_2,BGD2,IC12P,1362190,0,0,1211,232812,180227,85574,,0,720,1,,,,,,0,0,0,0,0,,,"formalism-specific model size: SAT/MaxSAT reports base CNF and soft clauses, MIP reports variables/linear constraints/nonzeros, and CP reports integer variables plus linear/global constraints; SAT bound/totalizer overhead remains separate in optimizer_added_*",6644,5819,5798,6644,0,0,0,0,0,0,0,1,0.395662,0.003207,0.971585,,0.974792,0.180771,"wall-clock from immediately before reading/parsing the .dzn instance through model construction, optimization, solution decoding, and independent validation; excludes worker-process startup and result-file export",,,,,,,peak_process_tree_rss_mb,ae5d9496030cf4c6b1ac6debe184b053977ae4588fefb961961e65a1c2e9e092,forb0007,data_table06_forb/forum-14.forb0007.dzn,2,../noves/forum-14.forb0007.dzn | ../noves/ticf-14crafa.forb0007.dzn,2,data_table06_forb/forum-14.forb0007.dzn | data_table06_forb/ticf-14crafa.forb0007.dzn,https://imae.udg.edu/Recerca/LAI/,https://ima.udg.edu/Recerca/lai/b2b/b2b.zip,ee1f440ab3f6db27ab712300ad3a54a31ffd5ec1e06f81a9ac37cb7202c56528,2026-08-10T10:42:19+00:00,7200.0,,ee80a6fbd8b513f7c010668495c39621a371266a,True,3.10.12,1.8.dev25,instance-20260810-085803,Linux-6.8.0-1064-gcp-x86_64-with-glibc2.35,x86_64,4,8,15988.059,1,0,/home/g24021555/Business-Meeting-Scheduling-Problem/.venv/bin/python3 /home/g24021555/Business-Meeting-Scheduling-Problem/src/Main.py --manifest instances_manifest.csv --family forbidden --solver sat_all --objective-mode bg_d2 --domain-mode both --domain-filter-graph both --precedence-encoding both --precedence-graph both --encoding-variant imp12+ --sat-backend cadical --maxsat-backend uwrmaxsat --uwrmaxsat-bin /home/g24021555/uwrmaxsat/build/release/bin/uwrmaxsat --timeout 7200 --csv output/full_matrix_bg_d2_forbidden.csv,,,,,,,,multiple,,cadical,,factorial,sparse_suffix+direct,,72,"1,2,3,4,5,6,8,9,11,12,14,17,19,20,21,22,23,24,25,26,27,28,29,30,31,32,33,34,35,36,37,38,39,40,41,42,43,44,45,46,47,48,49,50,51,52,53,54,55,56,57,58,59,60,61,62,63,64,65,66,67,68,69,70,71,72,73,74,75,76,77,78",5819,825,21,21,,,,,"journal objective family: bg_d2 | F-selected distance-labelled E* domain propagation and cycle detection | precedence configuration: F=distance_closure, P=sparse_suffix, G=direct | Full Domain MxT schedule variables + explicit unary exclusions | (20),(22)-(27) exactly once over full domains | (22)-(27) session/fixed/forbidden exclusions as hard unit clauses | (19) participant atMost-one per slot | (46),(47) clustered table capacity with compact forward channeling | (28) SparseSuffix precedence over direct distance-labelled relations | exact break-group ends and unary break-group thresholds | exact schedule <-> usedSlot channeling | (43) exactly |Mp| full usedSlot variables | (44) atMost 2|L| busy participants per slot | (45) exact even number of busy participants | historical hard cap Delta_G <= 2",,,result
,,,,,,,,,forum-14.forb0007,b2b-ae5d9496030cf4c6,b2b-lineage-forum-14,forbidden,F-SS-DE-ST-BGD2-UW-IC12P,Full,Filter-E*,SparseSuffix,Direct-E,SpanThreshold,BreakGroupsD2,UWrMaxSAT,IC12+,UNSAT,UNSAT,,,bg_d2,,,,,,,1,2.104329,False,243.055,,,,Compact,Compact/Full,project_implementation,one-shot weighted MaxSAT,225960,,,,,,,499824,720,500544,6644,219316,1362910,73,cfg5__m-full__p-sparse_suffix__g-direct__b-span_threshold__o-break_groups_d2__s-uwrmaxsat__i-imp12plus__backend-uwrmaxsat,cfg5__m-full__p-sparse_suffix__g-direct__b-span_threshold__o-break_groups_d2__s-uwrmaxsat__i-imp12plus__backend-uwrmaxsat,full,distance_closure,sparse_suffix,direct,UWrMaxSAT,UWrMaxSAT,binary-sha256:8c68c8a386d3d7847b50d315143c2bab60e3514e59510e84a649db83cb303876,imp12+,span_threshold,total_break_groups_subject_to_range_at_most_2,BGD2,IC12P,1362190,720,1,1211,232812,180227,85574,1,720,720,1,,,,,,0,0,0,0,0,,,"formalism-specific model size: SAT/MaxSAT reports base CNF and soft clauses, MIP reports variables/linear constraints/nonzeros, and CP reports integer variables plus linear/global constraints; SAT bound/totalizer overhead remains separate in optimizer_added_*",6644,5819,5798,6644,0,0,0,0,0,0,0,1,0.39476,0.003674,0.953954,,0.957628,1.146701,"wall-clock from immediately before reading/parsing the .dzn instance through model construction, optimization, solution decoding, and independent validation; excludes worker-process startup and result-file export",,,,,,,peak_process_tree_rss_mb,ae5d9496030cf4c6b1ac6debe184b053977ae4588fefb961961e65a1c2e9e092,forb0007,data_table06_forb/forum-14.forb0007.dzn,2,../noves/forum-14.forb0007.dzn | ../noves/ticf-14crafa.forb0007.dzn,2,data_table06_forb/forum-14.forb0007.dzn | data_table06_forb/ticf-14crafa.forb0007.dzn,https://imae.udg.edu/Recerca/LAI/,https://ima.udg.edu/Recerca/lai/b2b/b2b.zip,ee1f440ab3f6db27ab712300ad3a54a31ffd5ec1e06f81a9ac37cb7202c56528,2026-08-10T10:42:19+00:00,7200.0,,ee80a6fbd8b513f7c010668495c39621a371266a,True,3.10.12,1.8.dev25,instance-20260810-085803,Linux-6.8.0-1064-gcp-x86_64-with-glibc2.35,x86_64,4,8,15988.059,1,0,/home/g24021555/Business-Meeting-Scheduling-Problem/.venv/bin/python3 /home/g24021555/Business-Meeting-Scheduling-Problem/src/Main.py --manifest instances_manifest.csv --family forbidden --solver sat_all --objective-mode bg_d2 --domain-mode both --domain-filter-graph both --precedence-encoding both --precedence-graph both --encoding-variant imp12+ --sat-backend cadical --maxsat-backend uwrmaxsat --uwrmaxsat-bin /home/g24021555/uwrmaxsat/build/release/bin/uwrmaxsat --timeout 7200 --csv output/full_matrix_bg_d2_forbidden.csv,/home/g24021555/uwrmaxsat/build/release/bin/uwrmaxsat,8c68c8a386d3d7847b50d315143c2bab60e3514e59510e84a649db83cb303876,/home/g24021555/uwrmaxsat/build/release/bin/uwrmaxsat -m /tmp/b2b_uwrmaxsat_qz17oqwq/forum-14.forb0007.wcnf,,process exit code=20,,,maxsat,uwrmaxsat,,/home/g24021555/uwrmaxsat/build/release/bin/uwrmaxsat,factorial,sparse_suffix+direct,,72,"1,2,3,4,5,6,8,9,11,12,14,17,19,20,21,22,23,24,25,26,27,28,29,30,31,32,33,34,35,36,37,38,39,40,41,42,43,44,45,46,47,48,49,50,51,52,53,54,55,56,57,58,59,60,61,62,63,64,65,66,67,68,69,70,71,72,73,74,75,76,77,78",5819,825,21,21,,,,,"journal objective family: bg_d2 | F-selected distance-labelled E* domain propagation and cycle detection | precedence configuration: F=distance_closure, P=sparse_suffix, G=direct | Full Domain MxT schedule variables + explicit unary exclusions | (20),(22)-(27) exactly once over full domains | (22)-(27) session/fixed/forbidden exclusions as hard unit clauses | (19) participant atMost-one per slot | (46),(47) clustered table capacity with compact forward channeling | (28) SparseSuffix precedence over direct distance-labelled relations | exact break-group ends and unary break-group thresholds | exact schedule <-> usedSlot channeling | (43) exactly |Mp| full usedSlot variables | (44) atMost 2|L| busy participants per slot | (45) exact even number of busy participants | historical hard cap Delta_G <= 2",,,result
,,,,,,,,,forum-14.forb0007,b2b-ae5d9496030cf4c6,b2b-lineage-forum-14,forbidden,F-SS-DC-ST-BGD2-IS-CD-IC12P,Full,Filter-E*,SparseSuffix,DistanceClosure-E*,SpanThreshold,BreakGroupsD2,IncrementalSAT,IC12+,UNSAT,UNSAT,,,bg_d2,,,,,,,,1.141056,False,168.371,,,,Compact,Compact/Full,project_implementation,incremental multi-phase SAT with persistent solver state,225960,,,,,,,499824,0,499824,6644,219316,1362190,73,cfg5__m-full__p-sparse_suffix__g-distance_closure__b-span_threshold__o-break_groups_d2__s-incrementalsat__i-imp12plus__backend-cadical,cfg5__m-full__p-sparse_suffix__g-distance_closure__b-span_threshold__o-break_groups_d2__s-incrementalsat__i-imp12plus__backend-cadical,full,distance_closure,sparse_suffix,distance_closure,IncrementalSAT,CaDiCaL,1.5.3,imp12+,span_threshold,total_break_groups_subject_to_range_at_most_2,BGD2,IC12P,1362190,0,0,1211,232812,180227,85574,,0,720,1,,,,,,0,0,0,0,0,,,"formalism-specific model size: SAT/MaxSAT reports base CNF and soft clauses, MIP reports variables/linear constraints/nonzeros, and CP reports integer variables plus linear/global constraints; SAT bound/totalizer overhead remains separate in optimizer_added_*",6644,5819,5798,6644,0,0,0,0,0,0,0,1,0.392621,0.003268,0.95869,,0.961958,0.179098,"wall-clock from immediately before reading/parsing the .dzn instance through model construction, optimization, solution decoding, and independent validation; excludes worker-process startup and result-file export",,,,,,,peak_process_tree_rss_mb,ae5d9496030cf4c6b1ac6debe184b053977ae4588fefb961961e65a1c2e9e092,forb0007,data_table06_forb/forum-14.forb0007.dzn,2,../noves/forum-14.forb0007.dzn | ../noves/ticf-14crafa.forb0007.dzn,2,data_table06_forb/forum-14.forb0007.dzn | data_table06_forb/ticf-14crafa.forb0007.dzn,https://imae.udg.edu/Recerca/LAI/,https://ima.udg.edu/Recerca/lai/b2b/b2b.zip,ee1f440ab3f6db27ab712300ad3a54a31ffd5ec1e06f81a9ac37cb7202c56528,2026-08-10T10:42:19+00:00,7200.0,,ee80a6fbd8b513f7c010668495c39621a371266a,True,3.10.12,1.8.dev25,instance-20260810-085803,Linux-6.8.0-1064-gcp-x86_64-with-glibc2.35,x86_64,4,8,15988.059,1,0,/home/g24021555/Business-Meeting-Scheduling-Problem/.venv/bin/python3 /home/g24021555/Business-Meeting-Scheduling-Problem/src/Main.py --manifest instances_manifest.csv --family forbidden --solver sat_all --objective-mode bg_d2 --domain-mode both --domain-filter-graph both --precedence-encoding both --precedence-graph both --encoding-variant imp12+ --sat-backend cadical --maxsat-backend uwrmaxsat --uwrmaxsat-bin /home/g24021555/uwrmaxsat/build/release/bin/uwrmaxsat --timeout 7200 --csv output/full_matrix_bg_d2_forbidden.csv,,,,,,,,incremental,,cadical,,staircase,sparse_suffix+distance_closure,,72,"1,2,3,4,5,6,8,9,11,12,14,17,19,20,21,22,23,24,25,26,27,28,29,30,31,32,33,34,35,36,37,38,39,40,41,42,43,44,45,46,47,48,49,50,51,52,53,54,55,56,57,58,59,60,61,62,63,64,65,66,67,68,69,70,71,72,73,74,75,76,77,78",5819,825,21,21,,,,,"journal objective family: bg_d2 | F-selected distance-labelled E* domain propagation and cycle detection | precedence configuration: F=distance_closure, P=sparse_suffix, G=distance_closure | Full Domain MxT schedule variables + explicit unary exclusions | (20),(22)-(27) exactly once over full domains | (22)-(27) session/fixed/forbidden exclusions as hard unit clauses | (19) participant atMost-one per slot | (46),(47) clustered table capacity with compact forward channeling | (28) SparseSuffix precedence over distance_closure distance-labelled relations | exact break-group ends and unary break-group thresholds | exact schedule <-> usedSlot channeling | (43) exactly |Mp| full usedSlot variables | (44) atMost 2|L| busy participants per slot | (45) exact even number of busy participants | historical hard cap Delta_G <= 2",,,result
,,,,,,,,,forum-14.forb0007,b2b-ae5d9496030cf4c6,b2b-lineage-forum-14,forbidden,F-SS-DC-ST-BGD2-NIS-CD-IC12P,Full,Filter-E*,SparseSuffix,DistanceClosure-E*,SpanThreshold,BreakGroupsD2,NonIncrementalSAT,IC12+,UNSAT,UNSAT,,,bg_d2,,,,,,,,1.146281,False,168.535,,,,Compact,Compact/Full,project_implementation,restart-based multi-phase SAT,225960,,,,,,,499824,0,499824,6644,219316,1362190,73,cfg5__m-full__p-sparse_suffix__g-distance_closure__b-span_threshold__o-break_groups_d2__s-nonincrementalsat__i-imp12plus__backend-cadical,cfg5__m-full__p-sparse_suffix__g-distance_closure__b-span_threshold__o-break_groups_d2__s-nonincrementalsat__i-imp12plus__backend-cadical,full,distance_closure,sparse_suffix,distance_closure,NonIncrementalSAT,CaDiCaL,1.5.3,imp12+,span_threshold,total_break_groups_subject_to_range_at_most_2,BGD2,IC12P,1362190,0,0,1211,232812,180227,85574,,0,720,1,,,,,,0,0,0,0,0,,,"formalism-specific model size: SAT/MaxSAT reports base CNF and soft clauses, MIP reports variables/linear constraints/nonzeros, and CP reports integer variables plus linear/global constraints; SAT bound/totalizer overhead remains separate in optimizer_added_*",6644,5819,5798,6644,0,0,0,0,0,0,0,1,0.394016,0.003229,0.964156,,0.967386,0.178895,"wall-clock from immediately before reading/parsing the .dzn instance through model construction, optimization, solution decoding, and independent validation; excludes worker-process startup and result-file export",,,,,,,peak_process_tree_rss_mb,ae5d9496030cf4c6b1ac6debe184b053977ae4588fefb961961e65a1c2e9e092,forb0007,data_table06_forb/forum-14.forb0007.dzn,2,../noves/forum-14.forb0007.dzn | ../noves/ticf-14crafa.forb0007.dzn,2,data_table06_forb/forum-14.forb0007.dzn | data_table06_forb/ticf-14crafa.forb0007.dzn,https://imae.udg.edu/Recerca/LAI/,https://ima.udg.edu/Recerca/lai/b2b/b2b.zip,ee1f440ab3f6db27ab712300ad3a54a31ffd5ec1e06f81a9ac37cb7202c56528,2026-08-10T10:42:19+00:00,7200.0,,ee80a6fbd8b513f7c010668495c39621a371266a,True,3.10.12,1.8.dev25,instance-20260810-085803,Linux-6.8.0-1064-gcp-x86_64-with-glibc2.35,x86_64,4,8,15988.059,1,0,/home/g24021555/Business-Meeting-Scheduling-Problem/.venv/bin/python3 /home/g24021555/Business-Meeting-Scheduling-Problem/src/Main.py --manifest instances_manifest.csv --family forbidden --solver sat_all --objective-mode bg_d2 --domain-mode both --domain-filter-graph both --precedence-encoding both --precedence-graph both --encoding-variant imp12+ --sat-backend cadical --maxsat-backend uwrmaxsat --uwrmaxsat-bin /home/g24021555/uwrmaxsat/build/release/bin/uwrmaxsat --timeout 7200 --csv output/full_matrix_bg_d2_forbidden.csv,,,,,,,,multiple,,cadical,,staircase,sparse_suffix+distance_closure,,72,"1,2,3,4,5,6,8,9,11,12,14,17,19,20,21,22,23,24,25,26,27,28,29,30,31,32,33,34,35,36,37,38,39,40,41,42,43,44,45,46,47,48,49,50,51,52,53,54,55,56,57,58,59,60,61,62,63,64,65,66,67,68,69,70,71,72,73,74,75,76,77,78",5819,825,21,21,,,,,"journal objective family: bg_d2 | F-selected distance-labelled E* domain propagation and cycle detection | precedence configuration: F=distance_closure, P=sparse_suffix, G=distance_closure | Full Domain MxT schedule variables + explicit unary exclusions | (20),(22)-(27) exactly once over full domains | (22)-(27) session/fixed/forbidden exclusions as hard unit clauses | (19) participant atMost-one per slot | (46),(47) clustered table capacity with compact forward channeling | (28) SparseSuffix precedence over distance_closure distance-labelled relations | exact break-group ends and unary break-group thresholds | exact schedule <-> usedSlot channeling | (43) exactly |Mp| full usedSlot variables | (44) atMost 2|L| busy participants per slot | (45) exact even number of busy participants | historical hard cap Delta_G <= 2",,,result
,,,,,,,,,forum-14.forb0007,b2b-ae5d9496030cf4c6,b2b-lineage-forum-14,forbidden,F-SS-DC-ST-BGD2-UW-IC12P,Full,Filter-E*,SparseSuffix,DistanceClosure-E*,SpanThreshold,BreakGroupsD2,UWrMaxSAT,IC12+,UNSAT,UNSAT,,,bg_d2,,,,,,,1,2.156962,False,243.148,,,,Compact,Compact/Full,project_implementation,one-shot weighted MaxSAT,225960,,,,,,,499824,720,500544,6644,219316,1362910,73,cfg5__m-full__p-sparse_suffix__g-distance_closure__b-span_threshold__o-break_groups_d2__s-uwrmaxsat__i-imp12plus__backend-uwrmaxsat,cfg5__m-full__p-sparse_suffix__g-distance_closure__b-span_threshold__o-break_groups_d2__s-uwrmaxsat__i-imp12plus__backend-uwrmaxsat,full,distance_closure,sparse_suffix,distance_closure,UWrMaxSAT,UWrMaxSAT,binary-sha256:8c68c8a386d3d7847b50d315143c2bab60e3514e59510e84a649db83cb303876,imp12+,span_threshold,total_break_groups_subject_to_range_at_most_2,BGD2,IC12P,1362190,720,1,1211,232812,180227,85574,1,720,720,1,,,,,,0,0,0,0,0,,,"formalism-specific model size: SAT/MaxSAT reports base CNF and soft clauses, MIP reports variables/linear constraints/nonzeros, and CP reports integer variables plus linear/global constraints; SAT bound/totalizer overhead remains separate in optimizer_added_*",6644,5819,5798,6644,0,0,0,0,0,0,0,1,0.397887,0.003261,0.961059,,0.964319,1.192643,"wall-clock from immediately before reading/parsing the .dzn instance through model construction, optimization, solution decoding, and independent validation; excludes worker-process startup and result-file export",,,,,,,peak_process_tree_rss_mb,ae5d9496030cf4c6b1ac6debe184b053977ae4588fefb961961e65a1c2e9e092,forb0007,data_table06_forb/forum-14.forb0007.dzn,2,../noves/forum-14.forb0007.dzn | ../noves/ticf-14crafa.forb0007.dzn,2,data_table06_forb/forum-14.forb0007.dzn | data_table06_forb/ticf-14crafa.forb0007.dzn,https://imae.udg.edu/Recerca/LAI/,https://ima.udg.edu/Recerca/lai/b2b/b2b.zip,ee1f440ab3f6db27ab712300ad3a54a31ffd5ec1e06f81a9ac37cb7202c56528,2026-08-10T10:42:19+00:00,7200.0,,ee80a6fbd8b513f7c010668495c39621a371266a,True,3.10.12,1.8.dev25,instance-20260810-085803,Linux-6.8.0-1064-gcp-x86_64-with-glibc2.35,x86_64,4,8,15988.059,1,0,/home/g24021555/Business-Meeting-Scheduling-Problem/.venv/bin/python3 /home/g24021555/Business-Meeting-Scheduling-Problem/src/Main.py --manifest instances_manifest.csv --family forbidden --solver sat_all --objective-mode bg_d2 --domain-mode both --domain-filter-graph both --precedence-encoding both --precedence-graph both --encoding-variant imp12+ --sat-backend cadical --maxsat-backend uwrmaxsat --uwrmaxsat-bin /home/g24021555/uwrmaxsat/build/release/bin/uwrmaxsat --timeout 7200 --csv output/full_matrix_bg_d2_forbidden.csv,/home/g24021555/uwrmaxsat/build/release/bin/uwrmaxsat,8c68c8a386d3d7847b50d315143c2bab60e3514e59510e84a649db83cb303876,/home/g24021555/uwrmaxsat/build/release/bin/uwrmaxsat -m /tmp/b2b_uwrmaxsat_xjx63deh/forum-14.forb0007.wcnf,,process exit code=20,,,maxsat,uwrmaxsat,,/home/g24021555/uwrmaxsat/build/release/bin/uwrmaxsat,staircase,sparse_suffix+distance_closure,,72,"1,2,3,4,5,6,8,9,11,12,14,17,19,20,21,22,23,24,25,26,27,28,29,30,31,32,33,34,35,36,37,38,39,40,41,42,43,44,45,46,47,48,49,50,51,52,53,54,55,56,57,58,59,60,61,62,63,64,65,66,67,68,69,70,71,72,73,74,75,76,77,78",5819,825,21,21,,,,,"journal objective family: bg_d2 | F-selected distance-labelled E* domain propagation and cycle detection | precedence configuration: F=distance_closure, P=sparse_suffix, G=distance_closure | Full Domain MxT schedule variables + explicit unary exclusions | (20),(22)-(27) exactly once over full domains | (22)-(27) session/fixed/forbidden exclusions as hard unit clauses | (19) participant atMost-one per slot | (46),(47) clustered table capacity with compact forward channeling | (28) SparseSuffix precedence over distance_closure distance-labelled relations | exact break-group ends and unary break-group thresholds | exact schedule <-> usedSlot channeling | (43) exactly |Mp| full usedSlot variables | (44) atMost 2|L| busy participants per slot | (45) exact even number of busy participants | historical hard cap Delta_G <= 2",,,result
,,,,,,,,,forum-14.forb0007,b2b-ae5d9496030cf4c6,b2b-lineage-forum-14,forbidden,R-PW-DE-ST-BGD2-IS-CD-IC12P,Reduced,Filter-E*,Pairwise,Direct-E,SpanThreshold,BreakGroupsD2,IncrementalSAT,IC12+,UNSAT,UNSAT,,,bg_d2,,,,,,,,1.053927,False,149.113,,,,Compact,Compact/Reduced,project_implementation,incremental multi-phase SAT with persistent solver state,217972,,,,,,,468106,0,468106,5798,212174,1282425,73,cfg5__m-reduced__p-pairwise__g-direct__b-span_threshold__o-break_groups_d2__s-incrementalsat__i-imp12plus__backend-cadical,cfg5__m-reduced__p-pairwise__g-direct__b-span_threshold__o-break_groups_d2__s-incrementalsat__i-imp12plus__backend-cadical,reduced,distance_closure,pairwise,direct,IncrementalSAT,CaDiCaL,1.5.3,imp12+,span_threshold,total_break_groups_subject_to_range_at_most_2,BGD2,IC12P,1282425,0,0,377,213012,173480,81235,,0,718,1,,,,,,0,0,0,0,0,,,"formalism-specific model size: SAT/MaxSAT reports base CNF and soft clauses, MIP reports variables/linear constraints/nonzeros, and CP reports integer variables plus linear/global constraints; SAT bound/totalizer overhead remains separate in optimizer_added_*",6644,5819,5798,5798,0,0,0,0,0,0,0,1,0.397683,0.003342,0.904766,,0.908108,0.145818,"wall-clock from immediately before reading/parsing the .dzn instance through model construction, optimization, solution decoding, and independent validation; excludes worker-process startup and result-file export",,,,,,,peak_process_tree_rss_mb,ae5d9496030cf4c6b1ac6debe184b053977ae4588fefb961961e65a1c2e9e092,forb0007,data_table06_forb/forum-14.forb0007.dzn,2,../noves/forum-14.forb0007.dzn | ../noves/ticf-14crafa.forb0007.dzn,2,data_table06_forb/forum-14.forb0007.dzn | data_table06_forb/ticf-14crafa.forb0007.dzn,https://imae.udg.edu/Recerca/LAI/,https://ima.udg.edu/Recerca/lai/b2b/b2b.zip,ee1f440ab3f6db27ab712300ad3a54a31ffd5ec1e06f81a9ac37cb7202c56528,2026-08-10T10:42:19+00:00,7200.0,,ee80a6fbd8b513f7c010668495c39621a371266a,True,3.10.12,1.8.dev25,instance-20260810-085803,Linux-6.8.0-1064-gcp-x86_64-with-glibc2.35,x86_64,4,8,15988.059,1,0,/home/g24021555/Business-Meeting-Scheduling-Problem/.venv/bin/python3 /home/g24021555/Business-Meeting-Scheduling-Problem/src/Main.py --manifest instances_manifest.csv --family forbidden --solver sat_all --objective-mode bg_d2 --domain-mode both --domain-filter-graph both --precedence-encoding both --precedence-graph both --encoding-variant imp12+ --sat-backend cadical --maxsat-backend uwrmaxsat --uwrmaxsat-bin /home/g24021555/uwrmaxsat/build/release/bin/uwrmaxsat --timeout 7200 --csv output/full_matrix_bg_d2_forbidden.csv,,,,,,,,incremental,,cadical,,traditional,pairwise+direct,,72,"1,2,3,4,5,6,8,9,11,12,14,17,19,20,21,22,23,24,25,26,27,28,29,30,31,32,33,34,35,36,37,38,39,40,41,42,43,44,45,46,47,48,49,50,51,52,53,54,55,56,57,58,59,60,61,62,63,64,65,66,67,68,69,70,71,72,73,74,75,76,77,78",5819,825,21,21,,,,,"journal objective family: bg_d2 | F-selected distance-labelled E* domain propagation and cycle detection | precedence configuration: F=distance_closure, P=pairwise, G=direct | Reduced Domain variables after unary filtering + matching GAC + slot saturation | (20),(22)-(27) exactly once over reduced domains | (19) participant atMost-one per slot | (46),(47) clustered table capacity with compact forward channeling | (28) Pairwise precedence over direct distance-labelled relations | exact break-group ends and unary break-group thresholds | exact schedule <-> usedSlot channeling | (43) exactly |Mp| reduced usedSlot variables | (44) atMost 2|L| busy participants per slot | (45) exact even number of busy participants | historical hard cap Delta_G <= 2",,,result
,,,,,,,,,forum-14.forb0007,b2b-ae5d9496030cf4c6,b2b-lineage-forum-14,forbidden,R-PW-DE-ST-BGD2-NIS-CD-IC12P,Reduced,Filter-E*,Pairwise,Direct-E,SpanThreshold,BreakGroupsD2,NonIncrementalSAT,IC12+,UNSAT,UNSAT,,,bg_d2,,,,,,,,1.065793,False,149.883,,,,Compact,Compact/Reduced,project_implementation,restart-based multi-phase SAT,217972,,,,,,,468106,0,468106,5798,212174,1282425,73,cfg5__m-reduced__p-pairwise__g-direct__b-span_threshold__o-break_groups_d2__s-nonincrementalsat__i-imp12plus__backend-cadical,cfg5__m-reduced__p-pairwise__g-direct__b-span_threshold__o-break_groups_d2__s-nonincrementalsat__i-imp12plus__backend-cadical,reduced,distance_closure,pairwise,direct,NonIncrementalSAT,CaDiCaL,1.5.3,imp12+,span_threshold,total_break_groups_subject_to_range_at_most_2,BGD2,IC12P,1282425,0,0,377,213012,173480,81235,,0,718,1,,,,,,0,0,0,0,0,,,"formalism-specific model size: SAT/MaxSAT reports base CNF and soft clauses, MIP reports variables/linear constraints/nonzeros, and CP reports integer variables plus linear/global constraints; SAT bound/totalizer overhead remains separate in optimizer_added_*",6644,5819,5798,5798,0,0,0,0,0,0,0,1,0.402205,0.003496,0.914783,,0.918279,0.147514,"wall-clock from immediately before reading/parsing the .dzn instance through model construction, optimization, solution decoding, and independent validation; excludes worker-process startup and result-file export",,,,,,,peak_process_tree_rss_mb,ae5d9496030cf4c6b1ac6debe184b053977ae4588fefb961961e65a1c2e9e092,forb0007,data_table06_forb/forum-14.forb0007.dzn,2,../noves/forum-14.forb0007.dzn | ../noves/ticf-14crafa.forb0007.dzn,2,data_table06_forb/forum-14.forb0007.dzn | data_table06_forb/ticf-14crafa.forb0007.dzn,https://imae.udg.edu/Recerca/LAI/,https://ima.udg.edu/Recerca/lai/b2b/b2b.zip,ee1f440ab3f6db27ab712300ad3a54a31ffd5ec1e06f81a9ac37cb7202c56528,2026-08-10T10:42:19+00:00,7200.0,,ee80a6fbd8b513f7c010668495c39621a371266a,True,3.10.12,1.8.dev25,instance-20260810-085803,Linux-6.8.0-1064-gcp-x86_64-with-glibc2.35,x86_64,4,8,15988.059,1,0,/home/g24021555/Business-Meeting-Scheduling-Problem/.venv/bin/python3 /home/g24021555/Business-Meeting-Scheduling-Problem/src/Main.py --manifest instances_manifest.csv --family forbidden --solver sat_all --objective-mode bg_d2 --domain-mode both --domain-filter-graph both --precedence-encoding both --precedence-graph both --encoding-variant imp12+ --sat-backend cadical --maxsat-backend uwrmaxsat --uwrmaxsat-bin /home/g24021555/uwrmaxsat/build/release/bin/uwrmaxsat --timeout 7200 --csv output/full_matrix_bg_d2_forbidden.csv,,,,,,,,multiple,,cadical,,traditional,pairwise+direct,,72,"1,2,3,4,5,6,8,9,11,12,14,17,19,20,21,22,23,24,25,26,27,28,29,30,31,32,33,34,35,36,37,38,39,40,41,42,43,44,45,46,47,48,49,50,51,52,53,54,55,56,57,58,59,60,61,62,63,64,65,66,67,68,69,70,71,72,73,74,75,76,77,78",5819,825,21,21,,,,,"journal objective family: bg_d2 | F-selected distance-labelled E* domain propagation and cycle detection | precedence configuration: F=distance_closure, P=pairwise, G=direct | Reduced Domain variables after unary filtering + matching GAC + slot saturation | (20),(22)-(27) exactly once over reduced domains | (19) participant atMost-one per slot | (46),(47) clustered table capacity with compact forward channeling | (28) Pairwise precedence over direct distance-labelled relations | exact break-group ends and unary break-group thresholds | exact schedule <-> usedSlot channeling | (43) exactly |Mp| reduced usedSlot variables | (44) atMost 2|L| busy participants per slot | (45) exact even number of busy participants | historical hard cap Delta_G <= 2",,,result
,,,,,,,,,forum-14.forb0007,b2b-ae5d9496030cf4c6,b2b-lineage-forum-14,forbidden,R-PW-DE-ST-BGD2-UW-IC12P,Reduced,Filter-E*,Pairwise,Direct-E,SpanThreshold,BreakGroupsD2,UWrMaxSAT,IC12+,UNSAT,UNSAT,,,bg_d2,,,,,,,1,1.952374,False,218.812,,,,Compact,Compact/Reduced,project_implementation,one-shot weighted MaxSAT,217972,,,,,,,468106,718,468824,5798,212174,1283143,73,cfg5__m-reduced__p-pairwise__g-direct__b-span_threshold__o-break_groups_d2__s-uwrmaxsat__i-imp12plus__backend-uwrmaxsat,cfg5__m-reduced__p-pairwise__g-direct__b-span_threshold__o-break_groups_d2__s-uwrmaxsat__i-imp12plus__backend-uwrmaxsat,reduced,distance_closure,pairwise,direct,UWrMaxSAT,UWrMaxSAT,binary-sha256:8c68c8a386d3d7847b50d315143c2bab60e3514e59510e84a649db83cb303876,imp12+,span_threshold,total_break_groups_subject_to_range_at_most_2,BGD2,IC12P,1282425,718,1,377,213012,173480,81235,1,718,718,1,,,,,,0,0,0,0,0,,,"formalism-specific model size: SAT/MaxSAT reports base CNF and soft clauses, MIP reports variables/linear constraints/nonzeros, and CP reports integer variables plus linear/global constraints; SAT bound/totalizer overhead remains separate in optimizer_added_*",6644,5819,5798,5798,0,0,0,0,0,0,0,1,0.405599,0.003637,0.917566,,0.921202,1.031171,"wall-clock from immediately before reading/parsing the .dzn instance through model construction, optimization, solution decoding, and independent validation; excludes worker-process startup and result-file export",,,,,,,peak_process_tree_rss_mb,ae5d9496030cf4c6b1ac6debe184b053977ae4588fefb961961e65a1c2e9e092,forb0007,data_table06_forb/forum-14.forb0007.dzn,2,../noves/forum-14.forb0007.dzn | ../noves/ticf-14crafa.forb0007.dzn,2,data_table06_forb/forum-14.forb0007.dzn | data_table06_forb/ticf-14crafa.forb0007.dzn,https://imae.udg.edu/Recerca/LAI/,https://ima.udg.edu/Recerca/lai/b2b/b2b.zip,ee1f440ab3f6db27ab712300ad3a54a31ffd5ec1e06f81a9ac37cb7202c56528,2026-08-10T10:42:19+00:00,7200.0,,ee80a6fbd8b513f7c010668495c39621a371266a,True,3.10.12,1.8.dev25,instance-20260810-085803,Linux-6.8.0-1064-gcp-x86_64-with-glibc2.35,x86_64,4,8,15988.059,1,0,/home/g24021555/Business-Meeting-Scheduling-Problem/.venv/bin/python3 /home/g24021555/Business-Meeting-Scheduling-Problem/src/Main.py --manifest instances_manifest.csv --family forbidden --solver sat_all --objective-mode bg_d2 --domain-mode both --domain-filter-graph both --precedence-encoding both --precedence-graph both --encoding-variant imp12+ --sat-backend cadical --maxsat-backend uwrmaxsat --uwrmaxsat-bin /home/g24021555/uwrmaxsat/build/release/bin/uwrmaxsat --timeout 7200 --csv output/full_matrix_bg_d2_forbidden.csv,/home/g24021555/uwrmaxsat/build/release/bin/uwrmaxsat,8c68c8a386d3d7847b50d315143c2bab60e3514e59510e84a649db83cb303876,/home/g24021555/uwrmaxsat/build/release/bin/uwrmaxsat -m /tmp/b2b_uwrmaxsat_rwbs9tul/forum-14.forb0007.wcnf,,process exit code=20,,,maxsat,uwrmaxsat,,/home/g24021555/uwrmaxsat/build/release/bin/uwrmaxsat,traditional,pairwise+direct,,72,"1,2,3,4,5,6,8,9,11,12,14,17,19,20,21,22,23,24,25,26,27,28,29,30,31,32,33,34,35,36,37,38,39,40,41,42,43,44,45,46,47,48,49,50,51,52,53,54,55,56,57,58,59,60,61,62,63,64,65,66,67,68,69,70,71,72,73,74,75,76,77,78",5819,825,21,21,,,,,"journal objective family: bg_d2 | F-selected distance-labelled E* domain propagation and cycle detection | precedence configuration: F=distance_closure, P=pairwise, G=direct | Reduced Domain variables after unary filtering + matching GAC + slot saturation | (20),(22)-(27) exactly once over reduced domains | (19) participant atMost-one per slot | (46),(47) clustered table capacity with compact forward channeling | (28) Pairwise precedence over direct distance-labelled relations | exact break-group ends and unary break-group thresholds | exact schedule <-> usedSlot channeling | (43) exactly |Mp| reduced usedSlot variables | (44) atMost 2|L| busy participants per slot | (45) exact even number of busy participants | historical hard cap Delta_G <= 2",,,result
,,,,,,,,,forum-14.forb0007,b2b-ae5d9496030cf4c6,b2b-lineage-forum-14,forbidden,R-PW-DC-ST-BGD2-IS-CD-IC12P,Reduced,Filter-E*,Pairwise,DistanceClosure-E*,SpanThreshold,BreakGroupsD2,IncrementalSAT,IC12+,UNSAT,UNSAT,,,bg_d2,,,,,,,,1.057206,False,149.227,,,,Compact,Compact/Reduced,project_implementation,incremental multi-phase SAT with persistent solver state,217972,,,,,,,468106,0,468106,5798,212174,1282425,73,cfg5__m-reduced__p-pairwise__g-distance_closure__b-span_threshold__o-break_groups_d2__s-incrementalsat__i-imp12plus__backend-cadical,cfg5__m-reduced__p-pairwise__g-distance_closure__b-span_threshold__o-break_groups_d2__s-incrementalsat__i-imp12plus__backend-cadical,reduced,distance_closure,pairwise,distance_closure,IncrementalSAT,CaDiCaL,1.5.3,imp12+,span_threshold,total_break_groups_subject_to_range_at_most_2,BGD2,IC12P,1282425,0,0,377,213012,173480,81235,,0,718,1,,,,,,0,0,0,0,0,,,"formalism-specific model size: SAT/MaxSAT reports base CNF and soft clauses, MIP reports variables/linear constraints/nonzeros, and CP reports integer variables plus linear/global constraints; SAT bound/totalizer overhead remains separate in optimizer_added_*",6644,5819,5798,5798,0,0,0,0,0,0,0,1,0.395651,0.003633,0.908396,,0.912029,0.145177,"wall-clock from immediately before reading/parsing the .dzn instance through model construction, optimization, solution decoding, and independent validation; excludes worker-process startup and result-file export",,,,,,,peak_process_tree_rss_mb,ae5d9496030cf4c6b1ac6debe184b053977ae4588fefb961961e65a1c2e9e092,forb0007,data_table06_forb/forum-14.forb0007.dzn,2,../noves/forum-14.forb0007.dzn | ../noves/ticf-14crafa.forb0007.dzn,2,data_table06_forb/forum-14.forb0007.dzn | data_table06_forb/ticf-14crafa.forb0007.dzn,https://imae.udg.edu/Recerca/LAI/,https://ima.udg.edu/Recerca/lai/b2b/b2b.zip,ee1f440ab3f6db27ab712300ad3a54a31ffd5ec1e06f81a9ac37cb7202c56528,2026-08-10T10:42:19+00:00,7200.0,,ee80a6fbd8b513f7c010668495c39621a371266a,True,3.10.12,1.8.dev25,instance-20260810-085803,Linux-6.8.0-1064-gcp-x86_64-with-glibc2.35,x86_64,4,8,15988.059,1,0,/home/g24021555/Business-Meeting-Scheduling-Problem/.venv/bin/python3 /home/g24021555/Business-Meeting-Scheduling-Problem/src/Main.py --manifest instances_manifest.csv --family forbidden --solver sat_all --objective-mode bg_d2 --domain-mode both --domain-filter-graph both --precedence-encoding both --precedence-graph both --encoding-variant imp12+ --sat-backend cadical --maxsat-backend uwrmaxsat --uwrmaxsat-bin /home/g24021555/uwrmaxsat/build/release/bin/uwrmaxsat --timeout 7200 --csv output/full_matrix_bg_d2_forbidden.csv,,,,,,,,incremental,,cadical,,factorial,pairwise+distance_closure,,72,"1,2,3,4,5,6,8,9,11,12,14,17,19,20,21,22,23,24,25,26,27,28,29,30,31,32,33,34,35,36,37,38,39,40,41,42,43,44,45,46,47,48,49,50,51,52,53,54,55,56,57,58,59,60,61,62,63,64,65,66,67,68,69,70,71,72,73,74,75,76,77,78",5819,825,21,21,,,,,"journal objective family: bg_d2 | F-selected distance-labelled E* domain propagation and cycle detection | precedence configuration: F=distance_closure, P=pairwise, G=distance_closure | Reduced Domain variables after unary filtering + matching GAC + slot saturation | (20),(22)-(27) exactly once over reduced domains | (19) participant atMost-one per slot | (46),(47) clustered table capacity with compact forward channeling | (28) Pairwise precedence over distance_closure distance-labelled relations | exact break-group ends and unary break-group thresholds | exact schedule <-> usedSlot channeling | (43) exactly |Mp| reduced usedSlot variables | (44) atMost 2|L| busy participants per slot | (45) exact even number of busy participants | historical hard cap Delta_G <= 2",,,result
,,,,,,,,,forum-14.forb0007,b2b-ae5d9496030cf4c6,b2b-lineage-forum-14,forbidden,R-PW-DC-ST-BGD2-NIS-CD-IC12P,Reduced,Filter-E*,Pairwise,DistanceClosure-E*,SpanThreshold,BreakGroupsD2,NonIncrementalSAT,IC12+,UNSAT,UNSAT,,,bg_d2,,,,,,,,1.064181,False,149.016,,,,Compact,Compact/Reduced,project_implementation,restart-based multi-phase SAT,217972,,,,,,,468106,0,468106,5798,212174,1282425,73,cfg5__m-reduced__p-pairwise__g-distance_closure__b-span_threshold__o-break_groups_d2__s-nonincrementalsat__i-imp12plus__backend-cadical,cfg5__m-reduced__p-pairwise__g-distance_closure__b-span_threshold__o-break_groups_d2__s-nonincrementalsat__i-imp12plus__backend-cadical,reduced,distance_closure,pairwise,distance_closure,NonIncrementalSAT,CaDiCaL,1.5.3,imp12+,span_threshold,total_break_groups_subject_to_range_at_most_2,BGD2,IC12P,1282425,0,0,377,213012,173480,81235,,0,718,1,,,,,,0,0,0,0,0,,,"formalism-specific model size: SAT/MaxSAT reports base CNF and soft clauses, MIP reports variables/linear constraints/nonzeros, and CP reports integer variables plus linear/global constraints; SAT bound/totalizer overhead remains separate in optimizer_added_*",6644,5819,5798,5798,0,0,0,0,0,0,0,1,0.397684,0.00318,0.915313,,0.918492,0.145689,"wall-clock from immediately before reading/parsing the .dzn instance through model construction, optimization, solution decoding, and independent validation; excludes worker-process startup and result-file export",,,,,,,peak_process_tree_rss_mb,ae5d9496030cf4c6b1ac6debe184b053977ae4588fefb961961e65a1c2e9e092,forb0007,data_table06_forb/forum-14.forb0007.dzn,2,../noves/forum-14.forb0007.dzn | ../noves/ticf-14crafa.forb0007.dzn,2,data_table06_forb/forum-14.forb0007.dzn | data_table06_forb/ticf-14crafa.forb0007.dzn,https://imae.udg.edu/Recerca/LAI/,https://ima.udg.edu/Recerca/lai/b2b/b2b.zip,ee1f440ab3f6db27ab712300ad3a54a31ffd5ec1e06f81a9ac37cb7202c56528,2026-08-10T10:42:19+00:00,7200.0,,ee80a6fbd8b513f7c010668495c39621a371266a,True,3.10.12,1.8.dev25,instance-20260810-085803,Linux-6.8.0-1064-gcp-x86_64-with-glibc2.35,x86_64,4,8,15988.059,1,0,/home/g24021555/Business-Meeting-Scheduling-Problem/.venv/bin/python3 /home/g24021555/Business-Meeting-Scheduling-Problem/src/Main.py --manifest instances_manifest.csv --family forbidden --solver sat_all --objective-mode bg_d2 --domain-mode both --domain-filter-graph both --precedence-encoding both --precedence-graph both --encoding-variant imp12+ --sat-backend cadical --maxsat-backend uwrmaxsat --uwrmaxsat-bin /home/g24021555/uwrmaxsat/build/release/bin/uwrmaxsat --timeout 7200 --csv output/full_matrix_bg_d2_forbidden.csv,,,,,,,,multiple,,cadical,,factorial,pairwise+distance_closure,,72,"1,2,3,4,5,6,8,9,11,12,14,17,19,20,21,22,23,24,25,26,27,28,29,30,31,32,33,34,35,36,37,38,39,40,41,42,43,44,45,46,47,48,49,50,51,52,53,54,55,56,57,58,59,60,61,62,63,64,65,66,67,68,69,70,71,72,73,74,75,76,77,78",5819,825,21,21,,,,,"journal objective family: bg_d2 | F-selected distance-labelled E* domain propagation and cycle detection | precedence configuration: F=distance_closure, P=pairwise, G=distance_closure | Reduced Domain variables after unary filtering + matching GAC + slot saturation | (20),(22)-(27) exactly once over reduced domains | (19) participant atMost-one per slot | (46),(47) clustered table capacity with compact forward channeling | (28) Pairwise precedence over distance_closure distance-labelled relations | exact break-group ends and unary break-group thresholds | exact schedule <-> usedSlot channeling | (43) exactly |Mp| reduced usedSlot variables | (44) atMost 2|L| busy participants per slot | (45) exact even number of busy participants | historical hard cap Delta_G <= 2",,,result
,,,,,,,,,forum-14.forb0007,b2b-ae5d9496030cf4c6,b2b-lineage-forum-14,forbidden,R-PW-DC-ST-BGD2-UW-IC12P,Reduced,Filter-E*,Pairwise,DistanceClosure-E*,SpanThreshold,BreakGroupsD2,UWrMaxSAT,IC12+,UNSAT,UNSAT,,,bg_d2,,,,,,,1,1.956096,False,218.969,,,,Compact,Compact/Reduced,project_implementation,one-shot weighted MaxSAT,217972,,,,,,,468106,718,468824,5798,212174,1283143,73,cfg5__m-reduced__p-pairwise__g-distance_closure__b-span_threshold__o-break_groups_d2__s-uwrmaxsat__i-imp12plus__backend-uwrmaxsat,cfg5__m-reduced__p-pairwise__g-distance_closure__b-span_threshold__o-break_groups_d2__s-uwrmaxsat__i-imp12plus__backend-uwrmaxsat,reduced,distance_closure,pairwise,distance_closure,UWrMaxSAT,UWrMaxSAT,binary-sha256:8c68c8a386d3d7847b50d315143c2bab60e3514e59510e84a649db83cb303876,imp12+,span_threshold,total_break_groups_subject_to_range_at_most_2,BGD2,IC12P,1282425,718,1,377,213012,173480,81235,1,718,718,1,,,,,,0,0,0,0,0,,,"formalism-specific model size: SAT/MaxSAT reports base CNF and soft clauses, MIP reports variables/linear constraints/nonzeros, and CP reports integer variables plus linear/global constraints; SAT bound/totalizer overhead remains separate in optimizer_added_*",6644,5819,5798,5798,0,0,0,0,0,0,0,1,0.40127,0.003588,0.913595,,0.917183,1.038913,"wall-clock from immediately before reading/parsing the .dzn instance through model construction, optimization, solution decoding, and independent validation; excludes worker-process startup and result-file export",,,,,,,peak_process_tree_rss_mb,ae5d9496030cf4c6b1ac6debe184b053977ae4588fefb961961e65a1c2e9e092,forb0007,data_table06_forb/forum-14.forb0007.dzn,2,../noves/forum-14.forb0007.dzn | ../noves/ticf-14crafa.forb0007.dzn,2,data_table06_forb/forum-14.forb0007.dzn | data_table06_forb/ticf-14crafa.forb0007.dzn,https://imae.udg.edu/Recerca/LAI/,https://ima.udg.edu/Recerca/lai/b2b/b2b.zip,ee1f440ab3f6db27ab712300ad3a54a31ffd5ec1e06f81a9ac37cb7202c56528,2026-08-10T10:42:19+00:00,7200.0,,ee80a6fbd8b513f7c010668495c39621a371266a,True,3.10.12,1.8.dev25,instance-20260810-085803,Linux-6.8.0-1064-gcp-x86_64-with-glibc2.35,x86_64,4,8,15988.059,1,0,/home/g24021555/Business-Meeting-Scheduling-Problem/.venv/bin/python3 /home/g24021555/Business-Meeting-Scheduling-Problem/src/Main.py --manifest instances_manifest.csv --family forbidden --solver sat_all --objective-mode bg_d2 --domain-mode both --domain-filter-graph both --precedence-encoding both --precedence-graph both --encoding-variant imp12+ --sat-backend cadical --maxsat-backend uwrmaxsat --uwrmaxsat-bin /home/g24021555/uwrmaxsat/build/release/bin/uwrmaxsat --timeout 7200 --csv output/full_matrix_bg_d2_forbidden.csv,/home/g24021555/uwrmaxsat/build/release/bin/uwrmaxsat,8c68c8a386d3d7847b50d315143c2bab60e3514e59510e84a649db83cb303876,/home/g24021555/uwrmaxsat/build/release/bin/uwrmaxsat -m /tmp/b2b_uwrmaxsat_wdhaglsu/forum-14.forb0007.wcnf,,process exit code=20,,,maxsat,uwrmaxsat,,/home/g24021555/uwrmaxsat/build/release/bin/uwrmaxsat,factorial,pairwise+distance_closure,,72,"1,2,3,4,5,6,8,9,11,12,14,17,19,20,21,22,23,24,25,26,27,28,29,30,31,32,33,34,35,36,37,38,39,40,41,42,43,44,45,46,47,48,49,50,51,52,53,54,55,56,57,58,59,60,61,62,63,64,65,66,67,68,69,70,71,72,73,74,75,76,77,78",5819,825,21,21,,,,,"journal objective family: bg_d2 | F-selected distance-labelled E* domain propagation and cycle detection | precedence configuration: F=distance_closure, P=pairwise, G=distance_closure | Reduced Domain variables after unary filtering + matching GAC + slot saturation | (20),(22)-(27) exactly once over reduced domains | (19) participant atMost-one per slot | (46),(47) clustered table capacity with compact forward channeling | (28) Pairwise precedence over distance_closure distance-labelled relations | exact break-group ends and unary break-group thresholds | exact schedule <-> usedSlot channeling | (43) exactly |Mp| reduced usedSlot variables | (44) atMost 2|L| busy participants per slot | (45) exact even number of busy participants | historical hard cap Delta_G <= 2",,,result
,,,,,,,,,forum-14.forb0007,b2b-ae5d9496030cf4c6,b2b-lineage-forum-14,forbidden,R-SS-DE-ST-BGD2-IS-CD-IC12P,Reduced,Filter-E*,SparseSuffix,Direct-E,SpanThreshold,BreakGroupsD2,IncrementalSAT,IC12+,UNSAT,UNSAT,,,bg_d2,,,,,,,,1.070028,False,149.871,,,,Compact,Compact/Reduced,project_implementation,incremental multi-phase SAT with persistent solver state,217972,,,,,,,468106,0,468106,5798,212174,1282425,73,cfg5__m-reduced__p-sparse_suffix__g-direct__b-span_threshold__o-break_groups_d2__s-incrementalsat__i-imp12plus__backend-cadical,cfg5__m-reduced__p-sparse_suffix__g-direct__b-span_threshold__o-break_groups_d2__s-incrementalsat__i-imp12plus__backend-cadical,reduced,distance_closure,sparse_suffix,direct,IncrementalSAT,CaDiCaL,1.5.3,imp12+,span_threshold,total_break_groups_subject_to_range_at_most_2,BGD2,IC12P,1282425,0,0,377,213012,173480,81235,,0,718,1,,,,,,0,0,0,0,0,,,"formalism-specific model size: SAT/MaxSAT reports base CNF and soft clauses, MIP reports variables/linear constraints/nonzeros, and CP reports integer variables plus linear/global constraints; SAT bound/totalizer overhead remains separate in optimizer_added_*",6644,5819,5798,5798,0,0,0,0,0,0,0,1,0.403545,0.003441,0.916942,,0.920384,0.149644,"wall-clock from immediately before reading/parsing the .dzn instance through model construction, optimization, solution decoding, and independent validation; excludes worker-process startup and result-file export",,,,,,,peak_process_tree_rss_mb,ae5d9496030cf4c6b1ac6debe184b053977ae4588fefb961961e65a1c2e9e092,forb0007,data_table06_forb/forum-14.forb0007.dzn,2,../noves/forum-14.forb0007.dzn | ../noves/ticf-14crafa.forb0007.dzn,2,data_table06_forb/forum-14.forb0007.dzn | data_table06_forb/ticf-14crafa.forb0007.dzn,https://imae.udg.edu/Recerca/LAI/,https://ima.udg.edu/Recerca/lai/b2b/b2b.zip,ee1f440ab3f6db27ab712300ad3a54a31ffd5ec1e06f81a9ac37cb7202c56528,2026-08-10T10:42:19+00:00,7200.0,,ee80a6fbd8b513f7c010668495c39621a371266a,True,3.10.12,1.8.dev25,instance-20260810-085803,Linux-6.8.0-1064-gcp-x86_64-with-glibc2.35,x86_64,4,8,15988.059,1,0,/home/g24021555/Business-Meeting-Scheduling-Problem/.venv/bin/python3 /home/g24021555/Business-Meeting-Scheduling-Problem/src/Main.py --manifest instances_manifest.csv --family forbidden --solver sat_all --objective-mode bg_d2 --domain-mode both --domain-filter-graph both --precedence-encoding both --precedence-graph both --encoding-variant imp12+ --sat-backend cadical --maxsat-backend uwrmaxsat --uwrmaxsat-bin /home/g24021555/uwrmaxsat/build/release/bin/uwrmaxsat --timeout 7200 --csv output/full_matrix_bg_d2_forbidden.csv,,,,,,,,incremental,,cadical,,factorial,sparse_suffix+direct,,72,"1,2,3,4,5,6,8,9,11,12,14,17,19,20,21,22,23,24,25,26,27,28,29,30,31,32,33,34,35,36,37,38,39,40,41,42,43,44,45,46,47,48,49,50,51,52,53,54,55,56,57,58,59,60,61,62,63,64,65,66,67,68,69,70,71,72,73,74,75,76,77,78",5819,825,21,21,,,,,"journal objective family: bg_d2 | F-selected distance-labelled E* domain propagation and cycle detection | precedence configuration: F=distance_closure, P=sparse_suffix, G=direct | Reduced Domain variables after unary filtering + matching GAC + slot saturation | (20),(22)-(27) exactly once over reduced domains | (19) participant atMost-one per slot | (46),(47) clustered table capacity with compact forward channeling | (28) SparseSuffix precedence over direct distance-labelled relations | exact break-group ends and unary break-group thresholds | exact schedule <-> usedSlot channeling | (43) exactly |Mp| reduced usedSlot variables | (44) atMost 2|L| busy participants per slot | (45) exact even number of busy participants | historical hard cap Delta_G <= 2",,,result
,,,,,,,,,forum-14.forb0007,b2b-ae5d9496030cf4c6,b2b-lineage-forum-14,forbidden,R-SS-DE-ST-BGD2-NIS-CD-IC12P,Reduced,Filter-E*,SparseSuffix,Direct-E,SpanThreshold,BreakGroupsD2,NonIncrementalSAT,IC12+,UNSAT,UNSAT,,,bg_d2,,,,,,,,1.059928,False,148.961,,,,Compact,Compact/Reduced,project_implementation,restart-based multi-phase SAT,217972,,,,,,,468106,0,468106,5798,212174,1282425,73,cfg5__m-reduced__p-sparse_suffix__g-direct__b-span_threshold__o-break_groups_d2__s-nonincrementalsat__i-imp12plus__backend-cadical,cfg5__m-reduced__p-sparse_suffix__g-direct__b-span_threshold__o-break_groups_d2__s-nonincrementalsat__i-imp12plus__backend-cadical,reduced,distance_closure,sparse_suffix,direct,NonIncrementalSAT,CaDiCaL,1.5.3,imp12+,span_threshold,total_break_groups_subject_to_range_at_most_2,BGD2,IC12P,1282425,0,0,377,213012,173480,81235,,0,718,1,,,,,,0,0,0,0,0,,,"formalism-specific model size: SAT/MaxSAT reports base CNF and soft clauses, MIP reports variables/linear constraints/nonzeros, and CP reports integer variables plus linear/global constraints; SAT bound/totalizer overhead remains separate in optimizer_added_*",6644,5819,5798,5798,0,0,0,0,0,0,0,1,0.398502,0.003528,0.90889,,0.912417,0.147511,"wall-clock from immediately before reading/parsing the .dzn instance through model construction, optimization, solution decoding, and independent validation; excludes worker-process startup and result-file export",,,,,,,peak_process_tree_rss_mb,ae5d9496030cf4c6b1ac6debe184b053977ae4588fefb961961e65a1c2e9e092,forb0007,data_table06_forb/forum-14.forb0007.dzn,2,../noves/forum-14.forb0007.dzn | ../noves/ticf-14crafa.forb0007.dzn,2,data_table06_forb/forum-14.forb0007.dzn | data_table06_forb/ticf-14crafa.forb0007.dzn,https://imae.udg.edu/Recerca/LAI/,https://ima.udg.edu/Recerca/lai/b2b/b2b.zip,ee1f440ab3f6db27ab712300ad3a54a31ffd5ec1e06f81a9ac37cb7202c56528,2026-08-10T10:42:19+00:00,7200.0,,ee80a6fbd8b513f7c010668495c39621a371266a,True,3.10.12,1.8.dev25,instance-20260810-085803,Linux-6.8.0-1064-gcp-x86_64-with-glibc2.35,x86_64,4,8,15988.059,1,0,/home/g24021555/Business-Meeting-Scheduling-Problem/.venv/bin/python3 /home/g24021555/Business-Meeting-Scheduling-Problem/src/Main.py --manifest instances_manifest.csv --family forbidden --solver sat_all --objective-mode bg_d2 --domain-mode both --domain-filter-graph both --precedence-encoding both --precedence-graph both --encoding-variant imp12+ --sat-backend cadical --maxsat-backend uwrmaxsat --uwrmaxsat-bin /home/g24021555/uwrmaxsat/build/release/bin/uwrmaxsat --timeout 7200 --csv output/full_matrix_bg_d2_forbidden.csv,,,,,,,,multiple,,cadical,,factorial,sparse_suffix+direct,,72,"1,2,3,4,5,6,8,9,11,12,14,17,19,20,21,22,23,24,25,26,27,28,29,30,31,32,33,34,35,36,37,38,39,40,41,42,43,44,45,46,47,48,49,50,51,52,53,54,55,56,57,58,59,60,61,62,63,64,65,66,67,68,69,70,71,72,73,74,75,76,77,78",5819,825,21,21,,,,,"journal objective family: bg_d2 | F-selected distance-labelled E* domain propagation and cycle detection | precedence configuration: F=distance_closure, P=sparse_suffix, G=direct | Reduced Domain variables after unary filtering + matching GAC + slot saturation | (20),(22)-(27) exactly once over reduced domains | (19) participant atMost-one per slot | (46),(47) clustered table capacity with compact forward channeling | (28) SparseSuffix precedence over direct distance-labelled relations | exact break-group ends and unary break-group thresholds | exact schedule <-> usedSlot channeling | (43) exactly |Mp| reduced usedSlot variables | (44) atMost 2|L| busy participants per slot | (45) exact even number of busy participants | historical hard cap Delta_G <= 2",,,result
,,,,,,,,,forum-14.forb0007,b2b-ae5d9496030cf4c6,b2b-lineage-forum-14,forbidden,R-SS-DE-ST-BGD2-UW-IC12P,Reduced,Filter-E*,SparseSuffix,Direct-E,SpanThreshold,BreakGroupsD2,UWrMaxSAT,IC12+,UNSAT,UNSAT,,,bg_d2,,,,,,,1,1.925256,False,218.781,,,,Compact,Compact/Reduced,project_implementation,one-shot weighted MaxSAT,217972,,,,,,,468106,718,468824,5798,212174,1283143,73,cfg5__m-reduced__p-sparse_suffix__g-direct__b-span_threshold__o-break_groups_d2__s-uwrmaxsat__i-imp12plus__backend-uwrmaxsat,cfg5__m-reduced__p-sparse_suffix__g-direct__b-span_threshold__o-break_groups_d2__s-uwrmaxsat__i-imp12plus__backend-uwrmaxsat,reduced,distance_closure,sparse_suffix,direct,UWrMaxSAT,UWrMaxSAT,binary-sha256:8c68c8a386d3d7847b50d315143c2bab60e3514e59510e84a649db83cb303876,imp12+,span_threshold,total_break_groups_subject_to_range_at_most_2,BGD2,IC12P,1282425,718,1,377,213012,173480,81235,1,718,718,1,,,,,,0,0,0,0,0,,,"formalism-specific model size: SAT/MaxSAT reports base CNF and soft clauses, MIP reports variables/linear constraints/nonzeros, and CP reports integer variables plus linear/global constraints; SAT bound/totalizer overhead remains separate in optimizer_added_*",6644,5819,5798,5798,0,0,0,0,0,0,0,1,0.396893,0.003177,0.904511,,0.907688,1.017568,"wall-clock from immediately before reading/parsing the .dzn instance through model construction, optimization, solution decoding, and independent validation; excludes worker-process startup and result-file export",,,,,,,peak_process_tree_rss_mb,ae5d9496030cf4c6b1ac6debe184b053977ae4588fefb961961e65a1c2e9e092,forb0007,data_table06_forb/forum-14.forb0007.dzn,2,../noves/forum-14.forb0007.dzn | ../noves/ticf-14crafa.forb0007.dzn,2,data_table06_forb/forum-14.forb0007.dzn | data_table06_forb/ticf-14crafa.forb0007.dzn,https://imae.udg.edu/Recerca/LAI/,https://ima.udg.edu/Recerca/lai/b2b/b2b.zip,ee1f440ab3f6db27ab712300ad3a54a31ffd5ec1e06f81a9ac37cb7202c56528,2026-08-10T10:42:19+00:00,7200.0,,ee80a6fbd8b513f7c010668495c39621a371266a,True,3.10.12,1.8.dev25,instance-20260810-085803,Linux-6.8.0-1064-gcp-x86_64-with-glibc2.35,x86_64,4,8,15988.059,1,0,/home/g24021555/Business-Meeting-Scheduling-Problem/.venv/bin/python3 /home/g24021555/Business-Meeting-Scheduling-Problem/src/Main.py --manifest instances_manifest.csv --family forbidden --solver sat_all --objective-mode bg_d2 --domain-mode both --domain-filter-graph both --precedence-encoding both --precedence-graph both --encoding-variant imp12+ --sat-backend cadical --maxsat-backend uwrmaxsat --uwrmaxsat-bin /home/g24021555/uwrmaxsat/build/release/bin/uwrmaxsat --timeout 7200 --csv output/full_matrix_bg_d2_forbidden.csv,/home/g24021555/uwrmaxsat/build/release/bin/uwrmaxsat,8c68c8a386d3d7847b50d315143c2bab60e3514e59510e84a649db83cb303876,/home/g24021555/uwrmaxsat/build/release/bin/uwrmaxsat -m /tmp/b2b_uwrmaxsat_ruhmlfy3/forum-14.forb0007.wcnf,,process exit code=20,,,maxsat,uwrmaxsat,,/home/g24021555/uwrmaxsat/build/release/bin/uwrmaxsat,factorial,sparse_suffix+direct,,72,"1,2,3,4,5,6,8,9,11,12,14,17,19,20,21,22,23,24,25,26,27,28,29,30,31,32,33,34,35,36,37,38,39,40,41,42,43,44,45,46,47,48,49,50,51,52,53,54,55,56,57,58,59,60,61,62,63,64,65,66,67,68,69,70,71,72,73,74,75,76,77,78",5819,825,21,21,,,,,"journal objective family: bg_d2 | F-selected distance-labelled E* domain propagation and cycle detection | precedence configuration: F=distance_closure, P=sparse_suffix, G=direct | Reduced Domain variables after unary filtering + matching GAC + slot saturation | (20),(22)-(27) exactly once over reduced domains | (19) participant atMost-one per slot | (46),(47) clustered table capacity with compact forward channeling | (28) SparseSuffix precedence over direct distance-labelled relations | exact break-group ends and unary break-group thresholds | exact schedule <-> usedSlot channeling | (43) exactly |Mp| reduced usedSlot variables | (44) atMost 2|L| busy participants per slot | (45) exact even number of busy participants | historical hard cap Delta_G <= 2",,,result
,,,,,,,,,forum-14.forb0007,b2b-ae5d9496030cf4c6,b2b-lineage-forum-14,forbidden,R-SS-DC-ST-BGD2-IS-CD-IC12P,Reduced,Filter-E*,SparseSuffix,DistanceClosure-E*,SpanThreshold,BreakGroupsD2,IncrementalSAT,IC12+,UNSAT,UNSAT,,,bg_d2,,,,,,,,1.048599,False,149.293,,,,Compact,Compact/Reduced,project_implementation,incremental multi-phase SAT with persistent solver state,217972,,,,,,,468106,0,468106,5798,212174,1282425,73,cfg5__m-reduced__p-sparse_suffix__g-distance_closure__b-span_threshold__o-break_groups_d2__s-incrementalsat__i-imp12plus__backend-cadical,cfg5__m-reduced__p-sparse_suffix__g-distance_closure__b-span_threshold__o-break_groups_d2__s-incrementalsat__i-imp12plus__backend-cadical,reduced,distance_closure,sparse_suffix,distance_closure,IncrementalSAT,CaDiCaL,1.5.3,imp12+,span_threshold,total_break_groups_subject_to_range_at_most_2,BGD2,IC12P,1282425,0,0,377,213012,173480,81235,,0,718,1,,,,,,0,0,0,0,0,,,"formalism-specific model size: SAT/MaxSAT reports base CNF and soft clauses, MIP reports variables/linear constraints/nonzeros, and CP reports integer variables plus linear/global constraints; SAT bound/totalizer overhead remains separate in optimizer_added_*",6644,5819,5798,5798,0,0,0,0,0,0,0,1,0.391904,0.003151,0.899437,,0.902587,0.146012,"wall-clock from immediately before reading/parsing the .dzn instance through model construction, optimization, solution decoding, and independent validation; excludes worker-process startup and result-file export",,,,,,,peak_process_tree_rss_mb,ae5d9496030cf4c6b1ac6debe184b053977ae4588fefb961961e65a1c2e9e092,forb0007,data_table06_forb/forum-14.forb0007.dzn,2,../noves/forum-14.forb0007.dzn | ../noves/ticf-14crafa.forb0007.dzn,2,data_table06_forb/forum-14.forb0007.dzn | data_table06_forb/ticf-14crafa.forb0007.dzn,https://imae.udg.edu/Recerca/LAI/,https://ima.udg.edu/Recerca/lai/b2b/b2b.zip,ee1f440ab3f6db27ab712300ad3a54a31ffd5ec1e06f81a9ac37cb7202c56528,2026-08-10T10:42:19+00:00,7200.0,,ee80a6fbd8b513f7c010668495c39621a371266a,True,3.10.12,1.8.dev25,instance-20260810-085803,Linux-6.8.0-1064-gcp-x86_64-with-glibc2.35,x86_64,4,8,15988.059,1,0,/home/g24021555/Business-Meeting-Scheduling-Problem/.venv/bin/python3 /home/g24021555/Business-Meeting-Scheduling-Problem/src/Main.py --manifest instances_manifest.csv --family forbidden --solver sat_all --objective-mode bg_d2 --domain-mode both --domain-filter-graph both --precedence-encoding both --precedence-graph both --encoding-variant imp12+ --sat-backend cadical --maxsat-backend uwrmaxsat --uwrmaxsat-bin /home/g24021555/uwrmaxsat/build/release/bin/uwrmaxsat --timeout 7200 --csv output/full_matrix_bg_d2_forbidden.csv,,,,,,,,incremental,,cadical,,staircase,sparse_suffix+distance_closure,,72,"1,2,3,4,5,6,8,9,11,12,14,17,19,20,21,22,23,24,25,26,27,28,29,30,31,32,33,34,35,36,37,38,39,40,41,42,43,44,45,46,47,48,49,50,51,52,53,54,55,56,57,58,59,60,61,62,63,64,65,66,67,68,69,70,71,72,73,74,75,76,77,78",5819,825,21,21,,,,,"journal objective family: bg_d2 | F-selected distance-labelled E* domain propagation and cycle detection | precedence configuration: F=distance_closure, P=sparse_suffix, G=distance_closure | Reduced Domain variables after unary filtering + matching GAC + slot saturation | (20),(22)-(27) exactly once over reduced domains | (19) participant atMost-one per slot | (46),(47) clustered table capacity with compact forward channeling | (28) SparseSuffix precedence over distance_closure distance-labelled relations | exact break-group ends and unary break-group thresholds | exact schedule <-> usedSlot channeling | (43) exactly |Mp| reduced usedSlot variables | (44) atMost 2|L| busy participants per slot | (45) exact even number of busy participants | historical hard cap Delta_G <= 2",,,result
,,,,,,,,,forum-14.forb0007,b2b-ae5d9496030cf4c6,b2b-lineage-forum-14,forbidden,R-SS-DC-ST-BGD2-NIS-CD-IC12P,Reduced,Filter-E*,SparseSuffix,DistanceClosure-E*,SpanThreshold,BreakGroupsD2,NonIncrementalSAT,IC12+,UNSAT,UNSAT,,,bg_d2,,,,,,,,1.068822,False,149.98,,,,Compact,Compact/Reduced,project_implementation,restart-based multi-phase SAT,217972,,,,,,,468106,0,468106,5798,212174,1282425,73,cfg5__m-reduced__p-sparse_suffix__g-distance_closure__b-span_threshold__o-break_groups_d2__s-nonincrementalsat__i-imp12plus__backend-cadical,cfg5__m-reduced__p-sparse_suffix__g-distance_closure__b-span_threshold__o-break_groups_d2__s-nonincrementalsat__i-imp12plus__backend-cadical,reduced,distance_closure,sparse_suffix,distance_closure,NonIncrementalSAT,CaDiCaL,1.5.3,imp12+,span_threshold,total_break_groups_subject_to_range_at_most_2,BGD2,IC12P,1282425,0,0,377,213012,173480,81235,,0,718,1,,,,,,0,0,0,0,0,,,"formalism-specific model size: SAT/MaxSAT reports base CNF and soft clauses, MIP reports variables/linear constraints/nonzeros, and CP reports integer variables plus linear/global constraints; SAT bound/totalizer overhead remains separate in optimizer_added_*",6644,5819,5798,5798,0,0,0,0,0,0,0,1,0.402383,0.003509,0.916816,,0.920325,0.148497,"wall-clock from immediately before reading/parsing the .dzn instance through model construction, optimization, solution decoding, and independent validation; excludes worker-process startup and result-file export",,,,,,,peak_process_tree_rss_mb,ae5d9496030cf4c6b1ac6debe184b053977ae4588fefb961961e65a1c2e9e092,forb0007,data_table06_forb/forum-14.forb0007.dzn,2,../noves/forum-14.forb0007.dzn | ../noves/ticf-14crafa.forb0007.dzn,2,data_table06_forb/forum-14.forb0007.dzn | data_table06_forb/ticf-14crafa.forb0007.dzn,https://imae.udg.edu/Recerca/LAI/,https://ima.udg.edu/Recerca/lai/b2b/b2b.zip,ee1f440ab3f6db27ab712300ad3a54a31ffd5ec1e06f81a9ac37cb7202c56528,2026-08-10T10:42:19+00:00,7200.0,,ee80a6fbd8b513f7c010668495c39621a371266a,True,3.10.12,1.8.dev25,instance-20260810-085803,Linux-6.8.0-1064-gcp-x86_64-with-glibc2.35,x86_64,4,8,15988.059,1,0,/home/g24021555/Business-Meeting-Scheduling-Problem/.venv/bin/python3 /home/g24021555/Business-Meeting-Scheduling-Problem/src/Main.py --manifest instances_manifest.csv --family forbidden --solver sat_all --objective-mode bg_d2 --domain-mode both --domain-filter-graph both --precedence-encoding both --precedence-graph both --encoding-variant imp12+ --sat-backend cadical --maxsat-backend uwrmaxsat --uwrmaxsat-bin /home/g24021555/uwrmaxsat/build/release/bin/uwrmaxsat --timeout 7200 --csv output/full_matrix_bg_d2_forbidden.csv,,,,,,,,multiple,,cadical,,staircase,sparse_suffix+distance_closure,,72,"1,2,3,4,5,6,8,9,11,12,14,17,19,20,21,22,23,24,25,26,27,28,29,30,31,32,33,34,35,36,37,38,39,40,41,42,43,44,45,46,47,48,49,50,51,52,53,54,55,56,57,58,59,60,61,62,63,64,65,66,67,68,69,70,71,72,73,74,75,76,77,78",5819,825,21,21,,,,,"journal objective family: bg_d2 | F-selected distance-labelled E* domain propagation and cycle detection | precedence configuration: F=distance_closure, P=sparse_suffix, G=distance_closure | Reduced Domain variables after unary filtering + matching GAC + slot saturation | (20),(22)-(27) exactly once over reduced domains | (19) participant atMost-one per slot | (46),(47) clustered table capacity with compact forward channeling | (28) SparseSuffix precedence over distance_closure distance-labelled relations | exact break-group ends and unary break-group thresholds | exact schedule <-> usedSlot channeling | (43) exactly |Mp| reduced usedSlot variables | (44) atMost 2|L| busy participants per slot | (45) exact even number of busy participants | historical hard cap Delta_G <= 2",,,result
,,,,,,,,,forum-14.forb0007,b2b-ae5d9496030cf4c6,b2b-lineage-forum-14,forbidden,R-SS-DC-ST-BGD2-UW-IC12P,Reduced,Filter-E*,SparseSuffix,DistanceClosure-E*,SpanThreshold,BreakGroupsD2,UWrMaxSAT,IC12+,UNSAT,UNSAT,,,bg_d2,,,,,,,1,1.943426,False,218.777,,,,Compact,Compact/Reduced,project_implementation,one-shot weighted MaxSAT,217972,,,,,,,468106,718,468824,5798,212174,1283143,73,cfg5__m-reduced__p-sparse_suffix__g-distance_closure__b-span_threshold__o-break_groups_d2__s-uwrmaxsat__i-imp12plus__backend-uwrmaxsat,cfg5__m-reduced__p-sparse_suffix__g-distance_closure__b-span_threshold__o-break_groups_d2__s-uwrmaxsat__i-imp12plus__backend-uwrmaxsat,reduced,distance_closure,sparse_suffix,distance_closure,UWrMaxSAT,UWrMaxSAT,binary-sha256:8c68c8a386d3d7847b50d315143c2bab60e3514e59510e84a649db83cb303876,imp12+,span_threshold,total_break_groups_subject_to_range_at_most_2,BGD2,IC12P,1282425,718,1,377,213012,173480,81235,1,718,718,1,,,,,,0,0,0,0,0,,,"formalism-specific model size: SAT/MaxSAT reports base CNF and soft clauses, MIP reports variables/linear constraints/nonzeros, and CP reports integer variables plus linear/global constraints; SAT bound/totalizer overhead remains separate in optimizer_added_*",6644,5819,5798,5798,0,0,0,0,0,0,0,1,0.404875,0.0032,0.921451,,0.924651,1.018775,"wall-clock from immediately before reading/parsing the .dzn instance through model construction, optimization, solution decoding, and independent validation; excludes worker-process startup and result-file export",,,,,,,peak_process_tree_rss_mb,ae5d9496030cf4c6b1ac6debe184b053977ae4588fefb961961e65a1c2e9e092,forb0007,data_table06_forb/forum-14.forb0007.dzn,2,../noves/forum-14.forb0007.dzn | ../noves/ticf-14crafa.forb0007.dzn,2,data_table06_forb/forum-14.forb0007.dzn | data_table06_forb/ticf-14crafa.forb0007.dzn,https://imae.udg.edu/Recerca/LAI/,https://ima.udg.edu/Recerca/lai/b2b/b2b.zip,ee1f440ab3f6db27ab712300ad3a54a31ffd5ec1e06f81a9ac37cb7202c56528,2026-08-10T10:42:19+00:00,7200.0,,ee80a6fbd8b513f7c010668495c39621a371266a,True,3.10.12,1.8.dev25,instance-20260810-085803,Linux-6.8.0-1064-gcp-x86_64-with-glibc2.35,x86_64,4,8,15988.059,1,0,/home/g24021555/Business-Meeting-Scheduling-Problem/.venv/bin/python3 /home/g24021555/Business-Meeting-Scheduling-Problem/src/Main.py --manifest instances_manifest.csv --family forbidden --solver sat_all --objective-mode bg_d2 --domain-mode both --domain-filter-graph both --precedence-encoding both --precedence-graph both --encoding-variant imp12+ --sat-backend cadical --maxsat-backend uwrmaxsat --uwrmaxsat-bin /home/g24021555/uwrmaxsat/build/release/bin/uwrmaxsat --timeout 7200 --csv output/full_matrix_bg_d2_forbidden.csv,/home/g24021555/uwrmaxsat/build/release/bin/uwrmaxsat,8c68c8a386d3d7847b50d315143c2bab60e3514e59510e84a649db83cb303876,/home/g24021555/uwrmaxsat/build/release/bin/uwrmaxsat -m /tmp/b2b_uwrmaxsat_1zqj3zws/forum-14.forb0007.wcnf,,process exit code=20,,,maxsat,uwrmaxsat,,/home/g24021555/uwrmaxsat/build/release/bin/uwrmaxsat,staircase,sparse_suffix+distance_closure,,72,"1,2,3,4,5,6,8,9,11,12,14,17,19,20,21,22,23,24,25,26,27,28,29,30,31,32,33,34,35,36,37,38,39,40,41,42,43,44,45,46,47,48,49,50,51,52,53,54,55,56,57,58,59,60,61,62,63,64,65,66,67,68,69,70,71,72,73,74,75,76,77,78",5819,825,21,21,,,,,"journal objective family: bg_d2 | F-selected distance-labelled E* domain propagation and cycle detection | precedence configuration: F=distance_closure, P=sparse_suffix, G=distance_closure | Reduced Domain variables after unary filtering + matching GAC + slot saturation | (20),(22)-(27) exactly once over reduced domains | (19) participant atMost-one per slot | (46),(47) clustered table capacity with compact forward channeling | (28) SparseSuffix precedence over distance_closure distance-labelled relations | exact break-group ends and unary break-group thresholds | exact schedule <-> usedSlot channeling | (43) exactly |Mp| reduced usedSlot variables | (44) atMost 2|L| busy participants per slot | (45) exact even number of busy participants | historical hard cap Delta_G <= 2",,,result
,,,,,,,,,tic-12.forb0007,b2b-af04b9353956aee3,b2b-lineage-tic-12,forbidden,F-PW-DE-ST-BGD2-IS-CD-IC12P,Full,Filter-E*,Pairwise,Direct-E,SpanThreshold,BreakGroupsD2,IncrementalSAT,IC12+,UNSAT,UNSAT,,,bg_d2,,,,,,,,0.034289,False,32.621,,,,Compact,Compact/Full,project_implementation,incremental multi-phase SAT with persistent solver state,6270,,,,,,,22971,0,22971,1000,5270,55271,40,cfg5__m-full__p-pairwise__g-direct__b-span_threshold__o-break_groups_d2__s-incrementalsat__i-imp12plus__backend-cadical,cfg5__m-full__p-pairwise__g-direct__b-span_threshold__o-break_groups_d2__s-incrementalsat__i-imp12plus__backend-cadical,full,distance_closure,pairwise,direct,IncrementalSAT,CaDiCaL,1.5.3,imp12+,span_threshold,total_break_groups_subject_to_range_at_most_2,BGD2,IC12P,55271,0,0,229,16197,5119,1426,,0,117,1,,,,,,0,0,0,0,0,,,"formalism-specific model size: SAT/MaxSAT reports base CNF and soft clauses, MIP reports variables/linear constraints/nonzeros, and CP reports integer variables plus linear/global constraints; SAT bound/totalizer overhead remains separate in optimizer_added_*",1000,984,977,1000,0,0,0,0,0,0,0,1,0.000161,0.001805,0.024024,,0.025829,0.008461,"wall-clock from immediately before reading/parsing the .dzn instance through model construction, optimization, solution decoding, and independent validation; excludes worker-process startup and result-file export",,,,,,,peak_process_tree_rss_mb,af04b9353956aee3ee0934102bceed20801ec5850b81f132f3b341a8eddf1cba,forb0007,data_table06_forb/tic-12.forb0007.dzn,1,../noves/tic-12.forb0007.dzn,1,data_table06_forb/tic-12.forb0007.dzn,https://imae.udg.edu/Recerca/LAI/,https://ima.udg.edu/Recerca/lai/b2b/b2b.zip,ee1f440ab3f6db27ab712300ad3a54a31ffd5ec1e06f81a9ac37cb7202c56528,2026-08-10T10:42:19+00:00,7200.0,,ee80a6fbd8b513f7c010668495c39621a371266a,True,3.10.12,1.8.dev25,instance-20260810-085803,Linux-6.8.0-1064-gcp-x86_64-with-glibc2.35,x86_64,4,8,15988.059,1,0,/home/g24021555/Business-Meeting-Scheduling-Problem/.venv/bin/python3 /home/g24021555/Business-Meeting-Scheduling-Problem/src/Main.py --manifest instances_manifest.csv --family forbidden --solver sat_all --objective-mode bg_d2 --domain-mode both --domain-filter-graph both --precedence-encoding both --precedence-graph both --encoding-variant imp12+ --sat-backend cadical --maxsat-backend uwrmaxsat --uwrmaxsat-bin /home/g24021555/uwrmaxsat/build/release/bin/uwrmaxsat --timeout 7200 --csv output/full_matrix_bg_d2_forbidden.csv,,,,,,,,incremental,,cadical,,traditional,pairwise+direct,,39,"1,2,3,4,5,6,7,8,9,10,11,12,13,14,15,16,17,18,19,20,21,22,23,24,25,26,27,28,29,30,31,32,33,34,35,36,39,41,42",984,16,7,7,,,,,"journal objective family: bg_d2 | F-selected distance-labelled E* domain propagation and cycle detection | precedence configuration: F=distance_closure, P=pairwise, G=direct | Full Domain MxT schedule variables + explicit unary exclusions | (20),(22)-(27) exactly once over full domains | (22)-(27) session/fixed/forbidden exclusions as hard unit clauses | (19) participant atMost-one per slot | (46),(47) clustered table capacity with compact forward channeling | (28) Pairwise precedence over direct distance-labelled relations | exact break-group ends and unary break-group thresholds | exact schedule <-> usedSlot channeling | (43) exactly |Mp| full usedSlot variables | (44) atMost 2|L| busy participants per slot | (45) exact even number of busy participants | historical hard cap Delta_G <= 2",,,result
,,,,,,,,,tic-12.forb0007,b2b-af04b9353956aee3,b2b-lineage-tic-12,forbidden,F-PW-DE-ST-BGD2-NIS-CD-IC12P,Full,Filter-E*,Pairwise,Direct-E,SpanThreshold,BreakGroupsD2,NonIncrementalSAT,IC12+,UNSAT,UNSAT,,,bg_d2,,,,,,,,0.034545,False,32.555,,,,Compact,Compact/Full,project_implementation,restart-based multi-phase SAT,6270,,,,,,,22971,0,22971,1000,5270,55271,40,cfg5__m-full__p-pairwise__g-direct__b-span_threshold__o-break_groups_d2__s-nonincrementalsat__i-imp12plus__backend-cadical,cfg5__m-full__p-pairwise__g-direct__b-span_threshold__o-break_groups_d2__s-nonincrementalsat__i-imp12plus__backend-cadical,full,distance_closure,pairwise,direct,NonIncrementalSAT,CaDiCaL,1.5.3,imp12+,span_threshold,total_break_groups_subject_to_range_at_most_2,BGD2,IC12P,55271,0,0,229,16197,5119,1426,,0,117,1,,,,,,0,0,0,0,0,,,"formalism-specific model size: SAT/MaxSAT reports base CNF and soft clauses, MIP reports variables/linear constraints/nonzeros, and CP reports integer variables plus linear/global constraints; SAT bound/totalizer overhead remains separate in optimizer_added_*",1000,984,977,1000,0,0,0,0,0,0,0,1,0.000166,0.001784,0.023693,,0.025477,0.009068,"wall-clock from immediately before reading/parsing the .dzn instance through model construction, optimization, solution decoding, and independent validation; excludes worker-process startup and result-file export",,,,,,,peak_process_tree_rss_mb,af04b9353956aee3ee0934102bceed20801ec5850b81f132f3b341a8eddf1cba,forb0007,data_table06_forb/tic-12.forb0007.dzn,1,../noves/tic-12.forb0007.dzn,1,data_table06_forb/tic-12.forb0007.dzn,https://imae.udg.edu/Recerca/LAI/,https://ima.udg.edu/Recerca/lai/b2b/b2b.zip,ee1f440ab3f6db27ab712300ad3a54a31ffd5ec1e06f81a9ac37cb7202c56528,2026-08-10T10:42:19+00:00,7200.0,,ee80a6fbd8b513f7c010668495c39621a371266a,True,3.10.12,1.8.dev25,instance-20260810-085803,Linux-6.8.0-1064-gcp-x86_64-with-glibc2.35,x86_64,4,8,15988.059,1,0,/home/g24021555/Business-Meeting-Scheduling-Problem/.venv/bin/python3 /home/g24021555/Business-Meeting-Scheduling-Problem/src/Main.py --manifest instances_manifest.csv --family forbidden --solver sat_all --objective-mode bg_d2 --domain-mode both --domain-filter-graph both --precedence-encoding both --precedence-graph both --encoding-variant imp12+ --sat-backend cadical --maxsat-backend uwrmaxsat --uwrmaxsat-bin /home/g24021555/uwrmaxsat/build/release/bin/uwrmaxsat --timeout 7200 --csv output/full_matrix_bg_d2_forbidden.csv,,,,,,,,multiple,,cadical,,traditional,pairwise+direct,,39,"1,2,3,4,5,6,7,8,9,10,11,12,13,14,15,16,17,18,19,20,21,22,23,24,25,26,27,28,29,30,31,32,33,34,35,36,39,41,42",984,16,7,7,,,,,"journal objective family: bg_d2 | F-selected distance-labelled E* domain propagation and cycle detection | precedence configuration: F=distance_closure, P=pairwise, G=direct | Full Domain MxT schedule variables + explicit unary exclusions | (20),(22)-(27) exactly once over full domains | (22)-(27) session/fixed/forbidden exclusions as hard unit clauses | (19) participant atMost-one per slot | (46),(47) clustered table capacity with compact forward channeling | (28) Pairwise precedence over direct distance-labelled relations | exact break-group ends and unary break-group thresholds | exact schedule <-> usedSlot channeling | (43) exactly |Mp| full usedSlot variables | (44) atMost 2|L| busy participants per slot | (45) exact even number of busy participants | historical hard cap Delta_G <= 2",,,result
,,,,,,,,,tic-12.forb0007,b2b-af04b9353956aee3,b2b-lineage-tic-12,forbidden,F-PW-DE-ST-BGD2-UW-IC12P,Full,Filter-E*,Pairwise,Direct-E,SpanThreshold,BreakGroupsD2,UWrMaxSAT,IC12+,UNSAT,UNSAT,,,bg_d2,,,,,,,1,0.080131,False,40.215,,,,Compact,Compact/Full,project_implementation,one-shot weighted MaxSAT,6270,,,,,,,22971,117,23088,1000,5270,55388,40,cfg5__m-full__p-pairwise__g-direct__b-span_threshold__o-break_groups_d2__s-uwrmaxsat__i-imp12plus__backend-uwrmaxsat,cfg5__m-full__p-pairwise__g-direct__b-span_threshold__o-break_groups_d2__s-uwrmaxsat__i-imp12plus__backend-uwrmaxsat,full,distance_closure,pairwise,direct,UWrMaxSAT,UWrMaxSAT,binary-sha256:8c68c8a386d3d7847b50d315143c2bab60e3514e59510e84a649db83cb303876,imp12+,span_threshold,total_break_groups_subject_to_range_at_most_2,BGD2,IC12P,55271,117,1,229,16197,5119,1426,1,117,117,1,,,,,,0,0,0,0,0,,,"formalism-specific model size: SAT/MaxSAT reports base CNF and soft clauses, MIP reports variables/linear constraints/nonzeros, and CP reports integer variables plus linear/global constraints; SAT bound/totalizer overhead remains separate in optimizer_added_*",1000,984,977,1000,0,0,0,0,0,0,0,1,0.000177,0.001981,0.028482,,0.030463,0.049668,"wall-clock from immediately before reading/parsing the .dzn instance through model construction, optimization, solution decoding, and independent validation; excludes worker-process startup and result-file export",,,,,,,peak_process_tree_rss_mb,af04b9353956aee3ee0934102bceed20801ec5850b81f132f3b341a8eddf1cba,forb0007,data_table06_forb/tic-12.forb0007.dzn,1,../noves/tic-12.forb0007.dzn,1,data_table06_forb/tic-12.forb0007.dzn,https://imae.udg.edu/Recerca/LAI/,https://ima.udg.edu/Recerca/lai/b2b/b2b.zip,ee1f440ab3f6db27ab712300ad3a54a31ffd5ec1e06f81a9ac37cb7202c56528,2026-08-10T10:42:19+00:00,7200.0,,ee80a6fbd8b513f7c010668495c39621a371266a,True,3.10.12,1.8.dev25,instance-20260810-085803,Linux-6.8.0-1064-gcp-x86_64-with-glibc2.35,x86_64,4,8,15988.059,1,0,/home/g24021555/Business-Meeting-Scheduling-Problem/.venv/bin/python3 /home/g24021555/Business-Meeting-Scheduling-Problem/src/Main.py --manifest instances_manifest.csv --family forbidden --solver sat_all --objective-mode bg_d2 --domain-mode both --domain-filter-graph both --precedence-encoding both --precedence-graph both --encoding-variant imp12+ --sat-backend cadical --maxsat-backend uwrmaxsat --uwrmaxsat-bin /home/g24021555/uwrmaxsat/build/release/bin/uwrmaxsat --timeout 7200 --csv output/full_matrix_bg_d2_forbidden.csv,/home/g24021555/uwrmaxsat/build/release/bin/uwrmaxsat,8c68c8a386d3d7847b50d315143c2bab60e3514e59510e84a649db83cb303876,/home/g24021555/uwrmaxsat/build/release/bin/uwrmaxsat -m /tmp/b2b_uwrmaxsat_iw8__1yl/tic-12.forb0007.wcnf,,process exit code=20,,,maxsat,uwrmaxsat,,/home/g24021555/uwrmaxsat/build/release/bin/uwrmaxsat,traditional,pairwise+direct,,39,"1,2,3,4,5,6,7,8,9,10,11,12,13,14,15,16,17,18,19,20,21,22,23,24,25,26,27,28,29,30,31,32,33,34,35,36,39,41,42",984,16,7,7,,,,,"journal objective family: bg_d2 | F-selected distance-labelled E* domain propagation and cycle detection | precedence configuration: F=distance_closure, P=pairwise, G=direct | Full Domain MxT schedule variables + explicit unary exclusions | (20),(22)-(27) exactly once over full domains | (22)-(27) session/fixed/forbidden exclusions as hard unit clauses | (19) participant atMost-one per slot | (46),(47) clustered table capacity with compact forward channeling | (28) Pairwise precedence over direct distance-labelled relations | exact break-group ends and unary break-group thresholds | exact schedule <-> usedSlot channeling | (43) exactly |Mp| full usedSlot variables | (44) atMost 2|L| busy participants per slot | (45) exact even number of busy participants | historical hard cap Delta_G <= 2",,,result
,,,,,,,,,tic-12.forb0007,b2b-af04b9353956aee3,b2b-lineage-tic-12,forbidden,F-PW-DC-ST-BGD2-IS-CD-IC12P,Full,Filter-E*,Pairwise,DistanceClosure-E*,SpanThreshold,BreakGroupsD2,IncrementalSAT,IC12+,UNSAT,UNSAT,,,bg_d2,,,,,,,,0.033801,False,33.609,,,,Compact,Compact/Full,project_implementation,incremental multi-phase SAT with persistent solver state,6270,,,,,,,22971,0,22971,1000,5270,55271,40,cfg5__m-full__p-pairwise__g-distance_closure__b-span_threshold__o-break_groups_d2__s-incrementalsat__i-imp12plus__backend-cadical,cfg5__m-full__p-pairwise__g-distance_closure__b-span_threshold__o-break_groups_d2__s-incrementalsat__i-imp12plus__backend-cadical,full,distance_closure,pairwise,distance_closure,IncrementalSAT,CaDiCaL,1.5.3,imp12+,span_threshold,total_break_groups_subject_to_range_at_most_2,BGD2,IC12P,55271,0,0,229,16197,5119,1426,,0,117,1,,,,,,0,0,0,0,0,,,"formalism-specific model size: SAT/MaxSAT reports base CNF and soft clauses, MIP reports variables/linear constraints/nonzeros, and CP reports integer variables plus linear/global constraints; SAT bound/totalizer overhead remains separate in optimizer_added_*",1000,984,977,1000,0,0,0,0,0,0,0,1,0.000164,0.001762,0.022968,,0.02473,0.009071,"wall-clock from immediately before reading/parsing the .dzn instance through model construction, optimization, solution decoding, and independent validation; excludes worker-process startup and result-file export",,,,,,,peak_process_tree_rss_mb,af04b9353956aee3ee0934102bceed20801ec5850b81f132f3b341a8eddf1cba,forb0007,data_table06_forb/tic-12.forb0007.dzn,1,../noves/tic-12.forb0007.dzn,1,data_table06_forb/tic-12.forb0007.dzn,https://imae.udg.edu/Recerca/LAI/,https://ima.udg.edu/Recerca/lai/b2b/b2b.zip,ee1f440ab3f6db27ab712300ad3a54a31ffd5ec1e06f81a9ac37cb7202c56528,2026-08-10T10:42:19+00:00,7200.0,,ee80a6fbd8b513f7c010668495c39621a371266a,True,3.10.12,1.8.dev25,instance-20260810-085803,Linux-6.8.0-1064-gcp-x86_64-with-glibc2.35,x86_64,4,8,15988.059,1,0,/home/g24021555/Business-Meeting-Scheduling-Problem/.venv/bin/python3 /home/g24021555/Business-Meeting-Scheduling-Problem/src/Main.py --manifest instances_manifest.csv --family forbidden --solver sat_all --objective-mode bg_d2 --domain-mode both --domain-filter-graph both --precedence-encoding both --precedence-graph both --encoding-variant imp12+ --sat-backend cadical --maxsat-backend uwrmaxsat --uwrmaxsat-bin /home/g24021555/uwrmaxsat/build/release/bin/uwrmaxsat --timeout 7200 --csv output/full_matrix_bg_d2_forbidden.csv,,,,,,,,incremental,,cadical,,factorial,pairwise+distance_closure,,39,"1,2,3,4,5,6,7,8,9,10,11,12,13,14,15,16,17,18,19,20,21,22,23,24,25,26,27,28,29,30,31,32,33,34,35,36,39,41,42",984,16,7,7,,,,,"journal objective family: bg_d2 | F-selected distance-labelled E* domain propagation and cycle detection | precedence configuration: F=distance_closure, P=pairwise, G=distance_closure | Full Domain MxT schedule variables + explicit unary exclusions | (20),(22)-(27) exactly once over full domains | (22)-(27) session/fixed/forbidden exclusions as hard unit clauses | (19) participant atMost-one per slot | (46),(47) clustered table capacity with compact forward channeling | (28) Pairwise precedence over distance_closure distance-labelled relations | exact break-group ends and unary break-group thresholds | exact schedule <-> usedSlot channeling | (43) exactly |Mp| full usedSlot variables | (44) atMost 2|L| busy participants per slot | (45) exact even number of busy participants | historical hard cap Delta_G <= 2",,,result
,,,,,,,,,tic-12.forb0007,b2b-af04b9353956aee3,b2b-lineage-tic-12,forbidden,F-PW-DC-ST-BGD2-NIS-CD-IC12P,Full,Filter-E*,Pairwise,DistanceClosure-E*,SpanThreshold,BreakGroupsD2,NonIncrementalSAT,IC12+,UNSAT,UNSAT,,,bg_d2,,,,,,,,0.036225,False,32.691,,,,Compact,Compact/Full,project_implementation,restart-based multi-phase SAT,6270,,,,,,,22971,0,22971,1000,5270,55271,40,cfg5__m-full__p-pairwise__g-distance_closure__b-span_threshold__o-break_groups_d2__s-nonincrementalsat__i-imp12plus__backend-cadical,cfg5__m-full__p-pairwise__g-distance_closure__b-span_threshold__o-break_groups_d2__s-nonincrementalsat__i-imp12plus__backend-cadical,full,distance_closure,pairwise,distance_closure,NonIncrementalSAT,CaDiCaL,1.5.3,imp12+,span_threshold,total_break_groups_subject_to_range_at_most_2,BGD2,IC12P,55271,0,0,229,16197,5119,1426,,0,117,1,,,,,,0,0,0,0,0,,,"formalism-specific model size: SAT/MaxSAT reports base CNF and soft clauses, MIP reports variables/linear constraints/nonzeros, and CP reports integer variables plus linear/global constraints; SAT bound/totalizer overhead remains separate in optimizer_added_*",1000,984,977,1000,0,0,0,0,0,0,0,1,0.000195,0.002032,0.025762,,0.027794,0.008431,"wall-clock from immediately before reading/parsing the .dzn instance through model construction, optimization, solution decoding, and independent validation; excludes worker-process startup and result-file export",,,,,,,peak_process_tree_rss_mb,af04b9353956aee3ee0934102bceed20801ec5850b81f132f3b341a8eddf1cba,forb0007,data_table06_forb/tic-12.forb0007.dzn,1,../noves/tic-12.forb0007.dzn,1,data_table06_forb/tic-12.forb0007.dzn,https://imae.udg.edu/Recerca/LAI/,https://ima.udg.edu/Recerca/lai/b2b/b2b.zip,ee1f440ab3f6db27ab712300ad3a54a31ffd5ec1e06f81a9ac37cb7202c56528,2026-08-10T10:42:19+00:00,7200.0,,ee80a6fbd8b513f7c010668495c39621a371266a,True,3.10.12,1.8.dev25,instance-20260810-085803,Linux-6.8.0-1064-gcp-x86_64-with-glibc2.35,x86_64,4,8,15988.059,1,0,/home/g24021555/Business-Meeting-Scheduling-Problem/.venv/bin/python3 /home/g24021555/Business-Meeting-Scheduling-Problem/src/Main.py --manifest instances_manifest.csv --family forbidden --solver sat_all --objective-mode bg_d2 --domain-mode both --domain-filter-graph both --precedence-encoding both --precedence-graph both --encoding-variant imp12+ --sat-backend cadical --maxsat-backend uwrmaxsat --uwrmaxsat-bin /home/g24021555/uwrmaxsat/build/release/bin/uwrmaxsat --timeout 7200 --csv output/full_matrix_bg_d2_forbidden.csv,,,,,,,,multiple,,cadical,,factorial,pairwise+distance_closure,,39,"1,2,3,4,5,6,7,8,9,10,11,12,13,14,15,16,17,18,19,20,21,22,23,24,25,26,27,28,29,30,31,32,33,34,35,36,39,41,42",984,16,7,7,,,,,"journal objective family: bg_d2 | F-selected distance-labelled E* domain propagation and cycle detection | precedence configuration: F=distance_closure, P=pairwise, G=distance_closure | Full Domain MxT schedule variables + explicit unary exclusions | (20),(22)-(27) exactly once over full domains | (22)-(27) session/fixed/forbidden exclusions as hard unit clauses | (19) participant atMost-one per slot | (46),(47) clustered table capacity with compact forward channeling | (28) Pairwise precedence over distance_closure distance-labelled relations | exact break-group ends and unary break-group thresholds | exact schedule <-> usedSlot channeling | (43) exactly |Mp| full usedSlot variables | (44) atMost 2|L| busy participants per slot | (45) exact even number of busy participants | historical hard cap Delta_G <= 2",,,result
,,,,,,,,,tic-12.forb0007,b2b-af04b9353956aee3,b2b-lineage-tic-12,forbidden,F-PW-DC-ST-BGD2-UW-IC12P,Full,Filter-E*,Pairwise,DistanceClosure-E*,SpanThreshold,BreakGroupsD2,UWrMaxSAT,IC12+,UNSAT,UNSAT,,,bg_d2,,,,,,,1,0.079727,False,39.949,,,,Compact,Compact/Full,project_implementation,one-shot weighted MaxSAT,6270,,,,,,,22971,117,23088,1000,5270,55388,40,cfg5__m-full__p-pairwise__g-distance_closure__b-span_threshold__o-break_groups_d2__s-uwrmaxsat__i-imp12plus__backend-uwrmaxsat,cfg5__m-full__p-pairwise__g-distance_closure__b-span_threshold__o-break_groups_d2__s-uwrmaxsat__i-imp12plus__backend-uwrmaxsat,full,distance_closure,pairwise,distance_closure,UWrMaxSAT,UWrMaxSAT,binary-sha256:8c68c8a386d3d7847b50d315143c2bab60e3514e59510e84a649db83cb303876,imp12+,span_threshold,total_break_groups_subject_to_range_at_most_2,BGD2,IC12P,55271,117,1,229,16197,5119,1426,1,117,117,1,,,,,,0,0,0,0,0,,,"formalism-specific model size: SAT/MaxSAT reports base CNF and soft clauses, MIP reports variables/linear constraints/nonzeros, and CP reports integer variables plus linear/global constraints; SAT bound/totalizer overhead remains separate in optimizer_added_*",1000,984,977,1000,0,0,0,0,0,0,0,1,0.000155,0.00178,0.027546,,0.029326,0.050401,"wall-clock from immediately before reading/parsing the .dzn instance through model construction, optimization, solution decoding, and independent validation; excludes worker-process startup and result-file export",,,,,,,peak_process_tree_rss_mb,af04b9353956aee3ee0934102bceed20801ec5850b81f132f3b341a8eddf1cba,forb0007,data_table06_forb/tic-12.forb0007.dzn,1,../noves/tic-12.forb0007.dzn,1,data_table06_forb/tic-12.forb0007.dzn,https://imae.udg.edu/Recerca/LAI/,https://ima.udg.edu/Recerca/lai/b2b/b2b.zip,ee1f440ab3f6db27ab712300ad3a54a31ffd5ec1e06f81a9ac37cb7202c56528,2026-08-10T10:42:19+00:00,7200.0,,ee80a6fbd8b513f7c010668495c39621a371266a,True,3.10.12,1.8.dev25,instance-20260810-085803,Linux-6.8.0-1064-gcp-x86_64-with-glibc2.35,x86_64,4,8,15988.059,1,0,/home/g24021555/Business-Meeting-Scheduling-Problem/.venv/bin/python3 /home/g24021555/Business-Meeting-Scheduling-Problem/src/Main.py --manifest instances_manifest.csv --family forbidden --solver sat_all --objective-mode bg_d2 --domain-mode both --domain-filter-graph both --precedence-encoding both --precedence-graph both --encoding-variant imp12+ --sat-backend cadical --maxsat-backend uwrmaxsat --uwrmaxsat-bin /home/g24021555/uwrmaxsat/build/release/bin/uwrmaxsat --timeout 7200 --csv output/full_matrix_bg_d2_forbidden.csv,/home/g24021555/uwrmaxsat/build/release/bin/uwrmaxsat,8c68c8a386d3d7847b50d315143c2bab60e3514e59510e84a649db83cb303876,/home/g24021555/uwrmaxsat/build/release/bin/uwrmaxsat -m /tmp/b2b_uwrmaxsat_sxzgzpo9/tic-12.forb0007.wcnf,,process exit code=20,,,maxsat,uwrmaxsat,,/home/g24021555/uwrmaxsat/build/release/bin/uwrmaxsat,factorial,pairwise+distance_closure,,39,"1,2,3,4,5,6,7,8,9,10,11,12,13,14,15,16,17,18,19,20,21,22,23,24,25,26,27,28,29,30,31,32,33,34,35,36,39,41,42",984,16,7,7,,,,,"journal objective family: bg_d2 | F-selected distance-labelled E* domain propagation and cycle detection | precedence configuration: F=distance_closure, P=pairwise, G=distance_closure | Full Domain MxT schedule variables + explicit unary exclusions | (20),(22)-(27) exactly once over full domains | (22)-(27) session/fixed/forbidden exclusions as hard unit clauses | (19) participant atMost-one per slot | (46),(47) clustered table capacity with compact forward channeling | (28) Pairwise precedence over distance_closure distance-labelled relations | exact break-group ends and unary break-group thresholds | exact schedule <-> usedSlot channeling | (43) exactly |Mp| full usedSlot variables | (44) atMost 2|L| busy participants per slot | (45) exact even number of busy participants | historical hard cap Delta_G <= 2",,,result
,,,,,,,,,tic-12.forb0007,b2b-af04b9353956aee3,b2b-lineage-tic-12,forbidden,F-SS-DE-ST-BGD2-IS-CD-IC12P,Full,Filter-E*,SparseSuffix,Direct-E,SpanThreshold,BreakGroupsD2,IncrementalSAT,IC12+,UNSAT,UNSAT,,,bg_d2,,,,,,,,0.034551,False,32.488,,,,Compact,Compact/Full,project_implementation,incremental multi-phase SAT with persistent solver state,6270,,,,,,,22971,0,22971,1000,5270,55271,40,cfg5__m-full__p-sparse_suffix__g-direct__b-span_threshold__o-break_groups_d2__s-incrementalsat__i-imp12plus__backend-cadical,cfg5__m-full__p-sparse_suffix__g-direct__b-span_threshold__o-break_groups_d2__s-incrementalsat__i-imp12plus__backend-cadical,full,distance_closure,sparse_suffix,direct,IncrementalSAT,CaDiCaL,1.5.3,imp12+,span_threshold,total_break_groups_subject_to_range_at_most_2,BGD2,IC12P,55271,0,0,229,16197,5119,1426,,0,117,1,,,,,,0,0,0,0,0,,,"formalism-specific model size: SAT/MaxSAT reports base CNF and soft clauses, MIP reports variables/linear constraints/nonzeros, and CP reports integer variables plus linear/global constraints; SAT bound/totalizer overhead remains separate in optimizer_added_*",1000,984,977,1000,0,0,0,0,0,0,0,1,0.000184,0.001775,0.024733,,0.026508,0.008043,"wall-clock from immediately before reading/parsing the .dzn instance through model construction, optimization, solution decoding, and independent validation; excludes worker-process startup and result-file export",,,,,,,peak_process_tree_rss_mb,af04b9353956aee3ee0934102bceed20801ec5850b81f132f3b341a8eddf1cba,forb0007,data_table06_forb/tic-12.forb0007.dzn,1,../noves/tic-12.forb0007.dzn,1,data_table06_forb/tic-12.forb0007.dzn,https://imae.udg.edu/Recerca/LAI/,https://ima.udg.edu/Recerca/lai/b2b/b2b.zip,ee1f440ab3f6db27ab712300ad3a54a31ffd5ec1e06f81a9ac37cb7202c56528,2026-08-10T10:42:19+00:00,7200.0,,ee80a6fbd8b513f7c010668495c39621a371266a,True,3.10.12,1.8.dev25,instance-20260810-085803,Linux-6.8.0-1064-gcp-x86_64-with-glibc2.35,x86_64,4,8,15988.059,1,0,/home/g24021555/Business-Meeting-Scheduling-Problem/.venv/bin/python3 /home/g24021555/Business-Meeting-Scheduling-Problem/src/Main.py --manifest instances_manifest.csv --family forbidden --solver sat_all --objective-mode bg_d2 --domain-mode both --domain-filter-graph both --precedence-encoding both --precedence-graph both --encoding-variant imp12+ --sat-backend cadical --maxsat-backend uwrmaxsat --uwrmaxsat-bin /home/g24021555/uwrmaxsat/build/release/bin/uwrmaxsat --timeout 7200 --csv output/full_matrix_bg_d2_forbidden.csv,,,,,,,,incremental,,cadical,,factorial,sparse_suffix+direct,,39,"1,2,3,4,5,6,7,8,9,10,11,12,13,14,15,16,17,18,19,20,21,22,23,24,25,26,27,28,29,30,31,32,33,34,35,36,39,41,42",984,16,7,7,,,,,"journal objective family: bg_d2 | F-selected distance-labelled E* domain propagation and cycle detection | precedence configuration: F=distance_closure, P=sparse_suffix, G=direct | Full Domain MxT schedule variables + explicit unary exclusions | (20),(22)-(27) exactly once over full domains | (22)-(27) session/fixed/forbidden exclusions as hard unit clauses | (19) participant atMost-one per slot | (46),(47) clustered table capacity with compact forward channeling | (28) SparseSuffix precedence over direct distance-labelled relations | exact break-group ends and unary break-group thresholds | exact schedule <-> usedSlot channeling | (43) exactly |Mp| full usedSlot variables | (44) atMost 2|L| busy participants per slot | (45) exact even number of busy participants | historical hard cap Delta_G <= 2",,,result
,,,,,,,,,tic-12.forb0007,b2b-af04b9353956aee3,b2b-lineage-tic-12,forbidden,F-SS-DE-ST-BGD2-NIS-CD-IC12P,Full,Filter-E*,SparseSuffix,Direct-E,SpanThreshold,BreakGroupsD2,NonIncrementalSAT,IC12+,UNSAT,UNSAT,,,bg_d2,,,,,,,,0.034359,False,33.07,,,,Compact,Compact/Full,project_implementation,restart-based multi-phase SAT,6270,,,,,,,22971,0,22971,1000,5270,55271,40,cfg5__m-full__p-sparse_suffix__g-direct__b-span_threshold__o-break_groups_d2__s-nonincrementalsat__i-imp12plus__backend-cadical,cfg5__m-full__p-sparse_suffix__g-direct__b-span_threshold__o-break_groups_d2__s-nonincrementalsat__i-imp12plus__backend-cadical,full,distance_closure,sparse_suffix,direct,NonIncrementalSAT,CaDiCaL,1.5.3,imp12+,span_threshold,total_break_groups_subject_to_range_at_most_2,BGD2,IC12P,55271,0,0,229,16197,5119,1426,,0,117,1,,,,,,0,0,0,0,0,,,"formalism-specific model size: SAT/MaxSAT reports base CNF and soft clauses, MIP reports variables/linear constraints/nonzeros, and CP reports integer variables plus linear/global constraints; SAT bound/totalizer overhead remains separate in optimizer_added_*",1000,984,977,1000,0,0,0,0,0,0,0,1,0.000172,0.001792,0.024217,,0.026009,0.00835,"wall-clock from immediately before reading/parsing the .dzn instance through model construction, optimization, solution decoding, and independent validation; excludes worker-process startup and result-file export",,,,,,,peak_process_tree_rss_mb,af04b9353956aee3ee0934102bceed20801ec5850b81f132f3b341a8eddf1cba,forb0007,data_table06_forb/tic-12.forb0007.dzn,1,../noves/tic-12.forb0007.dzn,1,data_table06_forb/tic-12.forb0007.dzn,https://imae.udg.edu/Recerca/LAI/,https://ima.udg.edu/Recerca/lai/b2b/b2b.zip,ee1f440ab3f6db27ab712300ad3a54a31ffd5ec1e06f81a9ac37cb7202c56528,2026-08-10T10:42:19+00:00,7200.0,,ee80a6fbd8b513f7c010668495c39621a371266a,True,3.10.12,1.8.dev25,instance-20260810-085803,Linux-6.8.0-1064-gcp-x86_64-with-glibc2.35,x86_64,4,8,15988.059,1,0,/home/g24021555/Business-Meeting-Scheduling-Problem/.venv/bin/python3 /home/g24021555/Business-Meeting-Scheduling-Problem/src/Main.py --manifest instances_manifest.csv --family forbidden --solver sat_all --objective-mode bg_d2 --domain-mode both --domain-filter-graph both --precedence-encoding both --precedence-graph both --encoding-variant imp12+ --sat-backend cadical --maxsat-backend uwrmaxsat --uwrmaxsat-bin /home/g24021555/uwrmaxsat/build/release/bin/uwrmaxsat --timeout 7200 --csv output/full_matrix_bg_d2_forbidden.csv,,,,,,,,multiple,,cadical,,factorial,sparse_suffix+direct,,39,"1,2,3,4,5,6,7,8,9,10,11,12,13,14,15,16,17,18,19,20,21,22,23,24,25,26,27,28,29,30,31,32,33,34,35,36,39,41,42",984,16,7,7,,,,,"journal objective family: bg_d2 | F-selected distance-labelled E* domain propagation and cycle detection | precedence configuration: F=distance_closure, P=sparse_suffix, G=direct | Full Domain MxT schedule variables + explicit unary exclusions | (20),(22)-(27) exactly once over full domains | (22)-(27) session/fixed/forbidden exclusions as hard unit clauses | (19) participant atMost-one per slot | (46),(47) clustered table capacity with compact forward channeling | (28) SparseSuffix precedence over direct distance-labelled relations | exact break-group ends and unary break-group thresholds | exact schedule <-> usedSlot channeling | (43) exactly |Mp| full usedSlot variables | (44) atMost 2|L| busy participants per slot | (45) exact even number of busy participants | historical hard cap Delta_G <= 2",,,result
,,,,,,,,,tic-12.forb0007,b2b-af04b9353956aee3,b2b-lineage-tic-12,forbidden,F-SS-DE-ST-BGD2-UW-IC12P,Full,Filter-E*,SparseSuffix,Direct-E,SpanThreshold,BreakGroupsD2,UWrMaxSAT,IC12+,UNSAT,UNSAT,,,bg_d2,,,,,,,1,0.079291,False,34.613,,,,Compact,Compact/Full,project_implementation,one-shot weighted MaxSAT,6270,,,,,,,22971,117,23088,1000,5270,55388,40,cfg5__m-full__p-sparse_suffix__g-direct__b-span_threshold__o-break_groups_d2__s-uwrmaxsat__i-imp12plus__backend-uwrmaxsat,cfg5__m-full__p-sparse_suffix__g-direct__b-span_threshold__o-break_groups_d2__s-uwrmaxsat__i-imp12plus__backend-uwrmaxsat,full,distance_closure,sparse_suffix,direct,UWrMaxSAT,UWrMaxSAT,binary-sha256:8c68c8a386d3d7847b50d315143c2bab60e3514e59510e84a649db83cb303876,imp12+,span_threshold,total_break_groups_subject_to_range_at_most_2,BGD2,IC12P,55271,117,1,229,16197,5119,1426,1,117,117,1,,,,,,0,0,0,0,0,,,"formalism-specific model size: SAT/MaxSAT reports base CNF and soft clauses, MIP reports variables/linear constraints/nonzeros, and CP reports integer variables plus linear/global constraints; SAT bound/totalizer overhead remains separate in optimizer_added_*",1000,984,977,1000,0,0,0,0,0,0,0,1,0.00016,0.001779,0.028257,,0.030036,0.049255,"wall-clock from immediately before reading/parsing the .dzn instance through model construction, optimization, solution decoding, and independent validation; excludes worker-process startup and result-file export",,,,,,,peak_process_tree_rss_mb,af04b9353956aee3ee0934102bceed20801ec5850b81f132f3b341a8eddf1cba,forb0007,data_table06_forb/tic-12.forb0007.dzn,1,../noves/tic-12.forb0007.dzn,1,data_table06_forb/tic-12.forb0007.dzn,https://imae.udg.edu/Recerca/LAI/,https://ima.udg.edu/Recerca/lai/b2b/b2b.zip,ee1f440ab3f6db27ab712300ad3a54a31ffd5ec1e06f81a9ac37cb7202c56528,2026-08-10T10:42:19+00:00,7200.0,,ee80a6fbd8b513f7c010668495c39621a371266a,True,3.10.12,1.8.dev25,instance-20260810-085803,Linux-6.8.0-1064-gcp-x86_64-with-glibc2.35,x86_64,4,8,15988.059,1,0,/home/g24021555/Business-Meeting-Scheduling-Problem/.venv/bin/python3 /home/g24021555/Business-Meeting-Scheduling-Problem/src/Main.py --manifest instances_manifest.csv --family forbidden --solver sat_all --objective-mode bg_d2 --domain-mode both --domain-filter-graph both --precedence-encoding both --precedence-graph both --encoding-variant imp12+ --sat-backend cadical --maxsat-backend uwrmaxsat --uwrmaxsat-bin /home/g24021555/uwrmaxsat/build/release/bin/uwrmaxsat --timeout 7200 --csv output/full_matrix_bg_d2_forbidden.csv,/home/g24021555/uwrmaxsat/build/release/bin/uwrmaxsat,8c68c8a386d3d7847b50d315143c2bab60e3514e59510e84a649db83cb303876,/home/g24021555/uwrmaxsat/build/release/bin/uwrmaxsat -m /tmp/b2b_uwrmaxsat_uzqaqmap/tic-12.forb0007.wcnf,,process exit code=20,,,maxsat,uwrmaxsat,,/home/g24021555/uwrmaxsat/build/release/bin/uwrmaxsat,factorial,sparse_suffix+direct,,39,"1,2,3,4,5,6,7,8,9,10,11,12,13,14,15,16,17,18,19,20,21,22,23,24,25,26,27,28,29,30,31,32,33,34,35,36,39,41,42",984,16,7,7,,,,,"journal objective family: bg_d2 | F-selected distance-labelled E* domain propagation and cycle detection | precedence configuration: F=distance_closure, P=sparse_suffix, G=direct | Full Domain MxT schedule variables + explicit unary exclusions | (20),(22)-(27) exactly once over full domains | (22)-(27) session/fixed/forbidden exclusions as hard unit clauses | (19) participant atMost-one per slot | (46),(47) clustered table capacity with compact forward channeling | (28) SparseSuffix precedence over direct distance-labelled relations | exact break-group ends and unary break-group thresholds | exact schedule <-> usedSlot channeling | (43) exactly |Mp| full usedSlot variables | (44) atMost 2|L| busy participants per slot | (45) exact even number of busy participants | historical hard cap Delta_G <= 2",,,result
,,,,,,,,,tic-12.forb0007,b2b-af04b9353956aee3,b2b-lineage-tic-12,forbidden,F-SS-DC-ST-BGD2-IS-CD-IC12P,Full,Filter-E*,SparseSuffix,DistanceClosure-E*,SpanThreshold,BreakGroupsD2,IncrementalSAT,IC12+,UNSAT,UNSAT,,,bg_d2,,,,,,,,0.036224,False,32.484,,,,Compact,Compact/Full,project_implementation,incremental multi-phase SAT with persistent solver state,6270,,,,,,,22971,0,22971,1000,5270,55271,40,cfg5__m-full__p-sparse_suffix__g-distance_closure__b-span_threshold__o-break_groups_d2__s-incrementalsat__i-imp12plus__backend-cadical,cfg5__m-full__p-sparse_suffix__g-distance_closure__b-span_threshold__o-break_groups_d2__s-incrementalsat__i-imp12plus__backend-cadical,full,distance_closure,sparse_suffix,distance_closure,IncrementalSAT,CaDiCaL,1.5.3,imp12+,span_threshold,total_break_groups_subject_to_range_at_most_2,BGD2,IC12P,55271,0,0,229,16197,5119,1426,,0,117,1,,,,,,0,0,0,0,0,,,"formalism-specific model size: SAT/MaxSAT reports base CNF and soft clauses, MIP reports variables/linear constraints/nonzeros, and CP reports integer variables plus linear/global constraints; SAT bound/totalizer overhead remains separate in optimizer_added_*",1000,984,977,1000,0,0,0,0,0,0,0,1,0.000164,0.001789,0.025102,,0.026891,0.009332,"wall-clock from immediately before reading/parsing the .dzn instance through model construction, optimization, solution decoding, and independent validation; excludes worker-process startup and result-file export",,,,,,,peak_process_tree_rss_mb,af04b9353956aee3ee0934102bceed20801ec5850b81f132f3b341a8eddf1cba,forb0007,data_table06_forb/tic-12.forb0007.dzn,1,../noves/tic-12.forb0007.dzn,1,data_table06_forb/tic-12.forb0007.dzn,https://imae.udg.edu/Recerca/LAI/,https://ima.udg.edu/Recerca/lai/b2b/b2b.zip,ee1f440ab3f6db27ab712300ad3a54a31ffd5ec1e06f81a9ac37cb7202c56528,2026-08-10T10:42:19+00:00,7200.0,,ee80a6fbd8b513f7c010668495c39621a371266a,True,3.10.12,1.8.dev25,instance-20260810-085803,Linux-6.8.0-1064-gcp-x86_64-with-glibc2.35,x86_64,4,8,15988.059,1,0,/home/g24021555/Business-Meeting-Scheduling-Problem/.venv/bin/python3 /home/g24021555/Business-Meeting-Scheduling-Problem/src/Main.py --manifest instances_manifest.csv --family forbidden --solver sat_all --objective-mode bg_d2 --domain-mode both --domain-filter-graph both --precedence-encoding both --precedence-graph both --encoding-variant imp12+ --sat-backend cadical --maxsat-backend uwrmaxsat --uwrmaxsat-bin /home/g24021555/uwrmaxsat/build/release/bin/uwrmaxsat --timeout 7200 --csv output/full_matrix_bg_d2_forbidden.csv,,,,,,,,incremental,,cadical,,staircase,sparse_suffix+distance_closure,,39,"1,2,3,4,5,6,7,8,9,10,11,12,13,14,15,16,17,18,19,20,21,22,23,24,25,26,27,28,29,30,31,32,33,34,35,36,39,41,42",984,16,7,7,,,,,"journal objective family: bg_d2 | F-selected distance-labelled E* domain propagation and cycle detection | precedence configuration: F=distance_closure, P=sparse_suffix, G=distance_closure | Full Domain MxT schedule variables + explicit unary exclusions | (20),(22)-(27) exactly once over full domains | (22)-(27) session/fixed/forbidden exclusions as hard unit clauses | (19) participant atMost-one per slot | (46),(47) clustered table capacity with compact forward channeling | (28) SparseSuffix precedence over distance_closure distance-labelled relations | exact break-group ends and unary break-group thresholds | exact schedule <-> usedSlot channeling | (43) exactly |Mp| full usedSlot variables | (44) atMost 2|L| busy participants per slot | (45) exact even number of busy participants | historical hard cap Delta_G <= 2",,,result
,,,,,,,,,tic-12.forb0007,b2b-af04b9353956aee3,b2b-lineage-tic-12,forbidden,F-SS-DC-ST-BGD2-NIS-CD-IC12P,Full,Filter-E*,SparseSuffix,DistanceClosure-E*,SpanThreshold,BreakGroupsD2,NonIncrementalSAT,IC12+,UNSAT,UNSAT,,,bg_d2,,,,,,,,0.036333,False,32.531,,,,Compact,Compact/Full,project_implementation,restart-based multi-phase SAT,6270,,,,,,,22971,0,22971,1000,5270,55271,40,cfg5__m-full__p-sparse_suffix__g-distance_closure__b-span_threshold__o-break_groups_d2__s-nonincrementalsat__i-imp12plus__backend-cadical,cfg5__m-full__p-sparse_suffix__g-distance_closure__b-span_threshold__o-break_groups_d2__s-nonincrementalsat__i-imp12plus__backend-cadical,full,distance_closure,sparse_suffix,distance_closure,NonIncrementalSAT,CaDiCaL,1.5.3,imp12+,span_threshold,total_break_groups_subject_to_range_at_most_2,BGD2,IC12P,55271,0,0,229,16197,5119,1426,,0,117,1,,,,,,0,0,0,0,0,,,"formalism-specific model size: SAT/MaxSAT reports base CNF and soft clauses, MIP reports variables/linear constraints/nonzeros, and CP reports integer variables plus linear/global constraints; SAT bound/totalizer overhead remains separate in optimizer_added_*",1000,984,977,1000,0,0,0,0,0,0,0,1,0.000174,0.002035,0.02501,,0.027045,0.009288,"wall-clock from immediately before reading/parsing the .dzn instance through model construction, optimization, solution decoding, and independent validation; excludes worker-process startup and result-file export",,,,,,,peak_process_tree_rss_mb,af04b9353956aee3ee0934102bceed20801ec5850b81f132f3b341a8eddf1cba,forb0007,data_table06_forb/tic-12.forb0007.dzn,1,../noves/tic-12.forb0007.dzn,1,data_table06_forb/tic-12.forb0007.dzn,https://imae.udg.edu/Recerca/LAI/,https://ima.udg.edu/Recerca/lai/b2b/b2b.zip,ee1f440ab3f6db27ab712300ad3a54a31ffd5ec1e06f81a9ac37cb7202c56528,2026-08-10T10:42:19+00:00,7200.0,,ee80a6fbd8b513f7c010668495c39621a371266a,True,3.10.12,1.8.dev25,instance-20260810-085803,Linux-6.8.0-1064-gcp-x86_64-with-glibc2.35,x86_64,4,8,15988.059,1,0,/home/g24021555/Business-Meeting-Scheduling-Problem/.venv/bin/python3 /home/g24021555/Business-Meeting-Scheduling-Problem/src/Main.py --manifest instances_manifest.csv --family forbidden --solver sat_all --objective-mode bg_d2 --domain-mode both --domain-filter-graph both --precedence-encoding both --precedence-graph both --encoding-variant imp12+ --sat-backend cadical --maxsat-backend uwrmaxsat --uwrmaxsat-bin /home/g24021555/uwrmaxsat/build/release/bin/uwrmaxsat --timeout 7200 --csv output/full_matrix_bg_d2_forbidden.csv,,,,,,,,multiple,,cadical,,staircase,sparse_suffix+distance_closure,,39,"1,2,3,4,5,6,7,8,9,10,11,12,13,14,15,16,17,18,19,20,21,22,23,24,25,26,27,28,29,30,31,32,33,34,35,36,39,41,42",984,16,7,7,,,,,"journal objective family: bg_d2 | F-selected distance-labelled E* domain propagation and cycle detection | precedence configuration: F=distance_closure, P=sparse_suffix, G=distance_closure | Full Domain MxT schedule variables + explicit unary exclusions | (20),(22)-(27) exactly once over full domains | (22)-(27) session/fixed/forbidden exclusions as hard unit clauses | (19) participant atMost-one per slot | (46),(47) clustered table capacity with compact forward channeling | (28) SparseSuffix precedence over distance_closure distance-labelled relations | exact break-group ends and unary break-group thresholds | exact schedule <-> usedSlot channeling | (43) exactly |Mp| full usedSlot variables | (44) atMost 2|L| busy participants per slot | (45) exact even number of busy participants | historical hard cap Delta_G <= 2",,,result
,,,,,,,,,tic-12.forb0007,b2b-af04b9353956aee3,b2b-lineage-tic-12,forbidden,F-SS-DC-ST-BGD2-UW-IC12P,Full,Filter-E*,SparseSuffix,DistanceClosure-E*,SpanThreshold,BreakGroupsD2,UWrMaxSAT,IC12+,UNSAT,UNSAT,,,bg_d2,,,,,,,1,0.07867,False,34.789,,,,Compact,Compact/Full,project_implementation,one-shot weighted MaxSAT,6270,,,,,,,22971,117,23088,1000,5270,55388,40,cfg5__m-full__p-sparse_suffix__g-distance_closure__b-span_threshold__o-break_groups_d2__s-uwrmaxsat__i-imp12plus__backend-uwrmaxsat,cfg5__m-full__p-sparse_suffix__g-distance_closure__b-span_threshold__o-break_groups_d2__s-uwrmaxsat__i-imp12plus__backend-uwrmaxsat,full,distance_closure,sparse_suffix,distance_closure,UWrMaxSAT,UWrMaxSAT,binary-sha256:8c68c8a386d3d7847b50d315143c2bab60e3514e59510e84a649db83cb303876,imp12+,span_threshold,total_break_groups_subject_to_range_at_most_2,BGD2,IC12P,55271,117,1,229,16197,5119,1426,1,117,117,1,,,,,,0,0,0,0,0,,,"formalism-specific model size: SAT/MaxSAT reports base CNF and soft clauses, MIP reports variables/linear constraints/nonzeros, and CP reports integer variables plus linear/global constraints; SAT bound/totalizer overhead remains separate in optimizer_added_*",1000,984,977,1000,0,0,0,0,0,0,0,1,0.00016,0.002046,0.028662,,0.030708,0.047962,"wall-clock from immediately before reading/parsing the .dzn instance through model construction, optimization, solution decoding, and independent validation; excludes worker-process startup and result-file export",,,,,,,peak_process_tree_rss_mb,af04b9353956aee3ee0934102bceed20801ec5850b81f132f3b341a8eddf1cba,forb0007,data_table06_forb/tic-12.forb0007.dzn,1,../noves/tic-12.forb0007.dzn,1,data_table06_forb/tic-12.forb0007.dzn,https://imae.udg.edu/Recerca/LAI/,https://ima.udg.edu/Recerca/lai/b2b/b2b.zip,ee1f440ab3f6db27ab712300ad3a54a31ffd5ec1e06f81a9ac37cb7202c56528,2026-08-10T10:42:19+00:00,7200.0,,ee80a6fbd8b513f7c010668495c39621a371266a,True,3.10.12,1.8.dev25,instance-20260810-085803,Linux-6.8.0-1064-gcp-x86_64-with-glibc2.35,x86_64,4,8,15988.059,1,0,/home/g24021555/Business-Meeting-Scheduling-Problem/.venv/bin/python3 /home/g24021555/Business-Meeting-Scheduling-Problem/src/Main.py --manifest instances_manifest.csv --family forbidden --solver sat_all --objective-mode bg_d2 --domain-mode both --domain-filter-graph both --precedence-encoding both --precedence-graph both --encoding-variant imp12+ --sat-backend cadical --maxsat-backend uwrmaxsat --uwrmaxsat-bin /home/g24021555/uwrmaxsat/build/release/bin/uwrmaxsat --timeout 7200 --csv output/full_matrix_bg_d2_forbidden.csv,/home/g24021555/uwrmaxsat/build/release/bin/uwrmaxsat,8c68c8a386d3d7847b50d315143c2bab60e3514e59510e84a649db83cb303876,/home/g24021555/uwrmaxsat/build/release/bin/uwrmaxsat -m /tmp/b2b_uwrmaxsat_43v2vz3s/tic-12.forb0007.wcnf,,process exit code=20,,,maxsat,uwrmaxsat,,/home/g24021555/uwrmaxsat/build/release/bin/uwrmaxsat,staircase,sparse_suffix+distance_closure,,39,"1,2,3,4,5,6,7,8,9,10,11,12,13,14,15,16,17,18,19,20,21,22,23,24,25,26,27,28,29,30,31,32,33,34,35,36,39,41,42",984,16,7,7,,,,,"journal objective family: bg_d2 | F-selected distance-labelled E* domain propagation and cycle detection | precedence configuration: F=distance_closure, P=sparse_suffix, G=distance_closure | Full Domain MxT schedule variables + explicit unary exclusions | (20),(22)-(27) exactly once over full domains | (22)-(27) session/fixed/forbidden exclusions as hard unit clauses | (19) participant atMost-one per slot | (46),(47) clustered table capacity with compact forward channeling | (28) SparseSuffix precedence over distance_closure distance-labelled relations | exact break-group ends and unary break-group thresholds | exact schedule <-> usedSlot channeling | (43) exactly |Mp| full usedSlot variables | (44) atMost 2|L| busy participants per slot | (45) exact even number of busy participants | historical hard cap Delta_G <= 2",,,result
,,,,,,,,,tic-12.forb0007,b2b-af04b9353956aee3,b2b-lineage-tic-12,forbidden,R-PW-DE-ST-BGD2-IS-CD-IC12P,Reduced,Filter-E*,Pairwise,Direct-E,SpanThreshold,BreakGroupsD2,IncrementalSAT,IC12+,UNSAT,UNSAT,,,bg_d2,,,,,,,,0.033233,False,32.469,,,,Compact,Compact/Reduced,project_implementation,incremental multi-phase SAT with persistent solver state,6179,,,,,,,22417,0,22417,977,5202,54021,40,cfg5__m-reduced__p-pairwise__g-direct__b-span_threshold__o-break_groups_d2__s-incrementalsat__i-imp12plus__backend-cadical,cfg5__m-reduced__p-pairwise__g-direct__b-span_threshold__o-break_groups_d2__s-incrementalsat__i-imp12plus__backend-cadical,reduced,distance_closure,pairwise,direct,IncrementalSAT,CaDiCaL,1.5.3,imp12+,span_threshold,total_break_groups_subject_to_range_at_most_2,BGD2,IC12P,54021,0,0,198,15761,5049,1406,,0,117,1,,,,,,0,0,0,0,0,,,"formalism-specific model size: SAT/MaxSAT reports base CNF and soft clauses, MIP reports variables/linear constraints/nonzeros, and CP reports integer variables plus linear/global constraints; SAT bound/totalizer overhead remains separate in optimizer_added_*",1000,984,977,977,0,0,0,0,0,0,0,1,0.000185,0.002045,0.024655,,0.0267,0.006534,"wall-clock from immediately before reading/parsing the .dzn instance through model construction, optimization, solution decoding, and independent validation; excludes worker-process startup and result-file export",,,,,,,peak_process_tree_rss_mb,af04b9353956aee3ee0934102bceed20801ec5850b81f132f3b341a8eddf1cba,forb0007,data_table06_forb/tic-12.forb0007.dzn,1,../noves/tic-12.forb0007.dzn,1,data_table06_forb/tic-12.forb0007.dzn,https://imae.udg.edu/Recerca/LAI/,https://ima.udg.edu/Recerca/lai/b2b/b2b.zip,ee1f440ab3f6db27ab712300ad3a54a31ffd5ec1e06f81a9ac37cb7202c56528,2026-08-10T10:42:19+00:00,7200.0,,ee80a6fbd8b513f7c010668495c39621a371266a,True,3.10.12,1.8.dev25,instance-20260810-085803,Linux-6.8.0-1064-gcp-x86_64-with-glibc2.35,x86_64,4,8,15988.059,1,0,/home/g24021555/Business-Meeting-Scheduling-Problem/.venv/bin/python3 /home/g24021555/Business-Meeting-Scheduling-Problem/src/Main.py --manifest instances_manifest.csv --family forbidden --solver sat_all --objective-mode bg_d2 --domain-mode both --domain-filter-graph both --precedence-encoding both --precedence-graph both --encoding-variant imp12+ --sat-backend cadical --maxsat-backend uwrmaxsat --uwrmaxsat-bin /home/g24021555/uwrmaxsat/build/release/bin/uwrmaxsat --timeout 7200 --csv output/full_matrix_bg_d2_forbidden.csv,,,,,,,,incremental,,cadical,,traditional,pairwise+direct,,39,"1,2,3,4,5,6,7,8,9,10,11,12,13,14,15,16,17,18,19,20,21,22,23,24,25,26,27,28,29,30,31,32,33,34,35,36,39,41,42",984,16,7,7,,,,,"journal objective family: bg_d2 | F-selected distance-labelled E* domain propagation and cycle detection | precedence configuration: F=distance_closure, P=pairwise, G=direct | Reduced Domain variables after unary filtering + matching GAC + slot saturation | (20),(22)-(27) exactly once over reduced domains | (19) participant atMost-one per slot | (46),(47) clustered table capacity with compact forward channeling | (28) Pairwise precedence over direct distance-labelled relations | exact break-group ends and unary break-group thresholds | exact schedule <-> usedSlot channeling | (43) exactly |Mp| reduced usedSlot variables | (44) atMost 2|L| busy participants per slot | (45) exact even number of busy participants | historical hard cap Delta_G <= 2",,,result
,,,,,,,,,tic-12.forb0007,b2b-af04b9353956aee3,b2b-lineage-tic-12,forbidden,R-PW-DE-ST-BGD2-NIS-CD-IC12P,Reduced,Filter-E*,Pairwise,Direct-E,SpanThreshold,BreakGroupsD2,NonIncrementalSAT,IC12+,UNSAT,UNSAT,,,bg_d2,,,,,,,,0.031233,False,32.52,,,,Compact,Compact/Reduced,project_implementation,restart-based multi-phase SAT,6179,,,,,,,22417,0,22417,977,5202,54021,40,cfg5__m-reduced__p-pairwise__g-direct__b-span_threshold__o-break_groups_d2__s-nonincrementalsat__i-imp12plus__backend-cadical,cfg5__m-reduced__p-pairwise__g-direct__b-span_threshold__o-break_groups_d2__s-nonincrementalsat__i-imp12plus__backend-cadical,reduced,distance_closure,pairwise,direct,NonIncrementalSAT,CaDiCaL,1.5.3,imp12+,span_threshold,total_break_groups_subject_to_range_at_most_2,BGD2,IC12P,54021,0,0,198,15761,5049,1406,,0,117,1,,,,,,0,0,0,0,0,,,"formalism-specific model size: SAT/MaxSAT reports base CNF and soft clauses, MIP reports variables/linear constraints/nonzeros, and CP reports integer variables plus linear/global constraints; SAT bound/totalizer overhead remains separate in optimizer_added_*",1000,984,977,977,0,0,0,0,0,0,0,1,0.000188,0.001837,0.023036,,0.024873,0.00636,"wall-clock from immediately before reading/parsing the .dzn instance through model construction, optimization, solution decoding, and independent validation; excludes worker-process startup and result-file export",,,,,,,peak_process_tree_rss_mb,af04b9353956aee3ee0934102bceed20801ec5850b81f132f3b341a8eddf1cba,forb0007,data_table06_forb/tic-12.forb0007.dzn,1,../noves/tic-12.forb0007.dzn,1,data_table06_forb/tic-12.forb0007.dzn,https://imae.udg.edu/Recerca/LAI/,https://ima.udg.edu/Recerca/lai/b2b/b2b.zip,ee1f440ab3f6db27ab712300ad3a54a31ffd5ec1e06f81a9ac37cb7202c56528,2026-08-10T10:42:19+00:00,7200.0,,ee80a6fbd8b513f7c010668495c39621a371266a,True,3.10.12,1.8.dev25,instance-20260810-085803,Linux-6.8.0-1064-gcp-x86_64-with-glibc2.35,x86_64,4,8,15988.059,1,0,/home/g24021555/Business-Meeting-Scheduling-Problem/.venv/bin/python3 /home/g24021555/Business-Meeting-Scheduling-Problem/src/Main.py --manifest instances_manifest.csv --family forbidden --solver sat_all --objective-mode bg_d2 --domain-mode both --domain-filter-graph both --precedence-encoding both --precedence-graph both --encoding-variant imp12+ --sat-backend cadical --maxsat-backend uwrmaxsat --uwrmaxsat-bin /home/g24021555/uwrmaxsat/build/release/bin/uwrmaxsat --timeout 7200 --csv output/full_matrix_bg_d2_forbidden.csv,,,,,,,,multiple,,cadical,,traditional,pairwise+direct,,39,"1,2,3,4,5,6,7,8,9,10,11,12,13,14,15,16,17,18,19,20,21,22,23,24,25,26,27,28,29,30,31,32,33,34,35,36,39,41,42",984,16,7,7,,,,,"journal objective family: bg_d2 | F-selected distance-labelled E* domain propagation and cycle detection | precedence configuration: F=distance_closure, P=pairwise, G=direct | Reduced Domain variables after unary filtering + matching GAC + slot saturation | (20),(22)-(27) exactly once over reduced domains | (19) participant atMost-one per slot | (46),(47) clustered table capacity with compact forward channeling | (28) Pairwise precedence over direct distance-labelled relations | exact break-group ends and unary break-group thresholds | exact schedule <-> usedSlot channeling | (43) exactly |Mp| reduced usedSlot variables | (44) atMost 2|L| busy participants per slot | (45) exact even number of busy participants | historical hard cap Delta_G <= 2",,,result
,,,,,,,,,tic-12.forb0007,b2b-af04b9353956aee3,b2b-lineage-tic-12,forbidden,R-PW-DE-ST-BGD2-UW-IC12P,Reduced,Filter-E*,Pairwise,Direct-E,SpanThreshold,BreakGroupsD2,UWrMaxSAT,IC12+,UNSAT,UNSAT,,,bg_d2,,,,,,,1,0.080459,False,38.699,,,,Compact,Compact/Reduced,project_implementation,one-shot weighted MaxSAT,6179,,,,,,,22417,117,22534,977,5202,54138,40,cfg5__m-reduced__p-pairwise__g-direct__b-span_threshold__o-break_groups_d2__s-uwrmaxsat__i-imp12plus__backend-uwrmaxsat,cfg5__m-reduced__p-pairwise__g-direct__b-span_threshold__o-break_groups_d2__s-uwrmaxsat__i-imp12plus__backend-uwrmaxsat,reduced,distance_closure,pairwise,direct,UWrMaxSAT,UWrMaxSAT,binary-sha256:8c68c8a386d3d7847b50d315143c2bab60e3514e59510e84a649db83cb303876,imp12+,span_threshold,total_break_groups_subject_to_range_at_most_2,BGD2,IC12P,54021,117,1,198,15761,5049,1406,1,117,117,1,,,,,,0,0,0,0,0,,,"formalism-specific model size: SAT/MaxSAT reports base CNF and soft clauses, MIP reports variables/linear constraints/nonzeros, and CP reports integer variables plus linear/global constraints; SAT bound/totalizer overhead remains separate in optimizer_added_*",1000,984,977,977,0,0,0,0,0,0,0,1,0.000178,0.002032,0.027735,,0.029767,0.050692,"wall-clock from immediately before reading/parsing the .dzn instance through model construction, optimization, solution decoding, and independent validation; excludes worker-process startup and result-file export",,,,,,,peak_process_tree_rss_mb,af04b9353956aee3ee0934102bceed20801ec5850b81f132f3b341a8eddf1cba,forb0007,data_table06_forb/tic-12.forb0007.dzn,1,../noves/tic-12.forb0007.dzn,1,data_table06_forb/tic-12.forb0007.dzn,https://imae.udg.edu/Recerca/LAI/,https://ima.udg.edu/Recerca/lai/b2b/b2b.zip,ee1f440ab3f6db27ab712300ad3a54a31ffd5ec1e06f81a9ac37cb7202c56528,2026-08-10T10:42:19+00:00,7200.0,,ee80a6fbd8b513f7c010668495c39621a371266a,True,3.10.12,1.8.dev25,instance-20260810-085803,Linux-6.8.0-1064-gcp-x86_64-with-glibc2.35,x86_64,4,8,15988.059,1,0,/home/g24021555/Business-Meeting-Scheduling-Problem/.venv/bin/python3 /home/g24021555/Business-Meeting-Scheduling-Problem/src/Main.py --manifest instances_manifest.csv --family forbidden --solver sat_all --objective-mode bg_d2 --domain-mode both --domain-filter-graph both --precedence-encoding both --precedence-graph both --encoding-variant imp12+ --sat-backend cadical --maxsat-backend uwrmaxsat --uwrmaxsat-bin /home/g24021555/uwrmaxsat/build/release/bin/uwrmaxsat --timeout 7200 --csv output/full_matrix_bg_d2_forbidden.csv,/home/g24021555/uwrmaxsat/build/release/bin/uwrmaxsat,8c68c8a386d3d7847b50d315143c2bab60e3514e59510e84a649db83cb303876,/home/g24021555/uwrmaxsat/build/release/bin/uwrmaxsat -m /tmp/b2b_uwrmaxsat_m9l9g1qt/tic-12.forb0007.wcnf,,process exit code=20,,,maxsat,uwrmaxsat,,/home/g24021555/uwrmaxsat/build/release/bin/uwrmaxsat,traditional,pairwise+direct,,39,"1,2,3,4,5,6,7,8,9,10,11,12,13,14,15,16,17,18,19,20,21,22,23,24,25,26,27,28,29,30,31,32,33,34,35,36,39,41,42",984,16,7,7,,,,,"journal objective family: bg_d2 | F-selected distance-labelled E* domain propagation and cycle detection | precedence configuration: F=distance_closure, P=pairwise, G=direct | Reduced Domain variables after unary filtering + matching GAC + slot saturation | (20),(22)-(27) exactly once over reduced domains | (19) participant atMost-one per slot | (46),(47) clustered table capacity with compact forward channeling | (28) Pairwise precedence over direct distance-labelled relations | exact break-group ends and unary break-group thresholds | exact schedule <-> usedSlot channeling | (43) exactly |Mp| reduced usedSlot variables | (44) atMost 2|L| busy participants per slot | (45) exact even number of busy participants | historical hard cap Delta_G <= 2",,,result
,,,,,,,,,tic-12.forb0007,b2b-af04b9353956aee3,b2b-lineage-tic-12,forbidden,R-PW-DC-ST-BGD2-IS-CD-IC12P,Reduced,Filter-E*,Pairwise,DistanceClosure-E*,SpanThreshold,BreakGroupsD2,IncrementalSAT,IC12+,UNSAT,UNSAT,,,bg_d2,,,,,,,,0.033384,False,32.441,,,,Compact,Compact/Reduced,project_implementation,incremental multi-phase SAT with persistent solver state,6179,,,,,,,22417,0,22417,977,5202,54021,40,cfg5__m-reduced__p-pairwise__g-distance_closure__b-span_threshold__o-break_groups_d2__s-incrementalsat__i-imp12plus__backend-cadical,cfg5__m-reduced__p-pairwise__g-distance_closure__b-span_threshold__o-break_groups_d2__s-incrementalsat__i-imp12plus__backend-cadical,reduced,distance_closure,pairwise,distance_closure,IncrementalSAT,CaDiCaL,1.5.3,imp12+,span_threshold,total_break_groups_subject_to_range_at_most_2,BGD2,IC12P,54021,0,0,198,15761,5049,1406,,0,117,1,,,,,,0,0,0,0,0,,,"formalism-specific model size: SAT/MaxSAT reports base CNF and soft clauses, MIP reports variables/linear constraints/nonzeros, and CP reports integer variables plus linear/global constraints; SAT bound/totalizer overhead remains separate in optimizer_added_*",1000,984,977,977,0,0,0,0,0,0,0,1,0.000164,0.001783,0.02468,,0.026463,0.006921,"wall-clock from immediately before reading/parsing the .dzn instance through model construction, optimization, solution decoding, and independent validation; excludes worker-process startup and result-file export",,,,,,,peak_process_tree_rss_mb,af04b9353956aee3ee0934102bceed20801ec5850b81f132f3b341a8eddf1cba,forb0007,data_table06_forb/tic-12.forb0007.dzn,1,../noves/tic-12.forb0007.dzn,1,data_table06_forb/tic-12.forb0007.dzn,https://imae.udg.edu/Recerca/LAI/,https://ima.udg.edu/Recerca/lai/b2b/b2b.zip,ee1f440ab3f6db27ab712300ad3a54a31ffd5ec1e06f81a9ac37cb7202c56528,2026-08-10T10:42:19+00:00,7200.0,,ee80a6fbd8b513f7c010668495c39621a371266a,True,3.10.12,1.8.dev25,instance-20260810-085803,Linux-6.8.0-1064-gcp-x86_64-with-glibc2.35,x86_64,4,8,15988.059,1,0,/home/g24021555/Business-Meeting-Scheduling-Problem/.venv/bin/python3 /home/g24021555/Business-Meeting-Scheduling-Problem/src/Main.py --manifest instances_manifest.csv --family forbidden --solver sat_all --objective-mode bg_d2 --domain-mode both --domain-filter-graph both --precedence-encoding both --precedence-graph both --encoding-variant imp12+ --sat-backend cadical --maxsat-backend uwrmaxsat --uwrmaxsat-bin /home/g24021555/uwrmaxsat/build/release/bin/uwrmaxsat --timeout 7200 --csv output/full_matrix_bg_d2_forbidden.csv,,,,,,,,incremental,,cadical,,factorial,pairwise+distance_closure,,39,"1,2,3,4,5,6,7,8,9,10,11,12,13,14,15,16,17,18,19,20,21,22,23,24,25,26,27,28,29,30,31,32,33,34,35,36,39,41,42",984,16,7,7,,,,,"journal objective family: bg_d2 | F-selected distance-labelled E* domain propagation and cycle detection | precedence configuration: F=distance_closure, P=pairwise, G=distance_closure | Reduced Domain variables after unary filtering + matching GAC + slot saturation | (20),(22)-(27) exactly once over reduced domains | (19) participant atMost-one per slot | (46),(47) clustered table capacity with compact forward channeling | (28) Pairwise precedence over distance_closure distance-labelled relations | exact break-group ends and unary break-group thresholds | exact schedule <-> usedSlot channeling | (43) exactly |Mp| reduced usedSlot variables | (44) atMost 2|L| busy participants per slot | (45) exact even number of busy participants | historical hard cap Delta_G <= 2",,,result
,,,,,,,,,tic-12.forb0007,b2b-af04b9353956aee3,b2b-lineage-tic-12,forbidden,R-PW-DC-ST-BGD2-NIS-CD-IC12P,Reduced,Filter-E*,Pairwise,DistanceClosure-E*,SpanThreshold,BreakGroupsD2,NonIncrementalSAT,IC12+,UNSAT,UNSAT,,,bg_d2,,,,,,,,0.033723,False,32.586,,,,Compact,Compact/Reduced,project_implementation,restart-based multi-phase SAT,6179,,,,,,,22417,0,22417,977,5202,54021,40,cfg5__m-reduced__p-pairwise__g-distance_closure__b-span_threshold__o-break_groups_d2__s-nonincrementalsat__i-imp12plus__backend-cadical,cfg5__m-reduced__p-pairwise__g-distance_closure__b-span_threshold__o-break_groups_d2__s-nonincrementalsat__i-imp12plus__backend-cadical,reduced,distance_closure,pairwise,distance_closure,NonIncrementalSAT,CaDiCaL,1.5.3,imp12+,span_threshold,total_break_groups_subject_to_range_at_most_2,BGD2,IC12P,54021,0,0,198,15761,5049,1406,,0,117,1,,,,,,0,0,0,0,0,,,"formalism-specific model size: SAT/MaxSAT reports base CNF and soft clauses, MIP reports variables/linear constraints/nonzeros, and CP reports integer variables plus linear/global constraints; SAT bound/totalizer overhead remains separate in optimizer_added_*",1000,984,977,977,0,0,0,0,0,0,0,1,0.000162,0.00179,0.024842,,0.026632,0.007091,"wall-clock from immediately before reading/parsing the .dzn instance through model construction, optimization, solution decoding, and independent validation; excludes worker-process startup and result-file export",,,,,,,peak_process_tree_rss_mb,af04b9353956aee3ee0934102bceed20801ec5850b81f132f3b341a8eddf1cba,forb0007,data_table06_forb/tic-12.forb0007.dzn,1,../noves/tic-12.forb0007.dzn,1,data_table06_forb/tic-12.forb0007.dzn,https://imae.udg.edu/Recerca/LAI/,https://ima.udg.edu/Recerca/lai/b2b/b2b.zip,ee1f440ab3f6db27ab712300ad3a54a31ffd5ec1e06f81a9ac37cb7202c56528,2026-08-10T10:42:19+00:00,7200.0,,ee80a6fbd8b513f7c010668495c39621a371266a,True,3.10.12,1.8.dev25,instance-20260810-085803,Linux-6.8.0-1064-gcp-x86_64-with-glibc2.35,x86_64,4,8,15988.059,1,0,/home/g24021555/Business-Meeting-Scheduling-Problem/.venv/bin/python3 /home/g24021555/Business-Meeting-Scheduling-Problem/src/Main.py --manifest instances_manifest.csv --family forbidden --solver sat_all --objective-mode bg_d2 --domain-mode both --domain-filter-graph both --precedence-encoding both --precedence-graph both --encoding-variant imp12+ --sat-backend cadical --maxsat-backend uwrmaxsat --uwrmaxsat-bin /home/g24021555/uwrmaxsat/build/release/bin/uwrmaxsat --timeout 7200 --csv output/full_matrix_bg_d2_forbidden.csv,,,,,,,,multiple,,cadical,,factorial,pairwise+distance_closure,,39,"1,2,3,4,5,6,7,8,9,10,11,12,13,14,15,16,17,18,19,20,21,22,23,24,25,26,27,28,29,30,31,32,33,34,35,36,39,41,42",984,16,7,7,,,,,"journal objective family: bg_d2 | F-selected distance-labelled E* domain propagation and cycle detection | precedence configuration: F=distance_closure, P=pairwise, G=distance_closure | Reduced Domain variables after unary filtering + matching GAC + slot saturation | (20),(22)-(27) exactly once over reduced domains | (19) participant atMost-one per slot | (46),(47) clustered table capacity with compact forward channeling | (28) Pairwise precedence over distance_closure distance-labelled relations | exact break-group ends and unary break-group thresholds | exact schedule <-> usedSlot channeling | (43) exactly |Mp| reduced usedSlot variables | (44) atMost 2|L| busy participants per slot | (45) exact even number of busy participants | historical hard cap Delta_G <= 2",,,result
,,,,,,,,,tic-12.forb0007,b2b-af04b9353956aee3,b2b-lineage-tic-12,forbidden,R-PW-DC-ST-BGD2-UW-IC12P,Reduced,Filter-E*,Pairwise,DistanceClosure-E*,SpanThreshold,BreakGroupsD2,UWrMaxSAT,IC12+,UNSAT,UNSAT,,,bg_d2,,,,,,,1,0.074579,False,34.805,,,,Compact,Compact/Reduced,project_implementation,one-shot weighted MaxSAT,6179,,,,,,,22417,117,22534,977,5202,54138,40,cfg5__m-reduced__p-pairwise__g-distance_closure__b-span_threshold__o-break_groups_d2__s-uwrmaxsat__i-imp12plus__backend-uwrmaxsat,cfg5__m-reduced__p-pairwise__g-distance_closure__b-span_threshold__o-break_groups_d2__s-uwrmaxsat__i-imp12plus__backend-uwrmaxsat,reduced,distance_closure,pairwise,distance_closure,UWrMaxSAT,UWrMaxSAT,binary-sha256:8c68c8a386d3d7847b50d315143c2bab60e3514e59510e84a649db83cb303876,imp12+,span_threshold,total_break_groups_subject_to_range_at_most_2,BGD2,IC12P,54021,117,1,198,15761,5049,1406,1,117,117,1,,,,,,0,0,0,0,0,,,"formalism-specific model size: SAT/MaxSAT reports base CNF and soft clauses, MIP reports variables/linear constraints/nonzeros, and CP reports integer variables plus linear/global constraints; SAT bound/totalizer overhead remains separate in optimizer_added_*",1000,984,977,977,0,0,0,0,0,0,0,1,0.000178,0.001804,0.026715,,0.028519,0.046061,"wall-clock from immediately before reading/parsing the .dzn instance through model construction, optimization, solution decoding, and independent validation; excludes worker-process startup and result-file export",,,,,,,peak_process_tree_rss_mb,af04b9353956aee3ee0934102bceed20801ec5850b81f132f3b341a8eddf1cba,forb0007,data_table06_forb/tic-12.forb0007.dzn,1,../noves/tic-12.forb0007.dzn,1,data_table06_forb/tic-12.forb0007.dzn,https://imae.udg.edu/Recerca/LAI/,https://ima.udg.edu/Recerca/lai/b2b/b2b.zip,ee1f440ab3f6db27ab712300ad3a54a31ffd5ec1e06f81a9ac37cb7202c56528,2026-08-10T10:42:19+00:00,7200.0,,ee80a6fbd8b513f7c010668495c39621a371266a,True,3.10.12,1.8.dev25,instance-20260810-085803,Linux-6.8.0-1064-gcp-x86_64-with-glibc2.35,x86_64,4,8,15988.059,1,0,/home/g24021555/Business-Meeting-Scheduling-Problem/.venv/bin/python3 /home/g24021555/Business-Meeting-Scheduling-Problem/src/Main.py --manifest instances_manifest.csv --family forbidden --solver sat_all --objective-mode bg_d2 --domain-mode both --domain-filter-graph both --precedence-encoding both --precedence-graph both --encoding-variant imp12+ --sat-backend cadical --maxsat-backend uwrmaxsat --uwrmaxsat-bin /home/g24021555/uwrmaxsat/build/release/bin/uwrmaxsat --timeout 7200 --csv output/full_matrix_bg_d2_forbidden.csv,/home/g24021555/uwrmaxsat/build/release/bin/uwrmaxsat,8c68c8a386d3d7847b50d315143c2bab60e3514e59510e84a649db83cb303876,/home/g24021555/uwrmaxsat/build/release/bin/uwrmaxsat -m /tmp/b2b_uwrmaxsat_lvmr247r/tic-12.forb0007.wcnf,,process exit code=20,,,maxsat,uwrmaxsat,,/home/g24021555/uwrmaxsat/build/release/bin/uwrmaxsat,factorial,pairwise+distance_closure,,39,"1,2,3,4,5,6,7,8,9,10,11,12,13,14,15,16,17,18,19,20,21,22,23,24,25,26,27,28,29,30,31,32,33,34,35,36,39,41,42",984,16,7,7,,,,,"journal objective family: bg_d2 | F-selected distance-labelled E* domain propagation and cycle detection | precedence configuration: F=distance_closure, P=pairwise, G=distance_closure | Reduced Domain variables after unary filtering + matching GAC + slot saturation | (20),(22)-(27) exactly once over reduced domains | (19) participant atMost-one per slot | (46),(47) clustered table capacity with compact forward channeling | (28) Pairwise precedence over distance_closure distance-labelled relations | exact break-group ends and unary break-group thresholds | exact schedule <-> usedSlot channeling | (43) exactly |Mp| reduced usedSlot variables | (44) atMost 2|L| busy participants per slot | (45) exact even number of busy participants | historical hard cap Delta_G <= 2",,,result
,,,,,,,,,tic-12.forb0007,b2b-af04b9353956aee3,b2b-lineage-tic-12,forbidden,R-SS-DE-ST-BGD2-IS-CD-IC12P,Reduced,Filter-E*,SparseSuffix,Direct-E,SpanThreshold,BreakGroupsD2,IncrementalSAT,IC12+,UNSAT,UNSAT,,,bg_d2,,,,,,,,0.03336,False,32.473,,,,Compact,Compact/Reduced,project_implementation,incremental multi-phase SAT with persistent solver state,6179,,,,,,,22417,0,22417,977,5202,54021,40,cfg5__m-reduced__p-sparse_suffix__g-direct__b-span_threshold__o-break_groups_d2__s-incrementalsat__i-imp12plus__backend-cadical,cfg5__m-reduced__p-sparse_suffix__g-direct__b-span_threshold__o-break_groups_d2__s-incrementalsat__i-imp12plus__backend-cadical,reduced,distance_closure,sparse_suffix,direct,IncrementalSAT,CaDiCaL,1.5.3,imp12+,span_threshold,total_break_groups_subject_to_range_at_most_2,BGD2,IC12P,54021,0,0,198,15761,5049,1406,,0,117,1,,,,,,0,0,0,0,0,,,"formalism-specific model size: SAT/MaxSAT reports base CNF and soft clauses, MIP reports variables/linear constraints/nonzeros, and CP reports integer variables plus linear/global constraints; SAT bound/totalizer overhead remains separate in optimizer_added_*",1000,984,977,977,0,0,0,0,0,0,0,1,0.000192,0.001784,0.024473,,0.026257,0.007103,"wall-clock from immediately before reading/parsing the .dzn instance through model construction, optimization, solution decoding, and independent validation; excludes worker-process startup and result-file export",,,,,,,peak_process_tree_rss_mb,af04b9353956aee3ee0934102bceed20801ec5850b81f132f3b341a8eddf1cba,forb0007,data_table06_forb/tic-12.forb0007.dzn,1,../noves/tic-12.forb0007.dzn,1,data_table06_forb/tic-12.forb0007.dzn,https://imae.udg.edu/Recerca/LAI/,https://ima.udg.edu/Recerca/lai/b2b/b2b.zip,ee1f440ab3f6db27ab712300ad3a54a31ffd5ec1e06f81a9ac37cb7202c56528,2026-08-10T10:42:19+00:00,7200.0,,ee80a6fbd8b513f7c010668495c39621a371266a,True,3.10.12,1.8.dev25,instance-20260810-085803,Linux-6.8.0-1064-gcp-x86_64-with-glibc2.35,x86_64,4,8,15988.059,1,0,/home/g24021555/Business-Meeting-Scheduling-Problem/.venv/bin/python3 /home/g24021555/Business-Meeting-Scheduling-Problem/src/Main.py --manifest instances_manifest.csv --family forbidden --solver sat_all --objective-mode bg_d2 --domain-mode both --domain-filter-graph both --precedence-encoding both --precedence-graph both --encoding-variant imp12+ --sat-backend cadical --maxsat-backend uwrmaxsat --uwrmaxsat-bin /home/g24021555/uwrmaxsat/build/release/bin/uwrmaxsat --timeout 7200 --csv output/full_matrix_bg_d2_forbidden.csv,,,,,,,,incremental,,cadical,,factorial,sparse_suffix+direct,,39,"1,2,3,4,5,6,7,8,9,10,11,12,13,14,15,16,17,18,19,20,21,22,23,24,25,26,27,28,29,30,31,32,33,34,35,36,39,41,42",984,16,7,7,,,,,"journal objective family: bg_d2 | F-selected distance-labelled E* domain propagation and cycle detection | precedence configuration: F=distance_closure, P=sparse_suffix, G=direct | Reduced Domain variables after unary filtering + matching GAC + slot saturation | (20),(22)-(27) exactly once over reduced domains | (19) participant atMost-one per slot | (46),(47) clustered table capacity with compact forward channeling | (28) SparseSuffix precedence over direct distance-labelled relations | exact break-group ends and unary break-group thresholds | exact schedule <-> usedSlot channeling | (43) exactly |Mp| reduced usedSlot variables | (44) atMost 2|L| busy participants per slot | (45) exact even number of busy participants | historical hard cap Delta_G <= 2",,,result
,,,,,,,,,tic-12.forb0007,b2b-af04b9353956aee3,b2b-lineage-tic-12,forbidden,R-SS-DE-ST-BGD2-NIS-CD-IC12P,Reduced,Filter-E*,SparseSuffix,Direct-E,SpanThreshold,BreakGroupsD2,NonIncrementalSAT,IC12+,UNSAT,UNSAT,,,bg_d2,,,,,,,,0.031377,False,32.883,,,,Compact,Compact/Reduced,project_implementation,restart-based multi-phase SAT,6179,,,,,,,22417,0,22417,977,5202,54021,40,cfg5__m-reduced__p-sparse_suffix__g-direct__b-span_threshold__o-break_groups_d2__s-nonincrementalsat__i-imp12plus__backend-cadical,cfg5__m-reduced__p-sparse_suffix__g-direct__b-span_threshold__o-break_groups_d2__s-nonincrementalsat__i-imp12plus__backend-cadical,reduced,distance_closure,sparse_suffix,direct,NonIncrementalSAT,CaDiCaL,1.5.3,imp12+,span_threshold,total_break_groups_subject_to_range_at_most_2,BGD2,IC12P,54021,0,0,198,15761,5049,1406,,0,117,1,,,,,,0,0,0,0,0,,,"formalism-specific model size: SAT/MaxSAT reports base CNF and soft clauses, MIP reports variables/linear constraints/nonzeros, and CP reports integer variables plus linear/global constraints; SAT bound/totalizer overhead remains separate in optimizer_added_*",1000,984,977,977,0,0,0,0,0,0,0,1,0.000198,0.002033,0.023184,,0.025217,0.00616,"wall-clock from immediately before reading/parsing the .dzn instance through model construction, optimization, solution decoding, and independent validation; excludes worker-process startup and result-file export",,,,,,,peak_process_tree_rss_mb,af04b9353956aee3ee0934102bceed20801ec5850b81f132f3b341a8eddf1cba,forb0007,data_table06_forb/tic-12.forb0007.dzn,1,../noves/tic-12.forb0007.dzn,1,data_table06_forb/tic-12.forb0007.dzn,https://imae.udg.edu/Recerca/LAI/,https://ima.udg.edu/Recerca/lai/b2b/b2b.zip,ee1f440ab3f6db27ab712300ad3a54a31ffd5ec1e06f81a9ac37cb7202c56528,2026-08-10T10:42:19+00:00,7200.0,,ee80a6fbd8b513f7c010668495c39621a371266a,True,3.10.12,1.8.dev25,instance-20260810-085803,Linux-6.8.0-1064-gcp-x86_64-with-glibc2.35,x86_64,4,8,15988.059,1,0,/home/g24021555/Business-Meeting-Scheduling-Problem/.venv/bin/python3 /home/g24021555/Business-Meeting-Scheduling-Problem/src/Main.py --manifest instances_manifest.csv --family forbidden --solver sat_all --objective-mode bg_d2 --domain-mode both --domain-filter-graph both --precedence-encoding both --precedence-graph both --encoding-variant imp12+ --sat-backend cadical --maxsat-backend uwrmaxsat --uwrmaxsat-bin /home/g24021555/uwrmaxsat/build/release/bin/uwrmaxsat --timeout 7200 --csv output/full_matrix_bg_d2_forbidden.csv,,,,,,,,multiple,,cadical,,factorial,sparse_suffix+direct,,39,"1,2,3,4,5,6,7,8,9,10,11,12,13,14,15,16,17,18,19,20,21,22,23,24,25,26,27,28,29,30,31,32,33,34,35,36,39,41,42",984,16,7,7,,,,,"journal objective family: bg_d2 | F-selected distance-labelled E* domain propagation and cycle detection | precedence configuration: F=distance_closure, P=sparse_suffix, G=direct | Reduced Domain variables after unary filtering + matching GAC + slot saturation | (20),(22)-(27) exactly once over reduced domains | (19) participant atMost-one per slot | (46),(47) clustered table capacity with compact forward channeling | (28) SparseSuffix precedence over direct distance-labelled relations | exact break-group ends and unary break-group thresholds | exact schedule <-> usedSlot channeling | (43) exactly |Mp| reduced usedSlot variables | (44) atMost 2|L| busy participants per slot | (45) exact even number of busy participants | historical hard cap Delta_G <= 2",,,result
,,,,,,,,,tic-12.forb0007,b2b-af04b9353956aee3,b2b-lineage-tic-12,forbidden,R-SS-DE-ST-BGD2-UW-IC12P,Reduced,Filter-E*,SparseSuffix,Direct-E,SpanThreshold,BreakGroupsD2,UWrMaxSAT,IC12+,UNSAT,UNSAT,,,bg_d2,,,,,,,1,0.081924,False,38.668,,,,Compact,Compact/Reduced,project_implementation,one-shot weighted MaxSAT,6179,,,,,,,22417,117,22534,977,5202,54138,40,cfg5__m-reduced__p-sparse_suffix__g-direct__b-span_threshold__o-break_groups_d2__s-uwrmaxsat__i-imp12plus__backend-uwrmaxsat,cfg5__m-reduced__p-sparse_suffix__g-direct__b-span_threshold__o-break_groups_d2__s-uwrmaxsat__i-imp12plus__backend-uwrmaxsat,reduced,distance_closure,sparse_suffix,direct,UWrMaxSAT,UWrMaxSAT,binary-sha256:8c68c8a386d3d7847b50d315143c2bab60e3514e59510e84a649db83cb303876,imp12+,span_threshold,total_break_groups_subject_to_range_at_most_2,BGD2,IC12P,54021,117,1,198,15761,5049,1406,1,117,117,1,,,,,,0,0,0,0,0,,,"formalism-specific model size: SAT/MaxSAT reports base CNF and soft clauses, MIP reports variables/linear constraints/nonzeros, and CP reports integer variables plus linear/global constraints; SAT bound/totalizer overhead remains separate in optimizer_added_*",1000,984,977,977,0,0,0,0,0,0,0,1,0.000178,0.002055,0.028721,,0.030776,0.051148,"wall-clock from immediately before reading/parsing the .dzn instance through model construction, optimization, solution decoding, and independent validation; excludes worker-process startup and result-file export",,,,,,,peak_process_tree_rss_mb,af04b9353956aee3ee0934102bceed20801ec5850b81f132f3b341a8eddf1cba,forb0007,data_table06_forb/tic-12.forb0007.dzn,1,../noves/tic-12.forb0007.dzn,1,data_table06_forb/tic-12.forb0007.dzn,https://imae.udg.edu/Recerca/LAI/,https://ima.udg.edu/Recerca/lai/b2b/b2b.zip,ee1f440ab3f6db27ab712300ad3a54a31ffd5ec1e06f81a9ac37cb7202c56528,2026-08-10T10:42:19+00:00,7200.0,,ee80a6fbd8b513f7c010668495c39621a371266a,True,3.10.12,1.8.dev25,instance-20260810-085803,Linux-6.8.0-1064-gcp-x86_64-with-glibc2.35,x86_64,4,8,15988.059,1,0,/home/g24021555/Business-Meeting-Scheduling-Problem/.venv/bin/python3 /home/g24021555/Business-Meeting-Scheduling-Problem/src/Main.py --manifest instances_manifest.csv --family forbidden --solver sat_all --objective-mode bg_d2 --domain-mode both --domain-filter-graph both --precedence-encoding both --precedence-graph both --encoding-variant imp12+ --sat-backend cadical --maxsat-backend uwrmaxsat --uwrmaxsat-bin /home/g24021555/uwrmaxsat/build/release/bin/uwrmaxsat --timeout 7200 --csv output/full_matrix_bg_d2_forbidden.csv,/home/g24021555/uwrmaxsat/build/release/bin/uwrmaxsat,8c68c8a386d3d7847b50d315143c2bab60e3514e59510e84a649db83cb303876,/home/g24021555/uwrmaxsat/build/release/bin/uwrmaxsat -m /tmp/b2b_uwrmaxsat_9gfe7m7e/tic-12.forb0007.wcnf,,process exit code=20,,,maxsat,uwrmaxsat,,/home/g24021555/uwrmaxsat/build/release/bin/uwrmaxsat,factorial,sparse_suffix+direct,,39,"1,2,3,4,5,6,7,8,9,10,11,12,13,14,15,16,17,18,19,20,21,22,23,24,25,26,27,28,29,30,31,32,33,34,35,36,39,41,42",984,16,7,7,,,,,"journal objective family: bg_d2 | F-selected distance-labelled E* domain propagation and cycle detection | precedence configuration: F=distance_closure, P=sparse_suffix, G=direct | Reduced Domain variables after unary filtering + matching GAC + slot saturation | (20),(22)-(27) exactly once over reduced domains | (19) participant atMost-one per slot | (46),(47) clustered table capacity with compact forward channeling | (28) SparseSuffix precedence over direct distance-labelled relations | exact break-group ends and unary break-group thresholds | exact schedule <-> usedSlot channeling | (43) exactly |Mp| reduced usedSlot variables | (44) atMost 2|L| busy participants per slot | (45) exact even number of busy participants | historical hard cap Delta_G <= 2",,,result
,,,,,,,,,tic-12.forb0007,b2b-af04b9353956aee3,b2b-lineage-tic-12,forbidden,R-SS-DC-ST-BGD2-IS-CD-IC12P,Reduced,Filter-E*,SparseSuffix,DistanceClosure-E*,SpanThreshold,BreakGroupsD2,IncrementalSAT,IC12+,UNSAT,UNSAT,,,bg_d2,,,,,,,,0.032716,False,32.836,,,,Compact,Compact/Reduced,project_implementation,incremental multi-phase SAT with persistent solver state,6179,,,,,,,22417,0,22417,977,5202,54021,40,cfg5__m-reduced__p-sparse_suffix__g-distance_closure__b-span_threshold__o-break_groups_d2__s-incrementalsat__i-imp12plus__backend-cadical,cfg5__m-reduced__p-sparse_suffix__g-distance_closure__b-span_threshold__o-break_groups_d2__s-incrementalsat__i-imp12plus__backend-cadical,reduced,distance_closure,sparse_suffix,distance_closure,IncrementalSAT,CaDiCaL,1.5.3,imp12+,span_threshold,total_break_groups_subject_to_range_at_most_2,BGD2,IC12P,54021,0,0,198,15761,5049,1406,,0,117,1,,,,,,0,0,0,0,0,,,"formalism-specific model size: SAT/MaxSAT reports base CNF and soft clauses, MIP reports variables/linear constraints/nonzeros, and CP reports integer variables plus linear/global constraints; SAT bound/totalizer overhead remains separate in optimizer_added_*",1000,984,977,977,0,0,0,0,0,0,0,1,0.000166,0.001776,0.024,,0.025776,0.00694,"wall-clock from immediately before reading/parsing the .dzn instance through model construction, optimization, solution decoding, and independent validation; excludes worker-process startup and result-file export",,,,,,,peak_process_tree_rss_mb,af04b9353956aee3ee0934102bceed20801ec5850b81f132f3b341a8eddf1cba,forb0007,data_table06_forb/tic-12.forb0007.dzn,1,../noves/tic-12.forb0007.dzn,1,data_table06_forb/tic-12.forb0007.dzn,https://imae.udg.edu/Recerca/LAI/,https://ima.udg.edu/Recerca/lai/b2b/b2b.zip,ee1f440ab3f6db27ab712300ad3a54a31ffd5ec1e06f81a9ac37cb7202c56528,2026-08-10T10:42:19+00:00,7200.0,,ee80a6fbd8b513f7c010668495c39621a371266a,True,3.10.12,1.8.dev25,instance-20260810-085803,Linux-6.8.0-1064-gcp-x86_64-with-glibc2.35,x86_64,4,8,15988.059,1,0,/home/g24021555/Business-Meeting-Scheduling-Problem/.venv/bin/python3 /home/g24021555/Business-Meeting-Scheduling-Problem/src/Main.py --manifest instances_manifest.csv --family forbidden --solver sat_all --objective-mode bg_d2 --domain-mode both --domain-filter-graph both --precedence-encoding both --precedence-graph both --encoding-variant imp12+ --sat-backend cadical --maxsat-backend uwrmaxsat --uwrmaxsat-bin /home/g24021555/uwrmaxsat/build/release/bin/uwrmaxsat --timeout 7200 --csv output/full_matrix_bg_d2_forbidden.csv,,,,,,,,incremental,,cadical,,staircase,sparse_suffix+distance_closure,,39,"1,2,3,4,5,6,7,8,9,10,11,12,13,14,15,16,17,18,19,20,21,22,23,24,25,26,27,28,29,30,31,32,33,34,35,36,39,41,42",984,16,7,7,,,,,"journal objective family: bg_d2 | F-selected distance-labelled E* domain propagation and cycle detection | precedence configuration: F=distance_closure, P=sparse_suffix, G=distance_closure | Reduced Domain variables after unary filtering + matching GAC + slot saturation | (20),(22)-(27) exactly once over reduced domains | (19) participant atMost-one per slot | (46),(47) clustered table capacity with compact forward channeling | (28) SparseSuffix precedence over distance_closure distance-labelled relations | exact break-group ends and unary break-group thresholds | exact schedule <-> usedSlot channeling | (43) exactly |Mp| reduced usedSlot variables | (44) atMost 2|L| busy participants per slot | (45) exact even number of busy participants | historical hard cap Delta_G <= 2",,,result
,,,,,,,,,tic-12.forb0007,b2b-af04b9353956aee3,b2b-lineage-tic-12,forbidden,R-SS-DC-ST-BGD2-NIS-CD-IC12P,Reduced,Filter-E*,SparseSuffix,DistanceClosure-E*,SpanThreshold,BreakGroupsD2,NonIncrementalSAT,IC12+,UNSAT,UNSAT,,,bg_d2,,,,,,,,0.033847,False,32.496,,,,Compact,Compact/Reduced,project_implementation,restart-based multi-phase SAT,6179,,,,,,,22417,0,22417,977,5202,54021,40,cfg5__m-reduced__p-sparse_suffix__g-distance_closure__b-span_threshold__o-break_groups_d2__s-nonincrementalsat__i-imp12plus__backend-cadical,cfg5__m-reduced__p-sparse_suffix__g-distance_closure__b-span_threshold__o-break_groups_d2__s-nonincrementalsat__i-imp12plus__backend-cadical,reduced,distance_closure,sparse_suffix,distance_closure,NonIncrementalSAT,CaDiCaL,1.5.3,imp12+,span_threshold,total_break_groups_subject_to_range_at_most_2,BGD2,IC12P,54021,0,0,198,15761,5049,1406,,0,117,1,,,,,,0,0,0,0,0,,,"formalism-specific model size: SAT/MaxSAT reports base CNF and soft clauses, MIP reports variables/linear constraints/nonzeros, and CP reports integer variables plus linear/global constraints; SAT bound/totalizer overhead remains separate in optimizer_added_*",1000,984,977,977,0,0,0,0,0,0,0,1,0.000165,0.001987,0.024937,,0.026924,0.006923,"wall-clock from immediately before reading/parsing the .dzn instance through model construction, optimization, solution decoding, and independent validation; excludes worker-process startup and result-file export",,,,,,,peak_process_tree_rss_mb,af04b9353956aee3ee0934102bceed20801ec5850b81f132f3b341a8eddf1cba,forb0007,data_table06_forb/tic-12.forb0007.dzn,1,../noves/tic-12.forb0007.dzn,1,data_table06_forb/tic-12.forb0007.dzn,https://imae.udg.edu/Recerca/LAI/,https://ima.udg.edu/Recerca/lai/b2b/b2b.zip,ee1f440ab3f6db27ab712300ad3a54a31ffd5ec1e06f81a9ac37cb7202c56528,2026-08-10T10:42:19+00:00,7200.0,,ee80a6fbd8b513f7c010668495c39621a371266a,True,3.10.12,1.8.dev25,instance-20260810-085803,Linux-6.8.0-1064-gcp-x86_64-with-glibc2.35,x86_64,4,8,15988.059,1,0,/home/g24021555/Business-Meeting-Scheduling-Problem/.venv/bin/python3 /home/g24021555/Business-Meeting-Scheduling-Problem/src/Main.py --manifest instances_manifest.csv --family forbidden --solver sat_all --objective-mode bg_d2 --domain-mode both --domain-filter-graph both --precedence-encoding both --precedence-graph both --encoding-variant imp12+ --sat-backend cadical --maxsat-backend uwrmaxsat --uwrmaxsat-bin /home/g24021555/uwrmaxsat/build/release/bin/uwrmaxsat --timeout 7200 --csv output/full_matrix_bg_d2_forbidden.csv,,,,,,,,multiple,,cadical,,staircase,sparse_suffix+distance_closure,,39,"1,2,3,4,5,6,7,8,9,10,11,12,13,14,15,16,17,18,19,20,21,22,23,24,25,26,27,28,29,30,31,32,33,34,35,36,39,41,42",984,16,7,7,,,,,"journal objective family: bg_d2 | F-selected distance-labelled E* domain propagation and cycle detection | precedence configuration: F=distance_closure, P=sparse_suffix, G=distance_closure | Reduced Domain variables after unary filtering + matching GAC + slot saturation | (20),(22)-(27) exactly once over reduced domains | (19) participant atMost-one per slot | (46),(47) clustered table capacity with compact forward channeling | (28) SparseSuffix precedence over distance_closure distance-labelled relations | exact break-group ends and unary break-group thresholds | exact schedule <-> usedSlot channeling | (43) exactly |Mp| reduced usedSlot variables | (44) atMost 2|L| busy participants per slot | (45) exact even number of busy participants | historical hard cap Delta_G <= 2",,,result
,,,,,,,,,tic-12.forb0007,b2b-af04b9353956aee3,b2b-lineage-tic-12,forbidden,R-SS-DC-ST-BGD2-UW-IC12P,Reduced,Filter-E*,SparseSuffix,DistanceClosure-E*,SpanThreshold,BreakGroupsD2,UWrMaxSAT,IC12+,UNSAT,UNSAT,,,bg_d2,,,,,,,1,0.080307,False,38.672,,,,Compact,Compact/Reduced,project_implementation,one-shot weighted MaxSAT,6179,,,,,,,22417,117,22534,977,5202,54138,40,cfg5__m-reduced__p-sparse_suffix__g-distance_closure__b-span_threshold__o-break_groups_d2__s-uwrmaxsat__i-imp12plus__backend-uwrmaxsat,cfg5__m-reduced__p-sparse_suffix__g-distance_closure__b-span_threshold__o-break_groups_d2__s-uwrmaxsat__i-imp12plus__backend-uwrmaxsat,reduced,distance_closure,sparse_suffix,distance_closure,UWrMaxSAT,UWrMaxSAT,binary-sha256:8c68c8a386d3d7847b50d315143c2bab60e3514e59510e84a649db83cb303876,imp12+,span_threshold,total_break_groups_subject_to_range_at_most_2,BGD2,IC12P,54021,117,1,198,15761,5049,1406,1,117,117,1,,,,,,0,0,0,0,0,,,"formalism-specific model size: SAT/MaxSAT reports base CNF and soft clauses, MIP reports variables/linear constraints/nonzeros, and CP reports integer variables plus linear/global constraints; SAT bound/totalizer overhead remains separate in optimizer_added_*",1000,984,977,977,0,0,0,0,0,0,0,1,0.000187,0.00177,0.029516,,0.031287,0.04902,"wall-clock from immediately before reading/parsing the .dzn instance through model construction, optimization, solution decoding, and independent validation; excludes worker-process startup and result-file export",,,,,,,peak_process_tree_rss_mb,af04b9353956aee3ee0934102bceed20801ec5850b81f132f3b341a8eddf1cba,forb0007,data_table06_forb/tic-12.forb0007.dzn,1,../noves/tic-12.forb0007.dzn,1,data_table06_forb/tic-12.forb0007.dzn,https://imae.udg.edu/Recerca/LAI/,https://ima.udg.edu/Recerca/lai/b2b/b2b.zip,ee1f440ab3f6db27ab712300ad3a54a31ffd5ec1e06f81a9ac37cb7202c56528,2026-08-10T10:42:19+00:00,7200.0,,ee80a6fbd8b513f7c010668495c39621a371266a,True,3.10.12,1.8.dev25,instance-20260810-085803,Linux-6.8.0-1064-gcp-x86_64-with-glibc2.35,x86_64,4,8,15988.059,1,0,/home/g24021555/Business-Meeting-Scheduling-Problem/.venv/bin/python3 /home/g24021555/Business-Meeting-Scheduling-Problem/src/Main.py --manifest instances_manifest.csv --family forbidden --solver sat_all --objective-mode bg_d2 --domain-mode both --domain-filter-graph both --precedence-encoding both --precedence-graph both --encoding-variant imp12+ --sat-backend cadical --maxsat-backend uwrmaxsat --uwrmaxsat-bin /home/g24021555/uwrmaxsat/build/release/bin/uwrmaxsat --timeout 7200 --csv output/full_matrix_bg_d2_forbidden.csv,/home/g24021555/uwrmaxsat/build/release/bin/uwrmaxsat,8c68c8a386d3d7847b50d315143c2bab60e3514e59510e84a649db83cb303876,/home/g24021555/uwrmaxsat/build/release/bin/uwrmaxsat -m /tmp/b2b_uwrmaxsat_uainn6bk/tic-12.forb0007.wcnf,,process exit code=20,,,maxsat,uwrmaxsat,,/home/g24021555/uwrmaxsat/build/release/bin/uwrmaxsat,staircase,sparse_suffix+distance_closure,,39,"1,2,3,4,5,6,7,8,9,10,11,12,13,14,15,16,17,18,19,20,21,22,23,24,25,26,27,28,29,30,31,32,33,34,35,36,39,41,42",984,16,7,7,,,,,"journal objective family: bg_d2 | F-selected distance-labelled E* domain propagation and cycle detection | precedence configuration: F=distance_closure, P=sparse_suffix, G=distance_closure | Reduced Domain variables after unary filtering + matching GAC + slot saturation | (20),(22)-(27) exactly once over reduced domains | (19) participant atMost-one per slot | (46),(47) clustered table capacity with compact forward channeling | (28) SparseSuffix precedence over distance_closure distance-labelled relations | exact break-group ends and unary break-group thresholds | exact schedule <-> usedSlot channeling | (43) exactly |Mp| reduced usedSlot variables | (44) atMost 2|L| busy participants per slot | (45) exact even number of busy participants | historical hard cap Delta_G <= 2",,,result
,,,,,,,,,tic-13.forb0003,b2b-b1fde45d449995b6,b2b-lineage-tic-13,forbidden,F-PW-DE-ST-BGD2-IS-CD-IC12P,Full,Filter-E*,Pairwise,Direct-E,SpanThreshold,BreakGroupsD2,IncrementalSAT,IC12+,UNSAT,UNSAT,,,bg_d2,,,,,,,,0.112732,False,40.855,,,,Compact,Compact/Full,project_implementation,incremental multi-phase SAT with persistent solver state,26809,,,,,,,67204,0,67204,1800,25009,162204,46,cfg5__m-full__p-pairwise__g-direct__b-span_threshold__o-break_groups_d2__s-incrementalsat__i-imp12plus__backend-cadical,cfg5__m-full__p-pairwise__g-direct__b-span_threshold__o-break_groups_d2__s-incrementalsat__i-imp12plus__backend-cadical,full,distance_closure,pairwise,direct,IncrementalSAT,CaDiCaL,1.5.3,imp12+,span_threshold,total_break_groups_subject_to_range_at_most_2,BGD2,IC12P,162204,0,0,287,45355,18086,3476,,0,180,1,,,,,,0,0,0,0,0,,,"formalism-specific model size: SAT/MaxSAT reports base CNF and soft clauses, MIP reports variables/linear constraints/nonzeros, and CP reports integer variables plus linear/global constraints; SAT bound/totalizer overhead remains separate in optimizer_added_*",1800,1790,1781,1800,0,0,0,0,0,0,0,1,0.018787,0.002529,0.08444,,0.086969,0.025763,"wall-clock from immediately before reading/parsing the .dzn instance through model construction, optimization, solution decoding, and independent validation; excludes worker-process startup and result-file export",,,,,,,peak_process_tree_rss_mb,b1fde45d449995b65f156766a320e50df95242f1aaf08be960e52a57aa9b8dc8,forb0003,data_table06_forb/tic-13.forb0003.dzn,1,../noves/tic-13.forb0003.dzn,1,data_table06_forb/tic-13.forb0003.dzn,https://imae.udg.edu/Recerca/LAI/,https://ima.udg.edu/Recerca/lai/b2b/b2b.zip,ee1f440ab3f6db27ab712300ad3a54a31ffd5ec1e06f81a9ac37cb7202c56528,2026-08-10T10:42:19+00:00,7200.0,,ee80a6fbd8b513f7c010668495c39621a371266a,True,3.10.12,1.8.dev25,instance-20260810-085803,Linux-6.8.0-1064-gcp-x86_64-with-glibc2.35,x86_64,4,8,15988.059,1,0,/home/g24021555/Business-Meeting-Scheduling-Problem/.venv/bin/python3 /home/g24021555/Business-Meeting-Scheduling-Problem/src/Main.py --manifest instances_manifest.csv --family forbidden --solver sat_all --objective-mode bg_d2 --domain-mode both --domain-filter-graph both --precedence-encoding both --precedence-graph both --encoding-variant imp12+ --sat-backend cadical --maxsat-backend uwrmaxsat --uwrmaxsat-bin /home/g24021555/uwrmaxsat/build/release/bin/uwrmaxsat --timeout 7200 --csv output/full_matrix_bg_d2_forbidden.csv,,,,,,,,incremental,,cadical,,traditional,pairwise+direct,,45,"1,3,4,5,6,7,8,9,10,11,12,13,14,15,16,17,18,19,20,21,22,23,24,25,26,27,28,29,30,31,32,33,34,35,36,37,38,40,41,42,43,44,45,46,47",1790,10,9,9,,,,,"journal objective family: bg_d2 | F-selected distance-labelled E* domain propagation and cycle detection | precedence configuration: F=distance_closure, P=pairwise, G=direct | Full Domain MxT schedule variables + explicit unary exclusions | (20),(22)-(27) exactly once over full domains | (22)-(27) session/fixed/forbidden exclusions as hard unit clauses | (19) participant atMost-one per slot | (46),(47) clustered table capacity with compact forward channeling | (28) Pairwise precedence over direct distance-labelled relations | exact break-group ends and unary break-group thresholds | exact schedule <-> usedSlot channeling | (43) exactly |Mp| full usedSlot variables | (44) atMost 2|L| busy participants per slot | (45) exact even number of busy participants | historical hard cap Delta_G <= 2",,,result
,,,,,,,,,tic-13.forb0003,b2b-b1fde45d449995b6,b2b-lineage-tic-13,forbidden,F-PW-DE-ST-BGD2-NIS-CD-IC12P,Full,Filter-E*,Pairwise,Direct-E,SpanThreshold,BreakGroupsD2,NonIncrementalSAT,IC12+,UNSAT,UNSAT,,,bg_d2,,,,,,,,0.109898,False,40.66,,,,Compact,Compact/Full,project_implementation,restart-based multi-phase SAT,26809,,,,,,,67204,0,67204,1800,25009,162204,46,cfg5__m-full__p-pairwise__g-direct__b-span_threshold__o-break_groups_d2__s-nonincrementalsat__i-imp12plus__backend-cadical,cfg5__m-full__p-pairwise__g-direct__b-span_threshold__o-break_groups_d2__s-nonincrementalsat__i-imp12plus__backend-cadical,full,distance_closure,pairwise,direct,NonIncrementalSAT,CaDiCaL,1.5.3,imp12+,span_threshold,total_break_groups_subject_to_range_at_most_2,BGD2,IC12P,162204,0,0,287,45355,18086,3476,,0,180,1,,,,,,0,0,0,0,0,,,"formalism-specific model size: SAT/MaxSAT reports base CNF and soft clauses, MIP reports variables/linear constraints/nonzeros, and CP reports integer variables plus linear/global constraints; SAT bound/totalizer overhead remains separate in optimizer_added_*",1800,1790,1781,1800,0,0,0,0,0,0,0,1,0.017942,0.002288,0.082323,,0.084611,0.025286,"wall-clock from immediately before reading/parsing the .dzn instance through model construction, optimization, solution decoding, and independent validation; excludes worker-process startup and result-file export",,,,,,,peak_process_tree_rss_mb,b1fde45d449995b65f156766a320e50df95242f1aaf08be960e52a57aa9b8dc8,forb0003,data_table06_forb/tic-13.forb0003.dzn,1,../noves/tic-13.forb0003.dzn,1,data_table06_forb/tic-13.forb0003.dzn,https://imae.udg.edu/Recerca/LAI/,https://ima.udg.edu/Recerca/lai/b2b/b2b.zip,ee1f440ab3f6db27ab712300ad3a54a31ffd5ec1e06f81a9ac37cb7202c56528,2026-08-10T10:42:19+00:00,7200.0,,ee80a6fbd8b513f7c010668495c39621a371266a,True,3.10.12,1.8.dev25,instance-20260810-085803,Linux-6.8.0-1064-gcp-x86_64-with-glibc2.35,x86_64,4,8,15988.059,1,0,/home/g24021555/Business-Meeting-Scheduling-Problem/.venv/bin/python3 /home/g24021555/Business-Meeting-Scheduling-Problem/src/Main.py --manifest instances_manifest.csv --family forbidden --solver sat_all --objective-mode bg_d2 --domain-mode both --domain-filter-graph both --precedence-encoding both --precedence-graph both --encoding-variant imp12+ --sat-backend cadical --maxsat-backend uwrmaxsat --uwrmaxsat-bin /home/g24021555/uwrmaxsat/build/release/bin/uwrmaxsat --timeout 7200 --csv output/full_matrix_bg_d2_forbidden.csv,,,,,,,,multiple,,cadical,,traditional,pairwise+direct,,45,"1,3,4,5,6,7,8,9,10,11,12,13,14,15,16,17,18,19,20,21,22,23,24,25,26,27,28,29,30,31,32,33,34,35,36,37,38,40,41,42,43,44,45,46,47",1790,10,9,9,,,,,"journal objective family: bg_d2 | F-selected distance-labelled E* domain propagation and cycle detection | precedence configuration: F=distance_closure, P=pairwise, G=direct | Full Domain MxT schedule variables + explicit unary exclusions | (20),(22)-(27) exactly once over full domains | (22)-(27) session/fixed/forbidden exclusions as hard unit clauses | (19) participant atMost-one per slot | (46),(47) clustered table capacity with compact forward channeling | (28) Pairwise precedence over direct distance-labelled relations | exact break-group ends and unary break-group thresholds | exact schedule <-> usedSlot channeling | (43) exactly |Mp| full usedSlot variables | (44) atMost 2|L| busy participants per slot | (45) exact even number of busy participants | historical hard cap Delta_G <= 2",,,result
,,,,,,,,,tic-13.forb0003,b2b-b1fde45d449995b6,b2b-lineage-tic-13,forbidden,F-PW-DE-ST-BGD2-UW-IC12P,Full,Filter-E*,Pairwise,Direct-E,SpanThreshold,BreakGroupsD2,UWrMaxSAT,IC12+,UNSAT,UNSAT,,,bg_d2,,,,,,,1,0.226933,False,46.309,,,,Compact,Compact/Full,project_implementation,one-shot weighted MaxSAT,26809,,,,,,,67204,180,67384,1800,25009,162384,46,cfg5__m-full__p-pairwise__g-direct__b-span_threshold__o-break_groups_d2__s-uwrmaxsat__i-imp12plus__backend-uwrmaxsat,cfg5__m-full__p-pairwise__g-direct__b-span_threshold__o-break_groups_d2__s-uwrmaxsat__i-imp12plus__backend-uwrmaxsat,full,distance_closure,pairwise,direct,UWrMaxSAT,UWrMaxSAT,binary-sha256:8c68c8a386d3d7847b50d315143c2bab60e3514e59510e84a649db83cb303876,imp12+,span_threshold,total_break_groups_subject_to_range_at_most_2,BGD2,IC12P,162204,180,1,287,45355,18086,3476,1,180,180,1,,,,,,0,0,0,0,0,,,"formalism-specific model size: SAT/MaxSAT reports base CNF and soft clauses, MIP reports variables/linear constraints/nonzeros, and CP reports integer variables plus linear/global constraints; SAT bound/totalizer overhead remains separate in optimizer_added_*",1800,1790,1781,1800,0,0,0,0,0,0,0,1,0.0188,0.002501,0.090517,,0.093018,0.133915,"wall-clock from immediately before reading/parsing the .dzn instance through model construction, optimization, solution decoding, and independent validation; excludes worker-process startup and result-file export",,,,,,,peak_process_tree_rss_mb,b1fde45d449995b65f156766a320e50df95242f1aaf08be960e52a57aa9b8dc8,forb0003,data_table06_forb/tic-13.forb0003.dzn,1,../noves/tic-13.forb0003.dzn,1,data_table06_forb/tic-13.forb0003.dzn,https://imae.udg.edu/Recerca/LAI/,https://ima.udg.edu/Recerca/lai/b2b/b2b.zip,ee1f440ab3f6db27ab712300ad3a54a31ffd5ec1e06f81a9ac37cb7202c56528,2026-08-10T10:42:19+00:00,7200.0,,ee80a6fbd8b513f7c010668495c39621a371266a,True,3.10.12,1.8.dev25,instance-20260810-085803,Linux-6.8.0-1064-gcp-x86_64-with-glibc2.35,x86_64,4,8,15988.059,1,0,/home/g24021555/Business-Meeting-Scheduling-Problem/.venv/bin/python3 /home/g24021555/Business-Meeting-Scheduling-Problem/src/Main.py --manifest instances_manifest.csv --family forbidden --solver sat_all --objective-mode bg_d2 --domain-mode both --domain-filter-graph both --precedence-encoding both --precedence-graph both --encoding-variant imp12+ --sat-backend cadical --maxsat-backend uwrmaxsat --uwrmaxsat-bin /home/g24021555/uwrmaxsat/build/release/bin/uwrmaxsat --timeout 7200 --csv output/full_matrix_bg_d2_forbidden.csv,/home/g24021555/uwrmaxsat/build/release/bin/uwrmaxsat,8c68c8a386d3d7847b50d315143c2bab60e3514e59510e84a649db83cb303876,/home/g24021555/uwrmaxsat/build/release/bin/uwrmaxsat -m /tmp/b2b_uwrmaxsat__s3muid_/tic-13.forb0003.wcnf,,process exit code=20,,,maxsat,uwrmaxsat,,/home/g24021555/uwrmaxsat/build/release/bin/uwrmaxsat,traditional,pairwise+direct,,45,"1,3,4,5,6,7,8,9,10,11,12,13,14,15,16,17,18,19,20,21,22,23,24,25,26,27,28,29,30,31,32,33,34,35,36,37,38,40,41,42,43,44,45,46,47",1790,10,9,9,,,,,"journal objective family: bg_d2 | F-selected distance-labelled E* domain propagation and cycle detection | precedence configuration: F=distance_closure, P=pairwise, G=direct | Full Domain MxT schedule variables + explicit unary exclusions | (20),(22)-(27) exactly once over full domains | (22)-(27) session/fixed/forbidden exclusions as hard unit clauses | (19) participant atMost-one per slot | (46),(47) clustered table capacity with compact forward channeling | (28) Pairwise precedence over direct distance-labelled relations | exact break-group ends and unary break-group thresholds | exact schedule <-> usedSlot channeling | (43) exactly |Mp| full usedSlot variables | (44) atMost 2|L| busy participants per slot | (45) exact even number of busy participants | historical hard cap Delta_G <= 2",,,result
,,,,,,,,,tic-13.forb0003,b2b-b1fde45d449995b6,b2b-lineage-tic-13,forbidden,F-PW-DC-ST-BGD2-IS-CD-IC12P,Full,Filter-E*,Pairwise,DistanceClosure-E*,SpanThreshold,BreakGroupsD2,IncrementalSAT,IC12+,UNSAT,UNSAT,,,bg_d2,,,,,,,,0.117761,False,40.672,,,,Compact,Compact/Full,project_implementation,incremental multi-phase SAT with persistent solver state,26809,,,,,,,67204,0,67204,1800,25009,162204,46,cfg5__m-full__p-pairwise__g-distance_closure__b-span_threshold__o-break_groups_d2__s-incrementalsat__i-imp12plus__backend-cadical,cfg5__m-full__p-pairwise__g-distance_closure__b-span_threshold__o-break_groups_d2__s-incrementalsat__i-imp12plus__backend-cadical,full,distance_closure,pairwise,distance_closure,IncrementalSAT,CaDiCaL,1.5.3,imp12+,span_threshold,total_break_groups_subject_to_range_at_most_2,BGD2,IC12P,162204,0,0,287,45355,18086,3476,,0,180,1,,,,,,0,0,0,0,0,,,"formalism-specific model size: SAT/MaxSAT reports base CNF and soft clauses, MIP reports variables/linear constraints/nonzeros, and CP reports integer variables plus linear/global constraints; SAT bound/totalizer overhead remains separate in optimizer_added_*",1800,1790,1781,1800,0,0,0,0,0,0,0,1,0.019779,0.002227,0.090979,,0.093206,0.024556,"wall-clock from immediately before reading/parsing the .dzn instance through model construction, optimization, solution decoding, and independent validation; excludes worker-process startup and result-file export",,,,,,,peak_process_tree_rss_mb,b1fde45d449995b65f156766a320e50df95242f1aaf08be960e52a57aa9b8dc8,forb0003,data_table06_forb/tic-13.forb0003.dzn,1,../noves/tic-13.forb0003.dzn,1,data_table06_forb/tic-13.forb0003.dzn,https://imae.udg.edu/Recerca/LAI/,https://ima.udg.edu/Recerca/lai/b2b/b2b.zip,ee1f440ab3f6db27ab712300ad3a54a31ffd5ec1e06f81a9ac37cb7202c56528,2026-08-10T10:42:19+00:00,7200.0,,ee80a6fbd8b513f7c010668495c39621a371266a,True,3.10.12,1.8.dev25,instance-20260810-085803,Linux-6.8.0-1064-gcp-x86_64-with-glibc2.35,x86_64,4,8,15988.059,1,0,/home/g24021555/Business-Meeting-Scheduling-Problem/.venv/bin/python3 /home/g24021555/Business-Meeting-Scheduling-Problem/src/Main.py --manifest instances_manifest.csv --family forbidden --solver sat_all --objective-mode bg_d2 --domain-mode both --domain-filter-graph both --precedence-encoding both --precedence-graph both --encoding-variant imp12+ --sat-backend cadical --maxsat-backend uwrmaxsat --uwrmaxsat-bin /home/g24021555/uwrmaxsat/build/release/bin/uwrmaxsat --timeout 7200 --csv output/full_matrix_bg_d2_forbidden.csv,,,,,,,,incremental,,cadical,,factorial,pairwise+distance_closure,,45,"1,3,4,5,6,7,8,9,10,11,12,13,14,15,16,17,18,19,20,21,22,23,24,25,26,27,28,29,30,31,32,33,34,35,36,37,38,40,41,42,43,44,45,46,47",1790,10,9,9,,,,,"journal objective family: bg_d2 | F-selected distance-labelled E* domain propagation and cycle detection | precedence configuration: F=distance_closure, P=pairwise, G=distance_closure | Full Domain MxT schedule variables + explicit unary exclusions | (20),(22)-(27) exactly once over full domains | (22)-(27) session/fixed/forbidden exclusions as hard unit clauses | (19) participant atMost-one per slot | (46),(47) clustered table capacity with compact forward channeling | (28) Pairwise precedence over distance_closure distance-labelled relations | exact break-group ends and unary break-group thresholds | exact schedule <-> usedSlot channeling | (43) exactly |Mp| full usedSlot variables | (44) atMost 2|L| busy participants per slot | (45) exact even number of busy participants | historical hard cap Delta_G <= 2",,,result
,,,,,,,,,tic-13.forb0003,b2b-b1fde45d449995b6,b2b-lineage-tic-13,forbidden,F-PW-DC-ST-BGD2-NIS-CD-IC12P,Full,Filter-E*,Pairwise,DistanceClosure-E*,SpanThreshold,BreakGroupsD2,NonIncrementalSAT,IC12+,UNSAT,UNSAT,,,bg_d2,,,,,,,,0.112106,False,40.73,,,,Compact,Compact/Full,project_implementation,restart-based multi-phase SAT,26809,,,,,,,67204,0,67204,1800,25009,162204,46,cfg5__m-full__p-pairwise__g-distance_closure__b-span_threshold__o-break_groups_d2__s-nonincrementalsat__i-imp12plus__backend-cadical,cfg5__m-full__p-pairwise__g-distance_closure__b-span_threshold__o-break_groups_d2__s-nonincrementalsat__i-imp12plus__backend-cadical,full,distance_closure,pairwise,distance_closure,NonIncrementalSAT,CaDiCaL,1.5.3,imp12+,span_threshold,total_break_groups_subject_to_range_at_most_2,BGD2,IC12P,162204,0,0,287,45355,18086,3476,,0,180,1,,,,,,0,0,0,0,0,,,"formalism-specific model size: SAT/MaxSAT reports base CNF and soft clauses, MIP reports variables/linear constraints/nonzeros, and CP reports integer variables plus linear/global constraints; SAT bound/totalizer overhead remains separate in optimizer_added_*",1800,1790,1781,1800,0,0,0,0,0,0,0,1,0.019027,0.002177,0.085842,,0.088019,0.024087,"wall-clock from immediately before reading/parsing the .dzn instance through model construction, optimization, solution decoding, and independent validation; excludes worker-process startup and result-file export",,,,,,,peak_process_tree_rss_mb,b1fde45d449995b65f156766a320e50df95242f1aaf08be960e52a57aa9b8dc8,forb0003,data_table06_forb/tic-13.forb0003.dzn,1,../noves/tic-13.forb0003.dzn,1,data_table06_forb/tic-13.forb0003.dzn,https://imae.udg.edu/Recerca/LAI/,https://ima.udg.edu/Recerca/lai/b2b/b2b.zip,ee1f440ab3f6db27ab712300ad3a54a31ffd5ec1e06f81a9ac37cb7202c56528,2026-08-10T10:42:19+00:00,7200.0,,ee80a6fbd8b513f7c010668495c39621a371266a,True,3.10.12,1.8.dev25,instance-20260810-085803,Linux-6.8.0-1064-gcp-x86_64-with-glibc2.35,x86_64,4,8,15988.059,1,0,/home/g24021555/Business-Meeting-Scheduling-Problem/.venv/bin/python3 /home/g24021555/Business-Meeting-Scheduling-Problem/src/Main.py --manifest instances_manifest.csv --family forbidden --solver sat_all --objective-mode bg_d2 --domain-mode both --domain-filter-graph both --precedence-encoding both --precedence-graph both --encoding-variant imp12+ --sat-backend cadical --maxsat-backend uwrmaxsat --uwrmaxsat-bin /home/g24021555/uwrmaxsat/build/release/bin/uwrmaxsat --timeout 7200 --csv output/full_matrix_bg_d2_forbidden.csv,,,,,,,,multiple,,cadical,,factorial,pairwise+distance_closure,,45,"1,3,4,5,6,7,8,9,10,11,12,13,14,15,16,17,18,19,20,21,22,23,24,25,26,27,28,29,30,31,32,33,34,35,36,37,38,40,41,42,43,44,45,46,47",1790,10,9,9,,,,,"journal objective family: bg_d2 | F-selected distance-labelled E* domain propagation and cycle detection | precedence configuration: F=distance_closure, P=pairwise, G=distance_closure | Full Domain MxT schedule variables + explicit unary exclusions | (20),(22)-(27) exactly once over full domains | (22)-(27) session/fixed/forbidden exclusions as hard unit clauses | (19) participant atMost-one per slot | (46),(47) clustered table capacity with compact forward channeling | (28) Pairwise precedence over distance_closure distance-labelled relations | exact break-group ends and unary break-group thresholds | exact schedule <-> usedSlot channeling | (43) exactly |Mp| full usedSlot variables | (44) atMost 2|L| busy participants per slot | (45) exact even number of busy participants | historical hard cap Delta_G <= 2",,,result
,,,,,,,,,tic-13.forb0003,b2b-b1fde45d449995b6,b2b-lineage-tic-13,forbidden,F-PW-DC-ST-BGD2-UW-IC12P,Full,Filter-E*,Pairwise,DistanceClosure-E*,SpanThreshold,BreakGroupsD2,UWrMaxSAT,IC12+,UNSAT,UNSAT,,,bg_d2,,,,,,,1,0.227057,False,46.309,,,,Compact,Compact/Full,project_implementation,one-shot weighted MaxSAT,26809,,,,,,,67204,180,67384,1800,25009,162384,46,cfg5__m-full__p-pairwise__g-distance_closure__b-span_threshold__o-break_groups_d2__s-uwrmaxsat__i-imp12plus__backend-uwrmaxsat,cfg5__m-full__p-pairwise__g-distance_closure__b-span_threshold__o-break_groups_d2__s-uwrmaxsat__i-imp12plus__backend-uwrmaxsat,full,distance_closure,pairwise,distance_closure,UWrMaxSAT,UWrMaxSAT,binary-sha256:8c68c8a386d3d7847b50d315143c2bab60e3514e59510e84a649db83cb303876,imp12+,span_threshold,total_break_groups_subject_to_range_at_most_2,BGD2,IC12P,162204,180,1,287,45355,18086,3476,1,180,180,1,,,,,,0,0,0,0,0,,,"formalism-specific model size: SAT/MaxSAT reports base CNF and soft clauses, MIP reports variables/linear constraints/nonzeros, and CP reports integer variables plus linear/global constraints; SAT bound/totalizer overhead remains separate in optimizer_added_*",1800,1790,1781,1800,0,0,0,0,0,0,0,1,0.019401,0.002173,0.091146,,0.093319,0.133738,"wall-clock from immediately before reading/parsing the .dzn instance through model construction, optimization, solution decoding, and independent validation; excludes worker-process startup and result-file export",,,,,,,peak_process_tree_rss_mb,b1fde45d449995b65f156766a320e50df95242f1aaf08be960e52a57aa9b8dc8,forb0003,data_table06_forb/tic-13.forb0003.dzn,1,../noves/tic-13.forb0003.dzn,1,data_table06_forb/tic-13.forb0003.dzn,https://imae.udg.edu/Recerca/LAI/,https://ima.udg.edu/Recerca/lai/b2b/b2b.zip,ee1f440ab3f6db27ab712300ad3a54a31ffd5ec1e06f81a9ac37cb7202c56528,2026-08-10T10:42:19+00:00,7200.0,,ee80a6fbd8b513f7c010668495c39621a371266a,True,3.10.12,1.8.dev25,instance-20260810-085803,Linux-6.8.0-1064-gcp-x86_64-with-glibc2.35,x86_64,4,8,15988.059,1,0,/home/g24021555/Business-Meeting-Scheduling-Problem/.venv/bin/python3 /home/g24021555/Business-Meeting-Scheduling-Problem/src/Main.py --manifest instances_manifest.csv --family forbidden --solver sat_all --objective-mode bg_d2 --domain-mode both --domain-filter-graph both --precedence-encoding both --precedence-graph both --encoding-variant imp12+ --sat-backend cadical --maxsat-backend uwrmaxsat --uwrmaxsat-bin /home/g24021555/uwrmaxsat/build/release/bin/uwrmaxsat --timeout 7200 --csv output/full_matrix_bg_d2_forbidden.csv,/home/g24021555/uwrmaxsat/build/release/bin/uwrmaxsat,8c68c8a386d3d7847b50d315143c2bab60e3514e59510e84a649db83cb303876,/home/g24021555/uwrmaxsat/build/release/bin/uwrmaxsat -m /tmp/b2b_uwrmaxsat_xk_9hy52/tic-13.forb0003.wcnf,,process exit code=20,,,maxsat,uwrmaxsat,,/home/g24021555/uwrmaxsat/build/release/bin/uwrmaxsat,factorial,pairwise+distance_closure,,45,"1,3,4,5,6,7,8,9,10,11,12,13,14,15,16,17,18,19,20,21,22,23,24,25,26,27,28,29,30,31,32,33,34,35,36,37,38,40,41,42,43,44,45,46,47",1790,10,9,9,,,,,"journal objective family: bg_d2 | F-selected distance-labelled E* domain propagation and cycle detection | precedence configuration: F=distance_closure, P=pairwise, G=distance_closure | Full Domain MxT schedule variables + explicit unary exclusions | (20),(22)-(27) exactly once over full domains | (22)-(27) session/fixed/forbidden exclusions as hard unit clauses | (19) participant atMost-one per slot | (46),(47) clustered table capacity with compact forward channeling | (28) Pairwise precedence over distance_closure distance-labelled relations | exact break-group ends and unary break-group thresholds | exact schedule <-> usedSlot channeling | (43) exactly |Mp| full usedSlot variables | (44) atMost 2|L| busy participants per slot | (45) exact even number of busy participants | historical hard cap Delta_G <= 2",,,result
,,,,,,,,,tic-13.forb0003,b2b-b1fde45d449995b6,b2b-lineage-tic-13,forbidden,F-SS-DE-ST-BGD2-IS-CD-IC12P,Full,Filter-E*,SparseSuffix,Direct-E,SpanThreshold,BreakGroupsD2,IncrementalSAT,IC12+,UNSAT,UNSAT,,,bg_d2,,,,,,,,0.114268,False,40.355,,,,Compact,Compact/Full,project_implementation,incremental multi-phase SAT with persistent solver state,26809,,,,,,,67204,0,67204,1800,25009,162204,46,cfg5__m-full__p-sparse_suffix__g-direct__b-span_threshold__o-break_groups_d2__s-incrementalsat__i-imp12plus__backend-cadical,cfg5__m-full__p-sparse_suffix__g-direct__b-span_threshold__o-break_groups_d2__s-incrementalsat__i-imp12plus__backend-cadical,full,distance_closure,sparse_suffix,direct,IncrementalSAT,CaDiCaL,1.5.3,imp12+,span_threshold,total_break_groups_subject_to_range_at_most_2,BGD2,IC12P,162204,0,0,287,45355,18086,3476,,0,180,1,,,,,,0,0,0,0,0,,,"formalism-specific model size: SAT/MaxSAT reports base CNF and soft clauses, MIP reports variables/linear constraints/nonzeros, and CP reports integer variables plus linear/global constraints; SAT bound/totalizer overhead remains separate in optimizer_added_*",1800,1790,1781,1800,0,0,0,0,0,0,0,1,0.019847,0.00254,0.086643,,0.089183,0.025085,"wall-clock from immediately before reading/parsing the .dzn instance through model construction, optimization, solution decoding, and independent validation; excludes worker-process startup and result-file export",,,,,,,peak_process_tree_rss_mb,b1fde45d449995b65f156766a320e50df95242f1aaf08be960e52a57aa9b8dc8,forb0003,data_table06_forb/tic-13.forb0003.dzn,1,../noves/tic-13.forb0003.dzn,1,data_table06_forb/tic-13.forb0003.dzn,https://imae.udg.edu/Recerca/LAI/,https://ima.udg.edu/Recerca/lai/b2b/b2b.zip,ee1f440ab3f6db27ab712300ad3a54a31ffd5ec1e06f81a9ac37cb7202c56528,2026-08-10T10:42:19+00:00,7200.0,,ee80a6fbd8b513f7c010668495c39621a371266a,True,3.10.12,1.8.dev25,instance-20260810-085803,Linux-6.8.0-1064-gcp-x86_64-with-glibc2.35,x86_64,4,8,15988.059,1,0,/home/g24021555/Business-Meeting-Scheduling-Problem/.venv/bin/python3 /home/g24021555/Business-Meeting-Scheduling-Problem/src/Main.py --manifest instances_manifest.csv --family forbidden --solver sat_all --objective-mode bg_d2 --domain-mode both --domain-filter-graph both --precedence-encoding both --precedence-graph both --encoding-variant imp12+ --sat-backend cadical --maxsat-backend uwrmaxsat --uwrmaxsat-bin /home/g24021555/uwrmaxsat/build/release/bin/uwrmaxsat --timeout 7200 --csv output/full_matrix_bg_d2_forbidden.csv,,,,,,,,incremental,,cadical,,factorial,sparse_suffix+direct,,45,"1,3,4,5,6,7,8,9,10,11,12,13,14,15,16,17,18,19,20,21,22,23,24,25,26,27,28,29,30,31,32,33,34,35,36,37,38,40,41,42,43,44,45,46,47",1790,10,9,9,,,,,"journal objective family: bg_d2 | F-selected distance-labelled E* domain propagation and cycle detection | precedence configuration: F=distance_closure, P=sparse_suffix, G=direct | Full Domain MxT schedule variables + explicit unary exclusions | (20),(22)-(27) exactly once over full domains | (22)-(27) session/fixed/forbidden exclusions as hard unit clauses | (19) participant atMost-one per slot | (46),(47) clustered table capacity with compact forward channeling | (28) SparseSuffix precedence over direct distance-labelled relations | exact break-group ends and unary break-group thresholds | exact schedule <-> usedSlot channeling | (43) exactly |Mp| full usedSlot variables | (44) atMost 2|L| busy participants per slot | (45) exact even number of busy participants | historical hard cap Delta_G <= 2",,,result
,,,,,,,,,tic-13.forb0003,b2b-b1fde45d449995b6,b2b-lineage-tic-13,forbidden,F-SS-DE-ST-BGD2-NIS-CD-IC12P,Full,Filter-E*,SparseSuffix,Direct-E,SpanThreshold,BreakGroupsD2,NonIncrementalSAT,IC12+,UNSAT,UNSAT,,,bg_d2,,,,,,,,0.114042,False,40.203,,,,Compact,Compact/Full,project_implementation,restart-based multi-phase SAT,26809,,,,,,,67204,0,67204,1800,25009,162204,46,cfg5__m-full__p-sparse_suffix__g-direct__b-span_threshold__o-break_groups_d2__s-nonincrementalsat__i-imp12plus__backend-cadical,cfg5__m-full__p-sparse_suffix__g-direct__b-span_threshold__o-break_groups_d2__s-nonincrementalsat__i-imp12plus__backend-cadical,full,distance_closure,sparse_suffix,direct,NonIncrementalSAT,CaDiCaL,1.5.3,imp12+,span_threshold,total_break_groups_subject_to_range_at_most_2,BGD2,IC12P,162204,0,0,287,45355,18086,3476,,0,180,1,,,,,,0,0,0,0,0,,,"formalism-specific model size: SAT/MaxSAT reports base CNF and soft clauses, MIP reports variables/linear constraints/nonzeros, and CP reports integer variables plus linear/global constraints; SAT bound/totalizer overhead remains separate in optimizer_added_*",1800,1790,1781,1800,0,0,0,0,0,0,0,1,0.018394,0.00245,0.086166,,0.088616,0.025425,"wall-clock from immediately before reading/parsing the .dzn instance through model construction, optimization, solution decoding, and independent validation; excludes worker-process startup and result-file export",,,,,,,peak_process_tree_rss_mb,b1fde45d449995b65f156766a320e50df95242f1aaf08be960e52a57aa9b8dc8,forb0003,data_table06_forb/tic-13.forb0003.dzn,1,../noves/tic-13.forb0003.dzn,1,data_table06_forb/tic-13.forb0003.dzn,https://imae.udg.edu/Recerca/LAI/,https://ima.udg.edu/Recerca/lai/b2b/b2b.zip,ee1f440ab3f6db27ab712300ad3a54a31ffd5ec1e06f81a9ac37cb7202c56528,2026-08-10T10:42:19+00:00,7200.0,,ee80a6fbd8b513f7c010668495c39621a371266a,True,3.10.12,1.8.dev25,instance-20260810-085803,Linux-6.8.0-1064-gcp-x86_64-with-glibc2.35,x86_64,4,8,15988.059,1,0,/home/g24021555/Business-Meeting-Scheduling-Problem/.venv/bin/python3 /home/g24021555/Business-Meeting-Scheduling-Problem/src/Main.py --manifest instances_manifest.csv --family forbidden --solver sat_all --objective-mode bg_d2 --domain-mode both --domain-filter-graph both --precedence-encoding both --precedence-graph both --encoding-variant imp12+ --sat-backend cadical --maxsat-backend uwrmaxsat --uwrmaxsat-bin /home/g24021555/uwrmaxsat/build/release/bin/uwrmaxsat --timeout 7200 --csv output/full_matrix_bg_d2_forbidden.csv,,,,,,,,multiple,,cadical,,factorial,sparse_suffix+direct,,45,"1,3,4,5,6,7,8,9,10,11,12,13,14,15,16,17,18,19,20,21,22,23,24,25,26,27,28,29,30,31,32,33,34,35,36,37,38,40,41,42,43,44,45,46,47",1790,10,9,9,,,,,"journal objective family: bg_d2 | F-selected distance-labelled E* domain propagation and cycle detection | precedence configuration: F=distance_closure, P=sparse_suffix, G=direct | Full Domain MxT schedule variables + explicit unary exclusions | (20),(22)-(27) exactly once over full domains | (22)-(27) session/fixed/forbidden exclusions as hard unit clauses | (19) participant atMost-one per slot | (46),(47) clustered table capacity with compact forward channeling | (28) SparseSuffix precedence over direct distance-labelled relations | exact break-group ends and unary break-group thresholds | exact schedule <-> usedSlot channeling | (43) exactly |Mp| full usedSlot variables | (44) atMost 2|L| busy participants per slot | (45) exact even number of busy participants | historical hard cap Delta_G <= 2",,,result
,,,,,,,,,tic-13.forb0003,b2b-b1fde45d449995b6,b2b-lineage-tic-13,forbidden,F-SS-DE-ST-BGD2-UW-IC12P,Full,Filter-E*,SparseSuffix,Direct-E,SpanThreshold,BreakGroupsD2,UWrMaxSAT,IC12+,UNSAT,UNSAT,,,bg_d2,,,,,,,1,0.227722,False,46.242,,,,Compact,Compact/Full,project_implementation,one-shot weighted MaxSAT,26809,,,,,,,67204,180,67384,1800,25009,162384,46,cfg5__m-full__p-sparse_suffix__g-direct__b-span_threshold__o-break_groups_d2__s-uwrmaxsat__i-imp12plus__backend-uwrmaxsat,cfg5__m-full__p-sparse_suffix__g-direct__b-span_threshold__o-break_groups_d2__s-uwrmaxsat__i-imp12plus__backend-uwrmaxsat,full,distance_closure,sparse_suffix,direct,UWrMaxSAT,UWrMaxSAT,binary-sha256:8c68c8a386d3d7847b50d315143c2bab60e3514e59510e84a649db83cb303876,imp12+,span_threshold,total_break_groups_subject_to_range_at_most_2,BGD2,IC12P,162204,180,1,287,45355,18086,3476,1,180,180,1,,,,,,0,0,0,0,0,,,"formalism-specific model size: SAT/MaxSAT reports base CNF and soft clauses, MIP reports variables/linear constraints/nonzeros, and CP reports integer variables plus linear/global constraints; SAT bound/totalizer overhead remains separate in optimizer_added_*",1800,1790,1781,1800,0,0,0,0,0,0,0,1,0.018911,0.002202,0.091245,,0.093447,0.134275,"wall-clock from immediately before reading/parsing the .dzn instance through model construction, optimization, solution decoding, and independent validation; excludes worker-process startup and result-file export",,,,,,,peak_process_tree_rss_mb,b1fde45d449995b65f156766a320e50df95242f1aaf08be960e52a57aa9b8dc8,forb0003,data_table06_forb/tic-13.forb0003.dzn,1,../noves/tic-13.forb0003.dzn,1,data_table06_forb/tic-13.forb0003.dzn,https://imae.udg.edu/Recerca/LAI/,https://ima.udg.edu/Recerca/lai/b2b/b2b.zip,ee1f440ab3f6db27ab712300ad3a54a31ffd5ec1e06f81a9ac37cb7202c56528,2026-08-10T10:42:19+00:00,7200.0,,ee80a6fbd8b513f7c010668495c39621a371266a,True,3.10.12,1.8.dev25,instance-20260810-085803,Linux-6.8.0-1064-gcp-x86_64-with-glibc2.35,x86_64,4,8,15988.059,1,0,/home/g24021555/Business-Meeting-Scheduling-Problem/.venv/bin/python3 /home/g24021555/Business-Meeting-Scheduling-Problem/src/Main.py --manifest instances_manifest.csv --family forbidden --solver sat_all --objective-mode bg_d2 --domain-mode both --domain-filter-graph both --precedence-encoding both --precedence-graph both --encoding-variant imp12+ --sat-backend cadical --maxsat-backend uwrmaxsat --uwrmaxsat-bin /home/g24021555/uwrmaxsat/build/release/bin/uwrmaxsat --timeout 7200 --csv output/full_matrix_bg_d2_forbidden.csv,/home/g24021555/uwrmaxsat/build/release/bin/uwrmaxsat,8c68c8a386d3d7847b50d315143c2bab60e3514e59510e84a649db83cb303876,/home/g24021555/uwrmaxsat/build/release/bin/uwrmaxsat -m /tmp/b2b_uwrmaxsat_7qnudj9p/tic-13.forb0003.wcnf,,process exit code=20,,,maxsat,uwrmaxsat,,/home/g24021555/uwrmaxsat/build/release/bin/uwrmaxsat,factorial,sparse_suffix+direct,,45,"1,3,4,5,6,7,8,9,10,11,12,13,14,15,16,17,18,19,20,21,22,23,24,25,26,27,28,29,30,31,32,33,34,35,36,37,38,40,41,42,43,44,45,46,47",1790,10,9,9,,,,,"journal objective family: bg_d2 | F-selected distance-labelled E* domain propagation and cycle detection | precedence configuration: F=distance_closure, P=sparse_suffix, G=direct | Full Domain MxT schedule variables + explicit unary exclusions | (20),(22)-(27) exactly once over full domains | (22)-(27) session/fixed/forbidden exclusions as hard unit clauses | (19) participant atMost-one per slot | (46),(47) clustered table capacity with compact forward channeling | (28) SparseSuffix precedence over direct distance-labelled relations | exact break-group ends and unary break-group thresholds | exact schedule <-> usedSlot channeling | (43) exactly |Mp| full usedSlot variables | (44) atMost 2|L| busy participants per slot | (45) exact even number of busy participants | historical hard cap Delta_G <= 2",,,result
,,,,,,,,,tic-13.forb0003,b2b-b1fde45d449995b6,b2b-lineage-tic-13,forbidden,F-SS-DC-ST-BGD2-IS-CD-IC12P,Full,Filter-E*,SparseSuffix,DistanceClosure-E*,SpanThreshold,BreakGroupsD2,IncrementalSAT,IC12+,UNSAT,UNSAT,,,bg_d2,,,,,,,,0.114083,False,39.977,,,,Compact,Compact/Full,project_implementation,incremental multi-phase SAT with persistent solver state,26809,,,,,,,67204,0,67204,1800,25009,162204,46,cfg5__m-full__p-sparse_suffix__g-distance_closure__b-span_threshold__o-break_groups_d2__s-incrementalsat__i-imp12plus__backend-cadical,cfg5__m-full__p-sparse_suffix__g-distance_closure__b-span_threshold__o-break_groups_d2__s-incrementalsat__i-imp12plus__backend-cadical,full,distance_closure,sparse_suffix,distance_closure,IncrementalSAT,CaDiCaL,1.5.3,imp12+,span_threshold,total_break_groups_subject_to_range_at_most_2,BGD2,IC12P,162204,0,0,287,45355,18086,3476,,0,180,1,,,,,,0,0,0,0,0,,,"formalism-specific model size: SAT/MaxSAT reports base CNF and soft clauses, MIP reports variables/linear constraints/nonzeros, and CP reports integer variables plus linear/global constraints; SAT bound/totalizer overhead remains separate in optimizer_added_*",1800,1790,1781,1800,0,0,0,0,0,0,0,1,0.018116,0.002225,0.088847,,0.091071,0.023012,"wall-clock from immediately before reading/parsing the .dzn instance through model construction, optimization, solution decoding, and independent validation; excludes worker-process startup and result-file export",,,,,,,peak_process_tree_rss_mb,b1fde45d449995b65f156766a320e50df95242f1aaf08be960e52a57aa9b8dc8,forb0003,data_table06_forb/tic-13.forb0003.dzn,1,../noves/tic-13.forb0003.dzn,1,data_table06_forb/tic-13.forb0003.dzn,https://imae.udg.edu/Recerca/LAI/,https://ima.udg.edu/Recerca/lai/b2b/b2b.zip,ee1f440ab3f6db27ab712300ad3a54a31ffd5ec1e06f81a9ac37cb7202c56528,2026-08-10T10:42:19+00:00,7200.0,,ee80a6fbd8b513f7c010668495c39621a371266a,True,3.10.12,1.8.dev25,instance-20260810-085803,Linux-6.8.0-1064-gcp-x86_64-with-glibc2.35,x86_64,4,8,15988.059,1,0,/home/g24021555/Business-Meeting-Scheduling-Problem/.venv/bin/python3 /home/g24021555/Business-Meeting-Scheduling-Problem/src/Main.py --manifest instances_manifest.csv --family forbidden --solver sat_all --objective-mode bg_d2 --domain-mode both --domain-filter-graph both --precedence-encoding both --precedence-graph both --encoding-variant imp12+ --sat-backend cadical --maxsat-backend uwrmaxsat --uwrmaxsat-bin /home/g24021555/uwrmaxsat/build/release/bin/uwrmaxsat --timeout 7200 --csv output/full_matrix_bg_d2_forbidden.csv,,,,,,,,incremental,,cadical,,staircase,sparse_suffix+distance_closure,,45,"1,3,4,5,6,7,8,9,10,11,12,13,14,15,16,17,18,19,20,21,22,23,24,25,26,27,28,29,30,31,32,33,34,35,36,37,38,40,41,42,43,44,45,46,47",1790,10,9,9,,,,,"journal objective family: bg_d2 | F-selected distance-labelled E* domain propagation and cycle detection | precedence configuration: F=distance_closure, P=sparse_suffix, G=distance_closure | Full Domain MxT schedule variables + explicit unary exclusions | (20),(22)-(27) exactly once over full domains | (22)-(27) session/fixed/forbidden exclusions as hard unit clauses | (19) participant atMost-one per slot | (46),(47) clustered table capacity with compact forward channeling | (28) SparseSuffix precedence over distance_closure distance-labelled relations | exact break-group ends and unary break-group thresholds | exact schedule <-> usedSlot channeling | (43) exactly |Mp| full usedSlot variables | (44) atMost 2|L| busy participants per slot | (45) exact even number of busy participants | historical hard cap Delta_G <= 2",,,result
,,,,,,,,,tic-13.forb0003,b2b-b1fde45d449995b6,b2b-lineage-tic-13,forbidden,F-SS-DC-ST-BGD2-NIS-CD-IC12P,Full,Filter-E*,SparseSuffix,DistanceClosure-E*,SpanThreshold,BreakGroupsD2,NonIncrementalSAT,IC12+,UNSAT,UNSAT,,,bg_d2,,,,,,,,0.119468,False,44.621,,,,Compact,Compact/Full,project_implementation,restart-based multi-phase SAT,26809,,,,,,,67204,0,67204,1800,25009,162204,46,cfg5__m-full__p-sparse_suffix__g-distance_closure__b-span_threshold__o-break_groups_d2__s-nonincrementalsat__i-imp12plus__backend-cadical,cfg5__m-full__p-sparse_suffix__g-distance_closure__b-span_threshold__o-break_groups_d2__s-nonincrementalsat__i-imp12plus__backend-cadical,full,distance_closure,sparse_suffix,distance_closure,NonIncrementalSAT,CaDiCaL,1.5.3,imp12+,span_threshold,total_break_groups_subject_to_range_at_most_2,BGD2,IC12P,162204,0,0,287,45355,18086,3476,,0,180,1,,,,,,0,0,0,0,0,,,"formalism-specific model size: SAT/MaxSAT reports base CNF and soft clauses, MIP reports variables/linear constraints/nonzeros, and CP reports integer variables plus linear/global constraints; SAT bound/totalizer overhead remains separate in optimizer_added_*",1800,1790,1781,1800,0,0,0,0,0,0,0,1,0.019502,0.00225,0.090894,,0.093144,0.026324,"wall-clock from immediately before reading/parsing the .dzn instance through model construction, optimization, solution decoding, and independent validation; excludes worker-process startup and result-file export",,,,,,,peak_process_tree_rss_mb,b1fde45d449995b65f156766a320e50df95242f1aaf08be960e52a57aa9b8dc8,forb0003,data_table06_forb/tic-13.forb0003.dzn,1,../noves/tic-13.forb0003.dzn,1,data_table06_forb/tic-13.forb0003.dzn,https://imae.udg.edu/Recerca/LAI/,https://ima.udg.edu/Recerca/lai/b2b/b2b.zip,ee1f440ab3f6db27ab712300ad3a54a31ffd5ec1e06f81a9ac37cb7202c56528,2026-08-10T10:42:19+00:00,7200.0,,ee80a6fbd8b513f7c010668495c39621a371266a,True,3.10.12,1.8.dev25,instance-20260810-085803,Linux-6.8.0-1064-gcp-x86_64-with-glibc2.35,x86_64,4,8,15988.059,1,0,/home/g24021555/Business-Meeting-Scheduling-Problem/.venv/bin/python3 /home/g24021555/Business-Meeting-Scheduling-Problem/src/Main.py --manifest instances_manifest.csv --family forbidden --solver sat_all --objective-mode bg_d2 --domain-mode both --domain-filter-graph both --precedence-encoding both --precedence-graph both --encoding-variant imp12+ --sat-backend cadical --maxsat-backend uwrmaxsat --uwrmaxsat-bin /home/g24021555/uwrmaxsat/build/release/bin/uwrmaxsat --timeout 7200 --csv output/full_matrix_bg_d2_forbidden.csv,,,,,,,,multiple,,cadical,,staircase,sparse_suffix+distance_closure,,45,"1,3,4,5,6,7,8,9,10,11,12,13,14,15,16,17,18,19,20,21,22,23,24,25,26,27,28,29,30,31,32,33,34,35,36,37,38,40,41,42,43,44,45,46,47",1790,10,9,9,,,,,"journal objective family: bg_d2 | F-selected distance-labelled E* domain propagation and cycle detection | precedence configuration: F=distance_closure, P=sparse_suffix, G=distance_closure | Full Domain MxT schedule variables + explicit unary exclusions | (20),(22)-(27) exactly once over full domains | (22)-(27) session/fixed/forbidden exclusions as hard unit clauses | (19) participant atMost-one per slot | (46),(47) clustered table capacity with compact forward channeling | (28) SparseSuffix precedence over distance_closure distance-labelled relations | exact break-group ends and unary break-group thresholds | exact schedule <-> usedSlot channeling | (43) exactly |Mp| full usedSlot variables | (44) atMost 2|L| busy participants per slot | (45) exact even number of busy participants | historical hard cap Delta_G <= 2",,,result
,,,,,,,,,tic-13.forb0003,b2b-b1fde45d449995b6,b2b-lineage-tic-13,forbidden,F-SS-DC-ST-BGD2-UW-IC12P,Full,Filter-E*,SparseSuffix,DistanceClosure-E*,SpanThreshold,BreakGroupsD2,UWrMaxSAT,IC12+,UNSAT,UNSAT,,,bg_d2,,,,,,,1,0.232519,False,46.27,,,,Compact,Compact/Full,project_implementation,one-shot weighted MaxSAT,26809,,,,,,,67204,180,67384,1800,25009,162384,46,cfg5__m-full__p-sparse_suffix__g-distance_closure__b-span_threshold__o-break_groups_d2__s-uwrmaxsat__i-imp12plus__backend-uwrmaxsat,cfg5__m-full__p-sparse_suffix__g-distance_closure__b-span_threshold__o-break_groups_d2__s-uwrmaxsat__i-imp12plus__backend-uwrmaxsat,full,distance_closure,sparse_suffix,distance_closure,UWrMaxSAT,UWrMaxSAT,binary-sha256:8c68c8a386d3d7847b50d315143c2bab60e3514e59510e84a649db83cb303876,imp12+,span_threshold,total_break_groups_subject_to_range_at_most_2,BGD2,IC12P,162204,180,1,287,45355,18086,3476,1,180,180,1,,,,,,0,0,0,0,0,,,"formalism-specific model size: SAT/MaxSAT reports base CNF and soft clauses, MIP reports variables/linear constraints/nonzeros, and CP reports integer variables plus linear/global constraints; SAT bound/totalizer overhead remains separate in optimizer_added_*",1800,1790,1781,1800,0,0,0,0,0,0,0,1,0.019365,0.002177,0.090393,,0.09257,0.139948,"wall-clock from immediately before reading/parsing the .dzn instance through model construction, optimization, solution decoding, and independent validation; excludes worker-process startup and result-file export",,,,,,,peak_process_tree_rss_mb,b1fde45d449995b65f156766a320e50df95242f1aaf08be960e52a57aa9b8dc8,forb0003,data_table06_forb/tic-13.forb0003.dzn,1,../noves/tic-13.forb0003.dzn,1,data_table06_forb/tic-13.forb0003.dzn,https://imae.udg.edu/Recerca/LAI/,https://ima.udg.edu/Recerca/lai/b2b/b2b.zip,ee1f440ab3f6db27ab712300ad3a54a31ffd5ec1e06f81a9ac37cb7202c56528,2026-08-10T10:42:19+00:00,7200.0,,ee80a6fbd8b513f7c010668495c39621a371266a,True,3.10.12,1.8.dev25,instance-20260810-085803,Linux-6.8.0-1064-gcp-x86_64-with-glibc2.35,x86_64,4,8,15988.059,1,0,/home/g24021555/Business-Meeting-Scheduling-Problem/.venv/bin/python3 /home/g24021555/Business-Meeting-Scheduling-Problem/src/Main.py --manifest instances_manifest.csv --family forbidden --solver sat_all --objective-mode bg_d2 --domain-mode both --domain-filter-graph both --precedence-encoding both --precedence-graph both --encoding-variant imp12+ --sat-backend cadical --maxsat-backend uwrmaxsat --uwrmaxsat-bin /home/g24021555/uwrmaxsat/build/release/bin/uwrmaxsat --timeout 7200 --csv output/full_matrix_bg_d2_forbidden.csv,/home/g24021555/uwrmaxsat/build/release/bin/uwrmaxsat,8c68c8a386d3d7847b50d315143c2bab60e3514e59510e84a649db83cb303876,/home/g24021555/uwrmaxsat/build/release/bin/uwrmaxsat -m /tmp/b2b_uwrmaxsat_34pd1ct2/tic-13.forb0003.wcnf,,process exit code=20,,,maxsat,uwrmaxsat,,/home/g24021555/uwrmaxsat/build/release/bin/uwrmaxsat,staircase,sparse_suffix+distance_closure,,45,"1,3,4,5,6,7,8,9,10,11,12,13,14,15,16,17,18,19,20,21,22,23,24,25,26,27,28,29,30,31,32,33,34,35,36,37,38,40,41,42,43,44,45,46,47",1790,10,9,9,,,,,"journal objective family: bg_d2 | F-selected distance-labelled E* domain propagation and cycle detection | precedence configuration: F=distance_closure, P=sparse_suffix, G=distance_closure | Full Domain MxT schedule variables + explicit unary exclusions | (20),(22)-(27) exactly once over full domains | (22)-(27) session/fixed/forbidden exclusions as hard unit clauses | (19) participant atMost-one per slot | (46),(47) clustered table capacity with compact forward channeling | (28) SparseSuffix precedence over distance_closure distance-labelled relations | exact break-group ends and unary break-group thresholds | exact schedule <-> usedSlot channeling | (43) exactly |Mp| full usedSlot variables | (44) atMost 2|L| busy participants per slot | (45) exact even number of busy participants | historical hard cap Delta_G <= 2",,,result
,,,,,,,,,tic-13.forb0003,b2b-b1fde45d449995b6,b2b-lineage-tic-13,forbidden,R-PW-DE-ST-BGD2-IS-CD-IC12P,Reduced,Filter-E*,Pairwise,Direct-E,SpanThreshold,BreakGroupsD2,IncrementalSAT,IC12+,UNSAT,UNSAT,,,bg_d2,,,,,,,,0.113721,False,39.273,,,,Compact,Compact/Reduced,project_implementation,incremental multi-phase SAT with persistent solver state,26763,,,,,,,66763,0,66763,1781,24982,161257,46,cfg5__m-reduced__p-pairwise__g-direct__b-span_threshold__o-break_groups_d2__s-incrementalsat__i-imp12plus__backend-cadical,cfg5__m-reduced__p-pairwise__g-direct__b-span_threshold__o-break_groups_d2__s-incrementalsat__i-imp12plus__backend-cadical,reduced,distance_closure,pairwise,direct,IncrementalSAT,CaDiCaL,1.5.3,imp12+,span_threshold,total_break_groups_subject_to_range_at_most_2,BGD2,IC12P,161257,0,0,267,44972,18050,3472,,0,180,1,,,,,,0,0,0,0,0,,,"formalism-specific model size: SAT/MaxSAT reports base CNF and soft clauses, MIP reports variables/linear constraints/nonzeros, and CP reports integer variables plus linear/global constraints; SAT bound/totalizer overhead remains separate in optimizer_added_*",1800,1790,1781,1781,0,0,0,0,0,0,0,1,0.019474,0.002187,0.090141,,0.092328,0.021393,"wall-clock from immediately before reading/parsing the .dzn instance through model construction, optimization, solution decoding, and independent validation; excludes worker-process startup and result-file export",,,,,,,peak_process_tree_rss_mb,b1fde45d449995b65f156766a320e50df95242f1aaf08be960e52a57aa9b8dc8,forb0003,data_table06_forb/tic-13.forb0003.dzn,1,../noves/tic-13.forb0003.dzn,1,data_table06_forb/tic-13.forb0003.dzn,https://imae.udg.edu/Recerca/LAI/,https://ima.udg.edu/Recerca/lai/b2b/b2b.zip,ee1f440ab3f6db27ab712300ad3a54a31ffd5ec1e06f81a9ac37cb7202c56528,2026-08-10T10:42:19+00:00,7200.0,,ee80a6fbd8b513f7c010668495c39621a371266a,True,3.10.12,1.8.dev25,instance-20260810-085803,Linux-6.8.0-1064-gcp-x86_64-with-glibc2.35,x86_64,4,8,15988.059,1,0,/home/g24021555/Business-Meeting-Scheduling-Problem/.venv/bin/python3 /home/g24021555/Business-Meeting-Scheduling-Problem/src/Main.py --manifest instances_manifest.csv --family forbidden --solver sat_all --objective-mode bg_d2 --domain-mode both --domain-filter-graph both --precedence-encoding both --precedence-graph both --encoding-variant imp12+ --sat-backend cadical --maxsat-backend uwrmaxsat --uwrmaxsat-bin /home/g24021555/uwrmaxsat/build/release/bin/uwrmaxsat --timeout 7200 --csv output/full_matrix_bg_d2_forbidden.csv,,,,,,,,incremental,,cadical,,traditional,pairwise+direct,,45,"1,3,4,5,6,7,8,9,10,11,12,13,14,15,16,17,18,19,20,21,22,23,24,25,26,27,28,29,30,31,32,33,34,35,36,37,38,40,41,42,43,44,45,46,47",1790,10,9,9,,,,,"journal objective family: bg_d2 | F-selected distance-labelled E* domain propagation and cycle detection | precedence configuration: F=distance_closure, P=pairwise, G=direct | Reduced Domain variables after unary filtering + matching GAC + slot saturation | (20),(22)-(27) exactly once over reduced domains | (19) participant atMost-one per slot | (46),(47) clustered table capacity with compact forward channeling | (28) Pairwise precedence over direct distance-labelled relations | exact break-group ends and unary break-group thresholds | exact schedule <-> usedSlot channeling | (43) exactly |Mp| reduced usedSlot variables | (44) atMost 2|L| busy participants per slot | (45) exact even number of busy participants | historical hard cap Delta_G <= 2",,,result
,,,,,,,,,tic-13.forb0003,b2b-b1fde45d449995b6,b2b-lineage-tic-13,forbidden,R-PW-DE-ST-BGD2-NIS-CD-IC12P,Reduced,Filter-E*,Pairwise,Direct-E,SpanThreshold,BreakGroupsD2,NonIncrementalSAT,IC12+,UNSAT,UNSAT,,,bg_d2,,,,,,,,0.11228,False,39.0,,,,Compact,Compact/Reduced,project_implementation,restart-based multi-phase SAT,26763,,,,,,,66763,0,66763,1781,24982,161257,46,cfg5__m-reduced__p-pairwise__g-direct__b-span_threshold__o-break_groups_d2__s-nonincrementalsat__i-imp12plus__backend-cadical,cfg5__m-reduced__p-pairwise__g-direct__b-span_threshold__o-break_groups_d2__s-nonincrementalsat__i-imp12plus__backend-cadical,reduced,distance_closure,pairwise,direct,NonIncrementalSAT,CaDiCaL,1.5.3,imp12+,span_threshold,total_break_groups_subject_to_range_at_most_2,BGD2,IC12P,161257,0,0,267,44972,18050,3472,,0,180,1,,,,,,0,0,0,0,0,,,"formalism-specific model size: SAT/MaxSAT reports base CNF and soft clauses, MIP reports variables/linear constraints/nonzeros, and CP reports integer variables plus linear/global constraints; SAT bound/totalizer overhead remains separate in optimizer_added_*",1800,1790,1781,1781,0,0,0,0,0,0,0,1,0.019206,0.002515,0.088837,,0.091352,0.020928,"wall-clock from immediately before reading/parsing the .dzn instance through model construction, optimization, solution decoding, and independent validation; excludes worker-process startup and result-file export",,,,,,,peak_process_tree_rss_mb,b1fde45d449995b65f156766a320e50df95242f1aaf08be960e52a57aa9b8dc8,forb0003,data_table06_forb/tic-13.forb0003.dzn,1,../noves/tic-13.forb0003.dzn,1,data_table06_forb/tic-13.forb0003.dzn,https://imae.udg.edu/Recerca/LAI/,https://ima.udg.edu/Recerca/lai/b2b/b2b.zip,ee1f440ab3f6db27ab712300ad3a54a31ffd5ec1e06f81a9ac37cb7202c56528,2026-08-10T10:42:19+00:00,7200.0,,ee80a6fbd8b513f7c010668495c39621a371266a,True,3.10.12,1.8.dev25,instance-20260810-085803,Linux-6.8.0-1064-gcp-x86_64-with-glibc2.35,x86_64,4,8,15988.059,1,0,/home/g24021555/Business-Meeting-Scheduling-Problem/.venv/bin/python3 /home/g24021555/Business-Meeting-Scheduling-Problem/src/Main.py --manifest instances_manifest.csv --family forbidden --solver sat_all --objective-mode bg_d2 --domain-mode both --domain-filter-graph both --precedence-encoding both --precedence-graph both --encoding-variant imp12+ --sat-backend cadical --maxsat-backend uwrmaxsat --uwrmaxsat-bin /home/g24021555/uwrmaxsat/build/release/bin/uwrmaxsat --timeout 7200 --csv output/full_matrix_bg_d2_forbidden.csv,,,,,,,,multiple,,cadical,,traditional,pairwise+direct,,45,"1,3,4,5,6,7,8,9,10,11,12,13,14,15,16,17,18,19,20,21,22,23,24,25,26,27,28,29,30,31,32,33,34,35,36,37,38,40,41,42,43,44,45,46,47",1790,10,9,9,,,,,"journal objective family: bg_d2 | F-selected distance-labelled E* domain propagation and cycle detection | precedence configuration: F=distance_closure, P=pairwise, G=direct | Reduced Domain variables after unary filtering + matching GAC + slot saturation | (20),(22)-(27) exactly once over reduced domains | (19) participant atMost-one per slot | (46),(47) clustered table capacity with compact forward channeling | (28) Pairwise precedence over direct distance-labelled relations | exact break-group ends and unary break-group thresholds | exact schedule <-> usedSlot channeling | (43) exactly |Mp| reduced usedSlot variables | (44) atMost 2|L| busy participants per slot | (45) exact even number of busy participants | historical hard cap Delta_G <= 2",,,result
,,,,,,,,,tic-13.forb0003,b2b-b1fde45d449995b6,b2b-lineage-tic-13,forbidden,R-PW-DE-ST-BGD2-UW-IC12P,Reduced,Filter-E*,Pairwise,Direct-E,SpanThreshold,BreakGroupsD2,UWrMaxSAT,IC12+,UNSAT,UNSAT,,,bg_d2,,,,,,,1,0.225861,False,46.148,,,,Compact,Compact/Reduced,project_implementation,one-shot weighted MaxSAT,26763,,,,,,,66763,180,66943,1781,24982,161437,46,cfg5__m-reduced__p-pairwise__g-direct__b-span_threshold__o-break_groups_d2__s-uwrmaxsat__i-imp12plus__backend-uwrmaxsat,cfg5__m-reduced__p-pairwise__g-direct__b-span_threshold__o-break_groups_d2__s-uwrmaxsat__i-imp12plus__backend-uwrmaxsat,reduced,distance_closure,pairwise,direct,UWrMaxSAT,UWrMaxSAT,binary-sha256:8c68c8a386d3d7847b50d315143c2bab60e3514e59510e84a649db83cb303876,imp12+,span_threshold,total_break_groups_subject_to_range_at_most_2,BGD2,IC12P,161257,180,1,267,44972,18050,3472,1,180,180,1,,,,,,0,0,0,0,0,,,"formalism-specific model size: SAT/MaxSAT reports base CNF and soft clauses, MIP reports variables/linear constraints/nonzeros, and CP reports integer variables plus linear/global constraints; SAT bound/totalizer overhead remains separate in optimizer_added_*",1800,1790,1781,1781,0,0,0,0,0,0,0,1,0.018446,0.002186,0.088958,,0.091144,0.134717,"wall-clock from immediately before reading/parsing the .dzn instance through model construction, optimization, solution decoding, and independent validation; excludes worker-process startup and result-file export",,,,,,,peak_process_tree_rss_mb,b1fde45d449995b65f156766a320e50df95242f1aaf08be960e52a57aa9b8dc8,forb0003,data_table06_forb/tic-13.forb0003.dzn,1,../noves/tic-13.forb0003.dzn,1,data_table06_forb/tic-13.forb0003.dzn,https://imae.udg.edu/Recerca/LAI/,https://ima.udg.edu/Recerca/lai/b2b/b2b.zip,ee1f440ab3f6db27ab712300ad3a54a31ffd5ec1e06f81a9ac37cb7202c56528,2026-08-10T10:42:19+00:00,7200.0,,ee80a6fbd8b513f7c010668495c39621a371266a,True,3.10.12,1.8.dev25,instance-20260810-085803,Linux-6.8.0-1064-gcp-x86_64-with-glibc2.35,x86_64,4,8,15988.059,1,0,/home/g24021555/Business-Meeting-Scheduling-Problem/.venv/bin/python3 /home/g24021555/Business-Meeting-Scheduling-Problem/src/Main.py --manifest instances_manifest.csv --family forbidden --solver sat_all --objective-mode bg_d2 --domain-mode both --domain-filter-graph both --precedence-encoding both --precedence-graph both --encoding-variant imp12+ --sat-backend cadical --maxsat-backend uwrmaxsat --uwrmaxsat-bin /home/g24021555/uwrmaxsat/build/release/bin/uwrmaxsat --timeout 7200 --csv output/full_matrix_bg_d2_forbidden.csv,/home/g24021555/uwrmaxsat/build/release/bin/uwrmaxsat,8c68c8a386d3d7847b50d315143c2bab60e3514e59510e84a649db83cb303876,/home/g24021555/uwrmaxsat/build/release/bin/uwrmaxsat -m /tmp/b2b_uwrmaxsat_4y3j8nw2/tic-13.forb0003.wcnf,,process exit code=20,,,maxsat,uwrmaxsat,,/home/g24021555/uwrmaxsat/build/release/bin/uwrmaxsat,traditional,pairwise+direct,,45,"1,3,4,5,6,7,8,9,10,11,12,13,14,15,16,17,18,19,20,21,22,23,24,25,26,27,28,29,30,31,32,33,34,35,36,37,38,40,41,42,43,44,45,46,47",1790,10,9,9,,,,,"journal objective family: bg_d2 | F-selected distance-labelled E* domain propagation and cycle detection | precedence configuration: F=distance_closure, P=pairwise, G=direct | Reduced Domain variables after unary filtering + matching GAC + slot saturation | (20),(22)-(27) exactly once over reduced domains | (19) participant atMost-one per slot | (46),(47) clustered table capacity with compact forward channeling | (28) Pairwise precedence over direct distance-labelled relations | exact break-group ends and unary break-group thresholds | exact schedule <-> usedSlot channeling | (43) exactly |Mp| reduced usedSlot variables | (44) atMost 2|L| busy participants per slot | (45) exact even number of busy participants | historical hard cap Delta_G <= 2",,,result
,,,,,,,,,tic-13.forb0003,b2b-b1fde45d449995b6,b2b-lineage-tic-13,forbidden,R-PW-DC-ST-BGD2-IS-CD-IC12P,Reduced,Filter-E*,Pairwise,DistanceClosure-E*,SpanThreshold,BreakGroupsD2,IncrementalSAT,IC12+,UNSAT,UNSAT,,,bg_d2,,,,,,,,0.11232,False,39.613,,,,Compact,Compact/Reduced,project_implementation,incremental multi-phase SAT with persistent solver state,26763,,,,,,,66763,0,66763,1781,24982,161257,46,cfg5__m-reduced__p-pairwise__g-distance_closure__b-span_threshold__o-break_groups_d2__s-incrementalsat__i-imp12plus__backend-cadical,cfg5__m-reduced__p-pairwise__g-distance_closure__b-span_threshold__o-break_groups_d2__s-incrementalsat__i-imp12plus__backend-cadical,reduced,distance_closure,pairwise,distance_closure,IncrementalSAT,CaDiCaL,1.5.3,imp12+,span_threshold,total_break_groups_subject_to_range_at_most_2,BGD2,IC12P,161257,0,0,267,44972,18050,3472,,0,180,1,,,,,,0,0,0,0,0,,,"formalism-specific model size: SAT/MaxSAT reports base CNF and soft clauses, MIP reports variables/linear constraints/nonzeros, and CP reports integer variables plus linear/global constraints; SAT bound/totalizer overhead remains separate in optimizer_added_*",1800,1790,1781,1781,0,0,0,0,0,0,0,1,0.019997,0.002525,0.088976,,0.091501,0.020819,"wall-clock from immediately before reading/parsing the .dzn instance through model construction, optimization, solution decoding, and independent validation; excludes worker-process startup and result-file export",,,,,,,peak_process_tree_rss_mb,b1fde45d449995b65f156766a320e50df95242f1aaf08be960e52a57aa9b8dc8,forb0003,data_table06_forb/tic-13.forb0003.dzn,1,../noves/tic-13.forb0003.dzn,1,data_table06_forb/tic-13.forb0003.dzn,https://imae.udg.edu/Recerca/LAI/,https://ima.udg.edu/Recerca/lai/b2b/b2b.zip,ee1f440ab3f6db27ab712300ad3a54a31ffd5ec1e06f81a9ac37cb7202c56528,2026-08-10T10:42:19+00:00,7200.0,,ee80a6fbd8b513f7c010668495c39621a371266a,True,3.10.12,1.8.dev25,instance-20260810-085803,Linux-6.8.0-1064-gcp-x86_64-with-glibc2.35,x86_64,4,8,15988.059,1,0,/home/g24021555/Business-Meeting-Scheduling-Problem/.venv/bin/python3 /home/g24021555/Business-Meeting-Scheduling-Problem/src/Main.py --manifest instances_manifest.csv --family forbidden --solver sat_all --objective-mode bg_d2 --domain-mode both --domain-filter-graph both --precedence-encoding both --precedence-graph both --encoding-variant imp12+ --sat-backend cadical --maxsat-backend uwrmaxsat --uwrmaxsat-bin /home/g24021555/uwrmaxsat/build/release/bin/uwrmaxsat --timeout 7200 --csv output/full_matrix_bg_d2_forbidden.csv,,,,,,,,incremental,,cadical,,factorial,pairwise+distance_closure,,45,"1,3,4,5,6,7,8,9,10,11,12,13,14,15,16,17,18,19,20,21,22,23,24,25,26,27,28,29,30,31,32,33,34,35,36,37,38,40,41,42,43,44,45,46,47",1790,10,9,9,,,,,"journal objective family: bg_d2 | F-selected distance-labelled E* domain propagation and cycle detection | precedence configuration: F=distance_closure, P=pairwise, G=distance_closure | Reduced Domain variables after unary filtering + matching GAC + slot saturation | (20),(22)-(27) exactly once over reduced domains | (19) participant atMost-one per slot | (46),(47) clustered table capacity with compact forward channeling | (28) Pairwise precedence over distance_closure distance-labelled relations | exact break-group ends and unary break-group thresholds | exact schedule <-> usedSlot channeling | (43) exactly |Mp| reduced usedSlot variables | (44) atMost 2|L| busy participants per slot | (45) exact even number of busy participants | historical hard cap Delta_G <= 2",,,result
,,,,,,,,,tic-13.forb0003,b2b-b1fde45d449995b6,b2b-lineage-tic-13,forbidden,R-PW-DC-ST-BGD2-NIS-CD-IC12P,Reduced,Filter-E*,Pairwise,DistanceClosure-E*,SpanThreshold,BreakGroupsD2,NonIncrementalSAT,IC12+,UNSAT,UNSAT,,,bg_d2,,,,,,,,0.110456,False,39.363,,,,Compact,Compact/Reduced,project_implementation,restart-based multi-phase SAT,26763,,,,,,,66763,0,66763,1781,24982,161257,46,cfg5__m-reduced__p-pairwise__g-distance_closure__b-span_threshold__o-break_groups_d2__s-nonincrementalsat__i-imp12plus__backend-cadical,cfg5__m-reduced__p-pairwise__g-distance_closure__b-span_threshold__o-break_groups_d2__s-nonincrementalsat__i-imp12plus__backend-cadical,reduced,distance_closure,pairwise,distance_closure,NonIncrementalSAT,CaDiCaL,1.5.3,imp12+,span_threshold,total_break_groups_subject_to_range_at_most_2,BGD2,IC12P,161257,0,0,267,44972,18050,3472,,0,180,1,,,,,,0,0,0,0,0,,,"formalism-specific model size: SAT/MaxSAT reports base CNF and soft clauses, MIP reports variables/linear constraints/nonzeros, and CP reports integer variables plus linear/global constraints; SAT bound/totalizer overhead remains separate in optimizer_added_*",1800,1790,1781,1781,0,0,0,0,0,0,0,1,0.018139,0.002502,0.08762,,0.090122,0.020334,"wall-clock from immediately before reading/parsing the .dzn instance through model construction, optimization, solution decoding, and independent validation; excludes worker-process startup and result-file export",,,,,,,peak_process_tree_rss_mb,b1fde45d449995b65f156766a320e50df95242f1aaf08be960e52a57aa9b8dc8,forb0003,data_table06_forb/tic-13.forb0003.dzn,1,../noves/tic-13.forb0003.dzn,1,data_table06_forb/tic-13.forb0003.dzn,https://imae.udg.edu/Recerca/LAI/,https://ima.udg.edu/Recerca/lai/b2b/b2b.zip,ee1f440ab3f6db27ab712300ad3a54a31ffd5ec1e06f81a9ac37cb7202c56528,2026-08-10T10:42:19+00:00,7200.0,,ee80a6fbd8b513f7c010668495c39621a371266a,True,3.10.12,1.8.dev25,instance-20260810-085803,Linux-6.8.0-1064-gcp-x86_64-with-glibc2.35,x86_64,4,8,15988.059,1,0,/home/g24021555/Business-Meeting-Scheduling-Problem/.venv/bin/python3 /home/g24021555/Business-Meeting-Scheduling-Problem/src/Main.py --manifest instances_manifest.csv --family forbidden --solver sat_all --objective-mode bg_d2 --domain-mode both --domain-filter-graph both --precedence-encoding both --precedence-graph both --encoding-variant imp12+ --sat-backend cadical --maxsat-backend uwrmaxsat --uwrmaxsat-bin /home/g24021555/uwrmaxsat/build/release/bin/uwrmaxsat --timeout 7200 --csv output/full_matrix_bg_d2_forbidden.csv,,,,,,,,multiple,,cadical,,factorial,pairwise+distance_closure,,45,"1,3,4,5,6,7,8,9,10,11,12,13,14,15,16,17,18,19,20,21,22,23,24,25,26,27,28,29,30,31,32,33,34,35,36,37,38,40,41,42,43,44,45,46,47",1790,10,9,9,,,,,"journal objective family: bg_d2 | F-selected distance-labelled E* domain propagation and cycle detection | precedence configuration: F=distance_closure, P=pairwise, G=distance_closure | Reduced Domain variables after unary filtering + matching GAC + slot saturation | (20),(22)-(27) exactly once over reduced domains | (19) participant atMost-one per slot | (46),(47) clustered table capacity with compact forward channeling | (28) Pairwise precedence over distance_closure distance-labelled relations | exact break-group ends and unary break-group thresholds | exact schedule <-> usedSlot channeling | (43) exactly |Mp| reduced usedSlot variables | (44) atMost 2|L| busy participants per slot | (45) exact even number of busy participants | historical hard cap Delta_G <= 2",,,result
,,,,,,,,,tic-13.forb0003,b2b-b1fde45d449995b6,b2b-lineage-tic-13,forbidden,R-PW-DC-ST-BGD2-UW-IC12P,Reduced,Filter-E*,Pairwise,DistanceClosure-E*,SpanThreshold,BreakGroupsD2,UWrMaxSAT,IC12+,UNSAT,UNSAT,,,bg_d2,,,,,,,1,0.222866,False,46.184,,,,Compact,Compact/Reduced,project_implementation,one-shot weighted MaxSAT,26763,,,,,,,66763,180,66943,1781,24982,161437,46,cfg5__m-reduced__p-pairwise__g-distance_closure__b-span_threshold__o-break_groups_d2__s-uwrmaxsat__i-imp12plus__backend-uwrmaxsat,cfg5__m-reduced__p-pairwise__g-distance_closure__b-span_threshold__o-break_groups_d2__s-uwrmaxsat__i-imp12plus__backend-uwrmaxsat,reduced,distance_closure,pairwise,distance_closure,UWrMaxSAT,UWrMaxSAT,binary-sha256:8c68c8a386d3d7847b50d315143c2bab60e3514e59510e84a649db83cb303876,imp12+,span_threshold,total_break_groups_subject_to_range_at_most_2,BGD2,IC12P,161257,180,1,267,44972,18050,3472,1,180,180,1,,,,,,0,0,0,0,0,,,"formalism-specific model size: SAT/MaxSAT reports base CNF and soft clauses, MIP reports variables/linear constraints/nonzeros, and CP reports integer variables plus linear/global constraints; SAT bound/totalizer overhead remains separate in optimizer_added_*",1800,1790,1781,1781,0,0,0,0,0,0,0,1,0.017853,0.002185,0.088036,,0.090221,0.132645,"wall-clock from immediately before reading/parsing the .dzn instance through model construction, optimization, solution decoding, and independent validation; excludes worker-process startup and result-file export",,,,,,,peak_process_tree_rss_mb,b1fde45d449995b65f156766a320e50df95242f1aaf08be960e52a57aa9b8dc8,forb0003,data_table06_forb/tic-13.forb0003.dzn,1,../noves/tic-13.forb0003.dzn,1,data_table06_forb/tic-13.forb0003.dzn,https://imae.udg.edu/Recerca/LAI/,https://ima.udg.edu/Recerca/lai/b2b/b2b.zip,ee1f440ab3f6db27ab712300ad3a54a31ffd5ec1e06f81a9ac37cb7202c56528,2026-08-10T10:42:19+00:00,7200.0,,ee80a6fbd8b513f7c010668495c39621a371266a,True,3.10.12,1.8.dev25,instance-20260810-085803,Linux-6.8.0-1064-gcp-x86_64-with-glibc2.35,x86_64,4,8,15988.059,1,0,/home/g24021555/Business-Meeting-Scheduling-Problem/.venv/bin/python3 /home/g24021555/Business-Meeting-Scheduling-Problem/src/Main.py --manifest instances_manifest.csv --family forbidden --solver sat_all --objective-mode bg_d2 --domain-mode both --domain-filter-graph both --precedence-encoding both --precedence-graph both --encoding-variant imp12+ --sat-backend cadical --maxsat-backend uwrmaxsat --uwrmaxsat-bin /home/g24021555/uwrmaxsat/build/release/bin/uwrmaxsat --timeout 7200 --csv output/full_matrix_bg_d2_forbidden.csv,/home/g24021555/uwrmaxsat/build/release/bin/uwrmaxsat,8c68c8a386d3d7847b50d315143c2bab60e3514e59510e84a649db83cb303876,/home/g24021555/uwrmaxsat/build/release/bin/uwrmaxsat -m /tmp/b2b_uwrmaxsat_qynsltaf/tic-13.forb0003.wcnf,,process exit code=20,,,maxsat,uwrmaxsat,,/home/g24021555/uwrmaxsat/build/release/bin/uwrmaxsat,factorial,pairwise+distance_closure,,45,"1,3,4,5,6,7,8,9,10,11,12,13,14,15,16,17,18,19,20,21,22,23,24,25,26,27,28,29,30,31,32,33,34,35,36,37,38,40,41,42,43,44,45,46,47",1790,10,9,9,,,,,"journal objective family: bg_d2 | F-selected distance-labelled E* domain propagation and cycle detection | precedence configuration: F=distance_closure, P=pairwise, G=distance_closure | Reduced Domain variables after unary filtering + matching GAC + slot saturation | (20),(22)-(27) exactly once over reduced domains | (19) participant atMost-one per slot | (46),(47) clustered table capacity with compact forward channeling | (28) Pairwise precedence over distance_closure distance-labelled relations | exact break-group ends and unary break-group thresholds | exact schedule <-> usedSlot channeling | (43) exactly |Mp| reduced usedSlot variables | (44) atMost 2|L| busy participants per slot | (45) exact even number of busy participants | historical hard cap Delta_G <= 2",,,result
,,,,,,,,,tic-13.forb0003,b2b-b1fde45d449995b6,b2b-lineage-tic-13,forbidden,R-SS-DE-ST-BGD2-IS-CD-IC12P,Reduced,Filter-E*,SparseSuffix,Direct-E,SpanThreshold,BreakGroupsD2,IncrementalSAT,IC12+,UNSAT,UNSAT,,,bg_d2,,,,,,,,0.112312,False,39.859,,,,Compact,Compact/Reduced,project_implementation,incremental multi-phase SAT with persistent solver state,26763,,,,,,,66763,0,66763,1781,24982,161257,46,cfg5__m-reduced__p-sparse_suffix__g-direct__b-span_threshold__o-break_groups_d2__s-incrementalsat__i-imp12plus__backend-cadical,cfg5__m-reduced__p-sparse_suffix__g-direct__b-span_threshold__o-break_groups_d2__s-incrementalsat__i-imp12plus__backend-cadical,reduced,distance_closure,sparse_suffix,direct,IncrementalSAT,CaDiCaL,1.5.3,imp12+,span_threshold,total_break_groups_subject_to_range_at_most_2,BGD2,IC12P,161257,0,0,267,44972,18050,3472,,0,180,1,,,,,,0,0,0,0,0,,,"formalism-specific model size: SAT/MaxSAT reports base CNF and soft clauses, MIP reports variables/linear constraints/nonzeros, and CP reports integer variables plus linear/global constraints; SAT bound/totalizer overhead remains separate in optimizer_added_*",1800,1790,1781,1781,0,0,0,0,0,0,0,1,0.019394,0.002496,0.088806,,0.091302,0.02101,"wall-clock from immediately before reading/parsing the .dzn instance through model construction, optimization, solution decoding, and independent validation; excludes worker-process startup and result-file export",,,,,,,peak_process_tree_rss_mb,b1fde45d449995b65f156766a320e50df95242f1aaf08be960e52a57aa9b8dc8,forb0003,data_table06_forb/tic-13.forb0003.dzn,1,../noves/tic-13.forb0003.dzn,1,data_table06_forb/tic-13.forb0003.dzn,https://imae.udg.edu/Recerca/LAI/,https://ima.udg.edu/Recerca/lai/b2b/b2b.zip,ee1f440ab3f6db27ab712300ad3a54a31ffd5ec1e06f81a9ac37cb7202c56528,2026-08-10T10:42:19+00:00,7200.0,,ee80a6fbd8b513f7c010668495c39621a371266a,True,3.10.12,1.8.dev25,instance-20260810-085803,Linux-6.8.0-1064-gcp-x86_64-with-glibc2.35,x86_64,4,8,15988.059,1,0,/home/g24021555/Business-Meeting-Scheduling-Problem/.venv/bin/python3 /home/g24021555/Business-Meeting-Scheduling-Problem/src/Main.py --manifest instances_manifest.csv --family forbidden --solver sat_all --objective-mode bg_d2 --domain-mode both --domain-filter-graph both --precedence-encoding both --precedence-graph both --encoding-variant imp12+ --sat-backend cadical --maxsat-backend uwrmaxsat --uwrmaxsat-bin /home/g24021555/uwrmaxsat/build/release/bin/uwrmaxsat --timeout 7200 --csv output/full_matrix_bg_d2_forbidden.csv,,,,,,,,incremental,,cadical,,factorial,sparse_suffix+direct,,45,"1,3,4,5,6,7,8,9,10,11,12,13,14,15,16,17,18,19,20,21,22,23,24,25,26,27,28,29,30,31,32,33,34,35,36,37,38,40,41,42,43,44,45,46,47",1790,10,9,9,,,,,"journal objective family: bg_d2 | F-selected distance-labelled E* domain propagation and cycle detection | precedence configuration: F=distance_closure, P=sparse_suffix, G=direct | Reduced Domain variables after unary filtering + matching GAC + slot saturation | (20),(22)-(27) exactly once over reduced domains | (19) participant atMost-one per slot | (46),(47) clustered table capacity with compact forward channeling | (28) SparseSuffix precedence over direct distance-labelled relations | exact break-group ends and unary break-group thresholds | exact schedule <-> usedSlot channeling | (43) exactly |Mp| reduced usedSlot variables | (44) atMost 2|L| busy participants per slot | (45) exact even number of busy participants | historical hard cap Delta_G <= 2",,,result
,,,,,,,,,tic-13.forb0003,b2b-b1fde45d449995b6,b2b-lineage-tic-13,forbidden,R-SS-DE-ST-BGD2-NIS-CD-IC12P,Reduced,Filter-E*,SparseSuffix,Direct-E,SpanThreshold,BreakGroupsD2,NonIncrementalSAT,IC12+,UNSAT,UNSAT,,,bg_d2,,,,,,,,0.113079,False,39.273,,,,Compact,Compact/Reduced,project_implementation,restart-based multi-phase SAT,26763,,,,,,,66763,0,66763,1781,24982,161257,46,cfg5__m-reduced__p-sparse_suffix__g-direct__b-span_threshold__o-break_groups_d2__s-nonincrementalsat__i-imp12plus__backend-cadical,cfg5__m-reduced__p-sparse_suffix__g-direct__b-span_threshold__o-break_groups_d2__s-nonincrementalsat__i-imp12plus__backend-cadical,reduced,distance_closure,sparse_suffix,direct,NonIncrementalSAT,CaDiCaL,1.5.3,imp12+,span_threshold,total_break_groups_subject_to_range_at_most_2,BGD2,IC12P,161257,0,0,267,44972,18050,3472,,0,180,1,,,,,,0,0,0,0,0,,,"formalism-specific model size: SAT/MaxSAT reports base CNF and soft clauses, MIP reports variables/linear constraints/nonzeros, and CP reports integer variables plus linear/global constraints; SAT bound/totalizer overhead remains separate in optimizer_added_*",1800,1790,1781,1781,0,0,0,0,0,0,0,1,0.019015,0.002516,0.089605,,0.092121,0.020959,"wall-clock from immediately before reading/parsing the .dzn instance through model construction, optimization, solution decoding, and independent validation; excludes worker-process startup and result-file export",,,,,,,peak_process_tree_rss_mb,b1fde45d449995b65f156766a320e50df95242f1aaf08be960e52a57aa9b8dc8,forb0003,data_table06_forb/tic-13.forb0003.dzn,1,../noves/tic-13.forb0003.dzn,1,data_table06_forb/tic-13.forb0003.dzn,https://imae.udg.edu/Recerca/LAI/,https://ima.udg.edu/Recerca/lai/b2b/b2b.zip,ee1f440ab3f6db27ab712300ad3a54a31ffd5ec1e06f81a9ac37cb7202c56528,2026-08-10T10:42:19+00:00,7200.0,,ee80a6fbd8b513f7c010668495c39621a371266a,True,3.10.12,1.8.dev25,instance-20260810-085803,Linux-6.8.0-1064-gcp-x86_64-with-glibc2.35,x86_64,4,8,15988.059,1,0,/home/g24021555/Business-Meeting-Scheduling-Problem/.venv/bin/python3 /home/g24021555/Business-Meeting-Scheduling-Problem/src/Main.py --manifest instances_manifest.csv --family forbidden --solver sat_all --objective-mode bg_d2 --domain-mode both --domain-filter-graph both --precedence-encoding both --precedence-graph both --encoding-variant imp12+ --sat-backend cadical --maxsat-backend uwrmaxsat --uwrmaxsat-bin /home/g24021555/uwrmaxsat/build/release/bin/uwrmaxsat --timeout 7200 --csv output/full_matrix_bg_d2_forbidden.csv,,,,,,,,multiple,,cadical,,factorial,sparse_suffix+direct,,45,"1,3,4,5,6,7,8,9,10,11,12,13,14,15,16,17,18,19,20,21,22,23,24,25,26,27,28,29,30,31,32,33,34,35,36,37,38,40,41,42,43,44,45,46,47",1790,10,9,9,,,,,"journal objective family: bg_d2 | F-selected distance-labelled E* domain propagation and cycle detection | precedence configuration: F=distance_closure, P=sparse_suffix, G=direct | Reduced Domain variables after unary filtering + matching GAC + slot saturation | (20),(22)-(27) exactly once over reduced domains | (19) participant atMost-one per slot | (46),(47) clustered table capacity with compact forward channeling | (28) SparseSuffix precedence over direct distance-labelled relations | exact break-group ends and unary break-group thresholds | exact schedule <-> usedSlot channeling | (43) exactly |Mp| reduced usedSlot variables | (44) atMost 2|L| busy participants per slot | (45) exact even number of busy participants | historical hard cap Delta_G <= 2",,,result
,,,,,,,,,tic-13.forb0003,b2b-b1fde45d449995b6,b2b-lineage-tic-13,forbidden,R-SS-DE-ST-BGD2-UW-IC12P,Reduced,Filter-E*,SparseSuffix,Direct-E,SpanThreshold,BreakGroupsD2,UWrMaxSAT,IC12+,UNSAT,UNSAT,,,bg_d2,,,,,,,1,0.225083,False,46.16,,,,Compact,Compact/Reduced,project_implementation,one-shot weighted MaxSAT,26763,,,,,,,66763,180,66943,1781,24982,161437,46,cfg5__m-reduced__p-sparse_suffix__g-direct__b-span_threshold__o-break_groups_d2__s-uwrmaxsat__i-imp12plus__backend-uwrmaxsat,cfg5__m-reduced__p-sparse_suffix__g-direct__b-span_threshold__o-break_groups_d2__s-uwrmaxsat__i-imp12plus__backend-uwrmaxsat,reduced,distance_closure,sparse_suffix,direct,UWrMaxSAT,UWrMaxSAT,binary-sha256:8c68c8a386d3d7847b50d315143c2bab60e3514e59510e84a649db83cb303876,imp12+,span_threshold,total_break_groups_subject_to_range_at_most_2,BGD2,IC12P,161257,180,1,267,44972,18050,3472,1,180,180,1,,,,,,0,0,0,0,0,,,"formalism-specific model size: SAT/MaxSAT reports base CNF and soft clauses, MIP reports variables/linear constraints/nonzeros, and CP reports integer variables plus linear/global constraints; SAT bound/totalizer overhead remains separate in optimizer_added_*",1800,1790,1781,1781,0,0,0,0,0,0,0,1,0.020051,0.002543,0.091177,,0.093719,0.131363,"wall-clock from immediately before reading/parsing the .dzn instance through model construction, optimization, solution decoding, and independent validation; excludes worker-process startup and result-file export",,,,,,,peak_process_tree_rss_mb,b1fde45d449995b65f156766a320e50df95242f1aaf08be960e52a57aa9b8dc8,forb0003,data_table06_forb/tic-13.forb0003.dzn,1,../noves/tic-13.forb0003.dzn,1,data_table06_forb/tic-13.forb0003.dzn,https://imae.udg.edu/Recerca/LAI/,https://ima.udg.edu/Recerca/lai/b2b/b2b.zip,ee1f440ab3f6db27ab712300ad3a54a31ffd5ec1e06f81a9ac37cb7202c56528,2026-08-10T10:42:19+00:00,7200.0,,ee80a6fbd8b513f7c010668495c39621a371266a,True,3.10.12,1.8.dev25,instance-20260810-085803,Linux-6.8.0-1064-gcp-x86_64-with-glibc2.35,x86_64,4,8,15988.059,1,0,/home/g24021555/Business-Meeting-Scheduling-Problem/.venv/bin/python3 /home/g24021555/Business-Meeting-Scheduling-Problem/src/Main.py --manifest instances_manifest.csv --family forbidden --solver sat_all --objective-mode bg_d2 --domain-mode both --domain-filter-graph both --precedence-encoding both --precedence-graph both --encoding-variant imp12+ --sat-backend cadical --maxsat-backend uwrmaxsat --uwrmaxsat-bin /home/g24021555/uwrmaxsat/build/release/bin/uwrmaxsat --timeout 7200 --csv output/full_matrix_bg_d2_forbidden.csv,/home/g24021555/uwrmaxsat/build/release/bin/uwrmaxsat,8c68c8a386d3d7847b50d315143c2bab60e3514e59510e84a649db83cb303876,/home/g24021555/uwrmaxsat/build/release/bin/uwrmaxsat -m /tmp/b2b_uwrmaxsat_d1elyzt_/tic-13.forb0003.wcnf,,process exit code=20,,,maxsat,uwrmaxsat,,/home/g24021555/uwrmaxsat/build/release/bin/uwrmaxsat,factorial,sparse_suffix+direct,,45,"1,3,4,5,6,7,8,9,10,11,12,13,14,15,16,17,18,19,20,21,22,23,24,25,26,27,28,29,30,31,32,33,34,35,36,37,38,40,41,42,43,44,45,46,47",1790,10,9,9,,,,,"journal objective family: bg_d2 | F-selected distance-labelled E* domain propagation and cycle detection | precedence configuration: F=distance_closure, P=sparse_suffix, G=direct | Reduced Domain variables after unary filtering + matching GAC + slot saturation | (20),(22)-(27) exactly once over reduced domains | (19) participant atMost-one per slot | (46),(47) clustered table capacity with compact forward channeling | (28) SparseSuffix precedence over direct distance-labelled relations | exact break-group ends and unary break-group thresholds | exact schedule <-> usedSlot channeling | (43) exactly |Mp| reduced usedSlot variables | (44) atMost 2|L| busy participants per slot | (45) exact even number of busy participants | historical hard cap Delta_G <= 2",,,result
,,,,,,,,,tic-13.forb0003,b2b-b1fde45d449995b6,b2b-lineage-tic-13,forbidden,R-SS-DC-ST-BGD2-IS-CD-IC12P,Reduced,Filter-E*,SparseSuffix,DistanceClosure-E*,SpanThreshold,BreakGroupsD2,IncrementalSAT,IC12+,UNSAT,UNSAT,,,bg_d2,,,,,,,,0.111635,False,39.77,,,,Compact,Compact/Reduced,project_implementation,incremental multi-phase SAT with persistent solver state,26763,,,,,,,66763,0,66763,1781,24982,161257,46,cfg5__m-reduced__p-sparse_suffix__g-distance_closure__b-span_threshold__o-break_groups_d2__s-incrementalsat__i-imp12plus__backend-cadical,cfg5__m-reduced__p-sparse_suffix__g-distance_closure__b-span_threshold__o-break_groups_d2__s-incrementalsat__i-imp12plus__backend-cadical,reduced,distance_closure,sparse_suffix,distance_closure,IncrementalSAT,CaDiCaL,1.5.3,imp12+,span_threshold,total_break_groups_subject_to_range_at_most_2,BGD2,IC12P,161257,0,0,267,44972,18050,3472,,0,180,1,,,,,,0,0,0,0,0,,,"formalism-specific model size: SAT/MaxSAT reports base CNF and soft clauses, MIP reports variables/linear constraints/nonzeros, and CP reports integer variables plus linear/global constraints; SAT bound/totalizer overhead remains separate in optimizer_added_*",1800,1790,1781,1781,0,0,0,0,0,0,0,1,0.018924,0.00251,0.08841,,0.09092,0.020715,"wall-clock from immediately before reading/parsing the .dzn instance through model construction, optimization, solution decoding, and independent validation; excludes worker-process startup and result-file export",,,,,,,peak_process_tree_rss_mb,b1fde45d449995b65f156766a320e50df95242f1aaf08be960e52a57aa9b8dc8,forb0003,data_table06_forb/tic-13.forb0003.dzn,1,../noves/tic-13.forb0003.dzn,1,data_table06_forb/tic-13.forb0003.dzn,https://imae.udg.edu/Recerca/LAI/,https://ima.udg.edu/Recerca/lai/b2b/b2b.zip,ee1f440ab3f6db27ab712300ad3a54a31ffd5ec1e06f81a9ac37cb7202c56528,2026-08-10T10:42:19+00:00,7200.0,,ee80a6fbd8b513f7c010668495c39621a371266a,True,3.10.12,1.8.dev25,instance-20260810-085803,Linux-6.8.0-1064-gcp-x86_64-with-glibc2.35,x86_64,4,8,15988.059,1,0,/home/g24021555/Business-Meeting-Scheduling-Problem/.venv/bin/python3 /home/g24021555/Business-Meeting-Scheduling-Problem/src/Main.py --manifest instances_manifest.csv --family forbidden --solver sat_all --objective-mode bg_d2 --domain-mode both --domain-filter-graph both --precedence-encoding both --precedence-graph both --encoding-variant imp12+ --sat-backend cadical --maxsat-backend uwrmaxsat --uwrmaxsat-bin /home/g24021555/uwrmaxsat/build/release/bin/uwrmaxsat --timeout 7200 --csv output/full_matrix_bg_d2_forbidden.csv,,,,,,,,incremental,,cadical,,staircase,sparse_suffix+distance_closure,,45,"1,3,4,5,6,7,8,9,10,11,12,13,14,15,16,17,18,19,20,21,22,23,24,25,26,27,28,29,30,31,32,33,34,35,36,37,38,40,41,42,43,44,45,46,47",1790,10,9,9,,,,,"journal objective family: bg_d2 | F-selected distance-labelled E* domain propagation and cycle detection | precedence configuration: F=distance_closure, P=sparse_suffix, G=distance_closure | Reduced Domain variables after unary filtering + matching GAC + slot saturation | (20),(22)-(27) exactly once over reduced domains | (19) participant atMost-one per slot | (46),(47) clustered table capacity with compact forward channeling | (28) SparseSuffix precedence over distance_closure distance-labelled relations | exact break-group ends and unary break-group thresholds | exact schedule <-> usedSlot channeling | (43) exactly |Mp| reduced usedSlot variables | (44) atMost 2|L| busy participants per slot | (45) exact even number of busy participants | historical hard cap Delta_G <= 2",,,result
,,,,,,,,,tic-13.forb0003,b2b-b1fde45d449995b6,b2b-lineage-tic-13,forbidden,R-SS-DC-ST-BGD2-NIS-CD-IC12P,Reduced,Filter-E*,SparseSuffix,DistanceClosure-E*,SpanThreshold,BreakGroupsD2,NonIncrementalSAT,IC12+,UNSAT,UNSAT,,,bg_d2,,,,,,,,0.1085,False,40.531,,,,Compact,Compact/Reduced,project_implementation,restart-based multi-phase SAT,26763,,,,,,,66763,0,66763,1781,24982,161257,46,cfg5__m-reduced__p-sparse_suffix__g-distance_closure__b-span_threshold__o-break_groups_d2__s-nonincrementalsat__i-imp12plus__backend-cadical,cfg5__m-reduced__p-sparse_suffix__g-distance_closure__b-span_threshold__o-break_groups_d2__s-nonincrementalsat__i-imp12plus__backend-cadical,reduced,distance_closure,sparse_suffix,distance_closure,NonIncrementalSAT,CaDiCaL,1.5.3,imp12+,span_threshold,total_break_groups_subject_to_range_at_most_2,BGD2,IC12P,161257,0,0,267,44972,18050,3472,,0,180,1,,,,,,0,0,0,0,0,,,"formalism-specific model size: SAT/MaxSAT reports base CNF and soft clauses, MIP reports variables/linear constraints/nonzeros, and CP reports integer variables plus linear/global constraints; SAT bound/totalizer overhead remains separate in optimizer_added_*",1800,1790,1781,1781,0,0,0,0,0,0,0,1,0.01911,0.002204,0.08668,,0.088884,0.019616,"wall-clock from immediately before reading/parsing the .dzn instance through model construction, optimization, solution decoding, and independent validation; excludes worker-process startup and result-file export",,,,,,,peak_process_tree_rss_mb,b1fde45d449995b65f156766a320e50df95242f1aaf08be960e52a57aa9b8dc8,forb0003,data_table06_forb/tic-13.forb0003.dzn,1,../noves/tic-13.forb0003.dzn,1,data_table06_forb/tic-13.forb0003.dzn,https://imae.udg.edu/Recerca/LAI/,https://ima.udg.edu/Recerca/lai/b2b/b2b.zip,ee1f440ab3f6db27ab712300ad3a54a31ffd5ec1e06f81a9ac37cb7202c56528,2026-08-10T10:42:19+00:00,7200.0,,ee80a6fbd8b513f7c010668495c39621a371266a,True,3.10.12,1.8.dev25,instance-20260810-085803,Linux-6.8.0-1064-gcp-x86_64-with-glibc2.35,x86_64,4,8,15988.059,1,0,/home/g24021555/Business-Meeting-Scheduling-Problem/.venv/bin/python3 /home/g24021555/Business-Meeting-Scheduling-Problem/src/Main.py --manifest instances_manifest.csv --family forbidden --solver sat_all --objective-mode bg_d2 --domain-mode both --domain-filter-graph both --precedence-encoding both --precedence-graph both --encoding-variant imp12+ --sat-backend cadical --maxsat-backend uwrmaxsat --uwrmaxsat-bin /home/g24021555/uwrmaxsat/build/release/bin/uwrmaxsat --timeout 7200 --csv output/full_matrix_bg_d2_forbidden.csv,,,,,,,,multiple,,cadical,,staircase,sparse_suffix+distance_closure,,45,"1,3,4,5,6,7,8,9,10,11,12,13,14,15,16,17,18,19,20,21,22,23,24,25,26,27,28,29,30,31,32,33,34,35,36,37,38,40,41,42,43,44,45,46,47",1790,10,9,9,,,,,"journal objective family: bg_d2 | F-selected distance-labelled E* domain propagation and cycle detection | precedence configuration: F=distance_closure, P=sparse_suffix, G=distance_closure | Reduced Domain variables after unary filtering + matching GAC + slot saturation | (20),(22)-(27) exactly once over reduced domains | (19) participant atMost-one per slot | (46),(47) clustered table capacity with compact forward channeling | (28) SparseSuffix precedence over distance_closure distance-labelled relations | exact break-group ends and unary break-group thresholds | exact schedule <-> usedSlot channeling | (43) exactly |Mp| reduced usedSlot variables | (44) atMost 2|L| busy participants per slot | (45) exact even number of busy participants | historical hard cap Delta_G <= 2",,,result
,,,,,,,,,tic-13.forb0003,b2b-b1fde45d449995b6,b2b-lineage-tic-13,forbidden,R-SS-DC-ST-BGD2-UW-IC12P,Reduced,Filter-E*,SparseSuffix,DistanceClosure-E*,SpanThreshold,BreakGroupsD2,UWrMaxSAT,IC12+,UNSAT,UNSAT,,,bg_d2,,,,,,,1,0.221863,False,46.207,,,,Compact,Compact/Reduced,project_implementation,one-shot weighted MaxSAT,26763,,,,,,,66763,180,66943,1781,24982,161437,46,cfg5__m-reduced__p-sparse_suffix__g-distance_closure__b-span_threshold__o-break_groups_d2__s-uwrmaxsat__i-imp12plus__backend-uwrmaxsat,cfg5__m-reduced__p-sparse_suffix__g-distance_closure__b-span_threshold__o-break_groups_d2__s-uwrmaxsat__i-imp12plus__backend-uwrmaxsat,reduced,distance_closure,sparse_suffix,distance_closure,UWrMaxSAT,UWrMaxSAT,binary-sha256:8c68c8a386d3d7847b50d315143c2bab60e3514e59510e84a649db83cb303876,imp12+,span_threshold,total_break_groups_subject_to_range_at_most_2,BGD2,IC12P,161257,180,1,267,44972,18050,3472,1,180,180,1,,,,,,0,0,0,0,0,,,"formalism-specific model size: SAT/MaxSAT reports base CNF and soft clauses, MIP reports variables/linear constraints/nonzeros, and CP reports integer variables plus linear/global constraints; SAT bound/totalizer overhead remains separate in optimizer_added_*",1800,1790,1781,1781,0,0,0,0,0,0,0,1,0.018592,0.002235,0.088834,,0.091069,0.130794,"wall-clock from immediately before reading/parsing the .dzn instance through model construction, optimization, solution decoding, and independent validation; excludes worker-process startup and result-file export",,,,,,,peak_process_tree_rss_mb,b1fde45d449995b65f156766a320e50df95242f1aaf08be960e52a57aa9b8dc8,forb0003,data_table06_forb/tic-13.forb0003.dzn,1,../noves/tic-13.forb0003.dzn,1,data_table06_forb/tic-13.forb0003.dzn,https://imae.udg.edu/Recerca/LAI/,https://ima.udg.edu/Recerca/lai/b2b/b2b.zip,ee1f440ab3f6db27ab712300ad3a54a31ffd5ec1e06f81a9ac37cb7202c56528,2026-08-10T10:42:19+00:00,7200.0,,ee80a6fbd8b513f7c010668495c39621a371266a,True,3.10.12,1.8.dev25,instance-20260810-085803,Linux-6.8.0-1064-gcp-x86_64-with-glibc2.35,x86_64,4,8,15988.059,1,0,/home/g24021555/Business-Meeting-Scheduling-Problem/.venv/bin/python3 /home/g24021555/Business-Meeting-Scheduling-Problem/src/Main.py --manifest instances_manifest.csv --family forbidden --solver sat_all --objective-mode bg_d2 --domain-mode both --domain-filter-graph both --precedence-encoding both --precedence-graph both --encoding-variant imp12+ --sat-backend cadical --maxsat-backend uwrmaxsat --uwrmaxsat-bin /home/g24021555/uwrmaxsat/build/release/bin/uwrmaxsat --timeout 7200 --csv output/full_matrix_bg_d2_forbidden.csv,/home/g24021555/uwrmaxsat/build/release/bin/uwrmaxsat,8c68c8a386d3d7847b50d315143c2bab60e3514e59510e84a649db83cb303876,/home/g24021555/uwrmaxsat/build/release/bin/uwrmaxsat -m /tmp/b2b_uwrmaxsat_eoxiu63c/tic-13.forb0003.wcnf,,process exit code=20,,,maxsat,uwrmaxsat,,/home/g24021555/uwrmaxsat/build/release/bin/uwrmaxsat,staircase,sparse_suffix+distance_closure,,45,"1,3,4,5,6,7,8,9,10,11,12,13,14,15,16,17,18,19,20,21,22,23,24,25,26,27,28,29,30,31,32,33,34,35,36,37,38,40,41,42,43,44,45,46,47",1790,10,9,9,,,,,"journal objective family: bg_d2 | F-selected distance-labelled E* domain propagation and cycle detection | precedence configuration: F=distance_closure, P=sparse_suffix, G=distance_closure | Reduced Domain variables after unary filtering + matching GAC + slot saturation | (20),(22)-(27) exactly once over reduced domains | (19) participant atMost-one per slot | (46),(47) clustered table capacity with compact forward channeling | (28) SparseSuffix precedence over distance_closure distance-labelled relations | exact break-group ends and unary break-group thresholds | exact schedule <-> usedSlot channeling | (43) exactly |Mp| reduced usedSlot variables | (44) atMost 2|L| busy participants per slot | (45) exact even number of busy participants | historical hard cap Delta_G <= 2",,,result
,,,,,,,,,forumt-14crafc.forb0003,b2b-bce7dbf98aba5ccc,b2b-lineage-forumt-14crafc,forbidden,F-PW-DE-ST-BGD2-IS-CD-IC12P,Full,Filter-E*,Pairwise,Direct-E,SpanThreshold,BreakGroupsD2,IncrementalSAT,IC12+,OPTIMAL,SAT,0,0,bg_d2,0,0,0,,,,,0.575436,False,70.746,,,,Compact,Compact/Full,project_implementation,incremental multi-phase SAT with persistent solver state,31666,,,,,,,84172,0,84172,2370,29296,203511,60,cfg5__m-full__p-pairwise__g-direct__b-span_threshold__o-break_groups_d2__s-incrementalsat__i-imp12plus__backend-cadical,cfg5__m-full__p-pairwise__g-direct__b-span_threshold__o-break_groups_d2__s-incrementalsat__i-imp12plus__backend-cadical,full,distance_closure,pairwise,direct,IncrementalSAT,CaDiCaL,1.5.3,imp12+,span_threshold,total_break_groups_subject_to_range_at_most_2,BGD2,IC12P,203511,0,0,426,56697,22494,4555,,0,236,6,,,,,,1,1433,9857,27941,9857,0.3138012859999435,5,"formalism-specific model size: SAT/MaxSAT reports base CNF and soft clauses, MIP reports variables/linear constraints/nonzeros, and CP reports integer variables plus linear/global constraints; SAT bound/totalizer overhead remains separate in optimizer_added_*",2370,2362,2362,2370,0,0,0,0,0,0,0,1,0.084027,0.002632,0.174379,,0.177012,0.398424,"wall-clock from immediately before reading/parsing the .dzn instance through model construction, optimization, solution decoding, and independent validation; excludes worker-process startup and result-file export",0,0,0,0,0,"0,0,0,0,0,0,0,0,0,0,0,0,0,0,0,0,0,0,0,0,0,0,0,0,0,0,0,0,0,0,0,0,0,0,0,0,0,0,0,0,0,0,0,0,0,0,0,0,0,0,0,0,0,0,0,0,0,0,0,0",peak_process_tree_rss_mb,bce7dbf98aba5ccce85590a33d809ac8a70ca93b44969f94e876f0a97df4a065,forb0003,data_table06_forb/forumt-14crafc.forb0003.dzn,2,../noves/forumt-14crafc.forb0003.dzn | ../noves/tic-14crafc.forb0003.dzn,2,data_table06_forb/forumt-14crafc.forb0003.dzn | data_table06_forb/tic-14crafc.forb0003.dzn,https://imae.udg.edu/Recerca/LAI/,https://ima.udg.edu/Recerca/lai/b2b/b2b.zip,ee1f440ab3f6db27ab712300ad3a54a31ffd5ec1e06f81a9ac37cb7202c56528,2026-08-10T10:42:19+00:00,7200.0,,ee80a6fbd8b513f7c010668495c39621a371266a,True,3.10.12,1.8.dev25,instance-20260810-085803,Linux-6.8.0-1064-gcp-x86_64-with-glibc2.35,x86_64,4,8,15988.059,1,0,/home/g24021555/Business-Meeting-Scheduling-Problem/.venv/bin/python3 /home/g24021555/Business-Meeting-Scheduling-Problem/src/Main.py --manifest instances_manifest.csv --family forbidden --solver sat_all --objective-mode bg_d2 --domain-mode both --domain-filter-graph both --precedence-encoding both --precedence-graph both --encoding-variant imp12+ --sat-backend cadical --maxsat-backend uwrmaxsat --uwrmaxsat-bin /home/g24021555/uwrmaxsat/build/release/bin/uwrmaxsat --timeout 7200 --csv output/full_matrix_bg_d2_forbidden.csv,,,,,,,,incremental,,cadical,,traditional,pairwise+direct,0,59,"1,2,3,4,5,6,7,8,9,10,11,12,13,14,15,16,17,18,20,21,22,23,24,25,26,27,28,29,30,31,32,33,34,35,36,37,38,39,40,41,42,43,44,45,46,47,48,49,50,51,52,53,54,55,56,57,58,59,60",2362,8,0,0,"0,0,0,0,0,0,0,0,0,0,0,0,0,0,0,0,0,0,0,0,0,0,0,0,0,0,0,0,0,0,0,0,0,0,0,0,0,0,0,0,0,0,0,0,0,0,0,0,0,0,0,0,0,0,0,0,0,0,0,0","44,46,50,50,50,50,50,50,44,40","10,6,4,5,2,1,9,8,1,3,5,3,8,9,6,2,7,1,6,6,5,3,4,5,8,7,1,4,4,2,7,1,9,5,4,9,5,6,7,10,2,8,6,5,4,10,7,10,2,3,5,1,6,4,1,10,6,5,7,3,8,3,2,10,8,6,5,9,1,4,7,1,10,3,9,2,1,2,10,5,3,7,9,4,8,6,8,10,7,9,6,5,7,4,6,8,9,10,4,7,1,5,10,6,3,4,3,1,9,5,8,3,10,2,4,10,7,1,5,3,9,7,4,8,6,7,1,2,3,4,2,3,6,1,7,2,3,4,9,8,5,6,3,10,2,1,2,9,3,1,9,1,3,4,8,7,10,5,6,2,1,10,8,7,5,2,6,4,9,4,7,3,9,3,5,8,9,7,6,2,1,9,5,1,4,8,5,6,9,8,7,10,3,9,8,4,3,7,2,5,2,7,2,6,8,3,10,4,5,9,7,4,3,8,2,8,8,2,6,7,5,4,2,8,1,9,3,6,6,10,5,8,4,10,8,7,6",1:M6 M9 M18 M27 M32 M52 M55 M69 M72 M77 M101 M108 M118 M127 M134 M146 M150 M152 M161 M181 M184 M225 | 2:M5 M16 M30 M41 M49 M63 M76 M78 M114 M128 M131 M136 M145 M147 M160 M166 M180 M199 M201 M203 M215 M218 M223 | 3:M10 M12 M22 M50 M60 M62 M74 M81 M105 M107 M112 M120 M129 M132 M137 M143 M149 M153 M172 M174 M193 M197 M206 M213 M227 | 4:M3 M23 M28 M29 M35 M45 M54 M70 M84 M94 M99 M106 M115 M123 M130 M138 M154 M168 M170 M185 M196 M208 M212 M222 M233 | 5:M4 M11 M21 M24 M34 M37 M44 M51 M58 M67 M80 M92 M102 M110 M119 M141 M158 M165 M175 M183 M187 M200 M209 M221 M231 | 6:M2 M15 M19 M20 M38 M43 M53 M57 M66 M86 M91 M95 M104 M125 M133 M142 M159 M167 M179 M188 M204 M219 M228 M229 M237 | 7:M17 M26 M31 M39 M47 M59 M71 M82 M89 M93 M100 M117 M122 M126 M135 M156 M164 M171 M178 M191 M198 M202 M211 M220 M236 | 8:M8 M13 M25 M42 M61 M65 M85 M87 M96 M111 M124 M140 M155 M163 M176 M186 M190 M195 M205 M214 M216 M217 M224 M232 M235 | 9:M7 M14 M33 M36 M68 M75 M83 M90 M97 M109 M121 M139 M148 M151 M169 M173 M177 M182 M189 M194 M210 M226 | 10:M1 M40 M46 M48 M56 M64 M73 M79 M88 M98 M103 M113 M116 M144 M157 M162 M192 M207 M230 M234,"journal objective family: bg_d2 | F-selected distance-labelled E* domain propagation and cycle detection | precedence configuration: F=distance_closure, P=pairwise, G=direct | Full Domain MxT schedule variables + explicit unary exclusions | (20),(22)-(27) exactly once over full domains | (22)-(27) session/fixed/forbidden exclusions as hard unit clauses | (19) participant atMost-one per slot | (46),(47) clustered table capacity with compact forward channeling | (28) Pairwise precedence over direct distance-labelled relations | exact break-group ends and unary break-group thresholds | exact schedule <-> usedSlot channeling | (43) exactly |Mp| full usedSlot variables | (44) atMost 2|L| busy participants per slot | (45) exact even number of busy participants | historical hard cap Delta_G <= 2",0,"(0,)",result
,,,,,,,,,forumt-14crafc.forb0003,b2b-bce7dbf98aba5ccc,b2b-lineage-forumt-14crafc,forbidden,F-PW-DE-ST-BGD2-NIS-CD-IC12P,Full,Filter-E*,Pairwise,Direct-E,SpanThreshold,BreakGroupsD2,NonIncrementalSAT,IC12+,OPTIMAL,SAT,0,0,bg_d2,0,0,0,,,,,0.99648,False,67.535,,,,Compact,Compact/Full,project_implementation,restart-based multi-phase SAT,31666,,,,,,,84172,0,84172,2370,29296,203511,60,cfg5__m-full__p-pairwise__g-direct__b-span_threshold__o-break_groups_d2__s-nonincrementalsat__i-imp12plus__backend-cadical,cfg5__m-full__p-pairwise__g-direct__b-span_threshold__o-break_groups_d2__s-nonincrementalsat__i-imp12plus__backend-cadical,full,distance_closure,pairwise,direct,NonIncrementalSAT,CaDiCaL,1.5.3,imp12+,span_threshold,total_break_groups_subject_to_range_at_most_2,BGD2,IC12P,203511,0,0,426,56697,22494,4555,,0,236,6,,,,,,6,3924,8048,19802,14720,0.7307899580000594,5,"formalism-specific model size: SAT/MaxSAT reports base CNF and soft clauses, MIP reports variables/linear constraints/nonzeros, and CP reports integer variables plus linear/global constraints; SAT bound/totalizer overhead remains separate in optimizer_added_*",2370,2362,2362,2370,0,0,0,0,0,0,0,1,0.086155,0.003008,0.177134,,0.180142,0.816337,"wall-clock from immediately before reading/parsing the .dzn instance through model construction, optimization, solution decoding, and independent validation; excludes worker-process startup and result-file export",0,0,0,0,0,"0,0,0,0,0,0,0,0,0,0,0,0,0,0,0,0,0,0,0,0,0,0,0,0,0,0,0,0,0,0,0,0,0,0,0,0,0,0,0,0,0,0,0,0,0,0,0,0,0,0,0,0,0,0,0,0,0,0,0,0",peak_process_tree_rss_mb,bce7dbf98aba5ccce85590a33d809ac8a70ca93b44969f94e876f0a97df4a065,forb0003,data_table06_forb/forumt-14crafc.forb0003.dzn,2,../noves/forumt-14crafc.forb0003.dzn | ../noves/tic-14crafc.forb0003.dzn,2,data_table06_forb/forumt-14crafc.forb0003.dzn | data_table06_forb/tic-14crafc.forb0003.dzn,https://imae.udg.edu/Recerca/LAI/,https://ima.udg.edu/Recerca/lai/b2b/b2b.zip,ee1f440ab3f6db27ab712300ad3a54a31ffd5ec1e06f81a9ac37cb7202c56528,2026-08-10T10:42:19+00:00,7200.0,,ee80a6fbd8b513f7c010668495c39621a371266a,True,3.10.12,1.8.dev25,instance-20260810-085803,Linux-6.8.0-1064-gcp-x86_64-with-glibc2.35,x86_64,4,8,15988.059,1,0,/home/g24021555/Business-Meeting-Scheduling-Problem/.venv/bin/python3 /home/g24021555/Business-Meeting-Scheduling-Problem/src/Main.py --manifest instances_manifest.csv --family forbidden --solver sat_all --objective-mode bg_d2 --domain-mode both --domain-filter-graph both --precedence-encoding both --precedence-graph both --encoding-variant imp12+ --sat-backend cadical --maxsat-backend uwrmaxsat --uwrmaxsat-bin /home/g24021555/uwrmaxsat/build/release/bin/uwrmaxsat --timeout 7200 --csv output/full_matrix_bg_d2_forbidden.csv,,,,,,,,multiple,,cadical,,traditional,pairwise+direct,0,59,"1,2,3,4,5,6,7,8,9,10,11,12,13,14,15,16,17,18,20,21,22,23,24,25,26,27,28,29,30,31,32,33,34,35,36,37,38,39,40,41,42,43,44,45,46,47,48,49,50,51,52,53,54,55,56,57,58,59,60",2362,8,0,0,"0,0,0,0,0,0,0,0,0,0,0,0,0,0,0,0,0,0,0,0,0,0,0,0,0,0,0,0,0,0,0,0,0,0,0,0,0,0,0,0,0,0,0,0,0,0,0,0,0,0,0,0,0,0,0,0,0,0,0,0","42,48,50,50,50,50,50,50,46,38","1,6,9,5,7,8,3,2,10,7,2,7,8,1,4,3,6,5,8,10,5,4,2,7,6,2,1,3,5,8,4,1,5,2,5,6,7,3,7,10,6,8,10,1,4,9,7,4,9,2,6,7,10,5,10,7,8,9,6,4,3,2,5,6,10,3,1,9,8,4,8,3,7,5,4,1,10,1,7,9,8,6,5,2,3,4,9,8,4,5,6,7,5,1,3,6,7,4,9,4,6,1,2,7,10,4,3,2,5,6,3,9,8,3,2,7,4,1,6,9,8,2,5,6,6,4,2,7,3,1,9,3,5,9,4,1,3,8,10,6,2,8,10,3,1,6,3,5,4,1,9,6,8,7,2,5,10,3,4,1,3,2,10,6,9,1,8,5,4,3,8,5,9,3,9,10,7,5,4,9,10,3,2,9,8,7,8,5,10,9,7,6,4,1,2,9,7,10,5,8,8,8,1,4,10,6,3,7,5,2,4,2,5,6,9,2,8,6,2,6,3,8,1,7,4,5,9,2,4,3,2,1,7,9,10,8,7",1:M1 M14 M27 M32 M44 M67 M76 M78 M94 M102 M118 M130 M136 M145 M150 M160 M166 M194 M203 M223 M232 | 2:M8 M11 M23 M26 M34 M50 M62 M84 M103 M108 M115 M122 M127 M141 M155 M162 M183 M195 M210 M212 M216 M219 M228 M231 | 3:M7 M16 M28 M38 M61 M66 M72 M85 M95 M107 M111 M114 M129 M132 M137 M144 M147 M158 M161 M170 M174 M182 M207 M221 M230 | 4:M15 M22 M31 M45 M48 M60 M70 M75 M86 M89 M98 M100 M106 M117 M126 M135 M149 M159 M169 M179 M193 M204 M211 M225 M229 | 5:M4 M18 M21 M29 M33 M35 M54 M63 M74 M83 M90 M93 M109 M123 M133 M148 M156 M168 M172 M178 M188 M199 M209 M213 M226 | 6:M2 M17 M25 M36 M41 M51 M59 M64 M82 M91 M96 M101 M110 M119 M124 M125 M140 M146 M152 M164 M192 M206 M214 M218 M220 | 7:M5 M10 M12 M24 M37 M39 M47 M52 M56 M73 M79 M92 M97 M104 M116 M128 M154 M177 M186 M191 M197 M208 M224 M233 M237 | 8:M6 M13 M19 M30 M42 M57 M69 M71 M81 M88 M113 M121 M138 M142 M153 M167 M171 M185 M187 M200 M201 M202 M217 M222 M236 | 9:M3 M46 M49 M58 M68 M80 M87 M99 M112 M120 M131 M134 M151 M165 M173 M175 M180 M184 M190 M196 M215 M227 M234 | 10:M9 M20 M40 M43 M53 M55 M65 M77 M105 M139 M143 M157 M163 M176 M181 M189 M198 M205 M235,"journal objective family: bg_d2 | F-selected distance-labelled E* domain propagation and cycle detection | precedence configuration: F=distance_closure, P=pairwise, G=direct | Full Domain MxT schedule variables + explicit unary exclusions | (20),(22)-(27) exactly once over full domains | (22)-(27) session/fixed/forbidden exclusions as hard unit clauses | (19) participant atMost-one per slot | (46),(47) clustered table capacity with compact forward channeling | (28) Pairwise precedence over direct distance-labelled relations | exact break-group ends and unary break-group thresholds | exact schedule <-> usedSlot channeling | (43) exactly |Mp| full usedSlot variables | (44) atMost 2|L| busy participants per slot | (45) exact even number of busy participants | historical hard cap Delta_G <= 2",0,"(0,)",result
,,,,,,,,,forumt-14crafc.forb0003,b2b-bce7dbf98aba5ccc,b2b-lineage-forumt-14crafc,forbidden,F-PW-DE-ST-BGD2-UW-IC12P,Full,Filter-E*,Pairwise,Direct-E,SpanThreshold,BreakGroupsD2,UWrMaxSAT,IC12+,OPTIMAL,SAT,0,0,bg_d2,0,0,0,,,0,1,0.505323,False,73.734,,,,Compact,Compact/Full,project_implementation,one-shot weighted MaxSAT,31666,,,,,,,84172,236,84408,2370,29296,203747,60,cfg5__m-full__p-pairwise__g-direct__b-span_threshold__o-break_groups_d2__s-uwrmaxsat__i-imp12plus__backend-uwrmaxsat,cfg5__m-full__p-pairwise__g-direct__b-span_threshold__o-break_groups_d2__s-uwrmaxsat__i-imp12plus__backend-uwrmaxsat,full,distance_closure,pairwise,direct,UWrMaxSAT,UWrMaxSAT,binary-sha256:8c68c8a386d3d7847b50d315143c2bab60e3514e59510e84a649db83cb303876,imp12+,span_threshold,total_break_groups_subject_to_range_at_most_2,BGD2,IC12P,203511,236,1,426,56697,22494,4555,1,236,236,1,,,,,,0,0,0,0,0,,,"formalism-specific model size: SAT/MaxSAT reports base CNF and soft clauses, MIP reports variables/linear constraints/nonzeros, and CP reports integer variables plus linear/global constraints; SAT bound/totalizer overhead remains separate in optimizer_added_*",2370,2362,2362,2370,0,0,0,0,0,0,0,1,0.084162,0.00263,0.178135,,0.180766,0.324557,"wall-clock from immediately before reading/parsing the .dzn instance through model construction, optimization, solution decoding, and independent validation; excludes worker-process startup and result-file export",0,0,0,0,0,"0,0,0,0,0,0,0,0,0,0,0,0,0,0,0,0,0,0,0,0,0,0,0,0,0,0,0,0,0,0,0,0,0,0,0,0,0,0,0,0,0,0,0,0,0,0,0,0,0,0,0,0,0,0,0,0,0,0,0,0",peak_process_tree_rss_mb,bce7dbf98aba5ccce85590a33d809ac8a70ca93b44969f94e876f0a97df4a065,forb0003,data_table06_forb/forumt-14crafc.forb0003.dzn,2,../noves/forumt-14crafc.forb0003.dzn | ../noves/tic-14crafc.forb0003.dzn,2,data_table06_forb/forumt-14crafc.forb0003.dzn | data_table06_forb/tic-14crafc.forb0003.dzn,https://imae.udg.edu/Recerca/LAI/,https://ima.udg.edu/Recerca/lai/b2b/b2b.zip,ee1f440ab3f6db27ab712300ad3a54a31ffd5ec1e06f81a9ac37cb7202c56528,2026-08-10T10:42:19+00:00,7200.0,,ee80a6fbd8b513f7c010668495c39621a371266a,True,3.10.12,1.8.dev25,instance-20260810-085803,Linux-6.8.0-1064-gcp-x86_64-with-glibc2.35,x86_64,4,8,15988.059,1,0,/home/g24021555/Business-Meeting-Scheduling-Problem/.venv/bin/python3 /home/g24021555/Business-Meeting-Scheduling-Problem/src/Main.py --manifest instances_manifest.csv --family forbidden --solver sat_all --objective-mode bg_d2 --domain-mode both --domain-filter-graph both --precedence-encoding both --precedence-graph both --encoding-variant imp12+ --sat-backend cadical --maxsat-backend uwrmaxsat --uwrmaxsat-bin /home/g24021555/uwrmaxsat/build/release/bin/uwrmaxsat --timeout 7200 --csv output/full_matrix_bg_d2_forbidden.csv,/home/g24021555/uwrmaxsat/build/release/bin/uwrmaxsat,8c68c8a386d3d7847b50d315143c2bab60e3514e59510e84a649db83cb303876,/home/g24021555/uwrmaxsat/build/release/bin/uwrmaxsat -m /tmp/b2b_uwrmaxsat_rex45byi/forumt-14crafc.forb0003.wcnf,,process exit code=30,,,maxsat,uwrmaxsat,,/home/g24021555/uwrmaxsat/build/release/bin/uwrmaxsat,traditional,pairwise+direct,0,59,"1,2,3,4,5,6,7,8,9,10,11,12,13,14,15,16,17,18,20,21,22,23,24,25,26,27,28,29,30,31,32,33,34,35,36,37,38,39,40,41,42,43,44,45,46,47,48,49,50,51,52,53,54,55,56,57,58,59,60",2362,8,0,0,"0,0,0,0,0,0,0,0,0,0,0,0,0,0,0,0,0,0,0,0,0,0,0,0,0,0,0,0,0,0,0,0,0,0,0,0,0,0,0,0,0,0,0,0,0,0,0,0,0,0,0,0,0,0,0,0,0,0,0,0","40,46,50,50,50,50,50,48,46,44","10,3,6,4,8,7,5,1,9,4,5,2,9,10,3,4,8,7,4,5,10,7,6,1,4,9,6,8,6,2,2,1,7,8,10,5,8,4,7,2,3,4,9,10,6,1,2,10,9,2,1,5,4,6,3,8,9,10,5,1,7,7,10,4,8,6,9,3,1,5,7,3,4,8,2,5,3,9,10,6,2,7,5,4,8,1,4,2,6,7,3,5,10,6,9,5,7,8,8,9,10,5,6,2,1,7,10,8,10,9,7,3,8,3,1,9,7,4,10,5,2,9,5,8,6,7,1,2,3,5,3,2,6,9,2,4,5,7,3,8,1,3,9,6,10,8,9,3,7,6,7,10,2,4,1,6,5,3,8,9,6,1,7,9,8,5,10,3,4,2,1,10,6,8,5,6,2,1,9,1,3,7,4,2,9,8,4,6,1,5,2,3,7,3,4,6,7,2,10,5,3,8,6,7,4,3,1,5,10,2,6,8,7,5,4,8,3,4,9,9,5,2,3,8,4,7,6,10,6,4,9,10,5,2,3,4,1",1:M8 M24 M32 M46 M51 M60 M69 M86 M105 M115 M127 M141 M155 M162 M171 M178 M180 M189 M207 M237 | 2:M12 M30 M31 M40 M47 M50 M75 M81 M88 M104 M121 M128 M132 M135 M153 M170 M177 M184 M191 M198 M210 M222 M234 | 3:M2 M15 M41 M55 M68 M72 M77 M91 M112 M114 M129 M131 M139 M142 M148 M158 M168 M181 M192 M194 M201 M206 M217 M223 M235 | 4:M4 M10 M16 M19 M25 M38 M42 M53 M64 M73 M84 M87 M118 M136 M154 M169 M183 M187 M195 M205 M215 M218 M225 M230 M236 | 5:M7 M11 M20 M36 M52 M59 M70 M76 M83 M92 M96 M102 M120 M123 M130 M137 M157 M166 M175 M190 M200 M208 M214 M221 M233 | 6:M3 M23 M27 M29 M45 M54 M66 M80 M89 M94 M103 M125 M133 M144 M150 M156 M161 M173 M176 M188 M196 M203 M211 M227 M229 | 7:M6 M18 M22 M33 M39 M61 M62 M71 M82 M90 M97 M106 M111 M117 M126 M138 M149 M151 M163 M182 M193 M197 M204 M213 M226 | 8:M5 M17 M28 M34 M37 M56 M65 M74 M85 M98 M99 M108 M113 M124 M140 M146 M159 M165 M174 M186 M202 M212 M216 M224 | 9:M9 M13 M26 M43 M49 M57 M67 M78 M95 M100 M110 M116 M122 M134 M143 M147 M160 M164 M179 M185 M219 M220 M231 | 10:M1 M14 M21 M35 M44 M48 M58 M63 M79 M93 M101 M107 M109 M119 M145 M152 M167 M172 M199 M209 M228 M232,"journal objective family: bg_d2 | F-selected distance-labelled E* domain propagation and cycle detection | precedence configuration: F=distance_closure, P=pairwise, G=direct | Full Domain MxT schedule variables + explicit unary exclusions | (20),(22)-(27) exactly once over full domains | (22)-(27) session/fixed/forbidden exclusions as hard unit clauses | (19) participant atMost-one per slot | (46),(47) clustered table capacity with compact forward channeling | (28) Pairwise precedence over direct distance-labelled relations | exact break-group ends and unary break-group thresholds | exact schedule <-> usedSlot channeling | (43) exactly |Mp| full usedSlot variables | (44) atMost 2|L| busy participants per slot | (45) exact even number of busy participants | historical hard cap Delta_G <= 2",,,result
,,,,,,,,,forumt-14crafc.forb0003,b2b-bce7dbf98aba5ccc,b2b-lineage-forumt-14crafc,forbidden,F-PW-DC-ST-BGD2-IS-CD-IC12P,Full,Filter-E*,Pairwise,DistanceClosure-E*,SpanThreshold,BreakGroupsD2,IncrementalSAT,IC12+,OPTIMAL,SAT,0,0,bg_d2,0,0,0,,,,,0.571746,False,70.727,,,,Compact,Compact/Full,project_implementation,incremental multi-phase SAT with persistent solver state,31666,,,,,,,84172,0,84172,2370,29296,203511,60,cfg5__m-full__p-pairwise__g-distance_closure__b-span_threshold__o-break_groups_d2__s-incrementalsat__i-imp12plus__backend-cadical,cfg5__m-full__p-pairwise__g-distance_closure__b-span_threshold__o-break_groups_d2__s-incrementalsat__i-imp12plus__backend-cadical,full,distance_closure,pairwise,distance_closure,IncrementalSAT,CaDiCaL,1.5.3,imp12+,span_threshold,total_break_groups_subject_to_range_at_most_2,BGD2,IC12P,203511,0,0,426,56697,22494,4555,,0,236,6,,,,,,1,1433,9857,27941,9857,0.30914760999985447,5,"formalism-specific model size: SAT/MaxSAT reports base CNF and soft clauses, MIP reports variables/linear constraints/nonzeros, and CP reports integer variables plus linear/global constraints; SAT bound/totalizer overhead remains separate in optimizer_added_*",2370,2362,2362,2370,0,0,0,0,0,0,0,1,0.083746,0.002632,0.175228,,0.17786,0.393886,"wall-clock from immediately before reading/parsing the .dzn instance through model construction, optimization, solution decoding, and independent validation; excludes worker-process startup and result-file export",0,0,0,0,0,"0,0,0,0,0,0,0,0,0,0,0,0,0,0,0,0,0,0,0,0,0,0,0,0,0,0,0,0,0,0,0,0,0,0,0,0,0,0,0,0,0,0,0,0,0,0,0,0,0,0,0,0,0,0,0,0,0,0,0,0",peak_process_tree_rss_mb,bce7dbf98aba5ccce85590a33d809ac8a70ca93b44969f94e876f0a97df4a065,forb0003,data_table06_forb/forumt-14crafc.forb0003.dzn,2,../noves/forumt-14crafc.forb0003.dzn | ../noves/tic-14crafc.forb0003.dzn,2,data_table06_forb/forumt-14crafc.forb0003.dzn | data_table06_forb/tic-14crafc.forb0003.dzn,https://imae.udg.edu/Recerca/LAI/,https://ima.udg.edu/Recerca/lai/b2b/b2b.zip,ee1f440ab3f6db27ab712300ad3a54a31ffd5ec1e06f81a9ac37cb7202c56528,2026-08-10T10:42:19+00:00,7200.0,,ee80a6fbd8b513f7c010668495c39621a371266a,True,3.10.12,1.8.dev25,instance-20260810-085803,Linux-6.8.0-1064-gcp-x86_64-with-glibc2.35,x86_64,4,8,15988.059,1,0,/home/g24021555/Business-Meeting-Scheduling-Problem/.venv/bin/python3 /home/g24021555/Business-Meeting-Scheduling-Problem/src/Main.py --manifest instances_manifest.csv --family forbidden --solver sat_all --objective-mode bg_d2 --domain-mode both --domain-filter-graph both --precedence-encoding both --precedence-graph both --encoding-variant imp12+ --sat-backend cadical --maxsat-backend uwrmaxsat --uwrmaxsat-bin /home/g24021555/uwrmaxsat/build/release/bin/uwrmaxsat --timeout 7200 --csv output/full_matrix_bg_d2_forbidden.csv,,,,,,,,incremental,,cadical,,factorial,pairwise+distance_closure,0,59,"1,2,3,4,5,6,7,8,9,10,11,12,13,14,15,16,17,18,20,21,22,23,24,25,26,27,28,29,30,31,32,33,34,35,36,37,38,39,40,41,42,43,44,45,46,47,48,49,50,51,52,53,54,55,56,57,58,59,60",2362,8,0,0,"0,0,0,0,0,0,0,0,0,0,0,0,0,0,0,0,0,0,0,0,0,0,0,0,0,0,0,0,0,0,0,0,0,0,0,0,0,0,0,0,0,0,0,0,0,0,0,0,0,0,0,0,0,0,0,0,0,0,0,0","44,46,50,50,50,50,50,50,44,40","10,6,4,5,2,1,9,8,1,3,5,3,8,9,6,2,7,1,6,6,5,3,4,5,8,7,1,4,4,2,7,1,9,5,4,9,5,6,7,10,2,8,6,5,4,10,7,10,2,3,5,1,6,4,1,10,6,5,7,3,8,3,2,10,8,6,5,9,1,4,7,1,10,3,9,2,1,2,10,5,3,7,9,4,8,6,8,10,7,9,6,5,7,4,6,8,9,10,4,7,1,5,10,6,3,4,3,1,9,5,8,3,10,2,4,10,7,1,5,3,9,7,4,8,6,7,1,2,3,4,2,3,6,1,7,2,3,4,9,8,5,6,3,10,2,1,2,9,3,1,9,1,3,4,8,7,10,5,6,2,1,10,8,7,5,2,6,4,9,4,7,3,9,3,5,8,9,7,6,2,1,9,5,1,4,8,5,6,9,8,7,10,3,9,8,4,3,7,2,5,2,7,2,6,8,3,10,4,5,9,7,4,3,8,2,8,8,2,6,7,5,4,2,8,1,9,3,6,6,10,5,8,4,10,8,7,6",1:M6 M9 M18 M27 M32 M52 M55 M69 M72 M77 M101 M108 M118 M127 M134 M146 M150 M152 M161 M181 M184 M225 | 2:M5 M16 M30 M41 M49 M63 M76 M78 M114 M128 M131 M136 M145 M147 M160 M166 M180 M199 M201 M203 M215 M218 M223 | 3:M10 M12 M22 M50 M60 M62 M74 M81 M105 M107 M112 M120 M129 M132 M137 M143 M149 M153 M172 M174 M193 M197 M206 M213 M227 | 4:M3 M23 M28 M29 M35 M45 M54 M70 M84 M94 M99 M106 M115 M123 M130 M138 M154 M168 M170 M185 M196 M208 M212 M222 M233 | 5:M4 M11 M21 M24 M34 M37 M44 M51 M58 M67 M80 M92 M102 M110 M119 M141 M158 M165 M175 M183 M187 M200 M209 M221 M231 | 6:M2 M15 M19 M20 M38 M43 M53 M57 M66 M86 M91 M95 M104 M125 M133 M142 M159 M167 M179 M188 M204 M219 M228 M229 M237 | 7:M17 M26 M31 M39 M47 M59 M71 M82 M89 M93 M100 M117 M122 M126 M135 M156 M164 M171 M178 M191 M198 M202 M211 M220 M236 | 8:M8 M13 M25 M42 M61 M65 M85 M87 M96 M111 M124 M140 M155 M163 M176 M186 M190 M195 M205 M214 M216 M217 M224 M232 M235 | 9:M7 M14 M33 M36 M68 M75 M83 M90 M97 M109 M121 M139 M148 M151 M169 M173 M177 M182 M189 M194 M210 M226 | 10:M1 M40 M46 M48 M56 M64 M73 M79 M88 M98 M103 M113 M116 M144 M157 M162 M192 M207 M230 M234,"journal objective family: bg_d2 | F-selected distance-labelled E* domain propagation and cycle detection | precedence configuration: F=distance_closure, P=pairwise, G=distance_closure | Full Domain MxT schedule variables + explicit unary exclusions | (20),(22)-(27) exactly once over full domains | (22)-(27) session/fixed/forbidden exclusions as hard unit clauses | (19) participant atMost-one per slot | (46),(47) clustered table capacity with compact forward channeling | (28) Pairwise precedence over distance_closure distance-labelled relations | exact break-group ends and unary break-group thresholds | exact schedule <-> usedSlot channeling | (43) exactly |Mp| full usedSlot variables | (44) atMost 2|L| busy participants per slot | (45) exact even number of busy participants | historical hard cap Delta_G <= 2",0,"(0,)",result
,,,,,,,,,forumt-14crafc.forb0003,b2b-bce7dbf98aba5ccc,b2b-lineage-forumt-14crafc,forbidden,F-PW-DC-ST-BGD2-NIS-CD-IC12P,Full,Filter-E*,Pairwise,DistanceClosure-E*,SpanThreshold,BreakGroupsD2,NonIncrementalSAT,IC12+,OPTIMAL,SAT,0,0,bg_d2,0,0,0,,,,,0.998317,False,66.066,,,,Compact,Compact/Full,project_implementation,restart-based multi-phase SAT,31666,,,,,,,84172,0,84172,2370,29296,203511,60,cfg5__m-full__p-pairwise__g-distance_closure__b-span_threshold__o-break_groups_d2__s-nonincrementalsat__i-imp12plus__backend-cadical,cfg5__m-full__p-pairwise__g-distance_closure__b-span_threshold__o-break_groups_d2__s-nonincrementalsat__i-imp12plus__backend-cadical,full,distance_closure,pairwise,distance_closure,NonIncrementalSAT,CaDiCaL,1.5.3,imp12+,span_threshold,total_break_groups_subject_to_range_at_most_2,BGD2,IC12P,203511,0,0,426,56697,22494,4555,,0,236,6,,,,,,6,3924,8048,19802,14720,0.7370687140000882,5,"formalism-specific model size: SAT/MaxSAT reports base CNF and soft clauses, MIP reports variables/linear constraints/nonzeros, and CP reports integer variables plus linear/global constraints; SAT bound/totalizer overhead remains separate in optimizer_added_*",2370,2362,2362,2370,0,0,0,0,0,0,0,1,0.083565,0.002643,0.175406,,0.178049,0.820268,"wall-clock from immediately before reading/parsing the .dzn instance through model construction, optimization, solution decoding, and independent validation; excludes worker-process startup and result-file export",0,0,0,0,0,"0,0,0,0,0,0,0,0,0,0,0,0,0,0,0,0,0,0,0,0,0,0,0,0,0,0,0,0,0,0,0,0,0,0,0,0,0,0,0,0,0,0,0,0,0,0,0,0,0,0,0,0,0,0,0,0,0,0,0,0",peak_process_tree_rss_mb,bce7dbf98aba5ccce85590a33d809ac8a70ca93b44969f94e876f0a97df4a065,forb0003,data_table06_forb/forumt-14crafc.forb0003.dzn,2,../noves/forumt-14crafc.forb0003.dzn | ../noves/tic-14crafc.forb0003.dzn,2,data_table06_forb/forumt-14crafc.forb0003.dzn | data_table06_forb/tic-14crafc.forb0003.dzn,https://imae.udg.edu/Recerca/LAI/,https://ima.udg.edu/Recerca/lai/b2b/b2b.zip,ee1f440ab3f6db27ab712300ad3a54a31ffd5ec1e06f81a9ac37cb7202c56528,2026-08-10T10:42:19+00:00,7200.0,,ee80a6fbd8b513f7c010668495c39621a371266a,True,3.10.12,1.8.dev25,instance-20260810-085803,Linux-6.8.0-1064-gcp-x86_64-with-glibc2.35,x86_64,4,8,15988.059,1,0,/home/g24021555/Business-Meeting-Scheduling-Problem/.venv/bin/python3 /home/g24021555/Business-Meeting-Scheduling-Problem/src/Main.py --manifest instances_manifest.csv --family forbidden --solver sat_all --objective-mode bg_d2 --domain-mode both --domain-filter-graph both --precedence-encoding both --precedence-graph both --encoding-variant imp12+ --sat-backend cadical --maxsat-backend uwrmaxsat --uwrmaxsat-bin /home/g24021555/uwrmaxsat/build/release/bin/uwrmaxsat --timeout 7200 --csv output/full_matrix_bg_d2_forbidden.csv,,,,,,,,multiple,,cadical,,factorial,pairwise+distance_closure,0,59,"1,2,3,4,5,6,7,8,9,10,11,12,13,14,15,16,17,18,20,21,22,23,24,25,26,27,28,29,30,31,32,33,34,35,36,37,38,39,40,41,42,43,44,45,46,47,48,49,50,51,52,53,54,55,56,57,58,59,60",2362,8,0,0,"0,0,0,0,0,0,0,0,0,0,0,0,0,0,0,0,0,0,0,0,0,0,0,0,0,0,0,0,0,0,0,0,0,0,0,0,0,0,0,0,0,0,0,0,0,0,0,0,0,0,0,0,0,0,0,0,0,0,0,0","42,48,50,50,50,50,50,50,46,38","1,6,9,5,7,8,3,2,10,7,2,7,8,1,4,3,6,5,8,10,5,4,2,7,6,2,1,3,5,8,4,1,5,2,5,6,7,3,7,10,6,8,10,1,4,9,7,4,9,2,6,7,10,5,10,7,8,9,6,4,3,2,5,6,10,3,1,9,8,4,8,3,7,5,4,1,10,1,7,9,8,6,5,2,3,4,9,8,4,5,6,7,5,1,3,6,7,4,9,4,6,1,2,7,10,4,3,2,5,6,3,9,8,3,2,7,4,1,6,9,8,2,5,6,6,4,2,7,3,1,9,3,5,9,4,1,3,8,10,6,2,8,10,3,1,6,3,5,4,1,9,6,8,7,2,5,10,3,4,1,3,2,10,6,9,1,8,5,4,3,8,5,9,3,9,10,7,5,4,9,10,3,2,9,8,7,8,5,10,9,7,6,4,1,2,9,7,10,5,8,8,8,1,4,10,6,3,7,5,2,4,2,5,6,9,2,8,6,2,6,3,8,1,7,4,5,9,2,4,3,2,1,7,9,10,8,7",1:M1 M14 M27 M32 M44 M67 M76 M78 M94 M102 M118 M130 M136 M145 M150 M160 M166 M194 M203 M223 M232 | 2:M8 M11 M23 M26 M34 M50 M62 M84 M103 M108 M115 M122 M127 M141 M155 M162 M183 M195 M210 M212 M216 M219 M228 M231 | 3:M7 M16 M28 M38 M61 M66 M72 M85 M95 M107 M111 M114 M129 M132 M137 M144 M147 M158 M161 M170 M174 M182 M207 M221 M230 | 4:M15 M22 M31 M45 M48 M60 M70 M75 M86 M89 M98 M100 M106 M117 M126 M135 M149 M159 M169 M179 M193 M204 M211 M225 M229 | 5:M4 M18 M21 M29 M33 M35 M54 M63 M74 M83 M90 M93 M109 M123 M133 M148 M156 M168 M172 M178 M188 M199 M209 M213 M226 | 6:M2 M17 M25 M36 M41 M51 M59 M64 M82 M91 M96 M101 M110 M119 M124 M125 M140 M146 M152 M164 M192 M206 M214 M218 M220 | 7:M5 M10 M12 M24 M37 M39 M47 M52 M56 M73 M79 M92 M97 M104 M116 M128 M154 M177 M186 M191 M197 M208 M224 M233 M237 | 8:M6 M13 M19 M30 M42 M57 M69 M71 M81 M88 M113 M121 M138 M142 M153 M167 M171 M185 M187 M200 M201 M202 M217 M222 M236 | 9:M3 M46 M49 M58 M68 M80 M87 M99 M112 M120 M131 M134 M151 M165 M173 M175 M180 M184 M190 M196 M215 M227 M234 | 10:M9 M20 M40 M43 M53 M55 M65 M77 M105 M139 M143 M157 M163 M176 M181 M189 M198 M205 M235,"journal objective family: bg_d2 | F-selected distance-labelled E* domain propagation and cycle detection | precedence configuration: F=distance_closure, P=pairwise, G=distance_closure | Full Domain MxT schedule variables + explicit unary exclusions | (20),(22)-(27) exactly once over full domains | (22)-(27) session/fixed/forbidden exclusions as hard unit clauses | (19) participant atMost-one per slot | (46),(47) clustered table capacity with compact forward channeling | (28) Pairwise precedence over distance_closure distance-labelled relations | exact break-group ends and unary break-group thresholds | exact schedule <-> usedSlot channeling | (43) exactly |Mp| full usedSlot variables | (44) atMost 2|L| busy participants per slot | (45) exact even number of busy participants | historical hard cap Delta_G <= 2",0,"(0,)",result
,,,,,,,,,forumt-14crafc.forb0003,b2b-bce7dbf98aba5ccc,b2b-lineage-forumt-14crafc,forbidden,F-PW-DC-ST-BGD2-UW-IC12P,Full,Filter-E*,Pairwise,DistanceClosure-E*,SpanThreshold,BreakGroupsD2,UWrMaxSAT,IC12+,OPTIMAL,SAT,0,0,bg_d2,0,0,0,,,0,1,0.507022,False,73.535,,,,Compact,Compact/Full,project_implementation,one-shot weighted MaxSAT,31666,,,,,,,84172,236,84408,2370,29296,203747,60,cfg5__m-full__p-pairwise__g-distance_closure__b-span_threshold__o-break_groups_d2__s-uwrmaxsat__i-imp12plus__backend-uwrmaxsat,cfg5__m-full__p-pairwise__g-distance_closure__b-span_threshold__o-break_groups_d2__s-uwrmaxsat__i-imp12plus__backend-uwrmaxsat,full,distance_closure,pairwise,distance_closure,UWrMaxSAT,UWrMaxSAT,binary-sha256:8c68c8a386d3d7847b50d315143c2bab60e3514e59510e84a649db83cb303876,imp12+,span_threshold,total_break_groups_subject_to_range_at_most_2,BGD2,IC12P,203511,236,1,426,56697,22494,4555,1,236,236,1,,,,,,0,0,0,0,0,,,"formalism-specific model size: SAT/MaxSAT reports base CNF and soft clauses, MIP reports variables/linear constraints/nonzeros, and CP reports integer variables plus linear/global constraints; SAT bound/totalizer overhead remains separate in optimizer_added_*",2370,2362,2362,2370,0,0,0,0,0,0,0,1,0.083085,0.002618,0.178854,,0.181472,0.32555,"wall-clock from immediately before reading/parsing the .dzn instance through model construction, optimization, solution decoding, and independent validation; excludes worker-process startup and result-file export",0,0,0,0,0,"0,0,0,0,0,0,0,0,0,0,0,0,0,0,0,0,0,0,0,0,0,0,0,0,0,0,0,0,0,0,0,0,0,0,0,0,0,0,0,0,0,0,0,0,0,0,0,0,0,0,0,0,0,0,0,0,0,0,0,0",peak_process_tree_rss_mb,bce7dbf98aba5ccce85590a33d809ac8a70ca93b44969f94e876f0a97df4a065,forb0003,data_table06_forb/forumt-14crafc.forb0003.dzn,2,../noves/forumt-14crafc.forb0003.dzn | ../noves/tic-14crafc.forb0003.dzn,2,data_table06_forb/forumt-14crafc.forb0003.dzn | data_table06_forb/tic-14crafc.forb0003.dzn,https://imae.udg.edu/Recerca/LAI/,https://ima.udg.edu/Recerca/lai/b2b/b2b.zip,ee1f440ab3f6db27ab712300ad3a54a31ffd5ec1e06f81a9ac37cb7202c56528,2026-08-10T10:42:19+00:00,7200.0,,ee80a6fbd8b513f7c010668495c39621a371266a,True,3.10.12,1.8.dev25,instance-20260810-085803,Linux-6.8.0-1064-gcp-x86_64-with-glibc2.35,x86_64,4,8,15988.059,1,0,/home/g24021555/Business-Meeting-Scheduling-Problem/.venv/bin/python3 /home/g24021555/Business-Meeting-Scheduling-Problem/src/Main.py --manifest instances_manifest.csv --family forbidden --solver sat_all --objective-mode bg_d2 --domain-mode both --domain-filter-graph both --precedence-encoding both --precedence-graph both --encoding-variant imp12+ --sat-backend cadical --maxsat-backend uwrmaxsat --uwrmaxsat-bin /home/g24021555/uwrmaxsat/build/release/bin/uwrmaxsat --timeout 7200 --csv output/full_matrix_bg_d2_forbidden.csv,/home/g24021555/uwrmaxsat/build/release/bin/uwrmaxsat,8c68c8a386d3d7847b50d315143c2bab60e3514e59510e84a649db83cb303876,/home/g24021555/uwrmaxsat/build/release/bin/uwrmaxsat -m /tmp/b2b_uwrmaxsat_m6xgbdr_/forumt-14crafc.forb0003.wcnf,,process exit code=30,,,maxsat,uwrmaxsat,,/home/g24021555/uwrmaxsat/build/release/bin/uwrmaxsat,factorial,pairwise+distance_closure,0,59,"1,2,3,4,5,6,7,8,9,10,11,12,13,14,15,16,17,18,20,21,22,23,24,25,26,27,28,29,30,31,32,33,34,35,36,37,38,39,40,41,42,43,44,45,46,47,48,49,50,51,52,53,54,55,56,57,58,59,60",2362,8,0,0,"0,0,0,0,0,0,0,0,0,0,0,0,0,0,0,0,0,0,0,0,0,0,0,0,0,0,0,0,0,0,0,0,0,0,0,0,0,0,0,0,0,0,0,0,0,0,0,0,0,0,0,0,0,0,0,0,0,0,0,0","40,46,50,50,50,50,50,48,46,44","10,3,6,4,8,7,5,1,9,4,5,2,9,10,3,4,8,7,4,5,10,7,6,1,4,9,6,8,6,2,2,1,7,8,10,5,8,4,7,2,3,4,9,10,6,1,2,10,9,2,1,5,4,6,3,8,9,10,5,1,7,7,10,4,8,6,9,3,1,5,7,3,4,8,2,5,3,9,10,6,2,7,5,4,8,1,4,2,6,7,3,5,10,6,9,5,7,8,8,9,10,5,6,2,1,7,10,8,10,9,7,3,8,3,1,9,7,4,10,5,2,9,5,8,6,7,1,2,3,5,3,2,6,9,2,4,5,7,3,8,1,3,9,6,10,8,9,3,7,6,7,10,2,4,1,6,5,3,8,9,6,1,7,9,8,5,10,3,4,2,1,10,6,8,5,6,2,1,9,1,3,7,4,2,9,8,4,6,1,5,2,3,7,3,4,6,7,2,10,5,3,8,6,7,4,3,1,5,10,2,6,8,7,5,4,8,3,4,9,9,5,2,3,8,4,7,6,10,6,4,9,10,5,2,3,4,1",1:M8 M24 M32 M46 M51 M60 M69 M86 M105 M115 M127 M141 M155 M162 M171 M178 M180 M189 M207 M237 | 2:M12 M30 M31 M40 M47 M50 M75 M81 M88 M104 M121 M128 M132 M135 M153 M170 M177 M184 M191 M198 M210 M222 M234 | 3:M2 M15 M41 M55 M68 M72 M77 M91 M112 M114 M129 M131 M139 M142 M148 M158 M168 M181 M192 M194 M201 M206 M217 M223 M235 | 4:M4 M10 M16 M19 M25 M38 M42 M53 M64 M73 M84 M87 M118 M136 M154 M169 M183 M187 M195 M205 M215 M218 M225 M230 M236 | 5:M7 M11 M20 M36 M52 M59 M70 M76 M83 M92 M96 M102 M120 M123 M130 M137 M157 M166 M175 M190 M200 M208 M214 M221 M233 | 6:M3 M23 M27 M29 M45 M54 M66 M80 M89 M94 M103 M125 M133 M144 M150 M156 M161 M173 M176 M188 M196 M203 M211 M227 M229 | 7:M6 M18 M22 M33 M39 M61 M62 M71 M82 M90 M97 M106 M111 M117 M126 M138 M149 M151 M163 M182 M193 M197 M204 M213 M226 | 8:M5 M17 M28 M34 M37 M56 M65 M74 M85 M98 M99 M108 M113 M124 M140 M146 M159 M165 M174 M186 M202 M212 M216 M224 | 9:M9 M13 M26 M43 M49 M57 M67 M78 M95 M100 M110 M116 M122 M134 M143 M147 M160 M164 M179 M185 M219 M220 M231 | 10:M1 M14 M21 M35 M44 M48 M58 M63 M79 M93 M101 M107 M109 M119 M145 M152 M167 M172 M199 M209 M228 M232,"journal objective family: bg_d2 | F-selected distance-labelled E* domain propagation and cycle detection | precedence configuration: F=distance_closure, P=pairwise, G=distance_closure | Full Domain MxT schedule variables + explicit unary exclusions | (20),(22)-(27) exactly once over full domains | (22)-(27) session/fixed/forbidden exclusions as hard unit clauses | (19) participant atMost-one per slot | (46),(47) clustered table capacity with compact forward channeling | (28) Pairwise precedence over distance_closure distance-labelled relations | exact break-group ends and unary break-group thresholds | exact schedule <-> usedSlot channeling | (43) exactly |Mp| full usedSlot variables | (44) atMost 2|L| busy participants per slot | (45) exact even number of busy participants | historical hard cap Delta_G <= 2",,,result
,,,,,,,,,forumt-14crafc.forb0003,b2b-bce7dbf98aba5ccc,b2b-lineage-forumt-14crafc,forbidden,F-SS-DE-ST-BGD2-IS-CD-IC12P,Full,Filter-E*,SparseSuffix,Direct-E,SpanThreshold,BreakGroupsD2,IncrementalSAT,IC12+,OPTIMAL,SAT,0,0,bg_d2,0,0,0,,,,,0.579271,False,70.773,,,,Compact,Compact/Full,project_implementation,incremental multi-phase SAT with persistent solver state,31666,,,,,,,84172,0,84172,2370,29296,203511,60,cfg5__m-full__p-sparse_suffix__g-direct__b-span_threshold__o-break_groups_d2__s-incrementalsat__i-imp12plus__backend-cadical,cfg5__m-full__p-sparse_suffix__g-direct__b-span_threshold__o-break_groups_d2__s-incrementalsat__i-imp12plus__backend-cadical,full,distance_closure,sparse_suffix,direct,IncrementalSAT,CaDiCaL,1.5.3,imp12+,span_threshold,total_break_groups_subject_to_range_at_most_2,BGD2,IC12P,203511,0,0,426,56697,22494,4555,,0,236,6,,,,,,1,1433,9857,27941,9857,0.31357748699974763,5,"formalism-specific model size: SAT/MaxSAT reports base CNF and soft clauses, MIP reports variables/linear constraints/nonzeros, and CP reports integer variables plus linear/global constraints; SAT bound/totalizer overhead remains separate in optimizer_added_*",2370,2362,2362,2370,0,0,0,0,0,0,0,1,0.086189,0.002634,0.17815,,0.180784,0.398488,"wall-clock from immediately before reading/parsing the .dzn instance through model construction, optimization, solution decoding, and independent validation; excludes worker-process startup and result-file export",0,0,0,0,0,"0,0,0,0,0,0,0,0,0,0,0,0,0,0,0,0,0,0,0,0,0,0,0,0,0,0,0,0,0,0,0,0,0,0,0,0,0,0,0,0,0,0,0,0,0,0,0,0,0,0,0,0,0,0,0,0,0,0,0,0",peak_process_tree_rss_mb,bce7dbf98aba5ccce85590a33d809ac8a70ca93b44969f94e876f0a97df4a065,forb0003,data_table06_forb/forumt-14crafc.forb0003.dzn,2,../noves/forumt-14crafc.forb0003.dzn | ../noves/tic-14crafc.forb0003.dzn,2,data_table06_forb/forumt-14crafc.forb0003.dzn | data_table06_forb/tic-14crafc.forb0003.dzn,https://imae.udg.edu/Recerca/LAI/,https://ima.udg.edu/Recerca/lai/b2b/b2b.zip,ee1f440ab3f6db27ab712300ad3a54a31ffd5ec1e06f81a9ac37cb7202c56528,2026-08-10T10:42:19+00:00,7200.0,,ee80a6fbd8b513f7c010668495c39621a371266a,True,3.10.12,1.8.dev25,instance-20260810-085803,Linux-6.8.0-1064-gcp-x86_64-with-glibc2.35,x86_64,4,8,15988.059,1,0,/home/g24021555/Business-Meeting-Scheduling-Problem/.venv/bin/python3 /home/g24021555/Business-Meeting-Scheduling-Problem/src/Main.py --manifest instances_manifest.csv --family forbidden --solver sat_all --objective-mode bg_d2 --domain-mode both --domain-filter-graph both --precedence-encoding both --precedence-graph both --encoding-variant imp12+ --sat-backend cadical --maxsat-backend uwrmaxsat --uwrmaxsat-bin /home/g24021555/uwrmaxsat/build/release/bin/uwrmaxsat --timeout 7200 --csv output/full_matrix_bg_d2_forbidden.csv,,,,,,,,incremental,,cadical,,factorial,sparse_suffix+direct,0,59,"1,2,3,4,5,6,7,8,9,10,11,12,13,14,15,16,17,18,20,21,22,23,24,25,26,27,28,29,30,31,32,33,34,35,36,37,38,39,40,41,42,43,44,45,46,47,48,49,50,51,52,53,54,55,56,57,58,59,60",2362,8,0,0,"0,0,0,0,0,0,0,0,0,0,0,0,0,0,0,0,0,0,0,0,0,0,0,0,0,0,0,0,0,0,0,0,0,0,0,0,0,0,0,0,0,0,0,0,0,0,0,0,0,0,0,0,0,0,0,0,0,0,0,0","44,46,50,50,50,50,50,50,44,40","10,6,4,5,2,1,9,8,1,3,5,3,8,9,6,2,7,1,6,6,5,3,4,5,8,7,1,4,4,2,7,1,9,5,4,9,5,6,7,10,2,8,6,5,4,10,7,10,2,3,5,1,6,4,1,10,6,5,7,3,8,3,2,10,8,6,5,9,1,4,7,1,10,3,9,2,1,2,10,5,3,7,9,4,8,6,8,10,7,9,6,5,7,4,6,8,9,10,4,7,1,5,10,6,3,4,3,1,9,5,8,3,10,2,4,10,7,1,5,3,9,7,4,8,6,7,1,2,3,4,2,3,6,1,7,2,3,4,9,8,5,6,3,10,2,1,2,9,3,1,9,1,3,4,8,7,10,5,6,2,1,10,8,7,5,2,6,4,9,4,7,3,9,3,5,8,9,7,6,2,1,9,5,1,4,8,5,6,9,8,7,10,3,9,8,4,3,7,2,5,2,7,2,6,8,3,10,4,5,9,7,4,3,8,2,8,8,2,6,7,5,4,2,8,1,9,3,6,6,10,5,8,4,10,8,7,6",1:M6 M9 M18 M27 M32 M52 M55 M69 M72 M77 M101 M108 M118 M127 M134 M146 M150 M152 M161 M181 M184 M225 | 2:M5 M16 M30 M41 M49 M63 M76 M78 M114 M128 M131 M136 M145 M147 M160 M166 M180 M199 M201 M203 M215 M218 M223 | 3:M10 M12 M22 M50 M60 M62 M74 M81 M105 M107 M112 M120 M129 M132 M137 M143 M149 M153 M172 M174 M193 M197 M206 M213 M227 | 4:M3 M23 M28 M29 M35 M45 M54 M70 M84 M94 M99 M106 M115 M123 M130 M138 M154 M168 M170 M185 M196 M208 M212 M222 M233 | 5:M4 M11 M21 M24 M34 M37 M44 M51 M58 M67 M80 M92 M102 M110 M119 M141 M158 M165 M175 M183 M187 M200 M209 M221 M231 | 6:M2 M15 M19 M20 M38 M43 M53 M57 M66 M86 M91 M95 M104 M125 M133 M142 M159 M167 M179 M188 M204 M219 M228 M229 M237 | 7:M17 M26 M31 M39 M47 M59 M71 M82 M89 M93 M100 M117 M122 M126 M135 M156 M164 M171 M178 M191 M198 M202 M211 M220 M236 | 8:M8 M13 M25 M42 M61 M65 M85 M87 M96 M111 M124 M140 M155 M163 M176 M186 M190 M195 M205 M214 M216 M217 M224 M232 M235 | 9:M7 M14 M33 M36 M68 M75 M83 M90 M97 M109 M121 M139 M148 M151 M169 M173 M177 M182 M189 M194 M210 M226 | 10:M1 M40 M46 M48 M56 M64 M73 M79 M88 M98 M103 M113 M116 M144 M157 M162 M192 M207 M230 M234,"journal objective family: bg_d2 | F-selected distance-labelled E* domain propagation and cycle detection | precedence configuration: F=distance_closure, P=sparse_suffix, G=direct | Full Domain MxT schedule variables + explicit unary exclusions | (20),(22)-(27) exactly once over full domains | (22)-(27) session/fixed/forbidden exclusions as hard unit clauses | (19) participant atMost-one per slot | (46),(47) clustered table capacity with compact forward channeling | (28) SparseSuffix precedence over direct distance-labelled relations | exact break-group ends and unary break-group thresholds | exact schedule <-> usedSlot channeling | (43) exactly |Mp| full usedSlot variables | (44) atMost 2|L| busy participants per slot | (45) exact even number of busy participants | historical hard cap Delta_G <= 2",0,"(0,)",result
,,,,,,,,,forumt-14crafc.forb0003,b2b-bce7dbf98aba5ccc,b2b-lineage-forumt-14crafc,forbidden,F-SS-DE-ST-BGD2-NIS-CD-IC12P,Full,Filter-E*,SparseSuffix,Direct-E,SpanThreshold,BreakGroupsD2,NonIncrementalSAT,IC12+,OPTIMAL,SAT,0,0,bg_d2,0,0,0,,,,,1.006661,False,66.156,,,,Compact,Compact/Full,project_implementation,restart-based multi-phase SAT,31666,,,,,,,84172,0,84172,2370,29296,203511,60,cfg5__m-full__p-sparse_suffix__g-direct__b-span_threshold__o-break_groups_d2__s-nonincrementalsat__i-imp12plus__backend-cadical,cfg5__m-full__p-sparse_suffix__g-direct__b-span_threshold__o-break_groups_d2__s-nonincrementalsat__i-imp12plus__backend-cadical,full,distance_closure,sparse_suffix,direct,NonIncrementalSAT,CaDiCaL,1.5.3,imp12+,span_threshold,total_break_groups_subject_to_range_at_most_2,BGD2,IC12P,203511,0,0,426,56697,22494,4555,,0,236,6,,,,,,6,3924,8048,19802,14720,0.7427234719998523,5,"formalism-specific model size: SAT/MaxSAT reports base CNF and soft clauses, MIP reports variables/linear constraints/nonzeros, and CP reports integer variables plus linear/global constraints; SAT bound/totalizer overhead remains separate in optimizer_added_*",2370,2362,2362,2370,0,0,0,0,0,0,0,1,0.085711,0.00263,0.178224,,0.180853,0.825808,"wall-clock from immediately before reading/parsing the .dzn instance through model construction, optimization, solution decoding, and independent validation; excludes worker-process startup and result-file export",0,0,0,0,0,"0,0,0,0,0,0,0,0,0,0,0,0,0,0,0,0,0,0,0,0,0,0,0,0,0,0,0,0,0,0,0,0,0,0,0,0,0,0,0,0,0,0,0,0,0,0,0,0,0,0,0,0,0,0,0,0,0,0,0,0",peak_process_tree_rss_mb,bce7dbf98aba5ccce85590a33d809ac8a70ca93b44969f94e876f0a97df4a065,forb0003,data_table06_forb/forumt-14crafc.forb0003.dzn,2,../noves/forumt-14crafc.forb0003.dzn | ../noves/tic-14crafc.forb0003.dzn,2,data_table06_forb/forumt-14crafc.forb0003.dzn | data_table06_forb/tic-14crafc.forb0003.dzn,https://imae.udg.edu/Recerca/LAI/,https://ima.udg.edu/Recerca/lai/b2b/b2b.zip,ee1f440ab3f6db27ab712300ad3a54a31ffd5ec1e06f81a9ac37cb7202c56528,2026-08-10T10:42:19+00:00,7200.0,,ee80a6fbd8b513f7c010668495c39621a371266a,True,3.10.12,1.8.dev25,instance-20260810-085803,Linux-6.8.0-1064-gcp-x86_64-with-glibc2.35,x86_64,4,8,15988.059,1,0,/home/g24021555/Business-Meeting-Scheduling-Problem/.venv/bin/python3 /home/g24021555/Business-Meeting-Scheduling-Problem/src/Main.py --manifest instances_manifest.csv --family forbidden --solver sat_all --objective-mode bg_d2 --domain-mode both --domain-filter-graph both --precedence-encoding both --precedence-graph both --encoding-variant imp12+ --sat-backend cadical --maxsat-backend uwrmaxsat --uwrmaxsat-bin /home/g24021555/uwrmaxsat/build/release/bin/uwrmaxsat --timeout 7200 --csv output/full_matrix_bg_d2_forbidden.csv,,,,,,,,multiple,,cadical,,factorial,sparse_suffix+direct,0,59,"1,2,3,4,5,6,7,8,9,10,11,12,13,14,15,16,17,18,20,21,22,23,24,25,26,27,28,29,30,31,32,33,34,35,36,37,38,39,40,41,42,43,44,45,46,47,48,49,50,51,52,53,54,55,56,57,58,59,60",2362,8,0,0,"0,0,0,0,0,0,0,0,0,0,0,0,0,0,0,0,0,0,0,0,0,0,0,0,0,0,0,0,0,0,0,0,0,0,0,0,0,0,0,0,0,0,0,0,0,0,0,0,0,0,0,0,0,0,0,0,0,0,0,0","42,48,50,50,50,50,50,50,46,38","1,6,9,5,7,8,3,2,10,7,2,7,8,1,4,3,6,5,8,10,5,4,2,7,6,2,1,3,5,8,4,1,5,2,5,6,7,3,7,10,6,8,10,1,4,9,7,4,9,2,6,7,10,5,10,7,8,9,6,4,3,2,5,6,10,3,1,9,8,4,8,3,7,5,4,1,10,1,7,9,8,6,5,2,3,4,9,8,4,5,6,7,5,1,3,6,7,4,9,4,6,1,2,7,10,4,3,2,5,6,3,9,8,3,2,7,4,1,6,9,8,2,5,6,6,4,2,7,3,1,9,3,5,9,4,1,3,8,10,6,2,8,10,3,1,6,3,5,4,1,9,6,8,7,2,5,10,3,4,1,3,2,10,6,9,1,8,5,4,3,8,5,9,3,9,10,7,5,4,9,10,3,2,9,8,7,8,5,10,9,7,6,4,1,2,9,7,10,5,8,8,8,1,4,10,6,3,7,5,2,4,2,5,6,9,2,8,6,2,6,3,8,1,7,4,5,9,2,4,3,2,1,7,9,10,8,7",1:M1 M14 M27 M32 M44 M67 M76 M78 M94 M102 M118 M130 M136 M145 M150 M160 M166 M194 M203 M223 M232 | 2:M8 M11 M23 M26 M34 M50 M62 M84 M103 M108 M115 M122 M127 M141 M155 M162 M183 M195 M210 M212 M216 M219 M228 M231 | 3:M7 M16 M28 M38 M61 M66 M72 M85 M95 M107 M111 M114 M129 M132 M137 M144 M147 M158 M161 M170 M174 M182 M207 M221 M230 | 4:M15 M22 M31 M45 M48 M60 M70 M75 M86 M89 M98 M100 M106 M117 M126 M135 M149 M159 M169 M179 M193 M204 M211 M225 M229 | 5:M4 M18 M21 M29 M33 M35 M54 M63 M74 M83 M90 M93 M109 M123 M133 M148 M156 M168 M172 M178 M188 M199 M209 M213 M226 | 6:M2 M17 M25 M36 M41 M51 M59 M64 M82 M91 M96 M101 M110 M119 M124 M125 M140 M146 M152 M164 M192 M206 M214 M218 M220 | 7:M5 M10 M12 M24 M37 M39 M47 M52 M56 M73 M79 M92 M97 M104 M116 M128 M154 M177 M186 M191 M197 M208 M224 M233 M237 | 8:M6 M13 M19 M30 M42 M57 M69 M71 M81 M88 M113 M121 M138 M142 M153 M167 M171 M185 M187 M200 M201 M202 M217 M222 M236 | 9:M3 M46 M49 M58 M68 M80 M87 M99 M112 M120 M131 M134 M151 M165 M173 M175 M180 M184 M190 M196 M215 M227 M234 | 10:M9 M20 M40 M43 M53 M55 M65 M77 M105 M139 M143 M157 M163 M176 M181 M189 M198 M205 M235,"journal objective family: bg_d2 | F-selected distance-labelled E* domain propagation and cycle detection | precedence configuration: F=distance_closure, P=sparse_suffix, G=direct | Full Domain MxT schedule variables + explicit unary exclusions | (20),(22)-(27) exactly once over full domains | (22)-(27) session/fixed/forbidden exclusions as hard unit clauses | (19) participant atMost-one per slot | (46),(47) clustered table capacity with compact forward channeling | (28) SparseSuffix precedence over direct distance-labelled relations | exact break-group ends and unary break-group thresholds | exact schedule <-> usedSlot channeling | (43) exactly |Mp| full usedSlot variables | (44) atMost 2|L| busy participants per slot | (45) exact even number of busy participants | historical hard cap Delta_G <= 2",0,"(0,)",result
,,,,,,,,,forumt-14crafc.forb0003,b2b-bce7dbf98aba5ccc,b2b-lineage-forumt-14crafc,forbidden,F-SS-DE-ST-BGD2-UW-IC12P,Full,Filter-E*,SparseSuffix,Direct-E,SpanThreshold,BreakGroupsD2,UWrMaxSAT,IC12+,OPTIMAL,SAT,0,0,bg_d2,0,0,0,,,0,1,0.513248,False,74.555,,,,Compact,Compact/Full,project_implementation,one-shot weighted MaxSAT,31666,,,,,,,84172,236,84408,2370,29296,203747,60,cfg5__m-full__p-sparse_suffix__g-direct__b-span_threshold__o-break_groups_d2__s-uwrmaxsat__i-imp12plus__backend-uwrmaxsat,cfg5__m-full__p-sparse_suffix__g-direct__b-span_threshold__o-break_groups_d2__s-uwrmaxsat__i-imp12plus__backend-uwrmaxsat,full,distance_closure,sparse_suffix,direct,UWrMaxSAT,UWrMaxSAT,binary-sha256:8c68c8a386d3d7847b50d315143c2bab60e3514e59510e84a649db83cb303876,imp12+,span_threshold,total_break_groups_subject_to_range_at_most_2,BGD2,IC12P,203511,236,1,426,56697,22494,4555,1,236,236,1,,,,,,0,0,0,0,0,,,"formalism-specific model size: SAT/MaxSAT reports base CNF and soft clauses, MIP reports variables/linear constraints/nonzeros, and CP reports integer variables plus linear/global constraints; SAT bound/totalizer overhead remains separate in optimizer_added_*",2370,2362,2362,2370,0,0,0,0,0,0,0,1,0.085236,0.00301,0.180703,,0.183713,0.329535,"wall-clock from immediately before reading/parsing the .dzn instance through model construction, optimization, solution decoding, and independent validation; excludes worker-process startup and result-file export",0,0,0,0,0,"0,0,0,0,0,0,0,0,0,0,0,0,0,0,0,0,0,0,0,0,0,0,0,0,0,0,0,0,0,0,0,0,0,0,0,0,0,0,0,0,0,0,0,0,0,0,0,0,0,0,0,0,0,0,0,0,0,0,0,0",peak_process_tree_rss_mb,bce7dbf98aba5ccce85590a33d809ac8a70ca93b44969f94e876f0a97df4a065,forb0003,data_table06_forb/forumt-14crafc.forb0003.dzn,2,../noves/forumt-14crafc.forb0003.dzn | ../noves/tic-14crafc.forb0003.dzn,2,data_table06_forb/forumt-14crafc.forb0003.dzn | data_table06_forb/tic-14crafc.forb0003.dzn,https://imae.udg.edu/Recerca/LAI/,https://ima.udg.edu/Recerca/lai/b2b/b2b.zip,ee1f440ab3f6db27ab712300ad3a54a31ffd5ec1e06f81a9ac37cb7202c56528,2026-08-10T10:42:19+00:00,7200.0,,ee80a6fbd8b513f7c010668495c39621a371266a,True,3.10.12,1.8.dev25,instance-20260810-085803,Linux-6.8.0-1064-gcp-x86_64-with-glibc2.35,x86_64,4,8,15988.059,1,0,/home/g24021555/Business-Meeting-Scheduling-Problem/.venv/bin/python3 /home/g24021555/Business-Meeting-Scheduling-Problem/src/Main.py --manifest instances_manifest.csv --family forbidden --solver sat_all --objective-mode bg_d2 --domain-mode both --domain-filter-graph both --precedence-encoding both --precedence-graph both --encoding-variant imp12+ --sat-backend cadical --maxsat-backend uwrmaxsat --uwrmaxsat-bin /home/g24021555/uwrmaxsat/build/release/bin/uwrmaxsat --timeout 7200 --csv output/full_matrix_bg_d2_forbidden.csv,/home/g24021555/uwrmaxsat/build/release/bin/uwrmaxsat,8c68c8a386d3d7847b50d315143c2bab60e3514e59510e84a649db83cb303876,/home/g24021555/uwrmaxsat/build/release/bin/uwrmaxsat -m /tmp/b2b_uwrmaxsat_j_v2vb6g/forumt-14crafc.forb0003.wcnf,,process exit code=30,,,maxsat,uwrmaxsat,,/home/g24021555/uwrmaxsat/build/release/bin/uwrmaxsat,factorial,sparse_suffix+direct,0,59,"1,2,3,4,5,6,7,8,9,10,11,12,13,14,15,16,17,18,20,21,22,23,24,25,26,27,28,29,30,31,32,33,34,35,36,37,38,39,40,41,42,43,44,45,46,47,48,49,50,51,52,53,54,55,56,57,58,59,60",2362,8,0,0,"0,0,0,0,0,0,0,0,0,0,0,0,0,0,0,0,0,0,0,0,0,0,0,0,0,0,0,0,0,0,0,0,0,0,0,0,0,0,0,0,0,0,0,0,0,0,0,0,0,0,0,0,0,0,0,0,0,0,0,0","40,46,50,50,50,50,50,48,46,44","10,3,6,4,8,7,5,1,9,4,5,2,9,10,3,4,8,7,4,5,10,7,6,1,4,9,6,8,6,2,2,1,7,8,10,5,8,4,7,2,3,4,9,10,6,1,2,10,9,2,1,5,4,6,3,8,9,10,5,1,7,7,10,4,8,6,9,3,1,5,7,3,4,8,2,5,3,9,10,6,2,7,5,4,8,1,4,2,6,7,3,5,10,6,9,5,7,8,8,9,10,5,6,2,1,7,10,8,10,9,7,3,8,3,1,9,7,4,10,5,2,9,5,8,6,7,1,2,3,5,3,2,6,9,2,4,5,7,3,8,1,3,9,6,10,8,9,3,7,6,7,10,2,4,1,6,5,3,8,9,6,1,7,9,8,5,10,3,4,2,1,10,6,8,5,6,2,1,9,1,3,7,4,2,9,8,4,6,1,5,2,3,7,3,4,6,7,2,10,5,3,8,6,7,4,3,1,5,10,2,6,8,7,5,4,8,3,4,9,9,5,2,3,8,4,7,6,10,6,4,9,10,5,2,3,4,1",1:M8 M24 M32 M46 M51 M60 M69 M86 M105 M115 M127 M141 M155 M162 M171 M178 M180 M189 M207 M237 | 2:M12 M30 M31 M40 M47 M50 M75 M81 M88 M104 M121 M128 M132 M135 M153 M170 M177 M184 M191 M198 M210 M222 M234 | 3:M2 M15 M41 M55 M68 M72 M77 M91 M112 M114 M129 M131 M139 M142 M148 M158 M168 M181 M192 M194 M201 M206 M217 M223 M235 | 4:M4 M10 M16 M19 M25 M38 M42 M53 M64 M73 M84 M87 M118 M136 M154 M169 M183 M187 M195 M205 M215 M218 M225 M230 M236 | 5:M7 M11 M20 M36 M52 M59 M70 M76 M83 M92 M96 M102 M120 M123 M130 M137 M157 M166 M175 M190 M200 M208 M214 M221 M233 | 6:M3 M23 M27 M29 M45 M54 M66 M80 M89 M94 M103 M125 M133 M144 M150 M156 M161 M173 M176 M188 M196 M203 M211 M227 M229 | 7:M6 M18 M22 M33 M39 M61 M62 M71 M82 M90 M97 M106 M111 M117 M126 M138 M149 M151 M163 M182 M193 M197 M204 M213 M226 | 8:M5 M17 M28 M34 M37 M56 M65 M74 M85 M98 M99 M108 M113 M124 M140 M146 M159 M165 M174 M186 M202 M212 M216 M224 | 9:M9 M13 M26 M43 M49 M57 M67 M78 M95 M100 M110 M116 M122 M134 M143 M147 M160 M164 M179 M185 M219 M220 M231 | 10:M1 M14 M21 M35 M44 M48 M58 M63 M79 M93 M101 M107 M109 M119 M145 M152 M167 M172 M199 M209 M228 M232,"journal objective family: bg_d2 | F-selected distance-labelled E* domain propagation and cycle detection | precedence configuration: F=distance_closure, P=sparse_suffix, G=direct | Full Domain MxT schedule variables + explicit unary exclusions | (20),(22)-(27) exactly once over full domains | (22)-(27) session/fixed/forbidden exclusions as hard unit clauses | (19) participant atMost-one per slot | (46),(47) clustered table capacity with compact forward channeling | (28) SparseSuffix precedence over direct distance-labelled relations | exact break-group ends and unary break-group thresholds | exact schedule <-> usedSlot channeling | (43) exactly |Mp| full usedSlot variables | (44) atMost 2|L| busy participants per slot | (45) exact even number of busy participants | historical hard cap Delta_G <= 2",,,result
,,,,,,,,,forumt-14crafc.forb0003,b2b-bce7dbf98aba5ccc,b2b-lineage-forumt-14crafc,forbidden,F-SS-DC-ST-BGD2-IS-CD-IC12P,Full,Filter-E*,SparseSuffix,DistanceClosure-E*,SpanThreshold,BreakGroupsD2,IncrementalSAT,IC12+,OPTIMAL,SAT,0,0,bg_d2,0,0,0,,,,,0.580119,False,70.637,,,,Compact,Compact/Full,project_implementation,incremental multi-phase SAT with persistent solver state,31666,,,,,,,84172,0,84172,2370,29296,203511,60,cfg5__m-full__p-sparse_suffix__g-distance_closure__b-span_threshold__o-break_groups_d2__s-incrementalsat__i-imp12plus__backend-cadical,cfg5__m-full__p-sparse_suffix__g-distance_closure__b-span_threshold__o-break_groups_d2__s-incrementalsat__i-imp12plus__backend-cadical,full,distance_closure,sparse_suffix,distance_closure,IncrementalSAT,CaDiCaL,1.5.3,imp12+,span_threshold,total_break_groups_subject_to_range_at_most_2,BGD2,IC12P,203511,0,0,426,56697,22494,4555,,0,236,6,,,,,,1,1433,9857,27941,9857,0.31340406199979043,5,"formalism-specific model size: SAT/MaxSAT reports base CNF and soft clauses, MIP reports variables/linear constraints/nonzeros, and CP reports integer variables plus linear/global constraints; SAT bound/totalizer overhead remains separate in optimizer_added_*",2370,2362,2362,2370,0,0,0,0,0,0,0,1,0.082907,0.002629,0.17438,,0.177009,0.40311,"wall-clock from immediately before reading/parsing the .dzn instance through model construction, optimization, solution decoding, and independent validation; excludes worker-process startup and result-file export",0,0,0,0,0,"0,0,0,0,0,0,0,0,0,0,0,0,0,0,0,0,0,0,0,0,0,0,0,0,0,0,0,0,0,0,0,0,0,0,0,0,0,0,0,0,0,0,0,0,0,0,0,0,0,0,0,0,0,0,0,0,0,0,0,0",peak_process_tree_rss_mb,bce7dbf98aba5ccce85590a33d809ac8a70ca93b44969f94e876f0a97df4a065,forb0003,data_table06_forb/forumt-14crafc.forb0003.dzn,2,../noves/forumt-14crafc.forb0003.dzn | ../noves/tic-14crafc.forb0003.dzn,2,data_table06_forb/forumt-14crafc.forb0003.dzn | data_table06_forb/tic-14crafc.forb0003.dzn,https://imae.udg.edu/Recerca/LAI/,https://ima.udg.edu/Recerca/lai/b2b/b2b.zip,ee1f440ab3f6db27ab712300ad3a54a31ffd5ec1e06f81a9ac37cb7202c56528,2026-08-10T10:42:19+00:00,7200.0,,ee80a6fbd8b513f7c010668495c39621a371266a,True,3.10.12,1.8.dev25,instance-20260810-085803,Linux-6.8.0-1064-gcp-x86_64-with-glibc2.35,x86_64,4,8,15988.059,1,0,/home/g24021555/Business-Meeting-Scheduling-Problem/.venv/bin/python3 /home/g24021555/Business-Meeting-Scheduling-Problem/src/Main.py --manifest instances_manifest.csv --family forbidden --solver sat_all --objective-mode bg_d2 --domain-mode both --domain-filter-graph both --precedence-encoding both --precedence-graph both --encoding-variant imp12+ --sat-backend cadical --maxsat-backend uwrmaxsat --uwrmaxsat-bin /home/g24021555/uwrmaxsat/build/release/bin/uwrmaxsat --timeout 7200 --csv output/full_matrix_bg_d2_forbidden.csv,,,,,,,,incremental,,cadical,,staircase,sparse_suffix+distance_closure,0,59,"1,2,3,4,5,6,7,8,9,10,11,12,13,14,15,16,17,18,20,21,22,23,24,25,26,27,28,29,30,31,32,33,34,35,36,37,38,39,40,41,42,43,44,45,46,47,48,49,50,51,52,53,54,55,56,57,58,59,60",2362,8,0,0,"0,0,0,0,0,0,0,0,0,0,0,0,0,0,0,0,0,0,0,0,0,0,0,0,0,0,0,0,0,0,0,0,0,0,0,0,0,0,0,0,0,0,0,0,0,0,0,0,0,0,0,0,0,0,0,0,0,0,0,0","44,46,50,50,50,50,50,50,44,40","10,6,4,5,2,1,9,8,1,3,5,3,8,9,6,2,7,1,6,6,5,3,4,5,8,7,1,4,4,2,7,1,9,5,4,9,5,6,7,10,2,8,6,5,4,10,7,10,2,3,5,1,6,4,1,10,6,5,7,3,8,3,2,10,8,6,5,9,1,4,7,1,10,3,9,2,1,2,10,5,3,7,9,4,8,6,8,10,7,9,6,5,7,4,6,8,9,10,4,7,1,5,10,6,3,4,3,1,9,5,8,3,10,2,4,10,7,1,5,3,9,7,4,8,6,7,1,2,3,4,2,3,6,1,7,2,3,4,9,8,5,6,3,10,2,1,2,9,3,1,9,1,3,4,8,7,10,5,6,2,1,10,8,7,5,2,6,4,9,4,7,3,9,3,5,8,9,7,6,2,1,9,5,1,4,8,5,6,9,8,7,10,3,9,8,4,3,7,2,5,2,7,2,6,8,3,10,4,5,9,7,4,3,8,2,8,8,2,6,7,5,4,2,8,1,9,3,6,6,10,5,8,4,10,8,7,6",1:M6 M9 M18 M27 M32 M52 M55 M69 M72 M77 M101 M108 M118 M127 M134 M146 M150 M152 M161 M181 M184 M225 | 2:M5 M16 M30 M41 M49 M63 M76 M78 M114 M128 M131 M136 M145 M147 M160 M166 M180 M199 M201 M203 M215 M218 M223 | 3:M10 M12 M22 M50 M60 M62 M74 M81 M105 M107 M112 M120 M129 M132 M137 M143 M149 M153 M172 M174 M193 M197 M206 M213 M227 | 4:M3 M23 M28 M29 M35 M45 M54 M70 M84 M94 M99 M106 M115 M123 M130 M138 M154 M168 M170 M185 M196 M208 M212 M222 M233 | 5:M4 M11 M21 M24 M34 M37 M44 M51 M58 M67 M80 M92 M102 M110 M119 M141 M158 M165 M175 M183 M187 M200 M209 M221 M231 | 6:M2 M15 M19 M20 M38 M43 M53 M57 M66 M86 M91 M95 M104 M125 M133 M142 M159 M167 M179 M188 M204 M219 M228 M229 M237 | 7:M17 M26 M31 M39 M47 M59 M71 M82 M89 M93 M100 M117 M122 M126 M135 M156 M164 M171 M178 M191 M198 M202 M211 M220 M236 | 8:M8 M13 M25 M42 M61 M65 M85 M87 M96 M111 M124 M140 M155 M163 M176 M186 M190 M195 M205 M214 M216 M217 M224 M232 M235 | 9:M7 M14 M33 M36 M68 M75 M83 M90 M97 M109 M121 M139 M148 M151 M169 M173 M177 M182 M189 M194 M210 M226 | 10:M1 M40 M46 M48 M56 M64 M73 M79 M88 M98 M103 M113 M116 M144 M157 M162 M192 M207 M230 M234,"journal objective family: bg_d2 | F-selected distance-labelled E* domain propagation and cycle detection | precedence configuration: F=distance_closure, P=sparse_suffix, G=distance_closure | Full Domain MxT schedule variables + explicit unary exclusions | (20),(22)-(27) exactly once over full domains | (22)-(27) session/fixed/forbidden exclusions as hard unit clauses | (19) participant atMost-one per slot | (46),(47) clustered table capacity with compact forward channeling | (28) SparseSuffix precedence over distance_closure distance-labelled relations | exact break-group ends and unary break-group thresholds | exact schedule <-> usedSlot channeling | (43) exactly |Mp| full usedSlot variables | (44) atMost 2|L| busy participants per slot | (45) exact even number of busy participants | historical hard cap Delta_G <= 2",0,"(0,)",result
,,,,,,,,,forumt-14crafc.forb0003,b2b-bce7dbf98aba5ccc,b2b-lineage-forumt-14crafc,forbidden,F-SS-DC-ST-BGD2-NIS-CD-IC12P,Full,Filter-E*,SparseSuffix,DistanceClosure-E*,SpanThreshold,BreakGroupsD2,NonIncrementalSAT,IC12+,OPTIMAL,SAT,0,0,bg_d2,0,0,0,,,,,1.00565,False,66.699,,,,Compact,Compact/Full,project_implementation,restart-based multi-phase SAT,31666,,,,,,,84172,0,84172,2370,29296,203511,60,cfg5__m-full__p-sparse_suffix__g-distance_closure__b-span_threshold__o-break_groups_d2__s-nonincrementalsat__i-imp12plus__backend-cadical,cfg5__m-full__p-sparse_suffix__g-distance_closure__b-span_threshold__o-break_groups_d2__s-nonincrementalsat__i-imp12plus__backend-cadical,full,distance_closure,sparse_suffix,distance_closure,NonIncrementalSAT,CaDiCaL,1.5.3,imp12+,span_threshold,total_break_groups_subject_to_range_at_most_2,BGD2,IC12P,203511,0,0,426,56697,22494,4555,,0,236,6,,,,,,6,3924,8048,19802,14720,0.7427101279999988,5,"formalism-specific model size: SAT/MaxSAT reports base CNF and soft clauses, MIP reports variables/linear constraints/nonzeros, and CP reports integer variables plus linear/global constraints; SAT bound/totalizer overhead remains separate in optimizer_added_*",2370,2362,2362,2370,0,0,0,0,0,0,0,1,0.084087,0.003016,0.174804,,0.17782,0.82783,"wall-clock from immediately before reading/parsing the .dzn instance through model construction, optimization, solution decoding, and independent validation; excludes worker-process startup and result-file export",0,0,0,0,0,"0,0,0,0,0,0,0,0,0,0,0,0,0,0,0,0,0,0,0,0,0,0,0,0,0,0,0,0,0,0,0,0,0,0,0,0,0,0,0,0,0,0,0,0,0,0,0,0,0,0,0,0,0,0,0,0,0,0,0,0",peak_process_tree_rss_mb,bce7dbf98aba5ccce85590a33d809ac8a70ca93b44969f94e876f0a97df4a065,forb0003,data_table06_forb/forumt-14crafc.forb0003.dzn,2,../noves/forumt-14crafc.forb0003.dzn | ../noves/tic-14crafc.forb0003.dzn,2,data_table06_forb/forumt-14crafc.forb0003.dzn | data_table06_forb/tic-14crafc.forb0003.dzn,https://imae.udg.edu/Recerca/LAI/,https://ima.udg.edu/Recerca/lai/b2b/b2b.zip,ee1f440ab3f6db27ab712300ad3a54a31ffd5ec1e06f81a9ac37cb7202c56528,2026-08-10T10:42:19+00:00,7200.0,,ee80a6fbd8b513f7c010668495c39621a371266a,True,3.10.12,1.8.dev25,instance-20260810-085803,Linux-6.8.0-1064-gcp-x86_64-with-glibc2.35,x86_64,4,8,15988.059,1,0,/home/g24021555/Business-Meeting-Scheduling-Problem/.venv/bin/python3 /home/g24021555/Business-Meeting-Scheduling-Problem/src/Main.py --manifest instances_manifest.csv --family forbidden --solver sat_all --objective-mode bg_d2 --domain-mode both --domain-filter-graph both --precedence-encoding both --precedence-graph both --encoding-variant imp12+ --sat-backend cadical --maxsat-backend uwrmaxsat --uwrmaxsat-bin /home/g24021555/uwrmaxsat/build/release/bin/uwrmaxsat --timeout 7200 --csv output/full_matrix_bg_d2_forbidden.csv,,,,,,,,multiple,,cadical,,staircase,sparse_suffix+distance_closure,0,59,"1,2,3,4,5,6,7,8,9,10,11,12,13,14,15,16,17,18,20,21,22,23,24,25,26,27,28,29,30,31,32,33,34,35,36,37,38,39,40,41,42,43,44,45,46,47,48,49,50,51,52,53,54,55,56,57,58,59,60",2362,8,0,0,"0,0,0,0,0,0,0,0,0,0,0,0,0,0,0,0,0,0,0,0,0,0,0,0,0,0,0,0,0,0,0,0,0,0,0,0,0,0,0,0,0,0,0,0,0,0,0,0,0,0,0,0,0,0,0,0,0,0,0,0","42,48,50,50,50,50,50,50,46,38","1,6,9,5,7,8,3,2,10,7,2,7,8,1,4,3,6,5,8,10,5,4,2,7,6,2,1,3,5,8,4,1,5,2,5,6,7,3,7,10,6,8,10,1,4,9,7,4,9,2,6,7,10,5,10,7,8,9,6,4,3,2,5,6,10,3,1,9,8,4,8,3,7,5,4,1,10,1,7,9,8,6,5,2,3,4,9,8,4,5,6,7,5,1,3,6,7,4,9,4,6,1,2,7,10,4,3,2,5,6,3,9,8,3,2,7,4,1,6,9,8,2,5,6,6,4,2,7,3,1,9,3,5,9,4,1,3,8,10,6,2,8,10,3,1,6,3,5,4,1,9,6,8,7,2,5,10,3,4,1,3,2,10,6,9,1,8,5,4,3,8,5,9,3,9,10,7,5,4,9,10,3,2,9,8,7,8,5,10,9,7,6,4,1,2,9,7,10,5,8,8,8,1,4,10,6,3,7,5,2,4,2,5,6,9,2,8,6,2,6,3,8,1,7,4,5,9,2,4,3,2,1,7,9,10,8,7",1:M1 M14 M27 M32 M44 M67 M76 M78 M94 M102 M118 M130 M136 M145 M150 M160 M166 M194 M203 M223 M232 | 2:M8 M11 M23 M26 M34 M50 M62 M84 M103 M108 M115 M122 M127 M141 M155 M162 M183 M195 M210 M212 M216 M219 M228 M231 | 3:M7 M16 M28 M38 M61 M66 M72 M85 M95 M107 M111 M114 M129 M132 M137 M144 M147 M158 M161 M170 M174 M182 M207 M221 M230 | 4:M15 M22 M31 M45 M48 M60 M70 M75 M86 M89 M98 M100 M106 M117 M126 M135 M149 M159 M169 M179 M193 M204 M211 M225 M229 | 5:M4 M18 M21 M29 M33 M35 M54 M63 M74 M83 M90 M93 M109 M123 M133 M148 M156 M168 M172 M178 M188 M199 M209 M213 M226 | 6:M2 M17 M25 M36 M41 M51 M59 M64 M82 M91 M96 M101 M110 M119 M124 M125 M140 M146 M152 M164 M192 M206 M214 M218 M220 | 7:M5 M10 M12 M24 M37 M39 M47 M52 M56 M73 M79 M92 M97 M104 M116 M128 M154 M177 M186 M191 M197 M208 M224 M233 M237 | 8:M6 M13 M19 M30 M42 M57 M69 M71 M81 M88 M113 M121 M138 M142 M153 M167 M171 M185 M187 M200 M201 M202 M217 M222 M236 | 9:M3 M46 M49 M58 M68 M80 M87 M99 M112 M120 M131 M134 M151 M165 M173 M175 M180 M184 M190 M196 M215 M227 M234 | 10:M9 M20 M40 M43 M53 M55 M65 M77 M105 M139 M143 M157 M163 M176 M181 M189 M198 M205 M235,"journal objective family: bg_d2 | F-selected distance-labelled E* domain propagation and cycle detection | precedence configuration: F=distance_closure, P=sparse_suffix, G=distance_closure | Full Domain MxT schedule variables + explicit unary exclusions | (20),(22)-(27) exactly once over full domains | (22)-(27) session/fixed/forbidden exclusions as hard unit clauses | (19) participant atMost-one per slot | (46),(47) clustered table capacity with compact forward channeling | (28) SparseSuffix precedence over distance_closure distance-labelled relations | exact break-group ends and unary break-group thresholds | exact schedule <-> usedSlot channeling | (43) exactly |Mp| full usedSlot variables | (44) atMost 2|L| busy participants per slot | (45) exact even number of busy participants | historical hard cap Delta_G <= 2",0,"(0,)",result
,,,,,,,,,forumt-14crafc.forb0003,b2b-bce7dbf98aba5ccc,b2b-lineage-forumt-14crafc,forbidden,F-SS-DC-ST-BGD2-UW-IC12P,Full,Filter-E*,SparseSuffix,DistanceClosure-E*,SpanThreshold,BreakGroupsD2,UWrMaxSAT,IC12+,OPTIMAL,SAT,0,0,bg_d2,0,0,0,,,0,1,0.506964,False,73.633,,,,Compact,Compact/Full,project_implementation,one-shot weighted MaxSAT,31666,,,,,,,84172,236,84408,2370,29296,203747,60,cfg5__m-full__p-sparse_suffix__g-distance_closure__b-span_threshold__o-break_groups_d2__s-uwrmaxsat__i-imp12plus__backend-uwrmaxsat,cfg5__m-full__p-sparse_suffix__g-distance_closure__b-span_threshold__o-break_groups_d2__s-uwrmaxsat__i-imp12plus__backend-uwrmaxsat,full,distance_closure,sparse_suffix,distance_closure,UWrMaxSAT,UWrMaxSAT,binary-sha256:8c68c8a386d3d7847b50d315143c2bab60e3514e59510e84a649db83cb303876,imp12+,span_threshold,total_break_groups_subject_to_range_at_most_2,BGD2,IC12P,203511,236,1,426,56697,22494,4555,1,236,236,1,,,,,,0,0,0,0,0,,,"formalism-specific model size: SAT/MaxSAT reports base CNF and soft clauses, MIP reports variables/linear constraints/nonzeros, and CP reports integer variables plus linear/global constraints; SAT bound/totalizer overhead remains separate in optimizer_added_*",2370,2362,2362,2370,0,0,0,0,0,0,0,1,0.082939,0.003032,0.177864,,0.180896,0.326068,"wall-clock from immediately before reading/parsing the .dzn instance through model construction, optimization, solution decoding, and independent validation; excludes worker-process startup and result-file export",0,0,0,0,0,"0,0,0,0,0,0,0,0,0,0,0,0,0,0,0,0,0,0,0,0,0,0,0,0,0,0,0,0,0,0,0,0,0,0,0,0,0,0,0,0,0,0,0,0,0,0,0,0,0,0,0,0,0,0,0,0,0,0,0,0",peak_process_tree_rss_mb,bce7dbf98aba5ccce85590a33d809ac8a70ca93b44969f94e876f0a97df4a065,forb0003,data_table06_forb/forumt-14crafc.forb0003.dzn,2,../noves/forumt-14crafc.forb0003.dzn | ../noves/tic-14crafc.forb0003.dzn,2,data_table06_forb/forumt-14crafc.forb0003.dzn | data_table06_forb/tic-14crafc.forb0003.dzn,https://imae.udg.edu/Recerca/LAI/,https://ima.udg.edu/Recerca/lai/b2b/b2b.zip,ee1f440ab3f6db27ab712300ad3a54a31ffd5ec1e06f81a9ac37cb7202c56528,2026-08-10T10:42:19+00:00,7200.0,,ee80a6fbd8b513f7c010668495c39621a371266a,True,3.10.12,1.8.dev25,instance-20260810-085803,Linux-6.8.0-1064-gcp-x86_64-with-glibc2.35,x86_64,4,8,15988.059,1,0,/home/g24021555/Business-Meeting-Scheduling-Problem/.venv/bin/python3 /home/g24021555/Business-Meeting-Scheduling-Problem/src/Main.py --manifest instances_manifest.csv --family forbidden --solver sat_all --objective-mode bg_d2 --domain-mode both --domain-filter-graph both --precedence-encoding both --precedence-graph both --encoding-variant imp12+ --sat-backend cadical --maxsat-backend uwrmaxsat --uwrmaxsat-bin /home/g24021555/uwrmaxsat/build/release/bin/uwrmaxsat --timeout 7200 --csv output/full_matrix_bg_d2_forbidden.csv,/home/g24021555/uwrmaxsat/build/release/bin/uwrmaxsat,8c68c8a386d3d7847b50d315143c2bab60e3514e59510e84a649db83cb303876,/home/g24021555/uwrmaxsat/build/release/bin/uwrmaxsat -m /tmp/b2b_uwrmaxsat_nyqwfmg2/forumt-14crafc.forb0003.wcnf,,process exit code=30,,,maxsat,uwrmaxsat,,/home/g24021555/uwrmaxsat/build/release/bin/uwrmaxsat,staircase,sparse_suffix+distance_closure,0,59,"1,2,3,4,5,6,7,8,9,10,11,12,13,14,15,16,17,18,20,21,22,23,24,25,26,27,28,29,30,31,32,33,34,35,36,37,38,39,40,41,42,43,44,45,46,47,48,49,50,51,52,53,54,55,56,57,58,59,60",2362,8,0,0,"0,0,0,0,0,0,0,0,0,0,0,0,0,0,0,0,0,0,0,0,0,0,0,0,0,0,0,0,0,0,0,0,0,0,0,0,0,0,0,0,0,0,0,0,0,0,0,0,0,0,0,0,0,0,0,0,0,0,0,0","40,46,50,50,50,50,50,48,46,44","10,3,6,4,8,7,5,1,9,4,5,2,9,10,3,4,8,7,4,5,10,7,6,1,4,9,6,8,6,2,2,1,7,8,10,5,8,4,7,2,3,4,9,10,6,1,2,10,9,2,1,5,4,6,3,8,9,10,5,1,7,7,10,4,8,6,9,3,1,5,7,3,4,8,2,5,3,9,10,6,2,7,5,4,8,1,4,2,6,7,3,5,10,6,9,5,7,8,8,9,10,5,6,2,1,7,10,8,10,9,7,3,8,3,1,9,7,4,10,5,2,9,5,8,6,7,1,2,3,5,3,2,6,9,2,4,5,7,3,8,1,3,9,6,10,8,9,3,7,6,7,10,2,4,1,6,5,3,8,9,6,1,7,9,8,5,10,3,4,2,1,10,6,8,5,6,2,1,9,1,3,7,4,2,9,8,4,6,1,5,2,3,7,3,4,6,7,2,10,5,3,8,6,7,4,3,1,5,10,2,6,8,7,5,4,8,3,4,9,9,5,2,3,8,4,7,6,10,6,4,9,10,5,2,3,4,1",1:M8 M24 M32 M46 M51 M60 M69 M86 M105 M115 M127 M141 M155 M162 M171 M178 M180 M189 M207 M237 | 2:M12 M30 M31 M40 M47 M50 M75 M81 M88 M104 M121 M128 M132 M135 M153 M170 M177 M184 M191 M198 M210 M222 M234 | 3:M2 M15 M41 M55 M68 M72 M77 M91 M112 M114 M129 M131 M139 M142 M148 M158 M168 M181 M192 M194 M201 M206 M217 M223 M235 | 4:M4 M10 M16 M19 M25 M38 M42 M53 M64 M73 M84 M87 M118 M136 M154 M169 M183 M187 M195 M205 M215 M218 M225 M230 M236 | 5:M7 M11 M20 M36 M52 M59 M70 M76 M83 M92 M96 M102 M120 M123 M130 M137 M157 M166 M175 M190 M200 M208 M214 M221 M233 | 6:M3 M23 M27 M29 M45 M54 M66 M80 M89 M94 M103 M125 M133 M144 M150 M156 M161 M173 M176 M188 M196 M203 M211 M227 M229 | 7:M6 M18 M22 M33 M39 M61 M62 M71 M82 M90 M97 M106 M111 M117 M126 M138 M149 M151 M163 M182 M193 M197 M204 M213 M226 | 8:M5 M17 M28 M34 M37 M56 M65 M74 M85 M98 M99 M108 M113 M124 M140 M146 M159 M165 M174 M186 M202 M212 M216 M224 | 9:M9 M13 M26 M43 M49 M57 M67 M78 M95 M100 M110 M116 M122 M134 M143 M147 M160 M164 M179 M185 M219 M220 M231 | 10:M1 M14 M21 M35 M44 M48 M58 M63 M79 M93 M101 M107 M109 M119 M145 M152 M167 M172 M199 M209 M228 M232,"journal objective family: bg_d2 | F-selected distance-labelled E* domain propagation and cycle detection | precedence configuration: F=distance_closure, P=sparse_suffix, G=distance_closure | Full Domain MxT schedule variables + explicit unary exclusions | (20),(22)-(27) exactly once over full domains | (22)-(27) session/fixed/forbidden exclusions as hard unit clauses | (19) participant atMost-one per slot | (46),(47) clustered table capacity with compact forward channeling | (28) SparseSuffix precedence over distance_closure distance-labelled relations | exact break-group ends and unary break-group thresholds | exact schedule <-> usedSlot channeling | (43) exactly |Mp| full usedSlot variables | (44) atMost 2|L| busy participants per slot | (45) exact even number of busy participants | historical hard cap Delta_G <= 2",,,result
,,,,,,,,,forumt-14crafc.forb0003,b2b-bce7dbf98aba5ccc,b2b-lineage-forumt-14crafc,forbidden,R-PW-DE-ST-BGD2-IS-CD-IC12P,Reduced,Filter-E*,Pairwise,Direct-E,SpanThreshold,BreakGroupsD2,IncrementalSAT,IC12+,OPTIMAL,SAT,0,0,bg_d2,0,0,0,,,,,0.484167,False,70.512,,,,Compact,Compact/Reduced,project_implementation,incremental multi-phase SAT with persistent solver state,31501,,,,,,,83791,0,83791,2362,29139,202659,60,cfg5__m-reduced__p-pairwise__g-direct__b-span_threshold__o-break_groups_d2__s-incrementalsat__i-imp12plus__backend-cadical,cfg5__m-reduced__p-pairwise__g-direct__b-span_threshold__o-break_groups_d2__s-incrementalsat__i-imp12plus__backend-cadical,reduced,distance_closure,pairwise,direct,IncrementalSAT,CaDiCaL,1.5.3,imp12+,span_threshold,total_break_groups_subject_to_range_at_most_2,BGD2,IC12P,202659,0,0,416,56417,22404,4554,,0,236,6,,,,,,1,1447,10262,29144,10262,0.21930286799943133,5,"formalism-specific model size: SAT/MaxSAT reports base CNF and soft clauses, MIP reports variables/linear constraints/nonzeros, and CP reports integer variables plus linear/global constraints; SAT bound/totalizer overhead remains separate in optimizer_added_*",2370,2362,2362,2362,0,0,0,0,0,0,0,1,0.084017,0.00303,0.174425,,0.177455,0.306713,"wall-clock from immediately before reading/parsing the .dzn instance through model construction, optimization, solution decoding, and independent validation; excludes worker-process startup and result-file export",0,0,0,0,0,"0,0,0,0,0,0,0,0,0,0,0,0,0,0,0,0,0,0,0,0,0,0,0,0,0,0,0,0,0,0,0,0,0,0,0,0,0,0,0,0,0,0,0,0,0,0,0,0,0,0,0,0,0,0,0,0,0,0,0,0",peak_process_tree_rss_mb,bce7dbf98aba5ccce85590a33d809ac8a70ca93b44969f94e876f0a97df4a065,forb0003,data_table06_forb/forumt-14crafc.forb0003.dzn,2,../noves/forumt-14crafc.forb0003.dzn | ../noves/tic-14crafc.forb0003.dzn,2,data_table06_forb/forumt-14crafc.forb0003.dzn | data_table06_forb/tic-14crafc.forb0003.dzn,https://imae.udg.edu/Recerca/LAI/,https://ima.udg.edu/Recerca/lai/b2b/b2b.zip,ee1f440ab3f6db27ab712300ad3a54a31ffd5ec1e06f81a9ac37cb7202c56528,2026-08-10T10:42:19+00:00,7200.0,,ee80a6fbd8b513f7c010668495c39621a371266a,True,3.10.12,1.8.dev25,instance-20260810-085803,Linux-6.8.0-1064-gcp-x86_64-with-glibc2.35,x86_64,4,8,15988.059,1,0,/home/g24021555/Business-Meeting-Scheduling-Problem/.venv/bin/python3 /home/g24021555/Business-Meeting-Scheduling-Problem/src/Main.py --manifest instances_manifest.csv --family forbidden --solver sat_all --objective-mode bg_d2 --domain-mode both --domain-filter-graph both --precedence-encoding both --precedence-graph both --encoding-variant imp12+ --sat-backend cadical --maxsat-backend uwrmaxsat --uwrmaxsat-bin /home/g24021555/uwrmaxsat/build/release/bin/uwrmaxsat --timeout 7200 --csv output/full_matrix_bg_d2_forbidden.csv,,,,,,,,incremental,,cadical,,traditional,pairwise+direct,0,59,"1,2,3,4,5,6,7,8,9,10,11,12,13,14,15,16,17,18,20,21,22,23,24,25,26,27,28,29,30,31,32,33,34,35,36,37,38,39,40,41,42,43,44,45,46,47,48,49,50,51,52,53,54,55,56,57,58,59,60",2362,8,0,0,"0,0,0,0,0,0,0,0,0,0,0,0,0,0,0,0,0,0,0,0,0,0,0,0,0,0,0,0,0,0,0,0,0,0,0,0,0,0,0,0,0,0,0,0,0,0,0,0,0,0,0,0,0,0,0,0,0,0,0,0","42,44,48,50,50,50,50,50,46,44","9,1,3,7,8,5,4,2,3,7,4,3,9,10,2,6,7,8,5,3,7,10,9,1,5,8,9,7,9,1,3,9,1,5,6,4,7,8,3,1,6,10,9,2,5,4,3,8,4,1,6,10,5,2,7,10,5,9,3,4,6,5,6,10,9,4,1,7,2,8,6,7,8,1,10,2,8,3,6,7,10,4,2,1,9,5,8,10,5,7,9,6,3,2,4,7,6,5,2,8,4,6,5,7,9,4,2,1,8,6,9,7,4,3,7,6,10,8,5,4,2,5,6,3,5,6,1,4,2,3,8,3,5,4,10,1,8,3,2,7,9,7,6,1,10,3,3,10,8,9,5,6,3,2,4,7,10,1,8,9,10,9,1,5,7,4,8,6,2,4,7,8,10,9,4,7,2,3,8,9,8,7,1,8,2,5,2,1,3,4,5,6,1,2,10,5,4,9,6,7,10,5,9,3,7,6,1,10,2,8,3,6,4,5,8,10,1,4,6,6,4,10,2,9,3,5,8,7,9,4,8,10,6,2,1,3,5",1:M2 M24 M30 M33 M40 M50 M67 M74 M84 M108 M127 M136 M144 M158 M163 M183 M188 M193 M207 M217 M235 | 2:M8 M15 M44 M54 M69 M76 M83 M94 M99 M107 M121 M129 M139 M154 M169 M177 M185 M187 M194 M209 M223 M234 | 3:M3 M9 M12 M20 M31 M39 M47 M59 M78 M93 M114 M124 M130 M132 M138 M146 M147 M153 M178 M189 M204 M211 M225 M236 | 4:M7 M11 M36 M46 M49 M60 M66 M82 M95 M101 M106 M113 M120 M128 M134 M155 M166 M170 M175 M190 M197 M213 M218 M221 M230 | 5:M6 M19 M25 M34 M45 M53 M57 M62 M86 M89 M98 M103 M119 M122 M125 M133 M151 M164 M186 M191 M196 M202 M214 M226 M237 | 6:M16 M35 M41 M51 M61 M63 M71 M79 M92 M97 M102 M110 M116 M123 M126 M143 M152 M168 M192 M199 M206 M212 M219 M220 M233 | 7:M4 M10 M17 M21 M28 M37 M55 M68 M72 M80 M90 M96 M104 M112 M115 M140 M142 M156 M165 M171 M176 M182 M200 M205 M228 | 8:M5 M18 M26 M38 M48 M70 M73 M77 M87 M100 M109 M118 M131 M137 M149 M159 M167 M172 M179 M181 M184 M210 M215 M227 M231 | 9:M1 M13 M23 M27 M29 M32 M43 M58 M65 M85 M91 M105 M111 M141 M150 M160 M162 M174 M180 M198 M203 M224 M229 | 10:M14 M22 M42 M52 M56 M64 M75 M81 M88 M117 M135 M145 M148 M157 M161 M173 M195 M201 M208 M216 M222 M232,"journal objective family: bg_d2 | F-selected distance-labelled E* domain propagation and cycle detection | precedence configuration: F=distance_closure, P=pairwise, G=direct | Reduced Domain variables after unary filtering + matching GAC + slot saturation | (20),(22)-(27) exactly once over reduced domains | (19) participant atMost-one per slot | (46),(47) clustered table capacity with compact forward channeling | (28) Pairwise precedence over direct distance-labelled relations | exact break-group ends and unary break-group thresholds | exact schedule <-> usedSlot channeling | (43) exactly |Mp| reduced usedSlot variables | (44) atMost 2|L| busy participants per slot | (45) exact even number of busy participants | historical hard cap Delta_G <= 2",0,"(0,)",result
,,,,,,,,,forumt-14crafc.forb0003,b2b-bce7dbf98aba5ccc,b2b-lineage-forumt-14crafc,forbidden,R-PW-DE-ST-BGD2-NIS-CD-IC12P,Reduced,Filter-E*,Pairwise,Direct-E,SpanThreshold,BreakGroupsD2,NonIncrementalSAT,IC12+,OPTIMAL,SAT,0,0,bg_d2,0,0,0,,,,,1.258863,False,75.504,,,,Compact,Compact/Reduced,project_implementation,restart-based multi-phase SAT,31501,,,,,,,83791,0,83791,2362,29139,202659,60,cfg5__m-reduced__p-pairwise__g-direct__b-span_threshold__o-break_groups_d2__s-nonincrementalsat__i-imp12plus__backend-cadical,cfg5__m-reduced__p-pairwise__g-direct__b-span_threshold__o-break_groups_d2__s-nonincrementalsat__i-imp12plus__backend-cadical,reduced,distance_closure,pairwise,direct,NonIncrementalSAT,CaDiCaL,1.5.3,imp12+,span_threshold,total_break_groups_subject_to_range_at_most_2,BGD2,IC12P,202659,0,0,416,56417,22404,4554,,0,236,6,,,,,,6,4123,8444,20794,16008,1.0051852140004485,5,"formalism-specific model size: SAT/MaxSAT reports base CNF and soft clauses, MIP reports variables/linear constraints/nonzeros, and CP reports integer variables plus linear/global constraints; SAT bound/totalizer overhead remains separate in optimizer_added_*",2370,2362,2362,2362,0,0,0,0,0,0,0,1,0.082703,0.002779,0.173037,,0.175816,1.083047,"wall-clock from immediately before reading/parsing the .dzn instance through model construction, optimization, solution decoding, and independent validation; excludes worker-process startup and result-file export",0,0,0,0,0,"0,0,0,0,0,0,0,0,0,0,0,0,0,0,0,0,0,0,0,0,0,0,0,0,0,0,0,0,0,0,0,0,0,0,0,0,0,0,0,0,0,0,0,0,0,0,0,0,0,0,0,0,0,0,0,0,0,0,0,0",peak_process_tree_rss_mb,bce7dbf98aba5ccce85590a33d809ac8a70ca93b44969f94e876f0a97df4a065,forb0003,data_table06_forb/forumt-14crafc.forb0003.dzn,2,../noves/forumt-14crafc.forb0003.dzn | ../noves/tic-14crafc.forb0003.dzn,2,data_table06_forb/forumt-14crafc.forb0003.dzn | data_table06_forb/tic-14crafc.forb0003.dzn,https://imae.udg.edu/Recerca/LAI/,https://ima.udg.edu/Recerca/lai/b2b/b2b.zip,ee1f440ab3f6db27ab712300ad3a54a31ffd5ec1e06f81a9ac37cb7202c56528,2026-08-10T10:42:19+00:00,7200.0,,ee80a6fbd8b513f7c010668495c39621a371266a,True,3.10.12,1.8.dev25,instance-20260810-085803,Linux-6.8.0-1064-gcp-x86_64-with-glibc2.35,x86_64,4,8,15988.059,1,0,/home/g24021555/Business-Meeting-Scheduling-Problem/.venv/bin/python3 /home/g24021555/Business-Meeting-Scheduling-Problem/src/Main.py --manifest instances_manifest.csv --family forbidden --solver sat_all --objective-mode bg_d2 --domain-mode both --domain-filter-graph both --precedence-encoding both --precedence-graph both --encoding-variant imp12+ --sat-backend cadical --maxsat-backend uwrmaxsat --uwrmaxsat-bin /home/g24021555/uwrmaxsat/build/release/bin/uwrmaxsat --timeout 7200 --csv output/full_matrix_bg_d2_forbidden.csv,,,,,,,,multiple,,cadical,,traditional,pairwise+direct,0,59,"1,2,3,4,5,6,7,8,9,10,11,12,13,14,15,16,17,18,20,21,22,23,24,25,26,27,28,29,30,31,32,33,34,35,36,37,38,39,40,41,42,43,44,45,46,47,48,49,50,51,52,53,54,55,56,57,58,59,60",2362,8,0,0,"0,0,0,0,0,0,0,0,0,0,0,0,0,0,0,0,0,0,0,0,0,0,0,0,0,0,0,0,0,0,0,0,0,0,0,0,0,0,0,0,0,0,0,0,0,0,0,0,0,0,0,0,0,0,0,0,0,0,0,0","38,46,50,50,50,50,50,50,48,42","7,2,1,3,9,10,6,8,1,4,9,8,4,2,10,5,6,3,6,3,2,4,5,3,8,9,4,2,7,6,10,5,9,3,8,7,9,10,8,2,2,5,3,4,8,7,10,6,1,10,3,7,5,9,6,4,7,3,10,8,5,5,3,6,9,1,4,7,8,2,5,7,4,2,10,9,3,10,6,1,4,5,9,8,2,7,5,10,8,6,7,9,5,10,9,7,8,4,3,10,1,8,6,7,2,8,7,9,7,8,9,3,4,4,3,2,5,6,8,1,10,5,2,6,7,6,1,4,2,5,8,2,10,9,5,2,1,8,7,4,3,2,4,1,7,6,9,7,4,1,7,1,5,10,6,4,9,2,8,3,5,1,10,9,2,4,7,3,6,8,5,6,1,3,6,4,9,2,1,2,3,8,6,1,5,9,9,7,8,6,10,5,3,9,10,7,4,2,5,3,3,5,3,6,4,7,8,10,2,1,6,1,4,5,3,9,10,4,6,6,9,1,3,7,4,2,5,8,3,7,5,4,8,9,8,10,6",1:M3 M9 M49 M66 M80 M101 M120 M127 M137 M144 M150 M152 M162 M173 M179 M184 M210 M212 M222 | 2:M2 M14 M21 M28 M40 M41 M70 M74 M85 M105 M116 M123 M129 M132 M136 M142 M158 M165 M178 M180 M198 M209 M226 | 3:M4 M18 M20 M24 M34 M43 M51 M58 M63 M77 M99 M112 M115 M141 M160 M168 M174 M181 M193 M200 M201 M203 M215 M223 M229 | 4:M10 M13 M22 M27 M44 M56 M67 M73 M81 M98 M113 M114 M128 M140 M143 M149 M156 M166 M176 M197 M205 M213 M218 M225 M232 | 5:M16 M23 M32 M42 M53 M61 M62 M71 M82 M87 M93 M117 M122 M130 M135 M153 M161 M171 M185 M192 M199 M202 M214 M227 M231 | 6:M7 M17 M19 M30 M48 M55 M64 M79 M90 M103 M118 M124 M126 M146 M155 M169 M172 M175 M183 M190 M204 M211 M219 M220 M237 | 7:M1 M29 M36 M46 M52 M57 M68 M72 M86 M91 M96 M104 M107 M109 M125 M139 M145 M148 M151 M167 M188 M196 M206 M224 M230 | 8:M8 M12 M25 M35 M39 M45 M60 M69 M84 M89 M97 M102 M106 M110 M119 M131 M138 M159 M170 M182 M189 M207 M228 M233 M235 | 9:M5 M11 M26 M33 M37 M54 M65 M76 M83 M92 M95 M108 M111 M134 M147 M157 M164 M177 M186 M187 M194 M216 M221 M234 | 10:M6 M15 M31 M38 M47 M50 M59 M75 M78 M88 M94 M100 M121 M133 M154 M163 M191 M195 M208 M217 M236,"journal objective family: bg_d2 | F-selected distance-labelled E* domain propagation and cycle detection | precedence configuration: F=distance_closure, P=pairwise, G=direct | Reduced Domain variables after unary filtering + matching GAC + slot saturation | (20),(22)-(27) exactly once over reduced domains | (19) participant atMost-one per slot | (46),(47) clustered table capacity with compact forward channeling | (28) Pairwise precedence over direct distance-labelled relations | exact break-group ends and unary break-group thresholds | exact schedule <-> usedSlot channeling | (43) exactly |Mp| reduced usedSlot variables | (44) atMost 2|L| busy participants per slot | (45) exact even number of busy participants | historical hard cap Delta_G <= 2",0,"(0,)",result
,,,,,,,,,forumt-14crafc.forb0003,b2b-bce7dbf98aba5ccc,b2b-lineage-forumt-14crafc,forbidden,R-PW-DE-ST-BGD2-UW-IC12P,Reduced,Filter-E*,Pairwise,Direct-E,SpanThreshold,BreakGroupsD2,UWrMaxSAT,IC12+,OPTIMAL,SAT,0,0,bg_d2,0,0,0,,,0,1,0.468862,False,73.5,,,,Compact,Compact/Reduced,project_implementation,one-shot weighted MaxSAT,31501,,,,,,,83791,236,84027,2362,29139,202895,60,cfg5__m-reduced__p-pairwise__g-direct__b-span_threshold__o-break_groups_d2__s-uwrmaxsat__i-imp12plus__backend-uwrmaxsat,cfg5__m-reduced__p-pairwise__g-direct__b-span_threshold__o-break_groups_d2__s-uwrmaxsat__i-imp12plus__backend-uwrmaxsat,reduced,distance_closure,pairwise,direct,UWrMaxSAT,UWrMaxSAT,binary-sha256:8c68c8a386d3d7847b50d315143c2bab60e3514e59510e84a649db83cb303876,imp12+,span_threshold,total_break_groups_subject_to_range_at_most_2,BGD2,IC12P,202659,236,1,416,56417,22404,4554,1,236,236,1,,,,,,0,0,0,0,0,,,"formalism-specific model size: SAT/MaxSAT reports base CNF and soft clauses, MIP reports variables/linear constraints/nonzeros, and CP reports integer variables plus linear/global constraints; SAT bound/totalizer overhead remains separate in optimizer_added_*",2370,2362,2362,2362,0,0,0,0,0,0,0,1,0.084324,0.003027,0.17784,,0.180867,0.287996,"wall-clock from immediately before reading/parsing the .dzn instance through model construction, optimization, solution decoding, and independent validation; excludes worker-process startup and result-file export",0,0,0,0,0,"0,0,0,0,0,0,0,0,0,0,0,0,0,0,0,0,0,0,0,0,0,0,0,0,0,0,0,0,0,0,0,0,0,0,0,0,0,0,0,0,0,0,0,0,0,0,0,0,0,0,0,0,0,0,0,0,0,0,0,0",peak_process_tree_rss_mb,bce7dbf98aba5ccce85590a33d809ac8a70ca93b44969f94e876f0a97df4a065,forb0003,data_table06_forb/forumt-14crafc.forb0003.dzn,2,../noves/forumt-14crafc.forb0003.dzn | ../noves/tic-14crafc.forb0003.dzn,2,data_table06_forb/forumt-14crafc.forb0003.dzn | data_table06_forb/tic-14crafc.forb0003.dzn,https://imae.udg.edu/Recerca/LAI/,https://ima.udg.edu/Recerca/lai/b2b/b2b.zip,ee1f440ab3f6db27ab712300ad3a54a31ffd5ec1e06f81a9ac37cb7202c56528,2026-08-10T10:42:19+00:00,7200.0,,ee80a6fbd8b513f7c010668495c39621a371266a,True,3.10.12,1.8.dev25,instance-20260810-085803,Linux-6.8.0-1064-gcp-x86_64-with-glibc2.35,x86_64,4,8,15988.059,1,0,/home/g24021555/Business-Meeting-Scheduling-Problem/.venv/bin/python3 /home/g24021555/Business-Meeting-Scheduling-Problem/src/Main.py --manifest instances_manifest.csv --family forbidden --solver sat_all --objective-mode bg_d2 --domain-mode both --domain-filter-graph both --precedence-encoding both --precedence-graph both --encoding-variant imp12+ --sat-backend cadical --maxsat-backend uwrmaxsat --uwrmaxsat-bin /home/g24021555/uwrmaxsat/build/release/bin/uwrmaxsat --timeout 7200 --csv output/full_matrix_bg_d2_forbidden.csv,/home/g24021555/uwrmaxsat/build/release/bin/uwrmaxsat,8c68c8a386d3d7847b50d315143c2bab60e3514e59510e84a649db83cb303876,/home/g24021555/uwrmaxsat/build/release/bin/uwrmaxsat -m /tmp/b2b_uwrmaxsat_y20dvjhj/forumt-14crafc.forb0003.wcnf,,process exit code=30,,,maxsat,uwrmaxsat,,/home/g24021555/uwrmaxsat/build/release/bin/uwrmaxsat,traditional,pairwise+direct,0,59,"1,2,3,4,5,6,7,8,9,10,11,12,13,14,15,16,17,18,20,21,22,23,24,25,26,27,28,29,30,31,32,33,34,35,36,37,38,39,40,41,42,43,44,45,46,47,48,49,50,51,52,53,54,55,56,57,58,59,60",2362,8,0,0,"0,0,0,0,0,0,0,0,0,0,0,0,0,0,0,0,0,0,0,0,0,0,0,0,0,0,0,0,0,0,0,0,0,0,0,0,0,0,0,0,0,0,0,0,0,0,0,0,0,0,0,0,0,0,0,0,0,0,0,0","42,46,50,50,50,50,50,50,46,40","8,1,9,6,2,4,3,10,3,4,2,8,10,6,9,4,7,3,5,10,6,7,3,4,6,8,7,9,5,2,4,1,8,7,8,5,4,9,7,4,6,1,7,9,2,3,5,2,6,8,1,3,5,9,10,1,3,7,4,5,8,1,8,2,4,10,7,6,3,9,4,6,1,8,5,2,1,10,9,3,2,4,8,5,7,6,2,3,5,4,6,1,10,8,4,6,9,7,4,10,3,5,7,6,2,9,7,8,7,4,3,8,10,9,8,1,6,3,10,2,5,7,5,6,7,5,9,4,10,8,9,10,2,1,7,6,10,4,5,8,3,1,5,10,7,6,2,9,8,10,7,4,2,5,3,10,1,8,6,9,10,1,4,7,6,3,9,2,5,9,10,8,5,6,9,3,1,2,10,3,1,9,5,1,6,8,5,7,3,6,4,8,8,9,8,5,3,7,1,2,3,3,8,10,9,7,4,6,5,2,9,7,5,4,2,7,2,6,1,4,5,2,8,6,3,1,9,7,4,2,6,3,5,1,2,3,4",1:M2 M32 M42 M51 M56 M62 M73 M77 M92 M116 M134 M142 M157 M162 M177 M181 M184 M199 M219 M226 M234 | 2:M5 M11 M30 M45 M48 M64 M76 M81 M87 M105 M120 M133 M147 M153 M168 M178 M200 M210 M215 M217 M222 M230 M235 | 3:M7 M9 M18 M23 M46 M52 M57 M69 M80 M88 M101 M111 M118 M141 M155 M166 M176 M180 M189 M197 M201 M202 M225 M232 M236 | 4:M6 M10 M16 M24 M31 M37 M40 M59 M65 M71 M82 M90 M95 M99 M110 M128 M138 M152 M163 M191 M207 M214 M220 M229 M237 | 5:M19 M29 M36 M47 M53 M60 M75 M84 M89 M102 M121 M123 M126 M139 M143 M154 M169 M173 M183 M187 M196 M209 M213 M221 M233 | 6:M4 M14 M21 M25 M41 M49 M68 M72 M86 M91 M96 M104 M117 M124 M136 M146 M159 M165 M174 M185 M190 M208 M218 M224 M231 | 7:M17 M22 M27 M34 M39 M43 M58 M67 M85 M98 M103 M107 M109 M122 M125 M135 M145 M151 M164 M188 M198 M206 M212 M216 M228 | 8:M1 M12 M26 M33 M35 M50 M61 M63 M74 M83 M94 M108 M112 M115 M130 M140 M149 M158 M172 M186 M192 M193 M195 M203 M223 | 9:M3 M15 M28 M38 M44 M54 M70 M79 M97 M106 M114 M127 M131 M148 M160 M167 M170 M175 M182 M194 M205 M211 M227 | 10:M8 M13 M20 M55 M66 M78 M93 M100 M113 M119 M129 M132 M137 M144 M150 M156 M161 M171 M179 M204,"journal objective family: bg_d2 | F-selected distance-labelled E* domain propagation and cycle detection | precedence configuration: F=distance_closure, P=pairwise, G=direct | Reduced Domain variables after unary filtering + matching GAC + slot saturation | (20),(22)-(27) exactly once over reduced domains | (19) participant atMost-one per slot | (46),(47) clustered table capacity with compact forward channeling | (28) Pairwise precedence over direct distance-labelled relations | exact break-group ends and unary break-group thresholds | exact schedule <-> usedSlot channeling | (43) exactly |Mp| reduced usedSlot variables | (44) atMost 2|L| busy participants per slot | (45) exact even number of busy participants | historical hard cap Delta_G <= 2",,,result
,,,,,,,,,forumt-14crafc.forb0003,b2b-bce7dbf98aba5ccc,b2b-lineage-forumt-14crafc,forbidden,R-PW-DC-ST-BGD2-IS-CD-IC12P,Reduced,Filter-E*,Pairwise,DistanceClosure-E*,SpanThreshold,BreakGroupsD2,IncrementalSAT,IC12+,OPTIMAL,SAT,0,0,bg_d2,0,0,0,,,,,0.487023,False,70.473,,,,Compact,Compact/Reduced,project_implementation,incremental multi-phase SAT with persistent solver state,31501,,,,,,,83791,0,83791,2362,29139,202659,60,cfg5__m-reduced__p-pairwise__g-distance_closure__b-span_threshold__o-break_groups_d2__s-incrementalsat__i-imp12plus__backend-cadical,cfg5__m-reduced__p-pairwise__g-distance_closure__b-span_threshold__o-break_groups_d2__s-incrementalsat__i-imp12plus__backend-cadical,reduced,distance_closure,pairwise,distance_closure,IncrementalSAT,CaDiCaL,1.5.3,imp12+,span_threshold,total_break_groups_subject_to_range_at_most_2,BGD2,IC12P,202659,0,0,416,56417,22404,4554,,0,236,6,,,,,,1,1447,10262,29144,10262,0.2236799450001854,5,"formalism-specific model size: SAT/MaxSAT reports base CNF and soft clauses, MIP reports variables/linear constraints/nonzeros, and CP reports integer variables plus linear/global constraints; SAT bound/totalizer overhead remains separate in optimizer_added_*",2370,2362,2362,2362,0,0,0,0,0,0,0,1,0.084679,0.003,0.17696,,0.17996,0.307063,"wall-clock from immediately before reading/parsing the .dzn instance through model construction, optimization, solution decoding, and independent validation; excludes worker-process startup and result-file export",0,0,0,0,0,"0,0,0,0,0,0,0,0,0,0,0,0,0,0,0,0,0,0,0,0,0,0,0,0,0,0,0,0,0,0,0,0,0,0,0,0,0,0,0,0,0,0,0,0,0,0,0,0,0,0,0,0,0,0,0,0,0,0,0,0",peak_process_tree_rss_mb,bce7dbf98aba5ccce85590a33d809ac8a70ca93b44969f94e876f0a97df4a065,forb0003,data_table06_forb/forumt-14crafc.forb0003.dzn,2,../noves/forumt-14crafc.forb0003.dzn | ../noves/tic-14crafc.forb0003.dzn,2,data_table06_forb/forumt-14crafc.forb0003.dzn | data_table06_forb/tic-14crafc.forb0003.dzn,https://imae.udg.edu/Recerca/LAI/,https://ima.udg.edu/Recerca/lai/b2b/b2b.zip,ee1f440ab3f6db27ab712300ad3a54a31ffd5ec1e06f81a9ac37cb7202c56528,2026-08-10T10:42:19+00:00,7200.0,,ee80a6fbd8b513f7c010668495c39621a371266a,True,3.10.12,1.8.dev25,instance-20260810-085803,Linux-6.8.0-1064-gcp-x86_64-with-glibc2.35,x86_64,4,8,15988.059,1,0,/home/g24021555/Business-Meeting-Scheduling-Problem/.venv/bin/python3 /home/g24021555/Business-Meeting-Scheduling-Problem/src/Main.py --manifest instances_manifest.csv --family forbidden --solver sat_all --objective-mode bg_d2 --domain-mode both --domain-filter-graph both --precedence-encoding both --precedence-graph both --encoding-variant imp12+ --sat-backend cadical --maxsat-backend uwrmaxsat --uwrmaxsat-bin /home/g24021555/uwrmaxsat/build/release/bin/uwrmaxsat --timeout 7200 --csv output/full_matrix_bg_d2_forbidden.csv,,,,,,,,incremental,,cadical,,factorial,pairwise+distance_closure,0,59,"1,2,3,4,5,6,7,8,9,10,11,12,13,14,15,16,17,18,20,21,22,23,24,25,26,27,28,29,30,31,32,33,34,35,36,37,38,39,40,41,42,43,44,45,46,47,48,49,50,51,52,53,54,55,56,57,58,59,60",2362,8,0,0,"0,0,0,0,0,0,0,0,0,0,0,0,0,0,0,0,0,0,0,0,0,0,0,0,0,0,0,0,0,0,0,0,0,0,0,0,0,0,0,0,0,0,0,0,0,0,0,0,0,0,0,0,0,0,0,0,0,0,0,0","42,44,48,50,50,50,50,50,46,44","9,1,3,7,8,5,4,2,3,7,4,3,9,10,2,6,7,8,5,3,7,10,9,1,5,8,9,7,9,1,3,9,1,5,6,4,7,8,3,1,6,10,9,2,5,4,3,8,4,1,6,10,5,2,7,10,5,9,3,4,6,5,6,10,9,4,1,7,2,8,6,7,8,1,10,2,8,3,6,7,10,4,2,1,9,5,8,10,5,7,9,6,3,2,4,7,6,5,2,8,4,6,5,7,9,4,2,1,8,6,9,7,4,3,7,6,10,8,5,4,2,5,6,3,5,6,1,4,2,3,8,3,5,4,10,1,8,3,2,7,9,7,6,1,10,3,3,10,8,9,5,6,3,2,4,7,10,1,8,9,10,9,1,5,7,4,8,6,2,4,7,8,10,9,4,7,2,3,8,9,8,7,1,8,2,5,2,1,3,4,5,6,1,2,10,5,4,9,6,7,10,5,9,3,7,6,1,10,2,8,3,6,4,5,8,10,1,4,6,6,4,10,2,9,3,5,8,7,9,4,8,10,6,2,1,3,5",1:M2 M24 M30 M33 M40 M50 M67 M74 M84 M108 M127 M136 M144 M158 M163 M183 M188 M193 M207 M217 M235 | 2:M8 M15 M44 M54 M69 M76 M83 M94 M99 M107 M121 M129 M139 M154 M169 M177 M185 M187 M194 M209 M223 M234 | 3:M3 M9 M12 M20 M31 M39 M47 M59 M78 M93 M114 M124 M130 M132 M138 M146 M147 M153 M178 M189 M204 M211 M225 M236 | 4:M7 M11 M36 M46 M49 M60 M66 M82 M95 M101 M106 M113 M120 M128 M134 M155 M166 M170 M175 M190 M197 M213 M218 M221 M230 | 5:M6 M19 M25 M34 M45 M53 M57 M62 M86 M89 M98 M103 M119 M122 M125 M133 M151 M164 M186 M191 M196 M202 M214 M226 M237 | 6:M16 M35 M41 M51 M61 M63 M71 M79 M92 M97 M102 M110 M116 M123 M126 M143 M152 M168 M192 M199 M206 M212 M219 M220 M233 | 7:M4 M10 M17 M21 M28 M37 M55 M68 M72 M80 M90 M96 M104 M112 M115 M140 M142 M156 M165 M171 M176 M182 M200 M205 M228 | 8:M5 M18 M26 M38 M48 M70 M73 M77 M87 M100 M109 M118 M131 M137 M149 M159 M167 M172 M179 M181 M184 M210 M215 M227 M231 | 9:M1 M13 M23 M27 M29 M32 M43 M58 M65 M85 M91 M105 M111 M141 M150 M160 M162 M174 M180 M198 M203 M224 M229 | 10:M14 M22 M42 M52 M56 M64 M75 M81 M88 M117 M135 M145 M148 M157 M161 M173 M195 M201 M208 M216 M222 M232,"journal objective family: bg_d2 | F-selected distance-labelled E* domain propagation and cycle detection | precedence configuration: F=distance_closure, P=pairwise, G=distance_closure | Reduced Domain variables after unary filtering + matching GAC + slot saturation | (20),(22)-(27) exactly once over reduced domains | (19) participant atMost-one per slot | (46),(47) clustered table capacity with compact forward channeling | (28) Pairwise precedence over distance_closure distance-labelled relations | exact break-group ends and unary break-group thresholds | exact schedule <-> usedSlot channeling | (43) exactly |Mp| reduced usedSlot variables | (44) atMost 2|L| busy participants per slot | (45) exact even number of busy participants | historical hard cap Delta_G <= 2",0,"(0,)",result
,,,,,,,,,forumt-14crafc.forb0003,b2b-bce7dbf98aba5ccc,b2b-lineage-forumt-14crafc,forbidden,R-PW-DC-ST-BGD2-NIS-CD-IC12P,Reduced,Filter-E*,Pairwise,DistanceClosure-E*,SpanThreshold,BreakGroupsD2,NonIncrementalSAT,IC12+,OPTIMAL,SAT,0,0,bg_d2,0,0,0,,,,,1.278222,False,75.383,,,,Compact,Compact/Reduced,project_implementation,restart-based multi-phase SAT,31501,,,,,,,83791,0,83791,2362,29139,202659,60,cfg5__m-reduced__p-pairwise__g-distance_closure__b-span_threshold__o-break_groups_d2__s-nonincrementalsat__i-imp12plus__backend-cadical,cfg5__m-reduced__p-pairwise__g-distance_closure__b-span_threshold__o-break_groups_d2__s-nonincrementalsat__i-imp12plus__backend-cadical,reduced,distance_closure,pairwise,distance_closure,NonIncrementalSAT,CaDiCaL,1.5.3,imp12+,span_threshold,total_break_groups_subject_to_range_at_most_2,BGD2,IC12P,202659,0,0,416,56417,22404,4554,,0,236,6,,,,,,6,4123,8444,20794,16008,1.020689406999736,5,"formalism-specific model size: SAT/MaxSAT reports base CNF and soft clauses, MIP reports variables/linear constraints/nonzeros, and CP reports integer variables plus linear/global constraints; SAT bound/totalizer overhead remains separate in optimizer_added_*",2370,2362,2362,2362,0,0,0,0,0,0,0,1,0.082495,0.002674,0.172337,,0.175012,1.10321,"wall-clock from immediately before reading/parsing the .dzn instance through model construction, optimization, solution decoding, and independent validation; excludes worker-process startup and result-file export",0,0,0,0,0,"0,0,0,0,0,0,0,0,0,0,0,0,0,0,0,0,0,0,0,0,0,0,0,0,0,0,0,0,0,0,0,0,0,0,0,0,0,0,0,0,0,0,0,0,0,0,0,0,0,0,0,0,0,0,0,0,0,0,0,0",peak_process_tree_rss_mb,bce7dbf98aba5ccce85590a33d809ac8a70ca93b44969f94e876f0a97df4a065,forb0003,data_table06_forb/forumt-14crafc.forb0003.dzn,2,../noves/forumt-14crafc.forb0003.dzn | ../noves/tic-14crafc.forb0003.dzn,2,data_table06_forb/forumt-14crafc.forb0003.dzn | data_table06_forb/tic-14crafc.forb0003.dzn,https://imae.udg.edu/Recerca/LAI/,https://ima.udg.edu/Recerca/lai/b2b/b2b.zip,ee1f440ab3f6db27ab712300ad3a54a31ffd5ec1e06f81a9ac37cb7202c56528,2026-08-10T10:42:19+00:00,7200.0,,ee80a6fbd8b513f7c010668495c39621a371266a,True,3.10.12,1.8.dev25,instance-20260810-085803,Linux-6.8.0-1064-gcp-x86_64-with-glibc2.35,x86_64,4,8,15988.059,1,0,/home/g24021555/Business-Meeting-Scheduling-Problem/.venv/bin/python3 /home/g24021555/Business-Meeting-Scheduling-Problem/src/Main.py --manifest instances_manifest.csv --family forbidden --solver sat_all --objective-mode bg_d2 --domain-mode both --domain-filter-graph both --precedence-encoding both --precedence-graph both --encoding-variant imp12+ --sat-backend cadical --maxsat-backend uwrmaxsat --uwrmaxsat-bin /home/g24021555/uwrmaxsat/build/release/bin/uwrmaxsat --timeout 7200 --csv output/full_matrix_bg_d2_forbidden.csv,,,,,,,,multiple,,cadical,,factorial,pairwise+distance_closure,0,59,"1,2,3,4,5,6,7,8,9,10,11,12,13,14,15,16,17,18,20,21,22,23,24,25,26,27,28,29,30,31,32,33,34,35,36,37,38,39,40,41,42,43,44,45,46,47,48,49,50,51,52,53,54,55,56,57,58,59,60",2362,8,0,0,"0,0,0,0,0,0,0,0,0,0,0,0,0,0,0,0,0,0,0,0,0,0,0,0,0,0,0,0,0,0,0,0,0,0,0,0,0,0,0,0,0,0,0,0,0,0,0,0,0,0,0,0,0,0,0,0,0,0,0,0","38,46,50,50,50,50,50,50,48,42","7,2,1,3,9,10,6,8,1,4,9,8,4,2,10,5,6,3,6,3,2,4,5,3,8,9,4,2,7,6,10,5,9,3,8,7,9,10,8,2,2,5,3,4,8,7,10,6,1,10,3,7,5,9,6,4,7,3,10,8,5,5,3,6,9,1,4,7,8,2,5,7,4,2,10,9,3,10,6,1,4,5,9,8,2,7,5,10,8,6,7,9,5,10,9,7,8,4,3,10,1,8,6,7,2,8,7,9,7,8,9,3,4,4,3,2,5,6,8,1,10,5,2,6,7,6,1,4,2,5,8,2,10,9,5,2,1,8,7,4,3,2,4,1,7,6,9,7,4,1,7,1,5,10,6,4,9,2,8,3,5,1,10,9,2,4,7,3,6,8,5,6,1,3,6,4,9,2,1,2,3,8,6,1,5,9,9,7,8,6,10,5,3,9,10,7,4,2,5,3,3,5,3,6,4,7,8,10,2,1,6,1,4,5,3,9,10,4,6,6,9,1,3,7,4,2,5,8,3,7,5,4,8,9,8,10,6",1:M3 M9 M49 M66 M80 M101 M120 M127 M137 M144 M150 M152 M162 M173 M179 M184 M210 M212 M222 | 2:M2 M14 M21 M28 M40 M41 M70 M74 M85 M105 M116 M123 M129 M132 M136 M142 M158 M165 M178 M180 M198 M209 M226 | 3:M4 M18 M20 M24 M34 M43 M51 M58 M63 M77 M99 M112 M115 M141 M160 M168 M174 M181 M193 M200 M201 M203 M215 M223 M229 | 4:M10 M13 M22 M27 M44 M56 M67 M73 M81 M98 M113 M114 M128 M140 M143 M149 M156 M166 M176 M197 M205 M213 M218 M225 M232 | 5:M16 M23 M32 M42 M53 M61 M62 M71 M82 M87 M93 M117 M122 M130 M135 M153 M161 M171 M185 M192 M199 M202 M214 M227 M231 | 6:M7 M17 M19 M30 M48 M55 M64 M79 M90 M103 M118 M124 M126 M146 M155 M169 M172 M175 M183 M190 M204 M211 M219 M220 M237 | 7:M1 M29 M36 M46 M52 M57 M68 M72 M86 M91 M96 M104 M107 M109 M125 M139 M145 M148 M151 M167 M188 M196 M206 M224 M230 | 8:M8 M12 M25 M35 M39 M45 M60 M69 M84 M89 M97 M102 M106 M110 M119 M131 M138 M159 M170 M182 M189 M207 M228 M233 M235 | 9:M5 M11 M26 M33 M37 M54 M65 M76 M83 M92 M95 M108 M111 M134 M147 M157 M164 M177 M186 M187 M194 M216 M221 M234 | 10:M6 M15 M31 M38 M47 M50 M59 M75 M78 M88 M94 M100 M121 M133 M154 M163 M191 M195 M208 M217 M236,"journal objective family: bg_d2 | F-selected distance-labelled E* domain propagation and cycle detection | precedence configuration: F=distance_closure, P=pairwise, G=distance_closure | Reduced Domain variables after unary filtering + matching GAC + slot saturation | (20),(22)-(27) exactly once over reduced domains | (19) participant atMost-one per slot | (46),(47) clustered table capacity with compact forward channeling | (28) Pairwise precedence over distance_closure distance-labelled relations | exact break-group ends and unary break-group thresholds | exact schedule <-> usedSlot channeling | (43) exactly |Mp| reduced usedSlot variables | (44) atMost 2|L| busy participants per slot | (45) exact even number of busy participants | historical hard cap Delta_G <= 2",0,"(0,)",result
,,,,,,,,,forumt-14crafc.forb0003,b2b-bce7dbf98aba5ccc,b2b-lineage-forumt-14crafc,forbidden,R-PW-DC-ST-BGD2-UW-IC12P,Reduced,Filter-E*,Pairwise,DistanceClosure-E*,SpanThreshold,BreakGroupsD2,UWrMaxSAT,IC12+,OPTIMAL,SAT,0,0,bg_d2,0,0,0,,,0,1,0.46825,False,73.562,,,,Compact,Compact/Reduced,project_implementation,one-shot weighted MaxSAT,31501,,,,,,,83791,236,84027,2362,29139,202895,60,cfg5__m-reduced__p-pairwise__g-distance_closure__b-span_threshold__o-break_groups_d2__s-uwrmaxsat__i-imp12plus__backend-uwrmaxsat,cfg5__m-reduced__p-pairwise__g-distance_closure__b-span_threshold__o-break_groups_d2__s-uwrmaxsat__i-imp12plus__backend-uwrmaxsat,reduced,distance_closure,pairwise,distance_closure,UWrMaxSAT,UWrMaxSAT,binary-sha256:8c68c8a386d3d7847b50d315143c2bab60e3514e59510e84a649db83cb303876,imp12+,span_threshold,total_break_groups_subject_to_range_at_most_2,BGD2,IC12P,202659,236,1,416,56417,22404,4554,1,236,236,1,,,,,,0,0,0,0,0,,,"formalism-specific model size: SAT/MaxSAT reports base CNF and soft clauses, MIP reports variables/linear constraints/nonzeros, and CP reports integer variables plus linear/global constraints; SAT bound/totalizer overhead remains separate in optimizer_added_*",2370,2362,2362,2362,0,0,0,0,0,0,0,1,0.084165,0.002653,0.1785,,0.181154,0.287096,"wall-clock from immediately before reading/parsing the .dzn instance through model construction, optimization, solution decoding, and independent validation; excludes worker-process startup and result-file export",0,0,0,0,0,"0,0,0,0,0,0,0,0,0,0,0,0,0,0,0,0,0,0,0,0,0,0,0,0,0,0,0,0,0,0,0,0,0,0,0,0,0,0,0,0,0,0,0,0,0,0,0,0,0,0,0,0,0,0,0,0,0,0,0,0",peak_process_tree_rss_mb,bce7dbf98aba5ccce85590a33d809ac8a70ca93b44969f94e876f0a97df4a065,forb0003,data_table06_forb/forumt-14crafc.forb0003.dzn,2,../noves/forumt-14crafc.forb0003.dzn | ../noves/tic-14crafc.forb0003.dzn,2,data_table06_forb/forumt-14crafc.forb0003.dzn | data_table06_forb/tic-14crafc.forb0003.dzn,https://imae.udg.edu/Recerca/LAI/,https://ima.udg.edu/Recerca/lai/b2b/b2b.zip,ee1f440ab3f6db27ab712300ad3a54a31ffd5ec1e06f81a9ac37cb7202c56528,2026-08-10T10:42:19+00:00,7200.0,,ee80a6fbd8b513f7c010668495c39621a371266a,True,3.10.12,1.8.dev25,instance-20260810-085803,Linux-6.8.0-1064-gcp-x86_64-with-glibc2.35,x86_64,4,8,15988.059,1,0,/home/g24021555/Business-Meeting-Scheduling-Problem/.venv/bin/python3 /home/g24021555/Business-Meeting-Scheduling-Problem/src/Main.py --manifest instances_manifest.csv --family forbidden --solver sat_all --objective-mode bg_d2 --domain-mode both --domain-filter-graph both --precedence-encoding both --precedence-graph both --encoding-variant imp12+ --sat-backend cadical --maxsat-backend uwrmaxsat --uwrmaxsat-bin /home/g24021555/uwrmaxsat/build/release/bin/uwrmaxsat --timeout 7200 --csv output/full_matrix_bg_d2_forbidden.csv,/home/g24021555/uwrmaxsat/build/release/bin/uwrmaxsat,8c68c8a386d3d7847b50d315143c2bab60e3514e59510e84a649db83cb303876,/home/g24021555/uwrmaxsat/build/release/bin/uwrmaxsat -m /tmp/b2b_uwrmaxsat_dsa7qvoh/forumt-14crafc.forb0003.wcnf,,process exit code=30,,,maxsat,uwrmaxsat,,/home/g24021555/uwrmaxsat/build/release/bin/uwrmaxsat,factorial,pairwise+distance_closure,0,59,"1,2,3,4,5,6,7,8,9,10,11,12,13,14,15,16,17,18,20,21,22,23,24,25,26,27,28,29,30,31,32,33,34,35,36,37,38,39,40,41,42,43,44,45,46,47,48,49,50,51,52,53,54,55,56,57,58,59,60",2362,8,0,0,"0,0,0,0,0,0,0,0,0,0,0,0,0,0,0,0,0,0,0,0,0,0,0,0,0,0,0,0,0,0,0,0,0,0,0,0,0,0,0,0,0,0,0,0,0,0,0,0,0,0,0,0,0,0,0,0,0,0,0,0","42,46,50,50,50,50,50,50,46,40","8,1,9,6,2,4,3,10,3,4,2,8,10,6,9,4,7,3,5,10,6,7,3,4,6,8,7,9,5,2,4,1,8,7,8,5,4,9,7,4,6,1,7,9,2,3,5,2,6,8,1,3,5,9,10,1,3,7,4,5,8,1,8,2,4,10,7,6,3,9,4,6,1,8,5,2,1,10,9,3,2,4,8,5,7,6,2,3,5,4,6,1,10,8,4,6,9,7,4,10,3,5,7,6,2,9,7,8,7,4,3,8,10,9,8,1,6,3,10,2,5,7,5,6,7,5,9,4,10,8,9,10,2,1,7,6,10,4,5,8,3,1,5,10,7,6,2,9,8,10,7,4,2,5,3,10,1,8,6,9,10,1,4,7,6,3,9,2,5,9,10,8,5,6,9,3,1,2,10,3,1,9,5,1,6,8,5,7,3,6,4,8,8,9,8,5,3,7,1,2,3,3,8,10,9,7,4,6,5,2,9,7,5,4,2,7,2,6,1,4,5,2,8,6,3,1,9,7,4,2,6,3,5,1,2,3,4",1:M2 M32 M42 M51 M56 M62 M73 M77 M92 M116 M134 M142 M157 M162 M177 M181 M184 M199 M219 M226 M234 | 2:M5 M11 M30 M45 M48 M64 M76 M81 M87 M105 M120 M133 M147 M153 M168 M178 M200 M210 M215 M217 M222 M230 M235 | 3:M7 M9 M18 M23 M46 M52 M57 M69 M80 M88 M101 M111 M118 M141 M155 M166 M176 M180 M189 M197 M201 M202 M225 M232 M236 | 4:M6 M10 M16 M24 M31 M37 M40 M59 M65 M71 M82 M90 M95 M99 M110 M128 M138 M152 M163 M191 M207 M214 M220 M229 M237 | 5:M19 M29 M36 M47 M53 M60 M75 M84 M89 M102 M121 M123 M126 M139 M143 M154 M169 M173 M183 M187 M196 M209 M213 M221 M233 | 6:M4 M14 M21 M25 M41 M49 M68 M72 M86 M91 M96 M104 M117 M124 M136 M146 M159 M165 M174 M185 M190 M208 M218 M224 M231 | 7:M17 M22 M27 M34 M39 M43 M58 M67 M85 M98 M103 M107 M109 M122 M125 M135 M145 M151 M164 M188 M198 M206 M212 M216 M228 | 8:M1 M12 M26 M33 M35 M50 M61 M63 M74 M83 M94 M108 M112 M115 M130 M140 M149 M158 M172 M186 M192 M193 M195 M203 M223 | 9:M3 M15 M28 M38 M44 M54 M70 M79 M97 M106 M114 M127 M131 M148 M160 M167 M170 M175 M182 M194 M205 M211 M227 | 10:M8 M13 M20 M55 M66 M78 M93 M100 M113 M119 M129 M132 M137 M144 M150 M156 M161 M171 M179 M204,"journal objective family: bg_d2 | F-selected distance-labelled E* domain propagation and cycle detection | precedence configuration: F=distance_closure, P=pairwise, G=distance_closure | Reduced Domain variables after unary filtering + matching GAC + slot saturation | (20),(22)-(27) exactly once over reduced domains | (19) participant atMost-one per slot | (46),(47) clustered table capacity with compact forward channeling | (28) Pairwise precedence over distance_closure distance-labelled relations | exact break-group ends and unary break-group thresholds | exact schedule <-> usedSlot channeling | (43) exactly |Mp| reduced usedSlot variables | (44) atMost 2|L| busy participants per slot | (45) exact even number of busy participants | historical hard cap Delta_G <= 2",,,result
,,,,,,,,,forumt-14crafc.forb0003,b2b-bce7dbf98aba5ccc,b2b-lineage-forumt-14crafc,forbidden,R-SS-DE-ST-BGD2-IS-CD-IC12P,Reduced,Filter-E*,SparseSuffix,Direct-E,SpanThreshold,BreakGroupsD2,IncrementalSAT,IC12+,OPTIMAL,SAT,0,0,bg_d2,0,0,0,,,,,0.481549,False,70.371,,,,Compact,Compact/Reduced,project_implementation,incremental multi-phase SAT with persistent solver state,31501,,,,,,,83791,0,83791,2362,29139,202659,60,cfg5__m-reduced__p-sparse_suffix__g-direct__b-span_threshold__o-break_groups_d2__s-incrementalsat__i-imp12plus__backend-cadical,cfg5__m-reduced__p-sparse_suffix__g-direct__b-span_threshold__o-break_groups_d2__s-incrementalsat__i-imp12plus__backend-cadical,reduced,distance_closure,sparse_suffix,direct,IncrementalSAT,CaDiCaL,1.5.3,imp12+,span_threshold,total_break_groups_subject_to_range_at_most_2,BGD2,IC12P,202659,0,0,416,56417,22404,4554,,0,236,6,,,,,,1,1447,10262,29144,10262,0.22147156100072607,5,"formalism-specific model size: SAT/MaxSAT reports base CNF and soft clauses, MIP reports variables/linear constraints/nonzeros, and CP reports integer variables plus linear/global constraints; SAT bound/totalizer overhead remains separate in optimizer_added_*",2370,2362,2362,2362,0,0,0,0,0,0,0,1,0.086117,0.002594,0.175004,,0.177599,0.30395,"wall-clock from immediately before reading/parsing the .dzn instance through model construction, optimization, solution decoding, and independent validation; excludes worker-process startup and result-file export",0,0,0,0,0,"0,0,0,0,0,0,0,0,0,0,0,0,0,0,0,0,0,0,0,0,0,0,0,0,0,0,0,0,0,0,0,0,0,0,0,0,0,0,0,0,0,0,0,0,0,0,0,0,0,0,0,0,0,0,0,0,0,0,0,0",peak_process_tree_rss_mb,bce7dbf98aba5ccce85590a33d809ac8a70ca93b44969f94e876f0a97df4a065,forb0003,data_table06_forb/forumt-14crafc.forb0003.dzn,2,../noves/forumt-14crafc.forb0003.dzn | ../noves/tic-14crafc.forb0003.dzn,2,data_table06_forb/forumt-14crafc.forb0003.dzn | data_table06_forb/tic-14crafc.forb0003.dzn,https://imae.udg.edu/Recerca/LAI/,https://ima.udg.edu/Recerca/lai/b2b/b2b.zip,ee1f440ab3f6db27ab712300ad3a54a31ffd5ec1e06f81a9ac37cb7202c56528,2026-08-10T10:42:19+00:00,7200.0,,ee80a6fbd8b513f7c010668495c39621a371266a,True,3.10.12,1.8.dev25,instance-20260810-085803,Linux-6.8.0-1064-gcp-x86_64-with-glibc2.35,x86_64,4,8,15988.059,1,0,/home/g24021555/Business-Meeting-Scheduling-Problem/.venv/bin/python3 /home/g24021555/Business-Meeting-Scheduling-Problem/src/Main.py --manifest instances_manifest.csv --family forbidden --solver sat_all --objective-mode bg_d2 --domain-mode both --domain-filter-graph both --precedence-encoding both --precedence-graph both --encoding-variant imp12+ --sat-backend cadical --maxsat-backend uwrmaxsat --uwrmaxsat-bin /home/g24021555/uwrmaxsat/build/release/bin/uwrmaxsat --timeout 7200 --csv output/full_matrix_bg_d2_forbidden.csv,,,,,,,,incremental,,cadical,,factorial,sparse_suffix+direct,0,59,"1,2,3,4,5,6,7,8,9,10,11,12,13,14,15,16,17,18,20,21,22,23,24,25,26,27,28,29,30,31,32,33,34,35,36,37,38,39,40,41,42,43,44,45,46,47,48,49,50,51,52,53,54,55,56,57,58,59,60",2362,8,0,0,"0,0,0,0,0,0,0,0,0,0,0,0,0,0,0,0,0,0,0,0,0,0,0,0,0,0,0,0,0,0,0,0,0,0,0,0,0,0,0,0,0,0,0,0,0,0,0,0,0,0,0,0,0,0,0,0,0,0,0,0","42,44,48,50,50,50,50,50,46,44","9,1,3,7,8,5,4,2,3,7,4,3,9,10,2,6,7,8,5,3,7,10,9,1,5,8,9,7,9,1,3,9,1,5,6,4,7,8,3,1,6,10,9,2,5,4,3,8,4,1,6,10,5,2,7,10,5,9,3,4,6,5,6,10,9,4,1,7,2,8,6,7,8,1,10,2,8,3,6,7,10,4,2,1,9,5,8,10,5,7,9,6,3,2,4,7,6,5,2,8,4,6,5,7,9,4,2,1,8,6,9,7,4,3,7,6,10,8,5,4,2,5,6,3,5,6,1,4,2,3,8,3,5,4,10,1,8,3,2,7,9,7,6,1,10,3,3,10,8,9,5,6,3,2,4,7,10,1,8,9,10,9,1,5,7,4,8,6,2,4,7,8,10,9,4,7,2,3,8,9,8,7,1,8,2,5,2,1,3,4,5,6,1,2,10,5,4,9,6,7,10,5,9,3,7,6,1,10,2,8,3,6,4,5,8,10,1,4,6,6,4,10,2,9,3,5,8,7,9,4,8,10,6,2,1,3,5",1:M2 M24 M30 M33 M40 M50 M67 M74 M84 M108 M127 M136 M144 M158 M163 M183 M188 M193 M207 M217 M235 | 2:M8 M15 M44 M54 M69 M76 M83 M94 M99 M107 M121 M129 M139 M154 M169 M177 M185 M187 M194 M209 M223 M234 | 3:M3 M9 M12 M20 M31 M39 M47 M59 M78 M93 M114 M124 M130 M132 M138 M146 M147 M153 M178 M189 M204 M211 M225 M236 | 4:M7 M11 M36 M46 M49 M60 M66 M82 M95 M101 M106 M113 M120 M128 M134 M155 M166 M170 M175 M190 M197 M213 M218 M221 M230 | 5:M6 M19 M25 M34 M45 M53 M57 M62 M86 M89 M98 M103 M119 M122 M125 M133 M151 M164 M186 M191 M196 M202 M214 M226 M237 | 6:M16 M35 M41 M51 M61 M63 M71 M79 M92 M97 M102 M110 M116 M123 M126 M143 M152 M168 M192 M199 M206 M212 M219 M220 M233 | 7:M4 M10 M17 M21 M28 M37 M55 M68 M72 M80 M90 M96 M104 M112 M115 M140 M142 M156 M165 M171 M176 M182 M200 M205 M228 | 8:M5 M18 M26 M38 M48 M70 M73 M77 M87 M100 M109 M118 M131 M137 M149 M159 M167 M172 M179 M181 M184 M210 M215 M227 M231 | 9:M1 M13 M23 M27 M29 M32 M43 M58 M65 M85 M91 M105 M111 M141 M150 M160 M162 M174 M180 M198 M203 M224 M229 | 10:M14 M22 M42 M52 M56 M64 M75 M81 M88 M117 M135 M145 M148 M157 M161 M173 M195 M201 M208 M216 M222 M232,"journal objective family: bg_d2 | F-selected distance-labelled E* domain propagation and cycle detection | precedence configuration: F=distance_closure, P=sparse_suffix, G=direct | Reduced Domain variables after unary filtering + matching GAC + slot saturation | (20),(22)-(27) exactly once over reduced domains | (19) participant atMost-one per slot | (46),(47) clustered table capacity with compact forward channeling | (28) SparseSuffix precedence over direct distance-labelled relations | exact break-group ends and unary break-group thresholds | exact schedule <-> usedSlot channeling | (43) exactly |Mp| reduced usedSlot variables | (44) atMost 2|L| busy participants per slot | (45) exact even number of busy participants | historical hard cap Delta_G <= 2",0,"(0,)",result
,,,,,,,,,forumt-14crafc.forb0003,b2b-bce7dbf98aba5ccc,b2b-lineage-forumt-14crafc,forbidden,R-SS-DE-ST-BGD2-NIS-CD-IC12P,Reduced,Filter-E*,SparseSuffix,Direct-E,SpanThreshold,BreakGroupsD2,NonIncrementalSAT,IC12+,OPTIMAL,SAT,0,0,bg_d2,0,0,0,,,,,1.292875,False,76.105,,,,Compact,Compact/Reduced,project_implementation,restart-based multi-phase SAT,31501,,,,,,,83791,0,83791,2362,29139,202659,60,cfg5__m-reduced__p-sparse_suffix__g-direct__b-span_threshold__o-break_groups_d2__s-nonincrementalsat__i-imp12plus__backend-cadical,cfg5__m-reduced__p-sparse_suffix__g-direct__b-span_threshold__o-break_groups_d2__s-nonincrementalsat__i-imp12plus__backend-cadical,reduced,distance_closure,sparse_suffix,direct,NonIncrementalSAT,CaDiCaL,1.5.3,imp12+,span_threshold,total_break_groups_subject_to_range_at_most_2,BGD2,IC12P,202659,0,0,416,56417,22404,4554,,0,236,6,,,,,,6,4123,8444,20794,16008,1.0300937689999046,5,"formalism-specific model size: SAT/MaxSAT reports base CNF and soft clauses, MIP reports variables/linear constraints/nonzeros, and CP reports integer variables plus linear/global constraints; SAT bound/totalizer overhead remains separate in optimizer_added_*",2370,2362,2362,2362,0,0,0,0,0,0,0,1,0.081898,0.002609,0.175106,,0.177715,1.115159,"wall-clock from immediately before reading/parsing the .dzn instance through model construction, optimization, solution decoding, and independent validation; excludes worker-process startup and result-file export",0,0,0,0,0,"0,0,0,0,0,0,0,0,0,0,0,0,0,0,0,0,0,0,0,0,0,0,0,0,0,0,0,0,0,0,0,0,0,0,0,0,0,0,0,0,0,0,0,0,0,0,0,0,0,0,0,0,0,0,0,0,0,0,0,0",peak_process_tree_rss_mb,bce7dbf98aba5ccce85590a33d809ac8a70ca93b44969f94e876f0a97df4a065,forb0003,data_table06_forb/forumt-14crafc.forb0003.dzn,2,../noves/forumt-14crafc.forb0003.dzn | ../noves/tic-14crafc.forb0003.dzn,2,data_table06_forb/forumt-14crafc.forb0003.dzn | data_table06_forb/tic-14crafc.forb0003.dzn,https://imae.udg.edu/Recerca/LAI/,https://ima.udg.edu/Recerca/lai/b2b/b2b.zip,ee1f440ab3f6db27ab712300ad3a54a31ffd5ec1e06f81a9ac37cb7202c56528,2026-08-10T10:42:19+00:00,7200.0,,ee80a6fbd8b513f7c010668495c39621a371266a,True,3.10.12,1.8.dev25,instance-20260810-085803,Linux-6.8.0-1064-gcp-x86_64-with-glibc2.35,x86_64,4,8,15988.059,1,0,/home/g24021555/Business-Meeting-Scheduling-Problem/.venv/bin/python3 /home/g24021555/Business-Meeting-Scheduling-Problem/src/Main.py --manifest instances_manifest.csv --family forbidden --solver sat_all --objective-mode bg_d2 --domain-mode both --domain-filter-graph both --precedence-encoding both --precedence-graph both --encoding-variant imp12+ --sat-backend cadical --maxsat-backend uwrmaxsat --uwrmaxsat-bin /home/g24021555/uwrmaxsat/build/release/bin/uwrmaxsat --timeout 7200 --csv output/full_matrix_bg_d2_forbidden.csv,,,,,,,,multiple,,cadical,,factorial,sparse_suffix+direct,0,59,"1,2,3,4,5,6,7,8,9,10,11,12,13,14,15,16,17,18,20,21,22,23,24,25,26,27,28,29,30,31,32,33,34,35,36,37,38,39,40,41,42,43,44,45,46,47,48,49,50,51,52,53,54,55,56,57,58,59,60",2362,8,0,0,"0,0,0,0,0,0,0,0,0,0,0,0,0,0,0,0,0,0,0,0,0,0,0,0,0,0,0,0,0,0,0,0,0,0,0,0,0,0,0,0,0,0,0,0,0,0,0,0,0,0,0,0,0,0,0,0,0,0,0,0","38,46,50,50,50,50,50,50,48,42","7,2,1,3,9,10,6,8,1,4,9,8,4,2,10,5,6,3,6,3,2,4,5,3,8,9,4,2,7,6,10,5,9,3,8,7,9,10,8,2,2,5,3,4,8,7,10,6,1,10,3,7,5,9,6,4,7,3,10,8,5,5,3,6,9,1,4,7,8,2,5,7,4,2,10,9,3,10,6,1,4,5,9,8,2,7,5,10,8,6,7,9,5,10,9,7,8,4,3,10,1,8,6,7,2,8,7,9,7,8,9,3,4,4,3,2,5,6,8,1,10,5,2,6,7,6,1,4,2,5,8,2,10,9,5,2,1,8,7,4,3,2,4,1,7,6,9,7,4,1,7,1,5,10,6,4,9,2,8,3,5,1,10,9,2,4,7,3,6,8,5,6,1,3,6,4,9,2,1,2,3,8,6,1,5,9,9,7,8,6,10,5,3,9,10,7,4,2,5,3,3,5,3,6,4,7,8,10,2,1,6,1,4,5,3,9,10,4,6,6,9,1,3,7,4,2,5,8,3,7,5,4,8,9,8,10,6",1:M3 M9 M49 M66 M80 M101 M120 M127 M137 M144 M150 M152 M162 M173 M179 M184 M210 M212 M222 | 2:M2 M14 M21 M28 M40 M41 M70 M74 M85 M105 M116 M123 M129 M132 M136 M142 M158 M165 M178 M180 M198 M209 M226 | 3:M4 M18 M20 M24 M34 M43 M51 M58 M63 M77 M99 M112 M115 M141 M160 M168 M174 M181 M193 M200 M201 M203 M215 M223 M229 | 4:M10 M13 M22 M27 M44 M56 M67 M73 M81 M98 M113 M114 M128 M140 M143 M149 M156 M166 M176 M197 M205 M213 M218 M225 M232 | 5:M16 M23 M32 M42 M53 M61 M62 M71 M82 M87 M93 M117 M122 M130 M135 M153 M161 M171 M185 M192 M199 M202 M214 M227 M231 | 6:M7 M17 M19 M30 M48 M55 M64 M79 M90 M103 M118 M124 M126 M146 M155 M169 M172 M175 M183 M190 M204 M211 M219 M220 M237 | 7:M1 M29 M36 M46 M52 M57 M68 M72 M86 M91 M96 M104 M107 M109 M125 M139 M145 M148 M151 M167 M188 M196 M206 M224 M230 | 8:M8 M12 M25 M35 M39 M45 M60 M69 M84 M89 M97 M102 M106 M110 M119 M131 M138 M159 M170 M182 M189 M207 M228 M233 M235 | 9:M5 M11 M26 M33 M37 M54 M65 M76 M83 M92 M95 M108 M111 M134 M147 M157 M164 M177 M186 M187 M194 M216 M221 M234 | 10:M6 M15 M31 M38 M47 M50 M59 M75 M78 M88 M94 M100 M121 M133 M154 M163 M191 M195 M208 M217 M236,"journal objective family: bg_d2 | F-selected distance-labelled E* domain propagation and cycle detection | precedence configuration: F=distance_closure, P=sparse_suffix, G=direct | Reduced Domain variables after unary filtering + matching GAC + slot saturation | (20),(22)-(27) exactly once over reduced domains | (19) participant atMost-one per slot | (46),(47) clustered table capacity with compact forward channeling | (28) SparseSuffix precedence over direct distance-labelled relations | exact break-group ends and unary break-group thresholds | exact schedule <-> usedSlot channeling | (43) exactly |Mp| reduced usedSlot variables | (44) atMost 2|L| busy participants per slot | (45) exact even number of busy participants | historical hard cap Delta_G <= 2",0,"(0,)",result
,,,,,,,,,forumt-14crafc.forb0003,b2b-bce7dbf98aba5ccc,b2b-lineage-forumt-14crafc,forbidden,R-SS-DE-ST-BGD2-UW-IC12P,Reduced,Filter-E*,SparseSuffix,Direct-E,SpanThreshold,BreakGroupsD2,UWrMaxSAT,IC12+,OPTIMAL,SAT,0,0,bg_d2,0,0,0,,,0,1,0.466603,False,73.531,,,,Compact,Compact/Reduced,project_implementation,one-shot weighted MaxSAT,31501,,,,,,,83791,236,84027,2362,29139,202895,60,cfg5__m-reduced__p-sparse_suffix__g-direct__b-span_threshold__o-break_groups_d2__s-uwrmaxsat__i-imp12plus__backend-uwrmaxsat,cfg5__m-reduced__p-sparse_suffix__g-direct__b-span_threshold__o-break_groups_d2__s-uwrmaxsat__i-imp12plus__backend-uwrmaxsat,reduced,distance_closure,sparse_suffix,direct,UWrMaxSAT,UWrMaxSAT,binary-sha256:8c68c8a386d3d7847b50d315143c2bab60e3514e59510e84a649db83cb303876,imp12+,span_threshold,total_break_groups_subject_to_range_at_most_2,BGD2,IC12P,202659,236,1,416,56417,22404,4554,1,236,236,1,,,,,,0,0,0,0,0,,,"formalism-specific model size: SAT/MaxSAT reports base CNF and soft clauses, MIP reports variables/linear constraints/nonzeros, and CP reports integer variables plus linear/global constraints; SAT bound/totalizer overhead remains separate in optimizer_added_*",2370,2362,2362,2362,0,0,0,0,0,0,0,1,0.087758,0.002583,0.182029,,0.184612,0.281991,"wall-clock from immediately before reading/parsing the .dzn instance through model construction, optimization, solution decoding, and independent validation; excludes worker-process startup and result-file export",0,0,0,0,0,"0,0,0,0,0,0,0,0,0,0,0,0,0,0,0,0,0,0,0,0,0,0,0,0,0,0,0,0,0,0,0,0,0,0,0,0,0,0,0,0,0,0,0,0,0,0,0,0,0,0,0,0,0,0,0,0,0,0,0,0",peak_process_tree_rss_mb,bce7dbf98aba5ccce85590a33d809ac8a70ca93b44969f94e876f0a97df4a065,forb0003,data_table06_forb/forumt-14crafc.forb0003.dzn,2,../noves/forumt-14crafc.forb0003.dzn | ../noves/tic-14crafc.forb0003.dzn,2,data_table06_forb/forumt-14crafc.forb0003.dzn | data_table06_forb/tic-14crafc.forb0003.dzn,https://imae.udg.edu/Recerca/LAI/,https://ima.udg.edu/Recerca/lai/b2b/b2b.zip,ee1f440ab3f6db27ab712300ad3a54a31ffd5ec1e06f81a9ac37cb7202c56528,2026-08-10T10:42:19+00:00,7200.0,,ee80a6fbd8b513f7c010668495c39621a371266a,True,3.10.12,1.8.dev25,instance-20260810-085803,Linux-6.8.0-1064-gcp-x86_64-with-glibc2.35,x86_64,4,8,15988.059,1,0,/home/g24021555/Business-Meeting-Scheduling-Problem/.venv/bin/python3 /home/g24021555/Business-Meeting-Scheduling-Problem/src/Main.py --manifest instances_manifest.csv --family forbidden --solver sat_all --objective-mode bg_d2 --domain-mode both --domain-filter-graph both --precedence-encoding both --precedence-graph both --encoding-variant imp12+ --sat-backend cadical --maxsat-backend uwrmaxsat --uwrmaxsat-bin /home/g24021555/uwrmaxsat/build/release/bin/uwrmaxsat --timeout 7200 --csv output/full_matrix_bg_d2_forbidden.csv,/home/g24021555/uwrmaxsat/build/release/bin/uwrmaxsat,8c68c8a386d3d7847b50d315143c2bab60e3514e59510e84a649db83cb303876,/home/g24021555/uwrmaxsat/build/release/bin/uwrmaxsat -m /tmp/b2b_uwrmaxsat_fm8zrxzx/forumt-14crafc.forb0003.wcnf,,process exit code=30,,,maxsat,uwrmaxsat,,/home/g24021555/uwrmaxsat/build/release/bin/uwrmaxsat,factorial,sparse_suffix+direct,0,59,"1,2,3,4,5,6,7,8,9,10,11,12,13,14,15,16,17,18,20,21,22,23,24,25,26,27,28,29,30,31,32,33,34,35,36,37,38,39,40,41,42,43,44,45,46,47,48,49,50,51,52,53,54,55,56,57,58,59,60",2362,8,0,0,"0,0,0,0,0,0,0,0,0,0,0,0,0,0,0,0,0,0,0,0,0,0,0,0,0,0,0,0,0,0,0,0,0,0,0,0,0,0,0,0,0,0,0,0,0,0,0,0,0,0,0,0,0,0,0,0,0,0,0,0","42,46,50,50,50,50,50,50,46,40","8,1,9,6,2,4,3,10,3,4,2,8,10,6,9,4,7,3,5,10,6,7,3,4,6,8,7,9,5,2,4,1,8,7,8,5,4,9,7,4,6,1,7,9,2,3,5,2,6,8,1,3,5,9,10,1,3,7,4,5,8,1,8,2,4,10,7,6,3,9,4,6,1,8,5,2,1,10,9,3,2,4,8,5,7,6,2,3,5,4,6,1,10,8,4,6,9,7,4,10,3,5,7,6,2,9,7,8,7,4,3,8,10,9,8,1,6,3,10,2,5,7,5,6,7,5,9,4,10,8,9,10,2,1,7,6,10,4,5,8,3,1,5,10,7,6,2,9,8,10,7,4,2,5,3,10,1,8,6,9,10,1,4,7,6,3,9,2,5,9,10,8,5,6,9,3,1,2,10,3,1,9,5,1,6,8,5,7,3,6,4,8,8,9,8,5,3,7,1,2,3,3,8,10,9,7,4,6,5,2,9,7,5,4,2,7,2,6,1,4,5,2,8,6,3,1,9,7,4,2,6,3,5,1,2,3,4",1:M2 M32 M42 M51 M56 M62 M73 M77 M92 M116 M134 M142 M157 M162 M177 M181 M184 M199 M219 M226 M234 | 2:M5 M11 M30 M45 M48 M64 M76 M81 M87 M105 M120 M133 M147 M153 M168 M178 M200 M210 M215 M217 M222 M230 M235 | 3:M7 M9 M18 M23 M46 M52 M57 M69 M80 M88 M101 M111 M118 M141 M155 M166 M176 M180 M189 M197 M201 M202 M225 M232 M236 | 4:M6 M10 M16 M24 M31 M37 M40 M59 M65 M71 M82 M90 M95 M99 M110 M128 M138 M152 M163 M191 M207 M214 M220 M229 M237 | 5:M19 M29 M36 M47 M53 M60 M75 M84 M89 M102 M121 M123 M126 M139 M143 M154 M169 M173 M183 M187 M196 M209 M213 M221 M233 | 6:M4 M14 M21 M25 M41 M49 M68 M72 M86 M91 M96 M104 M117 M124 M136 M146 M159 M165 M174 M185 M190 M208 M218 M224 M231 | 7:M17 M22 M27 M34 M39 M43 M58 M67 M85 M98 M103 M107 M109 M122 M125 M135 M145 M151 M164 M188 M198 M206 M212 M216 M228 | 8:M1 M12 M26 M33 M35 M50 M61 M63 M74 M83 M94 M108 M112 M115 M130 M140 M149 M158 M172 M186 M192 M193 M195 M203 M223 | 9:M3 M15 M28 M38 M44 M54 M70 M79 M97 M106 M114 M127 M131 M148 M160 M167 M170 M175 M182 M194 M205 M211 M227 | 10:M8 M13 M20 M55 M66 M78 M93 M100 M113 M119 M129 M132 M137 M144 M150 M156 M161 M171 M179 M204,"journal objective family: bg_d2 | F-selected distance-labelled E* domain propagation and cycle detection | precedence configuration: F=distance_closure, P=sparse_suffix, G=direct | Reduced Domain variables after unary filtering + matching GAC + slot saturation | (20),(22)-(27) exactly once over reduced domains | (19) participant atMost-one per slot | (46),(47) clustered table capacity with compact forward channeling | (28) SparseSuffix precedence over direct distance-labelled relations | exact break-group ends and unary break-group thresholds | exact schedule <-> usedSlot channeling | (43) exactly |Mp| reduced usedSlot variables | (44) atMost 2|L| busy participants per slot | (45) exact even number of busy participants | historical hard cap Delta_G <= 2",,,result
,,,,,,,,,forumt-14crafc.forb0003,b2b-bce7dbf98aba5ccc,b2b-lineage-forumt-14crafc,forbidden,R-SS-DC-ST-BGD2-IS-CD-IC12P,Reduced,Filter-E*,SparseSuffix,DistanceClosure-E*,SpanThreshold,BreakGroupsD2,IncrementalSAT,IC12+,OPTIMAL,SAT,0,0,bg_d2,0,0,0,,,,,0.478549,False,70.504,,,,Compact,Compact/Reduced,project_implementation,incremental multi-phase SAT with persistent solver state,31501,,,,,,,83791,0,83791,2362,29139,202659,60,cfg5__m-reduced__p-sparse_suffix__g-distance_closure__b-span_threshold__o-break_groups_d2__s-incrementalsat__i-imp12plus__backend-cadical,cfg5__m-reduced__p-sparse_suffix__g-distance_closure__b-span_threshold__o-break_groups_d2__s-incrementalsat__i-imp12plus__backend-cadical,reduced,distance_closure,sparse_suffix,distance_closure,IncrementalSAT,CaDiCaL,1.5.3,imp12+,span_threshold,total_break_groups_subject_to_range_at_most_2,BGD2,IC12P,202659,0,0,416,56417,22404,4554,,0,236,6,,,,,,1,1447,10262,29144,10262,0.21928117300012673,5,"formalism-specific model size: SAT/MaxSAT reports base CNF and soft clauses, MIP reports variables/linear constraints/nonzeros, and CP reports integer variables plus linear/global constraints; SAT bound/totalizer overhead remains separate in optimizer_added_*",2370,2362,2362,2362,0,0,0,0,0,0,0,1,0.083758,0.002611,0.173851,,0.176462,0.302087,"wall-clock from immediately before reading/parsing the .dzn instance through model construction, optimization, solution decoding, and independent validation; excludes worker-process startup and result-file export",0,0,0,0,0,"0,0,0,0,0,0,0,0,0,0,0,0,0,0,0,0,0,0,0,0,0,0,0,0,0,0,0,0,0,0,0,0,0,0,0,0,0,0,0,0,0,0,0,0,0,0,0,0,0,0,0,0,0,0,0,0,0,0,0,0",peak_process_tree_rss_mb,bce7dbf98aba5ccce85590a33d809ac8a70ca93b44969f94e876f0a97df4a065,forb0003,data_table06_forb/forumt-14crafc.forb0003.dzn,2,../noves/forumt-14crafc.forb0003.dzn | ../noves/tic-14crafc.forb0003.dzn,2,data_table06_forb/forumt-14crafc.forb0003.dzn | data_table06_forb/tic-14crafc.forb0003.dzn,https://imae.udg.edu/Recerca/LAI/,https://ima.udg.edu/Recerca/lai/b2b/b2b.zip,ee1f440ab3f6db27ab712300ad3a54a31ffd5ec1e06f81a9ac37cb7202c56528,2026-08-10T10:42:19+00:00,7200.0,,ee80a6fbd8b513f7c010668495c39621a371266a,True,3.10.12,1.8.dev25,instance-20260810-085803,Linux-6.8.0-1064-gcp-x86_64-with-glibc2.35,x86_64,4,8,15988.059,1,0,/home/g24021555/Business-Meeting-Scheduling-Problem/.venv/bin/python3 /home/g24021555/Business-Meeting-Scheduling-Problem/src/Main.py --manifest instances_manifest.csv --family forbidden --solver sat_all --objective-mode bg_d2 --domain-mode both --domain-filter-graph both --precedence-encoding both --precedence-graph both --encoding-variant imp12+ --sat-backend cadical --maxsat-backend uwrmaxsat --uwrmaxsat-bin /home/g24021555/uwrmaxsat/build/release/bin/uwrmaxsat --timeout 7200 --csv output/full_matrix_bg_d2_forbidden.csv,,,,,,,,incremental,,cadical,,staircase,sparse_suffix+distance_closure,0,59,"1,2,3,4,5,6,7,8,9,10,11,12,13,14,15,16,17,18,20,21,22,23,24,25,26,27,28,29,30,31,32,33,34,35,36,37,38,39,40,41,42,43,44,45,46,47,48,49,50,51,52,53,54,55,56,57,58,59,60",2362,8,0,0,"0,0,0,0,0,0,0,0,0,0,0,0,0,0,0,0,0,0,0,0,0,0,0,0,0,0,0,0,0,0,0,0,0,0,0,0,0,0,0,0,0,0,0,0,0,0,0,0,0,0,0,0,0,0,0,0,0,0,0,0","42,44,48,50,50,50,50,50,46,44","9,1,3,7,8,5,4,2,3,7,4,3,9,10,2,6,7,8,5,3,7,10,9,1,5,8,9,7,9,1,3,9,1,5,6,4,7,8,3,1,6,10,9,2,5,4,3,8,4,1,6,10,5,2,7,10,5,9,3,4,6,5,6,10,9,4,1,7,2,8,6,7,8,1,10,2,8,3,6,7,10,4,2,1,9,5,8,10,5,7,9,6,3,2,4,7,6,5,2,8,4,6,5,7,9,4,2,1,8,6,9,7,4,3,7,6,10,8,5,4,2,5,6,3,5,6,1,4,2,3,8,3,5,4,10,1,8,3,2,7,9,7,6,1,10,3,3,10,8,9,5,6,3,2,4,7,10,1,8,9,10,9,1,5,7,4,8,6,2,4,7,8,10,9,4,7,2,3,8,9,8,7,1,8,2,5,2,1,3,4,5,6,1,2,10,5,4,9,6,7,10,5,9,3,7,6,1,10,2,8,3,6,4,5,8,10,1,4,6,6,4,10,2,9,3,5,8,7,9,4,8,10,6,2,1,3,5",1:M2 M24 M30 M33 M40 M50 M67 M74 M84 M108 M127 M136 M144 M158 M163 M183 M188 M193 M207 M217 M235 | 2:M8 M15 M44 M54 M69 M76 M83 M94 M99 M107 M121 M129 M139 M154 M169 M177 M185 M187 M194 M209 M223 M234 | 3:M3 M9 M12 M20 M31 M39 M47 M59 M78 M93 M114 M124 M130 M132 M138 M146 M147 M153 M178 M189 M204 M211 M225 M236 | 4:M7 M11 M36 M46 M49 M60 M66 M82 M95 M101 M106 M113 M120 M128 M134 M155 M166 M170 M175 M190 M197 M213 M218 M221 M230 | 5:M6 M19 M25 M34 M45 M53 M57 M62 M86 M89 M98 M103 M119 M122 M125 M133 M151 M164 M186 M191 M196 M202 M214 M226 M237 | 6:M16 M35 M41 M51 M61 M63 M71 M79 M92 M97 M102 M110 M116 M123 M126 M143 M152 M168 M192 M199 M206 M212 M219 M220 M233 | 7:M4 M10 M17 M21 M28 M37 M55 M68 M72 M80 M90 M96 M104 M112 M115 M140 M142 M156 M165 M171 M176 M182 M200 M205 M228 | 8:M5 M18 M26 M38 M48 M70 M73 M77 M87 M100 M109 M118 M131 M137 M149 M159 M167 M172 M179 M181 M184 M210 M215 M227 M231 | 9:M1 M13 M23 M27 M29 M32 M43 M58 M65 M85 M91 M105 M111 M141 M150 M160 M162 M174 M180 M198 M203 M224 M229 | 10:M14 M22 M42 M52 M56 M64 M75 M81 M88 M117 M135 M145 M148 M157 M161 M173 M195 M201 M208 M216 M222 M232,"journal objective family: bg_d2 | F-selected distance-labelled E* domain propagation and cycle detection | precedence configuration: F=distance_closure, P=sparse_suffix, G=distance_closure | Reduced Domain variables after unary filtering + matching GAC + slot saturation | (20),(22)-(27) exactly once over reduced domains | (19) participant atMost-one per slot | (46),(47) clustered table capacity with compact forward channeling | (28) SparseSuffix precedence over distance_closure distance-labelled relations | exact break-group ends and unary break-group thresholds | exact schedule <-> usedSlot channeling | (43) exactly |Mp| reduced usedSlot variables | (44) atMost 2|L| busy participants per slot | (45) exact even number of busy participants | historical hard cap Delta_G <= 2",0,"(0,)",result
,,,,,,,,,forumt-14crafc.forb0003,b2b-bce7dbf98aba5ccc,b2b-lineage-forumt-14crafc,forbidden,R-SS-DC-ST-BGD2-NIS-CD-IC12P,Reduced,Filter-E*,SparseSuffix,DistanceClosure-E*,SpanThreshold,BreakGroupsD2,NonIncrementalSAT,IC12+,OPTIMAL,SAT,0,0,bg_d2,0,0,0,,,,,1.299189,False,73.406,,,,Compact,Compact/Reduced,project_implementation,restart-based multi-phase SAT,31501,,,,,,,83791,0,83791,2362,29139,202659,60,cfg5__m-reduced__p-sparse_suffix__g-distance_closure__b-span_threshold__o-break_groups_d2__s-nonincrementalsat__i-imp12plus__backend-cadical,cfg5__m-reduced__p-sparse_suffix__g-distance_closure__b-span_threshold__o-break_groups_d2__s-nonincrementalsat__i-imp12plus__backend-cadical,reduced,distance_closure,sparse_suffix,distance_closure,NonIncrementalSAT,CaDiCaL,1.5.3,imp12+,span_threshold,total_break_groups_subject_to_range_at_most_2,BGD2,IC12P,202659,0,0,416,56417,22404,4554,,0,236,6,,,,,,6,4123,8444,20794,16008,1.0418557449993386,5,"formalism-specific model size: SAT/MaxSAT reports base CNF and soft clauses, MIP reports variables/linear constraints/nonzeros, and CP reports integer variables plus linear/global constraints; SAT bound/totalizer overhead remains separate in optimizer_added_*",2370,2362,2362,2362,0,0,0,0,0,0,0,1,0.083763,0.003002,0.174037,,0.17704,1.122149,"wall-clock from immediately before reading/parsing the .dzn instance through model construction, optimization, solution decoding, and independent validation; excludes worker-process startup and result-file export",0,0,0,0,0,"0,0,0,0,0,0,0,0,0,0,0,0,0,0,0,0,0,0,0,0,0,0,0,0,0,0,0,0,0,0,0,0,0,0,0,0,0,0,0,0,0,0,0,0,0,0,0,0,0,0,0,0,0,0,0,0,0,0,0,0",peak_process_tree_rss_mb,bce7dbf98aba5ccce85590a33d809ac8a70ca93b44969f94e876f0a97df4a065,forb0003,data_table06_forb/forumt-14crafc.forb0003.dzn,2,../noves/forumt-14crafc.forb0003.dzn | ../noves/tic-14crafc.forb0003.dzn,2,data_table06_forb/forumt-14crafc.forb0003.dzn | data_table06_forb/tic-14crafc.forb0003.dzn,https://imae.udg.edu/Recerca/LAI/,https://ima.udg.edu/Recerca/lai/b2b/b2b.zip,ee1f440ab3f6db27ab712300ad3a54a31ffd5ec1e06f81a9ac37cb7202c56528,2026-08-10T10:42:19+00:00,7200.0,,ee80a6fbd8b513f7c010668495c39621a371266a,True,3.10.12,1.8.dev25,instance-20260810-085803,Linux-6.8.0-1064-gcp-x86_64-with-glibc2.35,x86_64,4,8,15988.059,1,0,/home/g24021555/Business-Meeting-Scheduling-Problem/.venv/bin/python3 /home/g24021555/Business-Meeting-Scheduling-Problem/src/Main.py --manifest instances_manifest.csv --family forbidden --solver sat_all --objective-mode bg_d2 --domain-mode both --domain-filter-graph both --precedence-encoding both --precedence-graph both --encoding-variant imp12+ --sat-backend cadical --maxsat-backend uwrmaxsat --uwrmaxsat-bin /home/g24021555/uwrmaxsat/build/release/bin/uwrmaxsat --timeout 7200 --csv output/full_matrix_bg_d2_forbidden.csv,,,,,,,,multiple,,cadical,,staircase,sparse_suffix+distance_closure,0,59,"1,2,3,4,5,6,7,8,9,10,11,12,13,14,15,16,17,18,20,21,22,23,24,25,26,27,28,29,30,31,32,33,34,35,36,37,38,39,40,41,42,43,44,45,46,47,48,49,50,51,52,53,54,55,56,57,58,59,60",2362,8,0,0,"0,0,0,0,0,0,0,0,0,0,0,0,0,0,0,0,0,0,0,0,0,0,0,0,0,0,0,0,0,0,0,0,0,0,0,0,0,0,0,0,0,0,0,0,0,0,0,0,0,0,0,0,0,0,0,0,0,0,0,0","38,46,50,50,50,50,50,50,48,42","7,2,1,3,9,10,6,8,1,4,9,8,4,2,10,5,6,3,6,3,2,4,5,3,8,9,4,2,7,6,10,5,9,3,8,7,9,10,8,2,2,5,3,4,8,7,10,6,1,10,3,7,5,9,6,4,7,3,10,8,5,5,3,6,9,1,4,7,8,2,5,7,4,2,10,9,3,10,6,1,4,5,9,8,2,7,5,10,8,6,7,9,5,10,9,7,8,4,3,10,1,8,6,7,2,8,7,9,7,8,9,3,4,4,3,2,5,6,8,1,10,5,2,6,7,6,1,4,2,5,8,2,10,9,5,2,1,8,7,4,3,2,4,1,7,6,9,7,4,1,7,1,5,10,6,4,9,2,8,3,5,1,10,9,2,4,7,3,6,8,5,6,1,3,6,4,9,2,1,2,3,8,6,1,5,9,9,7,8,6,10,5,3,9,10,7,4,2,5,3,3,5,3,6,4,7,8,10,2,1,6,1,4,5,3,9,10,4,6,6,9,1,3,7,4,2,5,8,3,7,5,4,8,9,8,10,6",1:M3 M9 M49 M66 M80 M101 M120 M127 M137 M144 M150 M152 M162 M173 M179 M184 M210 M212 M222 | 2:M2 M14 M21 M28 M40 M41 M70 M74 M85 M105 M116 M123 M129 M132 M136 M142 M158 M165 M178 M180 M198 M209 M226 | 3:M4 M18 M20 M24 M34 M43 M51 M58 M63 M77 M99 M112 M115 M141 M160 M168 M174 M181 M193 M200 M201 M203 M215 M223 M229 | 4:M10 M13 M22 M27 M44 M56 M67 M73 M81 M98 M113 M114 M128 M140 M143 M149 M156 M166 M176 M197 M205 M213 M218 M225 M232 | 5:M16 M23 M32 M42 M53 M61 M62 M71 M82 M87 M93 M117 M122 M130 M135 M153 M161 M171 M185 M192 M199 M202 M214 M227 M231 | 6:M7 M17 M19 M30 M48 M55 M64 M79 M90 M103 M118 M124 M126 M146 M155 M169 M172 M175 M183 M190 M204 M211 M219 M220 M237 | 7:M1 M29 M36 M46 M52 M57 M68 M72 M86 M91 M96 M104 M107 M109 M125 M139 M145 M148 M151 M167 M188 M196 M206 M224 M230 | 8:M8 M12 M25 M35 M39 M45 M60 M69 M84 M89 M97 M102 M106 M110 M119 M131 M138 M159 M170 M182 M189 M207 M228 M233 M235 | 9:M5 M11 M26 M33 M37 M54 M65 M76 M83 M92 M95 M108 M111 M134 M147 M157 M164 M177 M186 M187 M194 M216 M221 M234 | 10:M6 M15 M31 M38 M47 M50 M59 M75 M78 M88 M94 M100 M121 M133 M154 M163 M191 M195 M208 M217 M236,"journal objective family: bg_d2 | F-selected distance-labelled E* domain propagation and cycle detection | precedence configuration: F=distance_closure, P=sparse_suffix, G=distance_closure | Reduced Domain variables after unary filtering + matching GAC + slot saturation | (20),(22)-(27) exactly once over reduced domains | (19) participant atMost-one per slot | (46),(47) clustered table capacity with compact forward channeling | (28) SparseSuffix precedence over distance_closure distance-labelled relations | exact break-group ends and unary break-group thresholds | exact schedule <-> usedSlot channeling | (43) exactly |Mp| reduced usedSlot variables | (44) atMost 2|L| busy participants per slot | (45) exact even number of busy participants | historical hard cap Delta_G <= 2",0,"(0,)",result
,,,,,,,,,forumt-14crafc.forb0003,b2b-bce7dbf98aba5ccc,b2b-lineage-forumt-14crafc,forbidden,R-SS-DC-ST-BGD2-UW-IC12P,Reduced,Filter-E*,SparseSuffix,DistanceClosure-E*,SpanThreshold,BreakGroupsD2,UWrMaxSAT,IC12+,OPTIMAL,SAT,0,0,bg_d2,0,0,0,,,0,1,0.466298,False,73.438,,,,Compact,Compact/Reduced,project_implementation,one-shot weighted MaxSAT,31501,,,,,,,83791,236,84027,2362,29139,202895,60,cfg5__m-reduced__p-sparse_suffix__g-distance_closure__b-span_threshold__o-break_groups_d2__s-uwrmaxsat__i-imp12plus__backend-uwrmaxsat,cfg5__m-reduced__p-sparse_suffix__g-distance_closure__b-span_threshold__o-break_groups_d2__s-uwrmaxsat__i-imp12plus__backend-uwrmaxsat,reduced,distance_closure,sparse_suffix,distance_closure,UWrMaxSAT,UWrMaxSAT,binary-sha256:8c68c8a386d3d7847b50d315143c2bab60e3514e59510e84a649db83cb303876,imp12+,span_threshold,total_break_groups_subject_to_range_at_most_2,BGD2,IC12P,202659,236,1,416,56417,22404,4554,1,236,236,1,,,,,,0,0,0,0,0,,,"formalism-specific model size: SAT/MaxSAT reports base CNF and soft clauses, MIP reports variables/linear constraints/nonzeros, and CP reports integer variables plus linear/global constraints; SAT bound/totalizer overhead remains separate in optimizer_added_*",2370,2362,2362,2362,0,0,0,0,0,0,0,1,0.085393,0.002621,0.180323,,0.182944,0.283354,"wall-clock from immediately before reading/parsing the .dzn instance through model construction, optimization, solution decoding, and independent validation; excludes worker-process startup and result-file export",0,0,0,0,0,"0,0,0,0,0,0,0,0,0,0,0,0,0,0,0,0,0,0,0,0,0,0,0,0,0,0,0,0,0,0,0,0,0,0,0,0,0,0,0,0,0,0,0,0,0,0,0,0,0,0,0,0,0,0,0,0,0,0,0,0",peak_process_tree_rss_mb,bce7dbf98aba5ccce85590a33d809ac8a70ca93b44969f94e876f0a97df4a065,forb0003,data_table06_forb/forumt-14crafc.forb0003.dzn,2,../noves/forumt-14crafc.forb0003.dzn | ../noves/tic-14crafc.forb0003.dzn,2,data_table06_forb/forumt-14crafc.forb0003.dzn | data_table06_forb/tic-14crafc.forb0003.dzn,https://imae.udg.edu/Recerca/LAI/,https://ima.udg.edu/Recerca/lai/b2b/b2b.zip,ee1f440ab3f6db27ab712300ad3a54a31ffd5ec1e06f81a9ac37cb7202c56528,2026-08-10T10:42:19+00:00,7200.0,,ee80a6fbd8b513f7c010668495c39621a371266a,True,3.10.12,1.8.dev25,instance-20260810-085803,Linux-6.8.0-1064-gcp-x86_64-with-glibc2.35,x86_64,4,8,15988.059,1,0,/home/g24021555/Business-Meeting-Scheduling-Problem/.venv/bin/python3 /home/g24021555/Business-Meeting-Scheduling-Problem/src/Main.py --manifest instances_manifest.csv --family forbidden --solver sat_all --objective-mode bg_d2 --domain-mode both --domain-filter-graph both --precedence-encoding both --precedence-graph both --encoding-variant imp12+ --sat-backend cadical --maxsat-backend uwrmaxsat --uwrmaxsat-bin /home/g24021555/uwrmaxsat/build/release/bin/uwrmaxsat --timeout 7200 --csv output/full_matrix_bg_d2_forbidden.csv,/home/g24021555/uwrmaxsat/build/release/bin/uwrmaxsat,8c68c8a386d3d7847b50d315143c2bab60e3514e59510e84a649db83cb303876,/home/g24021555/uwrmaxsat/build/release/bin/uwrmaxsat -m /tmp/b2b_uwrmaxsat_rgw2id9e/forumt-14crafc.forb0003.wcnf,,process exit code=30,,,maxsat,uwrmaxsat,,/home/g24021555/uwrmaxsat/build/release/bin/uwrmaxsat,staircase,sparse_suffix+distance_closure,0,59,"1,2,3,4,5,6,7,8,9,10,11,12,13,14,15,16,17,18,20,21,22,23,24,25,26,27,28,29,30,31,32,33,34,35,36,37,38,39,40,41,42,43,44,45,46,47,48,49,50,51,52,53,54,55,56,57,58,59,60",2362,8,0,0,"0,0,0,0,0,0,0,0,0,0,0,0,0,0,0,0,0,0,0,0,0,0,0,0,0,0,0,0,0,0,0,0,0,0,0,0,0,0,0,0,0,0,0,0,0,0,0,0,0,0,0,0,0,0,0,0,0,0,0,0","42,46,50,50,50,50,50,50,46,40","8,1,9,6,2,4,3,10,3,4,2,8,10,6,9,4,7,3,5,10,6,7,3,4,6,8,7,9,5,2,4,1,8,7,8,5,4,9,7,4,6,1,7,9,2,3,5,2,6,8,1,3,5,9,10,1,3,7,4,5,8,1,8,2,4,10,7,6,3,9,4,6,1,8,5,2,1,10,9,3,2,4,8,5,7,6,2,3,5,4,6,1,10,8,4,6,9,7,4,10,3,5,7,6,2,9,7,8,7,4,3,8,10,9,8,1,6,3,10,2,5,7,5,6,7,5,9,4,10,8,9,10,2,1,7,6,10,4,5,8,3,1,5,10,7,6,2,9,8,10,7,4,2,5,3,10,1,8,6,9,10,1,4,7,6,3,9,2,5,9,10,8,5,6,9,3,1,2,10,3,1,9,5,1,6,8,5,7,3,6,4,8,8,9,8,5,3,7,1,2,3,3,8,10,9,7,4,6,5,2,9,7,5,4,2,7,2,6,1,4,5,2,8,6,3,1,9,7,4,2,6,3,5,1,2,3,4",1:M2 M32 M42 M51 M56 M62 M73 M77 M92 M116 M134 M142 M157 M162 M177 M181 M184 M199 M219 M226 M234 | 2:M5 M11 M30 M45 M48 M64 M76 M81 M87 M105 M120 M133 M147 M153 M168 M178 M200 M210 M215 M217 M222 M230 M235 | 3:M7 M9 M18 M23 M46 M52 M57 M69 M80 M88 M101 M111 M118 M141 M155 M166 M176 M180 M189 M197 M201 M202 M225 M232 M236 | 4:M6 M10 M16 M24 M31 M37 M40 M59 M65 M71 M82 M90 M95 M99 M110 M128 M138 M152 M163 M191 M207 M214 M220 M229 M237 | 5:M19 M29 M36 M47 M53 M60 M75 M84 M89 M102 M121 M123 M126 M139 M143 M154 M169 M173 M183 M187 M196 M209 M213 M221 M233 | 6:M4 M14 M21 M25 M41 M49 M68 M72 M86 M91 M96 M104 M117 M124 M136 M146 M159 M165 M174 M185 M190 M208 M218 M224 M231 | 7:M17 M22 M27 M34 M39 M43 M58 M67 M85 M98 M103 M107 M109 M122 M125 M135 M145 M151 M164 M188 M198 M206 M212 M216 M228 | 8:M1 M12 M26 M33 M35 M50 M61 M63 M74 M83 M94 M108 M112 M115 M130 M140 M149 M158 M172 M186 M192 M193 M195 M203 M223 | 9:M3 M15 M28 M38 M44 M54 M70 M79 M97 M106 M114 M127 M131 M148 M160 M167 M170 M175 M182 M194 M205 M211 M227 | 10:M8 M13 M20 M55 M66 M78 M93 M100 M113 M119 M129 M132 M137 M144 M150 M156 M161 M171 M179 M204,"journal objective family: bg_d2 | F-selected distance-labelled E* domain propagation and cycle detection | precedence configuration: F=distance_closure, P=sparse_suffix, G=distance_closure | Reduced Domain variables after unary filtering + matching GAC + slot saturation | (20),(22)-(27) exactly once over reduced domains | (19) participant atMost-one per slot | (46),(47) clustered table capacity with compact forward channeling | (28) SparseSuffix precedence over distance_closure distance-labelled relations | exact break-group ends and unary break-group thresholds | exact schedule <-> usedSlot channeling | (43) exactly |Mp| reduced usedSlot variables | (44) atMost 2|L| busy participants per slot | (45) exact even number of busy participants | historical hard cap Delta_G <= 2",,,result
,,,,,,,,,forum-13crafb.forb0003,b2b-bf29dc2a22d8c0fb,b2b-lineage-forum-13crafb,forbidden,F-PW-DE-ST-BGD2-IS-CD-IC12P,Full,Filter-E*,Pairwise,Direct-E,SpanThreshold,BreakGroupsD2,IncrementalSAT,IC12+,OPTIMAL,SAT,5,5,bg_d2,5,5,5,,,,,35.759496,False,218.324,,,,Compact,Compact/Full,project_implementation,incremental multi-phase SAT with persistent solver state,160658,,,,,,,345588,0,345588,4290,156368,962602,57,cfg5__m-full__p-pairwise__g-direct__b-span_threshold__o-break_groups_d2__s-incrementalsat__i-imp12plus__backend-cadical,cfg5__m-full__p-pairwise__g-direct__b-span_threshold__o-break_groups_d2__s-incrementalsat__i-imp12plus__backend-cadical,full,distance_closure,pairwise,direct,IncrementalSAT,CaDiCaL,1.5.3,imp12+,span_threshold,total_break_groups_subject_to_range_at_most_2,BGD2,IC12P,962602,0,0,1351,145374,132605,66258,,0,560,7,,,,,,1,4016,47486,137966,47486,34.85348815399993,6,"formalism-specific model size: SAT/MaxSAT reports base CNF and soft clauses, MIP reports variables/linear constraints/nonzeros, and CP reports integer variables plus linear/global constraints; SAT bound/totalizer overhead remains separate in optimizer_added_*",4290,3253,3253,4290,0,0,0,0,0,0,0,1,0.163389,0.002809,0.53978,,0.54259,35.216906,"wall-clock from immediately before reading/parsing the .dzn instance through model construction, optimization, solution decoding, and independent validation; excludes worker-process startup and result-file export",16,49,16,5,1,"0,0,0,0,0,0,0,0,0,0,0,0,0,0,0,1,0,0,0,0,0,0,1,0,0,1,0,0,0,0,0,0,0,0,0,0,1,0,0,0,0,0,0,0,0,0,0,0,0,0,0,0,0,0,0,0,0,1,0,0,0,0,0,0,0,0,0,0,0,0,0,0,0,0,0,0",peak_process_tree_rss_mb,bf29dc2a22d8c0fbb3a67b7edaa1b55631cf6f80f68a9f7296fa29c0c2ac7782,forb0003,data_table06_forb/forum-13crafb.forb0003.dzn,2,../noves/forum-13crafb.forb0003.dzn | ../noves/ticf-13crafb.forb0003.dzn,2,data_table06_forb/forum-13crafb.forb0003.dzn | data_table06_forb/ticf-13crafb.forb0003.dzn,https://imae.udg.edu/Recerca/LAI/,https://ima.udg.edu/Recerca/lai/b2b/b2b.zip,ee1f440ab3f6db27ab712300ad3a54a31ffd5ec1e06f81a9ac37cb7202c56528,2026-08-10T10:42:19+00:00,7200.0,,ee80a6fbd8b513f7c010668495c39621a371266a,True,3.10.12,1.8.dev25,instance-20260810-085803,Linux-6.8.0-1064-gcp-x86_64-with-glibc2.35,x86_64,4,8,15988.059,1,0,/home/g24021555/Business-Meeting-Scheduling-Problem/.venv/bin/python3 /home/g24021555/Business-Meeting-Scheduling-Problem/src/Main.py --manifest instances_manifest.csv --family forbidden --solver sat_all --objective-mode bg_d2 --domain-mode both --domain-filter-graph both --precedence-encoding both --precedence-graph both --encoding-variant imp12+ --sat-backend cadical --maxsat-backend uwrmaxsat --uwrmaxsat-bin /home/g24021555/uwrmaxsat/build/release/bin/uwrmaxsat --timeout 7200 --csv output/full_matrix_bg_d2_forbidden.csv,,,,,,,,incremental,,cadical,,traditional,pairwise+direct,5,56,"1,2,3,4,7,8,9,10,12,13,14,15,16,17,18,19,20,21,22,23,24,25,26,28,29,30,31,32,33,36,37,38,39,40,41,42,43,44,45,47,48,51,53,54,56,57,58,59,60,61,62,63,64,65,66,76",3253,1037,0,0,"0,0,0,0,0,0,0,0,0,0,0,0,0,0,0,13,0,0,0,0,0,0,16,0,0,4,0,0,0,0,0,0,0,0,0,0,14,0,0,0,0,0,0,0,0,0,0,0,0,0,0,0,0,0,0,0,0,2,0,0,0,0,0,0,0,0,0,0,0,0,0,0,0,0,0,0","4,6,8,10,10,18,20,26,28,28,28,28,28,26,28,28,20,18,12,10,4,2","12,10,12,11,9,11,10,13,16,11,15,9,12,8,13,14,10,16,14,15,16,11,13,8,12,7,12,9,7,5,12,11,11,7,6,8,13,9,6,14,17,15,3,18,18,14,13,11,6,8,15,4,16,17,10,7,5,15,17,18,13,9,10,15,16,17,11,14,8,14,12,8,7,9,3,16,2,10,11,6,4,11,10,12,13,14,15,10,7,9,8,9,8,17,14,15,18,21,13,20,19,16,22,15,14,13,18,17,13,16,12,9,15,13,15,14,10,6,7,12,11,9,8,16,19,18,21,20,10,8,2,12,5,14,13,15,19,7,3,20,4,6,1,9,16,16,17,20,19,18,16,19,17,17,11,10,14,12,19,13,15,16,18,12,11,5,2,6,9,7,8,4,10,3,1,17,9,11,6,20,15,16,18,14,8,13,12,10,8,7,9,10,6,4,5",1:M143 M175 | 2:M77 M131 M167 | 3:M43 M75 M139 M174 | 4:M52 M81 M141 M172 M194 | 5:M30 M57 M133 M166 M195 | 6:M35 M39 M49 M80 M118 M142 M168 M179 M193 | 7:M26 M29 M34 M56 M73 M89 M119 M138 M170 M190 | 8:M14 M24 M36 M50 M69 M72 M91 M93 M123 M130 M171 M185 M189 | 9:M5 M12 M28 M38 M62 M74 M90 M92 M112 M122 M144 M169 M177 M191 | 10:M2 M7 M17 M55 M63 M78 M83 M88 M117 M129 M156 M173 M188 M192 | 11:M4 M6 M10 M22 M32 M33 M48 M67 M79 M82 M121 M155 M165 M178 | 12:M1 M3 M13 M25 M27 M31 M71 M84 M111 M120 M132 M158 M164 M187 | 13:M8 M15 M23 M37 M47 M61 M85 M99 M106 M109 M114 M135 M160 M186 | 14:M16 M19 M40 M46 M68 M70 M86 M95 M105 M116 M134 M157 M184 | 15:M11 M20 M42 M51 M58 M64 M87 M96 M104 M113 M115 M136 M161 M181 | 16:M9 M18 M21 M53 M65 M76 M102 M110 M124 M145 M146 M151 M162 M182 | 17:M41 M54 M59 M66 M94 M108 M147 M153 M154 M176 | 18:M44 M45 M60 M97 M107 M126 M150 M163 M183 | 19:M101 M125 M137 M149 M152 M159 | 20:M100 M128 M140 M148 M180 | 21:M98 M127 | 22:M103,"journal objective family: bg_d2 | F-selected distance-labelled E* domain propagation and cycle detection | precedence configuration: F=distance_closure, P=pairwise, G=direct | Full Domain MxT schedule variables + explicit unary exclusions | (20),(22)-(27) exactly once over full domains | (22)-(27) session/fixed/forbidden exclusions as hard unit clauses | (19) participant atMost-one per slot | (46),(47) clustered table capacity with compact forward channeling | (28) Pairwise precedence over direct distance-labelled relations | exact break-group ends and unary break-group thresholds | exact schedule <-> usedSlot channeling | (43) exactly |Mp| full usedSlot variables | (44) atMost 2|L| busy participants per slot | (45) exact even number of busy participants | historical hard cap Delta_G <= 2",5,"(5,)",result
,,,,,,,,,forum-13crafb.forb0003,b2b-bf29dc2a22d8c0fb,b2b-lineage-forum-13crafb,forbidden,F-PW-DE-ST-BGD2-NIS-CD-IC12P,Full,Filter-E*,Pairwise,Direct-E,SpanThreshold,BreakGroupsD2,NonIncrementalSAT,IC12+,OPTIMAL,SAT,5,5,bg_d2,5,5,5,,,,,38.846413,False,230.734,,,,Compact,Compact/Full,project_implementation,restart-based multi-phase SAT,160658,,,,,,,345588,0,345588,4290,156368,962602,57,cfg5__m-full__p-pairwise__g-direct__b-span_threshold__o-break_groups_d2__s-nonincrementalsat__i-imp12plus__backend-cadical,cfg5__m-full__p-pairwise__g-direct__b-span_threshold__o-break_groups_d2__s-nonincrementalsat__i-imp12plus__backend-cadical,full,distance_closure,pairwise,direct,NonIncrementalSAT,CaDiCaL,1.5.3,imp12+,span_threshold,total_break_groups_subject_to_range_at_most_2,BGD2,IC12P,962602,0,0,1351,145374,132605,66258,,0,560,7,,,,,,7,21279,43036,106832,100012,37.934638298999744,6,"formalism-specific model size: SAT/MaxSAT reports base CNF and soft clauses, MIP reports variables/linear constraints/nonzeros, and CP reports integer variables plus linear/global constraints; SAT bound/totalizer overhead remains separate in optimizer_added_*",4290,3253,3253,4290,0,0,0,0,0,0,0,1,0.164307,0.002753,0.528,,0.530754,38.31566,"wall-clock from immediately before reading/parsing the .dzn instance through model construction, optimization, solution decoding, and independent validation; excludes worker-process startup and result-file export",17,42,17,5,1,"0,0,0,0,0,0,0,0,0,0,0,0,0,0,0,1,0,0,1,0,0,0,1,0,0,0,0,0,1,0,0,0,0,0,0,0,0,0,0,0,0,0,0,0,0,0,0,0,0,0,0,0,0,0,0,0,0,1,0,0,0,0,0,0,0,0,0,0,0,0,0,0,0,0,0,0",peak_process_tree_rss_mb,bf29dc2a22d8c0fbb3a67b7edaa1b55631cf6f80f68a9f7296fa29c0c2ac7782,forb0003,data_table06_forb/forum-13crafb.forb0003.dzn,2,../noves/forum-13crafb.forb0003.dzn | ../noves/ticf-13crafb.forb0003.dzn,2,data_table06_forb/forum-13crafb.forb0003.dzn | data_table06_forb/ticf-13crafb.forb0003.dzn,https://imae.udg.edu/Recerca/LAI/,https://ima.udg.edu/Recerca/lai/b2b/b2b.zip,ee1f440ab3f6db27ab712300ad3a54a31ffd5ec1e06f81a9ac37cb7202c56528,2026-08-10T10:42:19+00:00,7200.0,,ee80a6fbd8b513f7c010668495c39621a371266a,True,3.10.12,1.8.dev25,instance-20260810-085803,Linux-6.8.0-1064-gcp-x86_64-with-glibc2.35,x86_64,4,8,15988.059,1,0,/home/g24021555/Business-Meeting-Scheduling-Problem/.venv/bin/python3 /home/g24021555/Business-Meeting-Scheduling-Problem/src/Main.py --manifest instances_manifest.csv --family forbidden --solver sat_all --objective-mode bg_d2 --domain-mode both --domain-filter-graph both --precedence-encoding both --precedence-graph both --encoding-variant imp12+ --sat-backend cadical --maxsat-backend uwrmaxsat --uwrmaxsat-bin /home/g24021555/uwrmaxsat/build/release/bin/uwrmaxsat --timeout 7200 --csv output/full_matrix_bg_d2_forbidden.csv,,,,,,,,multiple,,cadical,,traditional,pairwise+direct,5,56,"1,2,3,4,7,8,9,10,12,13,14,15,16,17,18,19,20,21,22,23,24,25,26,28,29,30,31,32,33,36,37,38,39,40,41,42,43,44,45,47,48,51,53,54,56,57,58,59,60,61,62,63,64,65,66,76",3253,1037,0,0,"0,0,0,0,0,0,0,0,0,0,0,0,0,0,0,12,0,0,7,0,0,0,17,0,0,0,0,0,3,0,0,0,0,0,0,0,0,0,0,0,0,0,0,0,0,0,0,0,0,0,0,0,0,0,0,0,0,3,0,0,0,0,0,0,0,0,0,0,0,0,0,0,0,0,0,0","4,8,12,10,12,16,18,26,28,28,28,28,28,26,26,28,20,16,10,10,6,2","9,13,10,12,11,11,10,8,11,10,13,9,12,8,13,14,11,16,17,14,16,10,15,9,12,8,12,11,7,3,12,10,12,17,16,8,7,10,6,15,13,14,2,16,18,14,13,10,11,5,16,4,15,17,9,5,6,15,17,18,14,8,9,18,13,16,12,15,17,11,11,6,7,9,5,14,2,8,10,12,3,12,9,10,13,14,15,11,7,9,8,10,9,18,20,14,17,22,16,21,19,15,13,15,13,16,18,14,15,13,12,8,17,13,14,15,8,7,11,12,10,9,6,16,19,18,20,21,11,10,2,1,4,16,13,14,5,15,9,20,8,7,6,3,21,16,17,19,20,18,16,17,19,12,11,19,18,15,20,13,16,14,17,12,10,5,2,8,7,6,9,4,11,3,1,3,9,7,6,4,13,16,11,15,8,14,12,10,6,7,8,9,5,3,4",1:M132 M175 | 2:M43 M77 M131 M167 | 3:M30 M81 M144 M174 M176 M194 | 4:M52 M133 M172 M180 M195 | 5:M50 M56 M75 M137 M166 M193 | 6:M39 M57 M72 M123 M143 M170 M179 M189 | 7:M29 M37 M73 M89 M118 M142 M169 M178 M190 | 8:M8 M14 M26 M36 M62 M78 M91 M112 M117 M141 M168 M185 M191 | 9:M1 M12 M24 M55 M63 M74 M83 M90 M93 M122 M139 M171 M177 M192 | 10:M3 M7 M10 M22 M32 M38 M48 M79 M84 M92 M121 M130 M165 M188 | 11:M5 M6 M9 M17 M28 M49 M70 M71 M88 M119 M129 M155 M173 M183 | 12:M4 M13 M25 M27 M31 M33 M67 M80 M82 M111 M120 M154 M164 M187 | 13:M2 M11 M15 M41 M47 M65 M85 M103 M105 M110 M114 M135 M160 M181 | 14:M16 M20 M42 M46 M61 M76 M86 M96 M108 M115 M136 M162 M186 | 15:M23 M40 M53 M58 M68 M87 M102 M104 M109 M116 M138 M158 M184 | 16:M18 M21 M35 M44 M51 M66 M99 M106 M124 M134 M146 M151 M161 M182 | 17:M19 M34 M54 M59 M69 M97 M113 M147 M152 M163 | 18:M45 M60 M64 M94 M107 M126 M150 M157 | 19:M101 M125 M148 M153 M156 | 20:M95 M127 M140 M149 M159 | 21:M100 M128 M145 | 22:M98,"journal objective family: bg_d2 | F-selected distance-labelled E* domain propagation and cycle detection | precedence configuration: F=distance_closure, P=pairwise, G=direct | Full Domain MxT schedule variables + explicit unary exclusions | (20),(22)-(27) exactly once over full domains | (22)-(27) session/fixed/forbidden exclusions as hard unit clauses | (19) participant atMost-one per slot | (46),(47) clustered table capacity with compact forward channeling | (28) Pairwise precedence over direct distance-labelled relations | exact break-group ends and unary break-group thresholds | exact schedule <-> usedSlot channeling | (43) exactly |Mp| full usedSlot variables | (44) atMost 2|L| busy participants per slot | (45) exact even number of busy participants | historical hard cap Delta_G <= 2",5,"(5,)",result
,,,,,,,,,forum-13crafb.forb0003,b2b-bf29dc2a22d8c0fb,b2b-lineage-forum-13crafb,forbidden,F-PW-DE-ST-BGD2-UW-IC12P,Full,Filter-E*,Pairwise,Direct-E,SpanThreshold,BreakGroupsD2,UWrMaxSAT,IC12+,OPTIMAL,SAT,5,5,bg_d2,5,5,5,,,5,1,31.526937,False,258.902,,,,Compact,Compact/Full,project_implementation,one-shot weighted MaxSAT,160658,,,,,,,345588,560,346148,4290,156368,963162,57,cfg5__m-full__p-pairwise__g-direct__b-span_threshold__o-break_groups_d2__s-uwrmaxsat__i-imp12plus__backend-uwrmaxsat,cfg5__m-full__p-pairwise__g-direct__b-span_threshold__o-break_groups_d2__s-uwrmaxsat__i-imp12plus__backend-uwrmaxsat,full,distance_closure,pairwise,direct,UWrMaxSAT,UWrMaxSAT,binary-sha256:8c68c8a386d3d7847b50d315143c2bab60e3514e59510e84a649db83cb303876,imp12+,span_threshold,total_break_groups_subject_to_range_at_most_2,BGD2,IC12P,962602,560,1,1351,145374,132605,66258,1,560,560,1,,,,,,0,0,0,0,0,,,"formalism-specific model size: SAT/MaxSAT reports base CNF and soft clauses, MIP reports variables/linear constraints/nonzeros, and CP reports integer variables plus linear/global constraints; SAT bound/totalizer overhead remains separate in optimizer_added_*",4290,3253,3253,4290,0,0,0,0,0,0,0,1,0.1638,0.002414,0.529402,,0.531815,30.995121,"wall-clock from immediately before reading/parsing the .dzn instance through model construction, optimization, solution decoding, and independent validation; excludes worker-process startup and result-file export",17,38,17,5,1,"0,0,0,0,0,0,0,0,0,0,0,0,0,0,0,1,0,0,1,0,0,0,1,0,0,0,0,0,0,0,0,0,0,0,0,0,0,0,0,0,1,0,0,0,0,0,0,0,0,0,0,0,0,0,0,0,0,1,0,0,0,0,0,0,0,0,0,0,0,0,0,0,0,0,0,0",peak_process_tree_rss_mb,bf29dc2a22d8c0fbb3a67b7edaa1b55631cf6f80f68a9f7296fa29c0c2ac7782,forb0003,data_table06_forb/forum-13crafb.forb0003.dzn,2,../noves/forum-13crafb.forb0003.dzn | ../noves/ticf-13crafb.forb0003.dzn,2,data_table06_forb/forum-13crafb.forb0003.dzn | data_table06_forb/ticf-13crafb.forb0003.dzn,https://imae.udg.edu/Recerca/LAI/,https://ima.udg.edu/Recerca/lai/b2b/b2b.zip,ee1f440ab3f6db27ab712300ad3a54a31ffd5ec1e06f81a9ac37cb7202c56528,2026-08-10T10:42:19+00:00,7200.0,,ee80a6fbd8b513f7c010668495c39621a371266a,True,3.10.12,1.8.dev25,instance-20260810-085803,Linux-6.8.0-1064-gcp-x86_64-with-glibc2.35,x86_64,4,8,15988.059,1,0,/home/g24021555/Business-Meeting-Scheduling-Problem/.venv/bin/python3 /home/g24021555/Business-Meeting-Scheduling-Problem/src/Main.py --manifest instances_manifest.csv --family forbidden --solver sat_all --objective-mode bg_d2 --domain-mode both --domain-filter-graph both --precedence-encoding both --precedence-graph both --encoding-variant imp12+ --sat-backend cadical --maxsat-backend uwrmaxsat --uwrmaxsat-bin /home/g24021555/uwrmaxsat/build/release/bin/uwrmaxsat --timeout 7200 --csv output/full_matrix_bg_d2_forbidden.csv,/home/g24021555/uwrmaxsat/build/release/bin/uwrmaxsat,8c68c8a386d3d7847b50d315143c2bab60e3514e59510e84a649db83cb303876,/home/g24021555/uwrmaxsat/build/release/bin/uwrmaxsat -m /tmp/b2b_uwrmaxsat_53zj6i0r/forum-13crafb.forb0003.wcnf,,process exit code=30,,,maxsat,uwrmaxsat,,/home/g24021555/uwrmaxsat/build/release/bin/uwrmaxsat,traditional,pairwise+direct,5,56,"1,2,3,4,7,8,9,10,12,13,14,15,16,17,18,19,20,21,22,23,24,25,26,28,29,30,31,32,33,36,37,38,39,40,41,42,43,44,45,47,48,51,53,54,56,57,58,59,60,61,62,63,64,65,66,76",3253,1037,0,0,"0,0,0,0,0,0,0,0,0,0,0,0,0,0,0,10,0,0,7,0,0,0,17,0,0,0,0,0,0,0,0,0,0,0,0,0,0,0,0,0,3,0,0,0,0,0,0,0,0,0,0,0,0,0,0,0,0,1,0,0,0,0,0,0,0,0,0,0,0,0,0,0,0,0,0,0","4,8,10,12,16,16,20,20,28,28,28,28,28,28,28,28,20,16,12,8,2,2","9,13,10,12,11,10,11,11,14,10,13,9,12,8,13,14,11,16,17,16,14,11,15,9,12,10,12,8,6,3,12,10,12,16,17,8,7,10,5,15,13,16,2,17,18,15,13,10,7,6,16,4,14,17,9,6,5,15,18,16,14,9,11,19,13,18,17,15,16,13,10,8,7,9,5,14,2,4,11,12,1,12,9,10,13,16,15,7,8,9,7,10,9,18,21,14,17,22,16,19,20,15,13,14,13,11,15,15,16,14,12,11,18,12,15,13,9,7,11,10,8,6,5,14,13,14,15,16,10,8,2,11,3,12,14,16,13,15,19,20,4,7,6,9,5,18,17,20,19,16,18,19,17,17,12,20,11,13,18,14,15,16,19,11,12,6,2,5,8,7,10,4,9,3,1,3,9,8,7,4,15,17,12,6,14,11,10,5,6,7,8,9,5,4,3",1:M81 M175 | 2:M43 M77 M131 M167 | 3:M30 M133 M174 M176 M195 | 4:M52 M78 M141 M172 M180 M194 | 5:M39 M57 M75 M123 M145 M168 M188 M193 | 6:M29 M50 M56 M122 M143 M166 M184 M189 | 7:M37 M49 M73 M88 M91 M118 M142 M170 M179 M190 | 8:M14 M28 M36 M72 M89 M121 M130 M169 M178 M191 | 9:M1 M12 M24 M55 M62 M74 M83 M90 M93 M117 M144 M173 M177 M192 | 10:M3 M6 M10 M26 M32 M38 M48 M71 M84 M92 M120 M129 M171 M187 | 11:M5 M7 M8 M17 M22 M63 M79 M106 M112 M119 M132 M157 M164 M186 | 12:M4 M13 M25 M27 M31 M33 M80 M82 M111 M114 M134 M155 M165 M183 | 13:M2 M11 M15 M41 M47 M65 M70 M85 M103 M105 M116 M125 M137 M158 | 14:M9 M16 M21 M53 M61 M76 M96 M104 M110 M124 M126 M135 M160 M185 | 15:M23 M40 M46 M58 M68 M87 M102 M107 M108 M115 M127 M138 M161 M181 | 16:M18 M20 M34 M42 M51 M60 M69 M86 M99 M109 M128 M136 M150 M162 | 17:M19 M35 M44 M54 M67 M97 M147 M153 M154 M182 | 18:M45 M59 M66 M94 M113 M146 M151 M159 | 19:M64 M100 M139 M149 M152 M163 | 20:M101 M140 M148 M156 | 21:M95 | 22:M98,"journal objective family: bg_d2 | F-selected distance-labelled E* domain propagation and cycle detection | precedence configuration: F=distance_closure, P=pairwise, G=direct | Full Domain MxT schedule variables + explicit unary exclusions | (20),(22)-(27) exactly once over full domains | (22)-(27) session/fixed/forbidden exclusions as hard unit clauses | (19) participant atMost-one per slot | (46),(47) clustered table capacity with compact forward channeling | (28) Pairwise precedence over direct distance-labelled relations | exact break-group ends and unary break-group thresholds | exact schedule <-> usedSlot channeling | (43) exactly |Mp| full usedSlot variables | (44) atMost 2|L| busy participants per slot | (45) exact even number of busy participants | historical hard cap Delta_G <= 2",,,result
,,,,,,,,,forum-13crafb.forb0003,b2b-bf29dc2a22d8c0fb,b2b-lineage-forum-13crafb,forbidden,F-PW-DC-ST-BGD2-IS-CD-IC12P,Full,Filter-E*,Pairwise,DistanceClosure-E*,SpanThreshold,BreakGroupsD2,IncrementalSAT,IC12+,OPTIMAL,SAT,5,5,bg_d2,5,5,5,,,,,35.779993,False,223.441,,,,Compact,Compact/Full,project_implementation,incremental multi-phase SAT with persistent solver state,160658,,,,,,,345588,0,345588,4290,156368,962602,57,cfg5__m-full__p-pairwise__g-distance_closure__b-span_threshold__o-break_groups_d2__s-incrementalsat__i-imp12plus__backend-cadical,cfg5__m-full__p-pairwise__g-distance_closure__b-span_threshold__o-break_groups_d2__s-incrementalsat__i-imp12plus__backend-cadical,full,distance_closure,pairwise,distance_closure,IncrementalSAT,CaDiCaL,1.5.3,imp12+,span_threshold,total_break_groups_subject_to_range_at_most_2,BGD2,IC12P,962602,0,0,1351,145374,132605,66258,,0,560,7,,,,,,1,4016,47486,137966,47486,34.91164021300028,6,"formalism-specific model size: SAT/MaxSAT reports base CNF and soft clauses, MIP reports variables/linear constraints/nonzeros, and CP reports integer variables plus linear/global constraints; SAT bound/totalizer overhead remains separate in optimizer_added_*",4290,3253,3253,4290,0,0,0,0,0,0,0,1,0.160476,0.002417,0.520869,,0.523286,35.256707,"wall-clock from immediately before reading/parsing the .dzn instance through model construction, optimization, solution decoding, and independent validation; excludes worker-process startup and result-file export",16,49,16,5,1,"0,0,0,0,0,0,0,0,0,0,0,0,0,0,0,1,0,0,0,0,0,0,1,0,0,1,0,0,0,0,0,0,0,0,0,0,1,0,0,0,0,0,0,0,0,0,0,0,0,0,0,0,0,0,0,0,0,1,0,0,0,0,0,0,0,0,0,0,0,0,0,0,0,0,0,0",peak_process_tree_rss_mb,bf29dc2a22d8c0fbb3a67b7edaa1b55631cf6f80f68a9f7296fa29c0c2ac7782,forb0003,data_table06_forb/forum-13crafb.forb0003.dzn,2,../noves/forum-13crafb.forb0003.dzn | ../noves/ticf-13crafb.forb0003.dzn,2,data_table06_forb/forum-13crafb.forb0003.dzn | data_table06_forb/ticf-13crafb.forb0003.dzn,https://imae.udg.edu/Recerca/LAI/,https://ima.udg.edu/Recerca/lai/b2b/b2b.zip,ee1f440ab3f6db27ab712300ad3a54a31ffd5ec1e06f81a9ac37cb7202c56528,2026-08-10T10:42:19+00:00,7200.0,,ee80a6fbd8b513f7c010668495c39621a371266a,True,3.10.12,1.8.dev25,instance-20260810-085803,Linux-6.8.0-1064-gcp-x86_64-with-glibc2.35,x86_64,4,8,15988.059,1,0,/home/g24021555/Business-Meeting-Scheduling-Problem/.venv/bin/python3 /home/g24021555/Business-Meeting-Scheduling-Problem/src/Main.py --manifest instances_manifest.csv --family forbidden --solver sat_all --objective-mode bg_d2 --domain-mode both --domain-filter-graph both --precedence-encoding both --precedence-graph both --encoding-variant imp12+ --sat-backend cadical --maxsat-backend uwrmaxsat --uwrmaxsat-bin /home/g24021555/uwrmaxsat/build/release/bin/uwrmaxsat --timeout 7200 --csv output/full_matrix_bg_d2_forbidden.csv,,,,,,,,incremental,,cadical,,factorial,pairwise+distance_closure,5,56,"1,2,3,4,7,8,9,10,12,13,14,15,16,17,18,19,20,21,22,23,24,25,26,28,29,30,31,32,33,36,37,38,39,40,41,42,43,44,45,47,48,51,53,54,56,57,58,59,60,61,62,63,64,65,66,76",3253,1037,0,0,"0,0,0,0,0,0,0,0,0,0,0,0,0,0,0,13,0,0,0,0,0,0,16,0,0,4,0,0,0,0,0,0,0,0,0,0,14,0,0,0,0,0,0,0,0,0,0,0,0,0,0,0,0,0,0,0,0,2,0,0,0,0,0,0,0,0,0,0,0,0,0,0,0,0,0,0","4,6,8,10,10,18,20,26,28,28,28,28,28,26,28,28,20,18,12,10,4,2","12,10,12,11,9,11,10,13,16,11,15,9,12,8,13,14,10,16,14,15,16,11,13,8,12,7,12,9,7,5,12,11,11,7,6,8,13,9,6,14,17,15,3,18,18,14,13,11,6,8,15,4,16,17,10,7,5,15,17,18,13,9,10,15,16,17,11,14,8,14,12,8,7,9,3,16,2,10,11,6,4,11,10,12,13,14,15,10,7,9,8,9,8,17,14,15,18,21,13,20,19,16,22,15,14,13,18,17,13,16,12,9,15,13,15,14,10,6,7,12,11,9,8,16,19,18,21,20,10,8,2,12,5,14,13,15,19,7,3,20,4,6,1,9,16,16,17,20,19,18,16,19,17,17,11,10,14,12,19,13,15,16,18,12,11,5,2,6,9,7,8,4,10,3,1,17,9,11,6,20,15,16,18,14,8,13,12,10,8,7,9,10,6,4,5",1:M143 M175 | 2:M77 M131 M167 | 3:M43 M75 M139 M174 | 4:M52 M81 M141 M172 M194 | 5:M30 M57 M133 M166 M195 | 6:M35 M39 M49 M80 M118 M142 M168 M179 M193 | 7:M26 M29 M34 M56 M73 M89 M119 M138 M170 M190 | 8:M14 M24 M36 M50 M69 M72 M91 M93 M123 M130 M171 M185 M189 | 9:M5 M12 M28 M38 M62 M74 M90 M92 M112 M122 M144 M169 M177 M191 | 10:M2 M7 M17 M55 M63 M78 M83 M88 M117 M129 M156 M173 M188 M192 | 11:M4 M6 M10 M22 M32 M33 M48 M67 M79 M82 M121 M155 M165 M178 | 12:M1 M3 M13 M25 M27 M31 M71 M84 M111 M120 M132 M158 M164 M187 | 13:M8 M15 M23 M37 M47 M61 M85 M99 M106 M109 M114 M135 M160 M186 | 14:M16 M19 M40 M46 M68 M70 M86 M95 M105 M116 M134 M157 M184 | 15:M11 M20 M42 M51 M58 M64 M87 M96 M104 M113 M115 M136 M161 M181 | 16:M9 M18 M21 M53 M65 M76 M102 M110 M124 M145 M146 M151 M162 M182 | 17:M41 M54 M59 M66 M94 M108 M147 M153 M154 M176 | 18:M44 M45 M60 M97 M107 M126 M150 M163 M183 | 19:M101 M125 M137 M149 M152 M159 | 20:M100 M128 M140 M148 M180 | 21:M98 M127 | 22:M103,"journal objective family: bg_d2 | F-selected distance-labelled E* domain propagation and cycle detection | precedence configuration: F=distance_closure, P=pairwise, G=distance_closure | Full Domain MxT schedule variables + explicit unary exclusions | (20),(22)-(27) exactly once over full domains | (22)-(27) session/fixed/forbidden exclusions as hard unit clauses | (19) participant atMost-one per slot | (46),(47) clustered table capacity with compact forward channeling | (28) Pairwise precedence over distance_closure distance-labelled relations | exact break-group ends and unary break-group thresholds | exact schedule <-> usedSlot channeling | (43) exactly |Mp| full usedSlot variables | (44) atMost 2|L| busy participants per slot | (45) exact even number of busy participants | historical hard cap Delta_G <= 2",5,"(5,)",result
,,,,,,,,,forum-13crafb.forb0003,b2b-bf29dc2a22d8c0fb,b2b-lineage-forum-13crafb,forbidden,F-PW-DC-ST-BGD2-NIS-CD-IC12P,Full,Filter-E*,Pairwise,DistanceClosure-E*,SpanThreshold,BreakGroupsD2,NonIncrementalSAT,IC12+,OPTIMAL,SAT,5,5,bg_d2,5,5,5,,,,,38.306617,False,229.207,,,,Compact,Compact/Full,project_implementation,restart-based multi-phase SAT,160658,,,,,,,345588,0,345588,4290,156368,962602,57,cfg5__m-full__p-pairwise__g-distance_closure__b-span_threshold__o-break_groups_d2__s-nonincrementalsat__i-imp12plus__backend-cadical,cfg5__m-full__p-pairwise__g-distance_closure__b-span_threshold__o-break_groups_d2__s-nonincrementalsat__i-imp12plus__backend-cadical,full,distance_closure,pairwise,distance_closure,NonIncrementalSAT,CaDiCaL,1.5.3,imp12+,span_threshold,total_break_groups_subject_to_range_at_most_2,BGD2,IC12P,962602,0,0,1351,145374,132605,66258,,0,560,7,,,,,,7,21279,43036,106832,100012,37.43682926399924,6,"formalism-specific model size: SAT/MaxSAT reports base CNF and soft clauses, MIP reports variables/linear constraints/nonzeros, and CP reports integer variables plus linear/global constraints; SAT bound/totalizer overhead remains separate in optimizer_added_*",4290,3253,3253,4290,0,0,0,0,0,0,0,1,0.159305,0.002446,0.508865,,0.511311,37.795306,"wall-clock from immediately before reading/parsing the .dzn instance through model construction, optimization, solution decoding, and independent validation; excludes worker-process startup and result-file export",17,42,17,5,1,"0,0,0,0,0,0,0,0,0,0,0,0,0,0,0,1,0,0,1,0,0,0,1,0,0,0,0,0,1,0,0,0,0,0,0,0,0,0,0,0,0,0,0,0,0,0,0,0,0,0,0,0,0,0,0,0,0,1,0,0,0,0,0,0,0,0,0,0,0,0,0,0,0,0,0,0",peak_process_tree_rss_mb,bf29dc2a22d8c0fbb3a67b7edaa1b55631cf6f80f68a9f7296fa29c0c2ac7782,forb0003,data_table06_forb/forum-13crafb.forb0003.dzn,2,../noves/forum-13crafb.forb0003.dzn | ../noves/ticf-13crafb.forb0003.dzn,2,data_table06_forb/forum-13crafb.forb0003.dzn | data_table06_forb/ticf-13crafb.forb0003.dzn,https://imae.udg.edu/Recerca/LAI/,https://ima.udg.edu/Recerca/lai/b2b/b2b.zip,ee1f440ab3f6db27ab712300ad3a54a31ffd5ec1e06f81a9ac37cb7202c56528,2026-08-10T10:42:19+00:00,7200.0,,ee80a6fbd8b513f7c010668495c39621a371266a,True,3.10.12,1.8.dev25,instance-20260810-085803,Linux-6.8.0-1064-gcp-x86_64-with-glibc2.35,x86_64,4,8,15988.059,1,0,/home/g24021555/Business-Meeting-Scheduling-Problem/.venv/bin/python3 /home/g24021555/Business-Meeting-Scheduling-Problem/src/Main.py --manifest instances_manifest.csv --family forbidden --solver sat_all --objective-mode bg_d2 --domain-mode both --domain-filter-graph both --precedence-encoding both --precedence-graph both --encoding-variant imp12+ --sat-backend cadical --maxsat-backend uwrmaxsat --uwrmaxsat-bin /home/g24021555/uwrmaxsat/build/release/bin/uwrmaxsat --timeout 7200 --csv output/full_matrix_bg_d2_forbidden.csv,,,,,,,,multiple,,cadical,,factorial,pairwise+distance_closure,5,56,"1,2,3,4,7,8,9,10,12,13,14,15,16,17,18,19,20,21,22,23,24,25,26,28,29,30,31,32,33,36,37,38,39,40,41,42,43,44,45,47,48,51,53,54,56,57,58,59,60,61,62,63,64,65,66,76",3253,1037,0,0,"0,0,0,0,0,0,0,0,0,0,0,0,0,0,0,12,0,0,7,0,0,0,17,0,0,0,0,0,3,0,0,0,0,0,0,0,0,0,0,0,0,0,0,0,0,0,0,0,0,0,0,0,0,0,0,0,0,3,0,0,0,0,0,0,0,0,0,0,0,0,0,0,0,0,0,0","4,8,12,10,12,16,18,26,28,28,28,28,28,26,26,28,20,16,10,10,6,2","9,13,10,12,11,11,10,8,11,10,13,9,12,8,13,14,11,16,17,14,16,10,15,9,12,8,12,11,7,3,12,10,12,17,16,8,7,10,6,15,13,14,2,16,18,14,13,10,11,5,16,4,15,17,9,5,6,15,17,18,14,8,9,18,13,16,12,15,17,11,11,6,7,9,5,14,2,8,10,12,3,12,9,10,13,14,15,11,7,9,8,10,9,18,20,14,17,22,16,21,19,15,13,15,13,16,18,14,15,13,12,8,17,13,14,15,8,7,11,12,10,9,6,16,19,18,20,21,11,10,2,1,4,16,13,14,5,15,9,20,8,7,6,3,21,16,17,19,20,18,16,17,19,12,11,19,18,15,20,13,16,14,17,12,10,5,2,8,7,6,9,4,11,3,1,3,9,7,6,4,13,16,11,15,8,14,12,10,6,7,8,9,5,3,4",1:M132 M175 | 2:M43 M77 M131 M167 | 3:M30 M81 M144 M174 M176 M194 | 4:M52 M133 M172 M180 M195 | 5:M50 M56 M75 M137 M166 M193 | 6:M39 M57 M72 M123 M143 M170 M179 M189 | 7:M29 M37 M73 M89 M118 M142 M169 M178 M190 | 8:M8 M14 M26 M36 M62 M78 M91 M112 M117 M141 M168 M185 M191 | 9:M1 M12 M24 M55 M63 M74 M83 M90 M93 M122 M139 M171 M177 M192 | 10:M3 M7 M10 M22 M32 M38 M48 M79 M84 M92 M121 M130 M165 M188 | 11:M5 M6 M9 M17 M28 M49 M70 M71 M88 M119 M129 M155 M173 M183 | 12:M4 M13 M25 M27 M31 M33 M67 M80 M82 M111 M120 M154 M164 M187 | 13:M2 M11 M15 M41 M47 M65 M85 M103 M105 M110 M114 M135 M160 M181 | 14:M16 M20 M42 M46 M61 M76 M86 M96 M108 M115 M136 M162 M186 | 15:M23 M40 M53 M58 M68 M87 M102 M104 M109 M116 M138 M158 M184 | 16:M18 M21 M35 M44 M51 M66 M99 M106 M124 M134 M146 M151 M161 M182 | 17:M19 M34 M54 M59 M69 M97 M113 M147 M152 M163 | 18:M45 M60 M64 M94 M107 M126 M150 M157 | 19:M101 M125 M148 M153 M156 | 20:M95 M127 M140 M149 M159 | 21:M100 M128 M145 | 22:M98,"journal objective family: bg_d2 | F-selected distance-labelled E* domain propagation and cycle detection | precedence configuration: F=distance_closure, P=pairwise, G=distance_closure | Full Domain MxT schedule variables + explicit unary exclusions | (20),(22)-(27) exactly once over full domains | (22)-(27) session/fixed/forbidden exclusions as hard unit clauses | (19) participant atMost-one per slot | (46),(47) clustered table capacity with compact forward channeling | (28) Pairwise precedence over distance_closure distance-labelled relations | exact break-group ends and unary break-group thresholds | exact schedule <-> usedSlot channeling | (43) exactly |Mp| full usedSlot variables | (44) atMost 2|L| busy participants per slot | (45) exact even number of busy participants | historical hard cap Delta_G <= 2",5,"(5,)",result
,,,,,,,,,forum-13crafb.forb0003,b2b-bf29dc2a22d8c0fb,b2b-lineage-forum-13crafb,forbidden,F-PW-DC-ST-BGD2-UW-IC12P,Full,Filter-E*,Pairwise,DistanceClosure-E*,SpanThreshold,BreakGroupsD2,UWrMaxSAT,IC12+,OPTIMAL,SAT,5,5,bg_d2,5,5,5,,,5,1,31.639907,False,258.914,,,,Compact,Compact/Full,project_implementation,one-shot weighted MaxSAT,160658,,,,,,,345588,560,346148,4290,156368,963162,57,cfg5__m-full__p-pairwise__g-distance_closure__b-span_threshold__o-break_groups_d2__s-uwrmaxsat__i-imp12plus__backend-uwrmaxsat,cfg5__m-full__p-pairwise__g-distance_closure__b-span_threshold__o-break_groups_d2__s-uwrmaxsat__i-imp12plus__backend-uwrmaxsat,full,distance_closure,pairwise,distance_closure,UWrMaxSAT,UWrMaxSAT,binary-sha256:8c68c8a386d3d7847b50d315143c2bab60e3514e59510e84a649db83cb303876,imp12+,span_threshold,total_break_groups_subject_to_range_at_most_2,BGD2,IC12P,962602,560,1,1351,145374,132605,66258,1,560,560,1,,,,,,0,0,0,0,0,,,"formalism-specific model size: SAT/MaxSAT reports base CNF and soft clauses, MIP reports variables/linear constraints/nonzeros, and CP reports integer variables plus linear/global constraints; SAT bound/totalizer overhead remains separate in optimizer_added_*",4290,3253,3253,4290,0,0,0,0,0,0,0,1,0.163021,0.002355,0.524556,,0.526911,31.112996,"wall-clock from immediately before reading/parsing the .dzn instance through model construction, optimization, solution decoding, and independent validation; excludes worker-process startup and result-file export",17,38,17,5,1,"0,0,0,0,0,0,0,0,0,0,0,0,0,0,0,1,0,0,1,0,0,0,1,0,0,0,0,0,0,0,0,0,0,0,0,0,0,0,0,0,1,0,0,0,0,0,0,0,0,0,0,0,0,0,0,0,0,1,0,0,0,0,0,0,0,0,0,0,0,0,0,0,0,0,0,0",peak_process_tree_rss_mb,bf29dc2a22d8c0fbb3a67b7edaa1b55631cf6f80f68a9f7296fa29c0c2ac7782,forb0003,data_table06_forb/forum-13crafb.forb0003.dzn,2,../noves/forum-13crafb.forb0003.dzn | ../noves/ticf-13crafb.forb0003.dzn,2,data_table06_forb/forum-13crafb.forb0003.dzn | data_table06_forb/ticf-13crafb.forb0003.dzn,https://imae.udg.edu/Recerca/LAI/,https://ima.udg.edu/Recerca/lai/b2b/b2b.zip,ee1f440ab3f6db27ab712300ad3a54a31ffd5ec1e06f81a9ac37cb7202c56528,2026-08-10T10:42:19+00:00,7200.0,,ee80a6fbd8b513f7c010668495c39621a371266a,True,3.10.12,1.8.dev25,instance-20260810-085803,Linux-6.8.0-1064-gcp-x86_64-with-glibc2.35,x86_64,4,8,15988.059,1,0,/home/g24021555/Business-Meeting-Scheduling-Problem/.venv/bin/python3 /home/g24021555/Business-Meeting-Scheduling-Problem/src/Main.py --manifest instances_manifest.csv --family forbidden --solver sat_all --objective-mode bg_d2 --domain-mode both --domain-filter-graph both --precedence-encoding both --precedence-graph both --encoding-variant imp12+ --sat-backend cadical --maxsat-backend uwrmaxsat --uwrmaxsat-bin /home/g24021555/uwrmaxsat/build/release/bin/uwrmaxsat --timeout 7200 --csv output/full_matrix_bg_d2_forbidden.csv,/home/g24021555/uwrmaxsat/build/release/bin/uwrmaxsat,8c68c8a386d3d7847b50d315143c2bab60e3514e59510e84a649db83cb303876,/home/g24021555/uwrmaxsat/build/release/bin/uwrmaxsat -m /tmp/b2b_uwrmaxsat_0ewblalz/forum-13crafb.forb0003.wcnf,,process exit code=30,,,maxsat,uwrmaxsat,,/home/g24021555/uwrmaxsat/build/release/bin/uwrmaxsat,factorial,pairwise+distance_closure,5,56,"1,2,3,4,7,8,9,10,12,13,14,15,16,17,18,19,20,21,22,23,24,25,26,28,29,30,31,32,33,36,37,38,39,40,41,42,43,44,45,47,48,51,53,54,56,57,58,59,60,61,62,63,64,65,66,76",3253,1037,0,0,"0,0,0,0,0,0,0,0,0,0,0,0,0,0,0,10,0,0,7,0,0,0,17,0,0,0,0,0,0,0,0,0,0,0,0,0,0,0,0,0,3,0,0,0,0,0,0,0,0,0,0,0,0,0,0,0,0,1,0,0,0,0,0,0,0,0,0,0,0,0,0,0,0,0,0,0","4,8,10,12,16,16,20,20,28,28,28,28,28,28,28,28,20,16,12,8,2,2","9,13,10,12,11,10,11,11,14,10,13,9,12,8,13,14,11,16,17,16,14,11,15,9,12,10,12,8,6,3,12,10,12,16,17,8,7,10,5,15,13,16,2,17,18,15,13,10,7,6,16,4,14,17,9,6,5,15,18,16,14,9,11,19,13,18,17,15,16,13,10,8,7,9,5,14,2,4,11,12,1,12,9,10,13,16,15,7,8,9,7,10,9,18,21,14,17,22,16,19,20,15,13,14,13,11,15,15,16,14,12,11,18,12,15,13,9,7,11,10,8,6,5,14,13,14,15,16,10,8,2,11,3,12,14,16,13,15,19,20,4,7,6,9,5,18,17,20,19,16,18,19,17,17,12,20,11,13,18,14,15,16,19,11,12,6,2,5,8,7,10,4,9,3,1,3,9,8,7,4,15,17,12,6,14,11,10,5,6,7,8,9,5,4,3",1:M81 M175 | 2:M43 M77 M131 M167 | 3:M30 M133 M174 M176 M195 | 4:M52 M78 M141 M172 M180 M194 | 5:M39 M57 M75 M123 M145 M168 M188 M193 | 6:M29 M50 M56 M122 M143 M166 M184 M189 | 7:M37 M49 M73 M88 M91 M118 M142 M170 M179 M190 | 8:M14 M28 M36 M72 M89 M121 M130 M169 M178 M191 | 9:M1 M12 M24 M55 M62 M74 M83 M90 M93 M117 M144 M173 M177 M192 | 10:M3 M6 M10 M26 M32 M38 M48 M71 M84 M92 M120 M129 M171 M187 | 11:M5 M7 M8 M17 M22 M63 M79 M106 M112 M119 M132 M157 M164 M186 | 12:M4 M13 M25 M27 M31 M33 M80 M82 M111 M114 M134 M155 M165 M183 | 13:M2 M11 M15 M41 M47 M65 M70 M85 M103 M105 M116 M125 M137 M158 | 14:M9 M16 M21 M53 M61 M76 M96 M104 M110 M124 M126 M135 M160 M185 | 15:M23 M40 M46 M58 M68 M87 M102 M107 M108 M115 M127 M138 M161 M181 | 16:M18 M20 M34 M42 M51 M60 M69 M86 M99 M109 M128 M136 M150 M162 | 17:M19 M35 M44 M54 M67 M97 M147 M153 M154 M182 | 18:M45 M59 M66 M94 M113 M146 M151 M159 | 19:M64 M100 M139 M149 M152 M163 | 20:M101 M140 M148 M156 | 21:M95 | 22:M98,"journal objective family: bg_d2 | F-selected distance-labelled E* domain propagation and cycle detection | precedence configuration: F=distance_closure, P=pairwise, G=distance_closure | Full Domain MxT schedule variables + explicit unary exclusions | (20),(22)-(27) exactly once over full domains | (22)-(27) session/fixed/forbidden exclusions as hard unit clauses | (19) participant atMost-one per slot | (46),(47) clustered table capacity with compact forward channeling | (28) Pairwise precedence over distance_closure distance-labelled relations | exact break-group ends and unary break-group thresholds | exact schedule <-> usedSlot channeling | (43) exactly |Mp| full usedSlot variables | (44) atMost 2|L| busy participants per slot | (45) exact even number of busy participants | historical hard cap Delta_G <= 2",,,result
,,,,,,,,,forum-13crafb.forb0003,b2b-bf29dc2a22d8c0fb,b2b-lineage-forum-13crafb,forbidden,F-SS-DE-ST-BGD2-IS-CD-IC12P,Full,Filter-E*,SparseSuffix,Direct-E,SpanThreshold,BreakGroupsD2,IncrementalSAT,IC12+,OPTIMAL,SAT,5,5,bg_d2,5,5,5,,,,,35.613938,False,218.402,,,,Compact,Compact/Full,project_implementation,incremental multi-phase SAT with persistent solver state,160658,,,,,,,345588,0,345588,4290,156368,962602,57,cfg5__m-full__p-sparse_suffix__g-direct__b-span_threshold__o-break_groups_d2__s-incrementalsat__i-imp12plus__backend-cadical,cfg5__m-full__p-sparse_suffix__g-direct__b-span_threshold__o-break_groups_d2__s-incrementalsat__i-imp12plus__backend-cadical,full,distance_closure,sparse_suffix,direct,IncrementalSAT,CaDiCaL,1.5.3,imp12+,span_threshold,total_break_groups_subject_to_range_at_most_2,BGD2,IC12P,962602,0,0,1351,145374,132605,66258,,0,560,7,,,,,,1,4016,47486,137966,47486,34.7214990450002,6,"formalism-specific model size: SAT/MaxSAT reports base CNF and soft clauses, MIP reports variables/linear constraints/nonzeros, and CP reports integer variables plus linear/global constraints; SAT bound/totalizer overhead remains separate in optimizer_added_*",4290,3253,3253,4290,0,0,0,0,0,0,0,1,0.16024,0.002429,0.533016,,0.535445,35.078492,"wall-clock from immediately before reading/parsing the .dzn instance through model construction, optimization, solution decoding, and independent validation; excludes worker-process startup and result-file export",16,49,16,5,1,"0,0,0,0,0,0,0,0,0,0,0,0,0,0,0,1,0,0,0,0,0,0,1,0,0,1,0,0,0,0,0,0,0,0,0,0,1,0,0,0,0,0,0,0,0,0,0,0,0,0,0,0,0,0,0,0,0,1,0,0,0,0,0,0,0,0,0,0,0,0,0,0,0,0,0,0",peak_process_tree_rss_mb,bf29dc2a22d8c0fbb3a67b7edaa1b55631cf6f80f68a9f7296fa29c0c2ac7782,forb0003,data_table06_forb/forum-13crafb.forb0003.dzn,2,../noves/forum-13crafb.forb0003.dzn | ../noves/ticf-13crafb.forb0003.dzn,2,data_table06_forb/forum-13crafb.forb0003.dzn | data_table06_forb/ticf-13crafb.forb0003.dzn,https://imae.udg.edu/Recerca/LAI/,https://ima.udg.edu/Recerca/lai/b2b/b2b.zip,ee1f440ab3f6db27ab712300ad3a54a31ffd5ec1e06f81a9ac37cb7202c56528,2026-08-10T10:42:19+00:00,7200.0,,ee80a6fbd8b513f7c010668495c39621a371266a,True,3.10.12,1.8.dev25,instance-20260810-085803,Linux-6.8.0-1064-gcp-x86_64-with-glibc2.35,x86_64,4,8,15988.059,1,0,/home/g24021555/Business-Meeting-Scheduling-Problem/.venv/bin/python3 /home/g24021555/Business-Meeting-Scheduling-Problem/src/Main.py --manifest instances_manifest.csv --family forbidden --solver sat_all --objective-mode bg_d2 --domain-mode both --domain-filter-graph both --precedence-encoding both --precedence-graph both --encoding-variant imp12+ --sat-backend cadical --maxsat-backend uwrmaxsat --uwrmaxsat-bin /home/g24021555/uwrmaxsat/build/release/bin/uwrmaxsat --timeout 7200 --csv output/full_matrix_bg_d2_forbidden.csv,,,,,,,,incremental,,cadical,,factorial,sparse_suffix+direct,5,56,"1,2,3,4,7,8,9,10,12,13,14,15,16,17,18,19,20,21,22,23,24,25,26,28,29,30,31,32,33,36,37,38,39,40,41,42,43,44,45,47,48,51,53,54,56,57,58,59,60,61,62,63,64,65,66,76",3253,1037,0,0,"0,0,0,0,0,0,0,0,0,0,0,0,0,0,0,13,0,0,0,0,0,0,16,0,0,4,0,0,0,0,0,0,0,0,0,0,14,0,0,0,0,0,0,0,0,0,0,0,0,0,0,0,0,0,0,0,0,2,0,0,0,0,0,0,0,0,0,0,0,0,0,0,0,0,0,0","4,6,8,10,10,18,20,26,28,28,28,28,28,26,28,28,20,18,12,10,4,2","12,10,12,11,9,11,10,13,16,11,15,9,12,8,13,14,10,16,14,15,16,11,13,8,12,7,12,9,7,5,12,11,11,7,6,8,13,9,6,14,17,15,3,18,18,14,13,11,6,8,15,4,16,17,10,7,5,15,17,18,13,9,10,15,16,17,11,14,8,14,12,8,7,9,3,16,2,10,11,6,4,11,10,12,13,14,15,10,7,9,8,9,8,17,14,15,18,21,13,20,19,16,22,15,14,13,18,17,13,16,12,9,15,13,15,14,10,6,7,12,11,9,8,16,19,18,21,20,10,8,2,12,5,14,13,15,19,7,3,20,4,6,1,9,16,16,17,20,19,18,16,19,17,17,11,10,14,12,19,13,15,16,18,12,11,5,2,6,9,7,8,4,10,3,1,17,9,11,6,20,15,16,18,14,8,13,12,10,8,7,9,10,6,4,5",1:M143 M175 | 2:M77 M131 M167 | 3:M43 M75 M139 M174 | 4:M52 M81 M141 M172 M194 | 5:M30 M57 M133 M166 M195 | 6:M35 M39 M49 M80 M118 M142 M168 M179 M193 | 7:M26 M29 M34 M56 M73 M89 M119 M138 M170 M190 | 8:M14 M24 M36 M50 M69 M72 M91 M93 M123 M130 M171 M185 M189 | 9:M5 M12 M28 M38 M62 M74 M90 M92 M112 M122 M144 M169 M177 M191 | 10:M2 M7 M17 M55 M63 M78 M83 M88 M117 M129 M156 M173 M188 M192 | 11:M4 M6 M10 M22 M32 M33 M48 M67 M79 M82 M121 M155 M165 M178 | 12:M1 M3 M13 M25 M27 M31 M71 M84 M111 M120 M132 M158 M164 M187 | 13:M8 M15 M23 M37 M47 M61 M85 M99 M106 M109 M114 M135 M160 M186 | 14:M16 M19 M40 M46 M68 M70 M86 M95 M105 M116 M134 M157 M184 | 15:M11 M20 M42 M51 M58 M64 M87 M96 M104 M113 M115 M136 M161 M181 | 16:M9 M18 M21 M53 M65 M76 M102 M110 M124 M145 M146 M151 M162 M182 | 17:M41 M54 M59 M66 M94 M108 M147 M153 M154 M176 | 18:M44 M45 M60 M97 M107 M126 M150 M163 M183 | 19:M101 M125 M137 M149 M152 M159 | 20:M100 M128 M140 M148 M180 | 21:M98 M127 | 22:M103,"journal objective family: bg_d2 | F-selected distance-labelled E* domain propagation and cycle detection | precedence configuration: F=distance_closure, P=sparse_suffix, G=direct | Full Domain MxT schedule variables + explicit unary exclusions | (20),(22)-(27) exactly once over full domains | (22)-(27) session/fixed/forbidden exclusions as hard unit clauses | (19) participant atMost-one per slot | (46),(47) clustered table capacity with compact forward channeling | (28) SparseSuffix precedence over direct distance-labelled relations | exact break-group ends and unary break-group thresholds | exact schedule <-> usedSlot channeling | (43) exactly |Mp| full usedSlot variables | (44) atMost 2|L| busy participants per slot | (45) exact even number of busy participants | historical hard cap Delta_G <= 2",5,"(5,)",result
,,,,,,,,,forum-13crafb.forb0003,b2b-bf29dc2a22d8c0fb,b2b-lineage-forum-13crafb,forbidden,F-SS-DE-ST-BGD2-NIS-CD-IC12P,Full,Filter-E*,SparseSuffix,Direct-E,SpanThreshold,BreakGroupsD2,NonIncrementalSAT,IC12+,OPTIMAL,SAT,5,5,bg_d2,5,5,5,,,,,39.103982,False,227.641,,,,Compact,Compact/Full,project_implementation,restart-based multi-phase SAT,160658,,,,,,,345588,0,345588,4290,156368,962602,57,cfg5__m-full__p-sparse_suffix__g-direct__b-span_threshold__o-break_groups_d2__s-nonincrementalsat__i-imp12plus__backend-cadical,cfg5__m-full__p-sparse_suffix__g-direct__b-span_threshold__o-break_groups_d2__s-nonincrementalsat__i-imp12plus__backend-cadical,full,distance_closure,sparse_suffix,direct,NonIncrementalSAT,CaDiCaL,1.5.3,imp12+,span_threshold,total_break_groups_subject_to_range_at_most_2,BGD2,IC12P,962602,0,0,1351,145374,132605,66258,,0,560,7,,,,,,7,21279,43036,106832,100012,38.21303839399934,6,"formalism-specific model size: SAT/MaxSAT reports base CNF and soft clauses, MIP reports variables/linear constraints/nonzeros, and CP reports integer variables plus linear/global constraints; SAT bound/totalizer overhead remains separate in optimizer_added_*",4290,3253,3253,4290,0,0,0,0,0,0,0,1,0.16173,0.002554,0.525427,,0.527982,38.576,"wall-clock from immediately before reading/parsing the .dzn instance through model construction, optimization, solution decoding, and independent validation; excludes worker-process startup and result-file export",17,42,17,5,1,"0,0,0,0,0,0,0,0,0,0,0,0,0,0,0,1,0,0,1,0,0,0,1,0,0,0,0,0,1,0,0,0,0,0,0,0,0,0,0,0,0,0,0,0,0,0,0,0,0,0,0,0,0,0,0,0,0,1,0,0,0,0,0,0,0,0,0,0,0,0,0,0,0,0,0,0",peak_process_tree_rss_mb,bf29dc2a22d8c0fbb3a67b7edaa1b55631cf6f80f68a9f7296fa29c0c2ac7782,forb0003,data_table06_forb/forum-13crafb.forb0003.dzn,2,../noves/forum-13crafb.forb0003.dzn | ../noves/ticf-13crafb.forb0003.dzn,2,data_table06_forb/forum-13crafb.forb0003.dzn | data_table06_forb/ticf-13crafb.forb0003.dzn,https://imae.udg.edu/Recerca/LAI/,https://ima.udg.edu/Recerca/lai/b2b/b2b.zip,ee1f440ab3f6db27ab712300ad3a54a31ffd5ec1e06f81a9ac37cb7202c56528,2026-08-10T10:42:19+00:00,7200.0,,ee80a6fbd8b513f7c010668495c39621a371266a,True,3.10.12,1.8.dev25,instance-20260810-085803,Linux-6.8.0-1064-gcp-x86_64-with-glibc2.35,x86_64,4,8,15988.059,1,0,/home/g24021555/Business-Meeting-Scheduling-Problem/.venv/bin/python3 /home/g24021555/Business-Meeting-Scheduling-Problem/src/Main.py --manifest instances_manifest.csv --family forbidden --solver sat_all --objective-mode bg_d2 --domain-mode both --domain-filter-graph both --precedence-encoding both --precedence-graph both --encoding-variant imp12+ --sat-backend cadical --maxsat-backend uwrmaxsat --uwrmaxsat-bin /home/g24021555/uwrmaxsat/build/release/bin/uwrmaxsat --timeout 7200 --csv output/full_matrix_bg_d2_forbidden.csv,,,,,,,,multiple,,cadical,,factorial,sparse_suffix+direct,5,56,"1,2,3,4,7,8,9,10,12,13,14,15,16,17,18,19,20,21,22,23,24,25,26,28,29,30,31,32,33,36,37,38,39,40,41,42,43,44,45,47,48,51,53,54,56,57,58,59,60,61,62,63,64,65,66,76",3253,1037,0,0,"0,0,0,0,0,0,0,0,0,0,0,0,0,0,0,12,0,0,7,0,0,0,17,0,0,0,0,0,3,0,0,0,0,0,0,0,0,0,0,0,0,0,0,0,0,0,0,0,0,0,0,0,0,0,0,0,0,3,0,0,0,0,0,0,0,0,0,0,0,0,0,0,0,0,0,0","4,8,12,10,12,16,18,26,28,28,28,28,28,26,26,28,20,16,10,10,6,2","9,13,10,12,11,11,10,8,11,10,13,9,12,8,13,14,11,16,17,14,16,10,15,9,12,8,12,11,7,3,12,10,12,17,16,8,7,10,6,15,13,14,2,16,18,14,13,10,11,5,16,4,15,17,9,5,6,15,17,18,14,8,9,18,13,16,12,15,17,11,11,6,7,9,5,14,2,8,10,12,3,12,9,10,13,14,15,11,7,9,8,10,9,18,20,14,17,22,16,21,19,15,13,15,13,16,18,14,15,13,12,8,17,13,14,15,8,7,11,12,10,9,6,16,19,18,20,21,11,10,2,1,4,16,13,14,5,15,9,20,8,7,6,3,21,16,17,19,20,18,16,17,19,12,11,19,18,15,20,13,16,14,17,12,10,5,2,8,7,6,9,4,11,3,1,3,9,7,6,4,13,16,11,15,8,14,12,10,6,7,8,9,5,3,4",1:M132 M175 | 2:M43 M77 M131 M167 | 3:M30 M81 M144 M174 M176 M194 | 4:M52 M133 M172 M180 M195 | 5:M50 M56 M75 M137 M166 M193 | 6:M39 M57 M72 M123 M143 M170 M179 M189 | 7:M29 M37 M73 M89 M118 M142 M169 M178 M190 | 8:M8 M14 M26 M36 M62 M78 M91 M112 M117 M141 M168 M185 M191 | 9:M1 M12 M24 M55 M63 M74 M83 M90 M93 M122 M139 M171 M177 M192 | 10:M3 M7 M10 M22 M32 M38 M48 M79 M84 M92 M121 M130 M165 M188 | 11:M5 M6 M9 M17 M28 M49 M70 M71 M88 M119 M129 M155 M173 M183 | 12:M4 M13 M25 M27 M31 M33 M67 M80 M82 M111 M120 M154 M164 M187 | 13:M2 M11 M15 M41 M47 M65 M85 M103 M105 M110 M114 M135 M160 M181 | 14:M16 M20 M42 M46 M61 M76 M86 M96 M108 M115 M136 M162 M186 | 15:M23 M40 M53 M58 M68 M87 M102 M104 M109 M116 M138 M158 M184 | 16:M18 M21 M35 M44 M51 M66 M99 M106 M124 M134 M146 M151 M161 M182 | 17:M19 M34 M54 M59 M69 M97 M113 M147 M152 M163 | 18:M45 M60 M64 M94 M107 M126 M150 M157 | 19:M101 M125 M148 M153 M156 | 20:M95 M127 M140 M149 M159 | 21:M100 M128 M145 | 22:M98,"journal objective family: bg_d2 | F-selected distance-labelled E* domain propagation and cycle detection | precedence configuration: F=distance_closure, P=sparse_suffix, G=direct | Full Domain MxT schedule variables + explicit unary exclusions | (20),(22)-(27) exactly once over full domains | (22)-(27) session/fixed/forbidden exclusions as hard unit clauses | (19) participant atMost-one per slot | (46),(47) clustered table capacity with compact forward channeling | (28) SparseSuffix precedence over direct distance-labelled relations | exact break-group ends and unary break-group thresholds | exact schedule <-> usedSlot channeling | (43) exactly |Mp| full usedSlot variables | (44) atMost 2|L| busy participants per slot | (45) exact even number of busy participants | historical hard cap Delta_G <= 2",5,"(5,)",result
,,,,,,,,,forum-13crafb.forb0003,b2b-bf29dc2a22d8c0fb,b2b-lineage-forum-13crafb,forbidden,F-SS-DE-ST-BGD2-UW-IC12P,Full,Filter-E*,SparseSuffix,Direct-E,SpanThreshold,BreakGroupsD2,UWrMaxSAT,IC12+,OPTIMAL,SAT,5,5,bg_d2,5,5,5,,,5,1,31.951377,False,259.316,,,,Compact,Compact/Full,project_implementation,one-shot weighted MaxSAT,160658,,,,,,,345588,560,346148,4290,156368,963162,57,cfg5__m-full__p-sparse_suffix__g-direct__b-span_threshold__o-break_groups_d2__s-uwrmaxsat__i-imp12plus__backend-uwrmaxsat,cfg5__m-full__p-sparse_suffix__g-direct__b-span_threshold__o-break_groups_d2__s-uwrmaxsat__i-imp12plus__backend-uwrmaxsat,full,distance_closure,sparse_suffix,direct,UWrMaxSAT,UWrMaxSAT,binary-sha256:8c68c8a386d3d7847b50d315143c2bab60e3514e59510e84a649db83cb303876,imp12+,span_threshold,total_break_groups_subject_to_range_at_most_2,BGD2,IC12P,962602,560,1,1351,145374,132605,66258,1,560,560,1,,,,,,0,0,0,0,0,,,"formalism-specific model size: SAT/MaxSAT reports base CNF and soft clauses, MIP reports variables/linear constraints/nonzeros, and CP reports integer variables plus linear/global constraints; SAT bound/totalizer overhead remains separate in optimizer_added_*",4290,3253,3253,4290,0,0,0,0,0,0,0,1,0.15909,0.00278,0.525139,,0.527918,31.423458,"wall-clock from immediately before reading/parsing the .dzn instance through model construction, optimization, solution decoding, and independent validation; excludes worker-process startup and result-file export",17,38,17,5,1,"0,0,0,0,0,0,0,0,0,0,0,0,0,0,0,1,0,0,1,0,0,0,1,0,0,0,0,0,0,0,0,0,0,0,0,0,0,0,0,0,1,0,0,0,0,0,0,0,0,0,0,0,0,0,0,0,0,1,0,0,0,0,0,0,0,0,0,0,0,0,0,0,0,0,0,0",peak_process_tree_rss_mb,bf29dc2a22d8c0fbb3a67b7edaa1b55631cf6f80f68a9f7296fa29c0c2ac7782,forb0003,data_table06_forb/forum-13crafb.forb0003.dzn,2,../noves/forum-13crafb.forb0003.dzn | ../noves/ticf-13crafb.forb0003.dzn,2,data_table06_forb/forum-13crafb.forb0003.dzn | data_table06_forb/ticf-13crafb.forb0003.dzn,https://imae.udg.edu/Recerca/LAI/,https://ima.udg.edu/Recerca/lai/b2b/b2b.zip,ee1f440ab3f6db27ab712300ad3a54a31ffd5ec1e06f81a9ac37cb7202c56528,2026-08-10T10:42:19+00:00,7200.0,,ee80a6fbd8b513f7c010668495c39621a371266a,True,3.10.12,1.8.dev25,instance-20260810-085803,Linux-6.8.0-1064-gcp-x86_64-with-glibc2.35,x86_64,4,8,15988.059,1,0,/home/g24021555/Business-Meeting-Scheduling-Problem/.venv/bin/python3 /home/g24021555/Business-Meeting-Scheduling-Problem/src/Main.py --manifest instances_manifest.csv --family forbidden --solver sat_all --objective-mode bg_d2 --domain-mode both --domain-filter-graph both --precedence-encoding both --precedence-graph both --encoding-variant imp12+ --sat-backend cadical --maxsat-backend uwrmaxsat --uwrmaxsat-bin /home/g24021555/uwrmaxsat/build/release/bin/uwrmaxsat --timeout 7200 --csv output/full_matrix_bg_d2_forbidden.csv,/home/g24021555/uwrmaxsat/build/release/bin/uwrmaxsat,8c68c8a386d3d7847b50d315143c2bab60e3514e59510e84a649db83cb303876,/home/g24021555/uwrmaxsat/build/release/bin/uwrmaxsat -m /tmp/b2b_uwrmaxsat_z2wx4qci/forum-13crafb.forb0003.wcnf,,process exit code=30,,,maxsat,uwrmaxsat,,/home/g24021555/uwrmaxsat/build/release/bin/uwrmaxsat,factorial,sparse_suffix+direct,5,56,"1,2,3,4,7,8,9,10,12,13,14,15,16,17,18,19,20,21,22,23,24,25,26,28,29,30,31,32,33,36,37,38,39,40,41,42,43,44,45,47,48,51,53,54,56,57,58,59,60,61,62,63,64,65,66,76",3253,1037,0,0,"0,0,0,0,0,0,0,0,0,0,0,0,0,0,0,10,0,0,7,0,0,0,17,0,0,0,0,0,0,0,0,0,0,0,0,0,0,0,0,0,3,0,0,0,0,0,0,0,0,0,0,0,0,0,0,0,0,1,0,0,0,0,0,0,0,0,0,0,0,0,0,0,0,0,0,0","4,8,10,12,16,16,20,20,28,28,28,28,28,28,28,28,20,16,12,8,2,2","9,13,10,12,11,10,11,11,14,10,13,9,12,8,13,14,11,16,17,16,14,11,15,9,12,10,12,8,6,3,12,10,12,16,17,8,7,10,5,15,13,16,2,17,18,15,13,10,7,6,16,4,14,17,9,6,5,15,18,16,14,9,11,19,13,18,17,15,16,13,10,8,7,9,5,14,2,4,11,12,1,12,9,10,13,16,15,7,8,9,7,10,9,18,21,14,17,22,16,19,20,15,13,14,13,11,15,15,16,14,12,11,18,12,15,13,9,7,11,10,8,6,5,14,13,14,15,16,10,8,2,11,3,12,14,16,13,15,19,20,4,7,6,9,5,18,17,20,19,16,18,19,17,17,12,20,11,13,18,14,15,16,19,11,12,6,2,5,8,7,10,4,9,3,1,3,9,8,7,4,15,17,12,6,14,11,10,5,6,7,8,9,5,4,3",1:M81 M175 | 2:M43 M77 M131 M167 | 3:M30 M133 M174 M176 M195 | 4:M52 M78 M141 M172 M180 M194 | 5:M39 M57 M75 M123 M145 M168 M188 M193 | 6:M29 M50 M56 M122 M143 M166 M184 M189 | 7:M37 M49 M73 M88 M91 M118 M142 M170 M179 M190 | 8:M14 M28 M36 M72 M89 M121 M130 M169 M178 M191 | 9:M1 M12 M24 M55 M62 M74 M83 M90 M93 M117 M144 M173 M177 M192 | 10:M3 M6 M10 M26 M32 M38 M48 M71 M84 M92 M120 M129 M171 M187 | 11:M5 M7 M8 M17 M22 M63 M79 M106 M112 M119 M132 M157 M164 M186 | 12:M4 M13 M25 M27 M31 M33 M80 M82 M111 M114 M134 M155 M165 M183 | 13:M2 M11 M15 M41 M47 M65 M70 M85 M103 M105 M116 M125 M137 M158 | 14:M9 M16 M21 M53 M61 M76 M96 M104 M110 M124 M126 M135 M160 M185 | 15:M23 M40 M46 M58 M68 M87 M102 M107 M108 M115 M127 M138 M161 M181 | 16:M18 M20 M34 M42 M51 M60 M69 M86 M99 M109 M128 M136 M150 M162 | 17:M19 M35 M44 M54 M67 M97 M147 M153 M154 M182 | 18:M45 M59 M66 M94 M113 M146 M151 M159 | 19:M64 M100 M139 M149 M152 M163 | 20:M101 M140 M148 M156 | 21:M95 | 22:M98,"journal objective family: bg_d2 | F-selected distance-labelled E* domain propagation and cycle detection | precedence configuration: F=distance_closure, P=sparse_suffix, G=direct | Full Domain MxT schedule variables + explicit unary exclusions | (20),(22)-(27) exactly once over full domains | (22)-(27) session/fixed/forbidden exclusions as hard unit clauses | (19) participant atMost-one per slot | (46),(47) clustered table capacity with compact forward channeling | (28) SparseSuffix precedence over direct distance-labelled relations | exact break-group ends and unary break-group thresholds | exact schedule <-> usedSlot channeling | (43) exactly |Mp| full usedSlot variables | (44) atMost 2|L| busy participants per slot | (45) exact even number of busy participants | historical hard cap Delta_G <= 2",,,result
,,,,,,,,,forum-13crafb.forb0003,b2b-bf29dc2a22d8c0fb,b2b-lineage-forum-13crafb,forbidden,F-SS-DC-ST-BGD2-IS-CD-IC12P,Full,Filter-E*,SparseSuffix,DistanceClosure-E*,SpanThreshold,BreakGroupsD2,IncrementalSAT,IC12+,OPTIMAL,SAT,5,5,bg_d2,5,5,5,,,,,35.429633,False,227.379,,,,Compact,Compact/Full,project_implementation,incremental multi-phase SAT with persistent solver state,160658,,,,,,,345588,0,345588,4290,156368,962602,57,cfg5__m-full__p-sparse_suffix__g-distance_closure__b-span_threshold__o-break_groups_d2__s-incrementalsat__i-imp12plus__backend-cadical,cfg5__m-full__p-sparse_suffix__g-distance_closure__b-span_threshold__o-break_groups_d2__s-incrementalsat__i-imp12plus__backend-cadical,full,distance_closure,sparse_suffix,distance_closure,IncrementalSAT,CaDiCaL,1.5.3,imp12+,span_threshold,total_break_groups_subject_to_range_at_most_2,BGD2,IC12P,962602,0,0,1351,145374,132605,66258,,0,560,7,,,,,,1,4016,47486,137966,47486,34.55230114300048,6,"formalism-specific model size: SAT/MaxSAT reports base CNF and soft clauses, MIP reports variables/linear constraints/nonzeros, and CP reports integer variables plus linear/global constraints; SAT bound/totalizer overhead remains separate in optimizer_added_*",4290,3253,3253,4290,0,0,0,0,0,0,0,1,0.162617,0.002406,0.523454,,0.52586,34.903773,"wall-clock from immediately before reading/parsing the .dzn instance through model construction, optimization, solution decoding, and independent validation; excludes worker-process startup and result-file export",16,49,16,5,1,"0,0,0,0,0,0,0,0,0,0,0,0,0,0,0,1,0,0,0,0,0,0,1,0,0,1,0,0,0,0,0,0,0,0,0,0,1,0,0,0,0,0,0,0,0,0,0,0,0,0,0,0,0,0,0,0,0,1,0,0,0,0,0,0,0,0,0,0,0,0,0,0,0,0,0,0",peak_process_tree_rss_mb,bf29dc2a22d8c0fbb3a67b7edaa1b55631cf6f80f68a9f7296fa29c0c2ac7782,forb0003,data_table06_forb/forum-13crafb.forb0003.dzn,2,../noves/forum-13crafb.forb0003.dzn | ../noves/ticf-13crafb.forb0003.dzn,2,data_table06_forb/forum-13crafb.forb0003.dzn | data_table06_forb/ticf-13crafb.forb0003.dzn,https://imae.udg.edu/Recerca/LAI/,https://ima.udg.edu/Recerca/lai/b2b/b2b.zip,ee1f440ab3f6db27ab712300ad3a54a31ffd5ec1e06f81a9ac37cb7202c56528,2026-08-10T10:42:19+00:00,7200.0,,ee80a6fbd8b513f7c010668495c39621a371266a,True,3.10.12,1.8.dev25,instance-20260810-085803,Linux-6.8.0-1064-gcp-x86_64-with-glibc2.35,x86_64,4,8,15988.059,1,0,/home/g24021555/Business-Meeting-Scheduling-Problem/.venv/bin/python3 /home/g24021555/Business-Meeting-Scheduling-Problem/src/Main.py --manifest instances_manifest.csv --family forbidden --solver sat_all --objective-mode bg_d2 --domain-mode both --domain-filter-graph both --precedence-encoding both --precedence-graph both --encoding-variant imp12+ --sat-backend cadical --maxsat-backend uwrmaxsat --uwrmaxsat-bin /home/g24021555/uwrmaxsat/build/release/bin/uwrmaxsat --timeout 7200 --csv output/full_matrix_bg_d2_forbidden.csv,,,,,,,,incremental,,cadical,,staircase,sparse_suffix+distance_closure,5,56,"1,2,3,4,7,8,9,10,12,13,14,15,16,17,18,19,20,21,22,23,24,25,26,28,29,30,31,32,33,36,37,38,39,40,41,42,43,44,45,47,48,51,53,54,56,57,58,59,60,61,62,63,64,65,66,76",3253,1037,0,0,"0,0,0,0,0,0,0,0,0,0,0,0,0,0,0,13,0,0,0,0,0,0,16,0,0,4,0,0,0,0,0,0,0,0,0,0,14,0,0,0,0,0,0,0,0,0,0,0,0,0,0,0,0,0,0,0,0,2,0,0,0,0,0,0,0,0,0,0,0,0,0,0,0,0,0,0","4,6,8,10,10,18,20,26,28,28,28,28,28,26,28,28,20,18,12,10,4,2","12,10,12,11,9,11,10,13,16,11,15,9,12,8,13,14,10,16,14,15,16,11,13,8,12,7,12,9,7,5,12,11,11,7,6,8,13,9,6,14,17,15,3,18,18,14,13,11,6,8,15,4,16,17,10,7,5,15,17,18,13,9,10,15,16,17,11,14,8,14,12,8,7,9,3,16,2,10,11,6,4,11,10,12,13,14,15,10,7,9,8,9,8,17,14,15,18,21,13,20,19,16,22,15,14,13,18,17,13,16,12,9,15,13,15,14,10,6,7,12,11,9,8,16,19,18,21,20,10,8,2,12,5,14,13,15,19,7,3,20,4,6,1,9,16,16,17,20,19,18,16,19,17,17,11,10,14,12,19,13,15,16,18,12,11,5,2,6,9,7,8,4,10,3,1,17,9,11,6,20,15,16,18,14,8,13,12,10,8,7,9,10,6,4,5",1:M143 M175 | 2:M77 M131 M167 | 3:M43 M75 M139 M174 | 4:M52 M81 M141 M172 M194 | 5:M30 M57 M133 M166 M195 | 6:M35 M39 M49 M80 M118 M142 M168 M179 M193 | 7:M26 M29 M34 M56 M73 M89 M119 M138 M170 M190 | 8:M14 M24 M36 M50 M69 M72 M91 M93 M123 M130 M171 M185 M189 | 9:M5 M12 M28 M38 M62 M74 M90 M92 M112 M122 M144 M169 M177 M191 | 10:M2 M7 M17 M55 M63 M78 M83 M88 M117 M129 M156 M173 M188 M192 | 11:M4 M6 M10 M22 M32 M33 M48 M67 M79 M82 M121 M155 M165 M178 | 12:M1 M3 M13 M25 M27 M31 M71 M84 M111 M120 M132 M158 M164 M187 | 13:M8 M15 M23 M37 M47 M61 M85 M99 M106 M109 M114 M135 M160 M186 | 14:M16 M19 M40 M46 M68 M70 M86 M95 M105 M116 M134 M157 M184 | 15:M11 M20 M42 M51 M58 M64 M87 M96 M104 M113 M115 M136 M161 M181 | 16:M9 M18 M21 M53 M65 M76 M102 M110 M124 M145 M146 M151 M162 M182 | 17:M41 M54 M59 M66 M94 M108 M147 M153 M154 M176 | 18:M44 M45 M60 M97 M107 M126 M150 M163 M183 | 19:M101 M125 M137 M149 M152 M159 | 20:M100 M128 M140 M148 M180 | 21:M98 M127 | 22:M103,"journal objective family: bg_d2 | F-selected distance-labelled E* domain propagation and cycle detection | precedence configuration: F=distance_closure, P=sparse_suffix, G=distance_closure | Full Domain MxT schedule variables + explicit unary exclusions | (20),(22)-(27) exactly once over full domains | (22)-(27) session/fixed/forbidden exclusions as hard unit clauses | (19) participant atMost-one per slot | (46),(47) clustered table capacity with compact forward channeling | (28) SparseSuffix precedence over distance_closure distance-labelled relations | exact break-group ends and unary break-group thresholds | exact schedule <-> usedSlot channeling | (43) exactly |Mp| full usedSlot variables | (44) atMost 2|L| busy participants per slot | (45) exact even number of busy participants | historical hard cap Delta_G <= 2",5,"(5,)",result
,,,,,,,,,forum-13crafb.forb0003,b2b-bf29dc2a22d8c0fb,b2b-lineage-forum-13crafb,forbidden,F-SS-DC-ST-BGD2-NIS-CD-IC12P,Full,Filter-E*,SparseSuffix,DistanceClosure-E*,SpanThreshold,BreakGroupsD2,NonIncrementalSAT,IC12+,OPTIMAL,SAT,5,5,bg_d2,5,5,5,,,,,38.886724,False,224.637,,,,Compact,Compact/Full,project_implementation,restart-based multi-phase SAT,160658,,,,,,,345588,0,345588,4290,156368,962602,57,cfg5__m-full__p-sparse_suffix__g-distance_closure__b-span_threshold__o-break_groups_d2__s-nonincrementalsat__i-imp12plus__backend-cadical,cfg5__m-full__p-sparse_suffix__g-distance_closure__b-span_threshold__o-break_groups_d2__s-nonincrementalsat__i-imp12plus__backend-cadical,full,distance_closure,sparse_suffix,distance_closure,NonIncrementalSAT,CaDiCaL,1.5.3,imp12+,span_threshold,total_break_groups_subject_to_range_at_most_2,BGD2,IC12P,962602,0,0,1351,145374,132605,66258,,0,560,7,,,,,,7,21279,43036,106832,100012,37.978345672000614,6,"formalism-specific model size: SAT/MaxSAT reports base CNF and soft clauses, MIP reports variables/linear constraints/nonzeros, and CP reports integer variables plus linear/global constraints; SAT bound/totalizer overhead remains separate in optimizer_added_*",4290,3253,3253,4290,0,0,0,0,0,0,0,1,0.162737,0.002783,0.532344,,0.535127,38.351597,"wall-clock from immediately before reading/parsing the .dzn instance through model construction, optimization, solution decoding, and independent validation; excludes worker-process startup and result-file export",17,42,17,5,1,"0,0,0,0,0,0,0,0,0,0,0,0,0,0,0,1,0,0,1,0,0,0,1,0,0,0,0,0,1,0,0,0,0,0,0,0,0,0,0,0,0,0,0,0,0,0,0,0,0,0,0,0,0,0,0,0,0,1,0,0,0,0,0,0,0,0,0,0,0,0,0,0,0,0,0,0",peak_process_tree_rss_mb,bf29dc2a22d8c0fbb3a67b7edaa1b55631cf6f80f68a9f7296fa29c0c2ac7782,forb0003,data_table06_forb/forum-13crafb.forb0003.dzn,2,../noves/forum-13crafb.forb0003.dzn | ../noves/ticf-13crafb.forb0003.dzn,2,data_table06_forb/forum-13crafb.forb0003.dzn | data_table06_forb/ticf-13crafb.forb0003.dzn,https://imae.udg.edu/Recerca/LAI/,https://ima.udg.edu/Recerca/lai/b2b/b2b.zip,ee1f440ab3f6db27ab712300ad3a54a31ffd5ec1e06f81a9ac37cb7202c56528,2026-08-10T10:42:19+00:00,7200.0,,ee80a6fbd8b513f7c010668495c39621a371266a,True,3.10.12,1.8.dev25,instance-20260810-085803,Linux-6.8.0-1064-gcp-x86_64-with-glibc2.35,x86_64,4,8,15988.059,1,0,/home/g24021555/Business-Meeting-Scheduling-Problem/.venv/bin/python3 /home/g24021555/Business-Meeting-Scheduling-Problem/src/Main.py --manifest instances_manifest.csv --family forbidden --solver sat_all --objective-mode bg_d2 --domain-mode both --domain-filter-graph both --precedence-encoding both --precedence-graph both --encoding-variant imp12+ --sat-backend cadical --maxsat-backend uwrmaxsat --uwrmaxsat-bin /home/g24021555/uwrmaxsat/build/release/bin/uwrmaxsat --timeout 7200 --csv output/full_matrix_bg_d2_forbidden.csv,,,,,,,,multiple,,cadical,,staircase,sparse_suffix+distance_closure,5,56,"1,2,3,4,7,8,9,10,12,13,14,15,16,17,18,19,20,21,22,23,24,25,26,28,29,30,31,32,33,36,37,38,39,40,41,42,43,44,45,47,48,51,53,54,56,57,58,59,60,61,62,63,64,65,66,76",3253,1037,0,0,"0,0,0,0,0,0,0,0,0,0,0,0,0,0,0,12,0,0,7,0,0,0,17,0,0,0,0,0,3,0,0,0,0,0,0,0,0,0,0,0,0,0,0,0,0,0,0,0,0,0,0,0,0,0,0,0,0,3,0,0,0,0,0,0,0,0,0,0,0,0,0,0,0,0,0,0","4,8,12,10,12,16,18,26,28,28,28,28,28,26,26,28,20,16,10,10,6,2","9,13,10,12,11,11,10,8,11,10,13,9,12,8,13,14,11,16,17,14,16,10,15,9,12,8,12,11,7,3,12,10,12,17,16,8,7,10,6,15,13,14,2,16,18,14,13,10,11,5,16,4,15,17,9,5,6,15,17,18,14,8,9,18,13,16,12,15,17,11,11,6,7,9,5,14,2,8,10,12,3,12,9,10,13,14,15,11,7,9,8,10,9,18,20,14,17,22,16,21,19,15,13,15,13,16,18,14,15,13,12,8,17,13,14,15,8,7,11,12,10,9,6,16,19,18,20,21,11,10,2,1,4,16,13,14,5,15,9,20,8,7,6,3,21,16,17,19,20,18,16,17,19,12,11,19,18,15,20,13,16,14,17,12,10,5,2,8,7,6,9,4,11,3,1,3,9,7,6,4,13,16,11,15,8,14,12,10,6,7,8,9,5,3,4",1:M132 M175 | 2:M43 M77 M131 M167 | 3:M30 M81 M144 M174 M176 M194 | 4:M52 M133 M172 M180 M195 | 5:M50 M56 M75 M137 M166 M193 | 6:M39 M57 M72 M123 M143 M170 M179 M189 | 7:M29 M37 M73 M89 M118 M142 M169 M178 M190 | 8:M8 M14 M26 M36 M62 M78 M91 M112 M117 M141 M168 M185 M191 | 9:M1 M12 M24 M55 M63 M74 M83 M90 M93 M122 M139 M171 M177 M192 | 10:M3 M7 M10 M22 M32 M38 M48 M79 M84 M92 M121 M130 M165 M188 | 11:M5 M6 M9 M17 M28 M49 M70 M71 M88 M119 M129 M155 M173 M183 | 12:M4 M13 M25 M27 M31 M33 M67 M80 M82 M111 M120 M154 M164 M187 | 13:M2 M11 M15 M41 M47 M65 M85 M103 M105 M110 M114 M135 M160 M181 | 14:M16 M20 M42 M46 M61 M76 M86 M96 M108 M115 M136 M162 M186 | 15:M23 M40 M53 M58 M68 M87 M102 M104 M109 M116 M138 M158 M184 | 16:M18 M21 M35 M44 M51 M66 M99 M106 M124 M134 M146 M151 M161 M182 | 17:M19 M34 M54 M59 M69 M97 M113 M147 M152 M163 | 18:M45 M60 M64 M94 M107 M126 M150 M157 | 19:M101 M125 M148 M153 M156 | 20:M95 M127 M140 M149 M159 | 21:M100 M128 M145 | 22:M98,"journal objective family: bg_d2 | F-selected distance-labelled E* domain propagation and cycle detection | precedence configuration: F=distance_closure, P=sparse_suffix, G=distance_closure | Full Domain MxT schedule variables + explicit unary exclusions | (20),(22)-(27) exactly once over full domains | (22)-(27) session/fixed/forbidden exclusions as hard unit clauses | (19) participant atMost-one per slot | (46),(47) clustered table capacity with compact forward channeling | (28) SparseSuffix precedence over distance_closure distance-labelled relations | exact break-group ends and unary break-group thresholds | exact schedule <-> usedSlot channeling | (43) exactly |Mp| full usedSlot variables | (44) atMost 2|L| busy participants per slot | (45) exact even number of busy participants | historical hard cap Delta_G <= 2",5,"(5,)",result
,,,,,,,,,forum-13crafb.forb0003,b2b-bf29dc2a22d8c0fb,b2b-lineage-forum-13crafb,forbidden,F-SS-DC-ST-BGD2-UW-IC12P,Full,Filter-E*,SparseSuffix,DistanceClosure-E*,SpanThreshold,BreakGroupsD2,UWrMaxSAT,IC12+,OPTIMAL,SAT,5,5,bg_d2,5,5,5,,,5,1,32.033393,False,258.93,,,,Compact,Compact/Full,project_implementation,one-shot weighted MaxSAT,160658,,,,,,,345588,560,346148,4290,156368,963162,57,cfg5__m-full__p-sparse_suffix__g-distance_closure__b-span_threshold__o-break_groups_d2__s-uwrmaxsat__i-imp12plus__backend-uwrmaxsat,cfg5__m-full__p-sparse_suffix__g-distance_closure__b-span_threshold__o-break_groups_d2__s-uwrmaxsat__i-imp12plus__backend-uwrmaxsat,full,distance_closure,sparse_suffix,distance_closure,UWrMaxSAT,UWrMaxSAT,binary-sha256:8c68c8a386d3d7847b50d315143c2bab60e3514e59510e84a649db83cb303876,imp12+,span_threshold,total_break_groups_subject_to_range_at_most_2,BGD2,IC12P,962602,560,1,1351,145374,132605,66258,1,560,560,1,,,,,,0,0,0,0,0,,,"formalism-specific model size: SAT/MaxSAT reports base CNF and soft clauses, MIP reports variables/linear constraints/nonzeros, and CP reports integer variables plus linear/global constraints; SAT bound/totalizer overhead remains separate in optimizer_added_*",4290,3253,3253,4290,0,0,0,0,0,0,0,1,0.159301,0.00285,0.528763,,0.531613,31.501781,"wall-clock from immediately before reading/parsing the .dzn instance through model construction, optimization, solution decoding, and independent validation; excludes worker-process startup and result-file export",17,38,17,5,1,"0,0,0,0,0,0,0,0,0,0,0,0,0,0,0,1,0,0,1,0,0,0,1,0,0,0,0,0,0,0,0,0,0,0,0,0,0,0,0,0,1,0,0,0,0,0,0,0,0,0,0,0,0,0,0,0,0,1,0,0,0,0,0,0,0,0,0,0,0,0,0,0,0,0,0,0",peak_process_tree_rss_mb,bf29dc2a22d8c0fbb3a67b7edaa1b55631cf6f80f68a9f7296fa29c0c2ac7782,forb0003,data_table06_forb/forum-13crafb.forb0003.dzn,2,../noves/forum-13crafb.forb0003.dzn | ../noves/ticf-13crafb.forb0003.dzn,2,data_table06_forb/forum-13crafb.forb0003.dzn | data_table06_forb/ticf-13crafb.forb0003.dzn,https://imae.udg.edu/Recerca/LAI/,https://ima.udg.edu/Recerca/lai/b2b/b2b.zip,ee1f440ab3f6db27ab712300ad3a54a31ffd5ec1e06f81a9ac37cb7202c56528,2026-08-10T10:42:19+00:00,7200.0,,ee80a6fbd8b513f7c010668495c39621a371266a,True,3.10.12,1.8.dev25,instance-20260810-085803,Linux-6.8.0-1064-gcp-x86_64-with-glibc2.35,x86_64,4,8,15988.059,1,0,/home/g24021555/Business-Meeting-Scheduling-Problem/.venv/bin/python3 /home/g24021555/Business-Meeting-Scheduling-Problem/src/Main.py --manifest instances_manifest.csv --family forbidden --solver sat_all --objective-mode bg_d2 --domain-mode both --domain-filter-graph both --precedence-encoding both --precedence-graph both --encoding-variant imp12+ --sat-backend cadical --maxsat-backend uwrmaxsat --uwrmaxsat-bin /home/g24021555/uwrmaxsat/build/release/bin/uwrmaxsat --timeout 7200 --csv output/full_matrix_bg_d2_forbidden.csv,/home/g24021555/uwrmaxsat/build/release/bin/uwrmaxsat,8c68c8a386d3d7847b50d315143c2bab60e3514e59510e84a649db83cb303876,/home/g24021555/uwrmaxsat/build/release/bin/uwrmaxsat -m /tmp/b2b_uwrmaxsat_g764679v/forum-13crafb.forb0003.wcnf,,process exit code=30,,,maxsat,uwrmaxsat,,/home/g24021555/uwrmaxsat/build/release/bin/uwrmaxsat,staircase,sparse_suffix+distance_closure,5,56,"1,2,3,4,7,8,9,10,12,13,14,15,16,17,18,19,20,21,22,23,24,25,26,28,29,30,31,32,33,36,37,38,39,40,41,42,43,44,45,47,48,51,53,54,56,57,58,59,60,61,62,63,64,65,66,76",3253,1037,0,0,"0,0,0,0,0,0,0,0,0,0,0,0,0,0,0,10,0,0,7,0,0,0,17,0,0,0,0,0,0,0,0,0,0,0,0,0,0,0,0,0,3,0,0,0,0,0,0,0,0,0,0,0,0,0,0,0,0,1,0,0,0,0,0,0,0,0,0,0,0,0,0,0,0,0,0,0","4,8,10,12,16,16,20,20,28,28,28,28,28,28,28,28,20,16,12,8,2,2","9,13,10,12,11,10,11,11,14,10,13,9,12,8,13,14,11,16,17,16,14,11,15,9,12,10,12,8,6,3,12,10,12,16,17,8,7,10,5,15,13,16,2,17,18,15,13,10,7,6,16,4,14,17,9,6,5,15,18,16,14,9,11,19,13,18,17,15,16,13,10,8,7,9,5,14,2,4,11,12,1,12,9,10,13,16,15,7,8,9,7,10,9,18,21,14,17,22,16,19,20,15,13,14,13,11,15,15,16,14,12,11,18,12,15,13,9,7,11,10,8,6,5,14,13,14,15,16,10,8,2,11,3,12,14,16,13,15,19,20,4,7,6,9,5,18,17,20,19,16,18,19,17,17,12,20,11,13,18,14,15,16,19,11,12,6,2,5,8,7,10,4,9,3,1,3,9,8,7,4,15,17,12,6,14,11,10,5,6,7,8,9,5,4,3",1:M81 M175 | 2:M43 M77 M131 M167 | 3:M30 M133 M174 M176 M195 | 4:M52 M78 M141 M172 M180 M194 | 5:M39 M57 M75 M123 M145 M168 M188 M193 | 6:M29 M50 M56 M122 M143 M166 M184 M189 | 7:M37 M49 M73 M88 M91 M118 M142 M170 M179 M190 | 8:M14 M28 M36 M72 M89 M121 M130 M169 M178 M191 | 9:M1 M12 M24 M55 M62 M74 M83 M90 M93 M117 M144 M173 M177 M192 | 10:M3 M6 M10 M26 M32 M38 M48 M71 M84 M92 M120 M129 M171 M187 | 11:M5 M7 M8 M17 M22 M63 M79 M106 M112 M119 M132 M157 M164 M186 | 12:M4 M13 M25 M27 M31 M33 M80 M82 M111 M114 M134 M155 M165 M183 | 13:M2 M11 M15 M41 M47 M65 M70 M85 M103 M105 M116 M125 M137 M158 | 14:M9 M16 M21 M53 M61 M76 M96 M104 M110 M124 M126 M135 M160 M185 | 15:M23 M40 M46 M58 M68 M87 M102 M107 M108 M115 M127 M138 M161 M181 | 16:M18 M20 M34 M42 M51 M60 M69 M86 M99 M109 M128 M136 M150 M162 | 17:M19 M35 M44 M54 M67 M97 M147 M153 M154 M182 | 18:M45 M59 M66 M94 M113 M146 M151 M159 | 19:M64 M100 M139 M149 M152 M163 | 20:M101 M140 M148 M156 | 21:M95 | 22:M98,"journal objective family: bg_d2 | F-selected distance-labelled E* domain propagation and cycle detection | precedence configuration: F=distance_closure, P=sparse_suffix, G=distance_closure | Full Domain MxT schedule variables + explicit unary exclusions | (20),(22)-(27) exactly once over full domains | (22)-(27) session/fixed/forbidden exclusions as hard unit clauses | (19) participant atMost-one per slot | (46),(47) clustered table capacity with compact forward channeling | (28) SparseSuffix precedence over distance_closure distance-labelled relations | exact break-group ends and unary break-group thresholds | exact schedule <-> usedSlot channeling | (43) exactly |Mp| full usedSlot variables | (44) atMost 2|L| busy participants per slot | (45) exact even number of busy participants | historical hard cap Delta_G <= 2",,,result
,,,,,,,,,forum-13crafb.forb0003,b2b-bf29dc2a22d8c0fb,b2b-lineage-forum-13crafb,forbidden,R-PW-DE-ST-BGD2-IS-CD-IC12P,Reduced,Filter-E*,Pairwise,Direct-E,SpanThreshold,BreakGroupsD2,IncrementalSAT,IC12+,OPTIMAL,SAT,5,5,bg_d2,5,5,5,,,,,22.800768,False,211.387,,,,Compact,Compact/Reduced,project_implementation,incremental multi-phase SAT with persistent solver state,152176,,,,,,,311021,0,311021,3253,148923,878986,57,cfg5__m-reduced__p-pairwise__g-direct__b-span_threshold__o-break_groups_d2__s-incrementalsat__i-imp12plus__backend-cadical,cfg5__m-reduced__p-pairwise__g-direct__b-span_threshold__o-break_groups_d2__s-incrementalsat__i-imp12plus__backend-cadical,reduced,distance_closure,pairwise,direct,IncrementalSAT,CaDiCaL,1.5.3,imp12+,span_threshold,total_break_groups_subject_to_range_at_most_2,BGD2,IC12P,878986,0,0,337,121635,126410,62639,,0,558,7,,,,,,1,4002,47304,137436,47304,22.010652363999725,6,"formalism-specific model size: SAT/MaxSAT reports base CNF and soft clauses, MIP reports variables/linear constraints/nonzeros, and CP reports integer variables plus linear/global constraints; SAT bound/totalizer overhead remains separate in optimizer_added_*",4290,3253,3253,3253,0,0,0,0,0,0,0,1,0.158905,0.002782,0.492589,,0.495371,22.305397,"wall-clock from immediately before reading/parsing the .dzn instance through model construction, optimization, solution decoding, and independent validation; excludes worker-process startup and result-file export",17,48,17,5,1,"1,1,0,0,0,0,0,0,0,0,0,0,0,0,0,0,0,0,0,0,0,0,1,0,0,0,0,0,0,0,0,0,0,0,0,0,1,0,0,0,0,0,0,0,0,0,0,0,0,0,0,0,0,0,0,0,0,1,0,0,0,0,0,0,0,0,0,0,0,0,0,0,0,0,0,0",peak_process_tree_rss_mb,bf29dc2a22d8c0fbb3a67b7edaa1b55631cf6f80f68a9f7296fa29c0c2ac7782,forb0003,data_table06_forb/forum-13crafb.forb0003.dzn,2,../noves/forum-13crafb.forb0003.dzn | ../noves/ticf-13crafb.forb0003.dzn,2,data_table06_forb/forum-13crafb.forb0003.dzn | data_table06_forb/ticf-13crafb.forb0003.dzn,https://imae.udg.edu/Recerca/LAI/,https://ima.udg.edu/Recerca/lai/b2b/b2b.zip,ee1f440ab3f6db27ab712300ad3a54a31ffd5ec1e06f81a9ac37cb7202c56528,2026-08-10T10:42:19+00:00,7200.0,,ee80a6fbd8b513f7c010668495c39621a371266a,True,3.10.12,1.8.dev25,instance-20260810-085803,Linux-6.8.0-1064-gcp-x86_64-with-glibc2.35,x86_64,4,8,15988.059,1,0,/home/g24021555/Business-Meeting-Scheduling-Problem/.venv/bin/python3 /home/g24021555/Business-Meeting-Scheduling-Problem/src/Main.py --manifest instances_manifest.csv --family forbidden --solver sat_all --objective-mode bg_d2 --domain-mode both --domain-filter-graph both --precedence-encoding both --precedence-graph both --encoding-variant imp12+ --sat-backend cadical --maxsat-backend uwrmaxsat --uwrmaxsat-bin /home/g24021555/uwrmaxsat/build/release/bin/uwrmaxsat --timeout 7200 --csv output/full_matrix_bg_d2_forbidden.csv,,,,,,,,incremental,,cadical,,traditional,pairwise+direct,5,56,"1,2,3,4,7,8,9,10,12,13,14,15,16,17,18,19,20,21,22,23,24,25,26,28,29,30,31,32,33,36,37,38,39,40,41,42,43,44,45,47,48,51,53,54,56,57,58,59,60,61,62,63,64,65,66,76",3253,1037,0,0,"7,6,0,0,0,0,0,0,0,0,0,0,0,0,0,0,0,0,0,0,0,0,17,0,0,0,0,0,0,0,0,0,0,0,0,0,17,0,0,0,0,0,0,0,0,0,0,0,0,0,0,0,0,0,0,0,0,1,0,0,0,0,0,0,0,0,0,0,0,0,0,0,0,0,0,0","4,6,10,12,14,16,20,22,28,28,28,28,28,28,24,26,22,18,14,8,4,2","9,13,10,12,11,6,7,11,14,10,13,9,12,8,13,14,11,15,17,15,14,12,16,9,11,10,14,11,7,4,12,10,10,17,16,10,5,11,7,16,13,15,3,17,19,15,13,10,8,12,18,6,16,17,9,8,5,16,17,19,14,9,10,15,13,16,11,17,18,13,11,8,6,9,5,14,2,7,12,3,4,10,9,12,13,14,15,10,7,9,8,12,11,18,14,15,17,21,13,19,20,16,22,15,18,13,14,14,8,16,12,11,15,5,9,14,10,6,4,12,11,7,8,13,19,21,20,18,12,9,3,2,1,15,13,16,10,17,19,8,6,4,7,5,14,16,20,18,17,18,19,17,16,11,9,13,15,12,18,14,10,16,17,4,10,5,12,6,7,8,9,3,11,1,2,13,8,7,6,20,11,18,19,15,16,14,12,9,6,7,8,9,4,3,5",1:M133 M174 | 2:M77 M132 M175 | 3:M43 M80 M131 M172 M194 | 4:M30 M81 M119 M142 M164 M193 | 5:M37 M57 M75 M114 M144 M166 M195 | 6:M6 M52 M73 M118 M141 M168 M179 M189 | 7:M7 M29 M39 M78 M89 M122 M143 M169 M178 M190 | 8:M14 M49 M56 M72 M91 M109 M123 M140 M170 M177 M191 | 9:M1 M12 M24 M55 M62 M74 M83 M90 M115 M130 M155 M171 M188 M192 | 10:M3 M10 M26 M32 M33 M36 M48 M63 M82 M88 M117 M137 M161 M165 | 11:M5 M8 M17 M25 M28 M38 M67 M71 M93 M112 M121 M154 M173 M181 | 12:M4 M13 M22 M31 M50 M79 M84 M92 M111 M120 M129 M158 M167 M187 | 13:M2 M11 M15 M41 M47 M65 M70 M85 M99 M106 M124 M135 M156 M176 | 14:M9 M16 M21 M27 M61 M76 M86 M95 M107 M108 M116 M145 M160 M186 | 15:M18 M20 M42 M46 M64 M87 M96 M104 M113 M134 M157 M184 | 16:M23 M35 M40 M53 M58 M66 M102 M110 M136 M146 M153 M162 M185 | 17:M19 M34 M44 M54 M59 M68 M97 M138 M149 M152 M163 | 18:M51 M69 M94 M105 M128 M148 M150 M159 M182 | 19:M45 M60 M100 M125 M139 M151 M183 | 20:M101 M127 M147 M180 | 21:M98 M126 | 22:M103,"journal objective family: bg_d2 | F-selected distance-labelled E* domain propagation and cycle detection | precedence configuration: F=distance_closure, P=pairwise, G=direct | Reduced Domain variables after unary filtering + matching GAC + slot saturation | (20),(22)-(27) exactly once over reduced domains | (19) participant atMost-one per slot | (46),(47) clustered table capacity with compact forward channeling | (28) Pairwise precedence over direct distance-labelled relations | exact break-group ends and unary break-group thresholds | exact schedule <-> usedSlot channeling | (43) exactly |Mp| reduced usedSlot variables | (44) atMost 2|L| busy participants per slot | (45) exact even number of busy participants | historical hard cap Delta_G <= 2",5,"(5,)",result
,,,,,,,,,forum-13crafb.forb0003,b2b-bf29dc2a22d8c0fb,b2b-lineage-forum-13crafb,forbidden,R-PW-DE-ST-BGD2-NIS-CD-IC12P,Reduced,Filter-E*,Pairwise,Direct-E,SpanThreshold,BreakGroupsD2,NonIncrementalSAT,IC12+,OPTIMAL,SAT,5,5,bg_d2,5,5,5,,,,,29.987595,False,217.988,,,,Compact,Compact/Reduced,project_implementation,restart-based multi-phase SAT,152176,,,,,,,311021,0,311021,3253,148923,878986,57,cfg5__m-reduced__p-pairwise__g-direct__b-span_threshold__o-break_groups_d2__s-nonincrementalsat__i-imp12plus__backend-cadical,cfg5__m-reduced__p-pairwise__g-direct__b-span_threshold__o-break_groups_d2__s-nonincrementalsat__i-imp12plus__backend-cadical,reduced,distance_closure,pairwise,direct,NonIncrementalSAT,CaDiCaL,1.5.3,imp12+,span_threshold,total_break_groups_subject_to_range_at_most_2,BGD2,IC12P,878986,0,0,337,121635,126410,62639,,0,558,7,,,,,,7,21197,42870,106420,99638,29.178427912999723,6,"formalism-specific model size: SAT/MaxSAT reports base CNF and soft clauses, MIP reports variables/linear constraints/nonzeros, and CP reports integer variables plus linear/global constraints; SAT bound/totalizer overhead remains separate in optimizer_added_*",4290,3253,3253,3253,0,0,0,0,0,0,0,1,0.164291,0.002425,0.504631,,0.507056,29.480538,"wall-clock from immediately before reading/parsing the .dzn instance through model construction, optimization, solution decoding, and independent validation; excludes worker-process startup and result-file export",17,48,17,5,1,"1,0,1,0,0,0,0,0,0,0,0,0,0,0,0,0,0,0,0,0,0,0,1,0,0,0,0,0,0,0,0,0,0,0,0,0,1,0,0,0,0,0,0,0,0,0,0,0,0,0,0,0,0,0,0,0,0,1,0,0,0,0,0,0,0,0,0,0,0,0,0,0,0,0,0,0",peak_process_tree_rss_mb,bf29dc2a22d8c0fbb3a67b7edaa1b55631cf6f80f68a9f7296fa29c0c2ac7782,forb0003,data_table06_forb/forum-13crafb.forb0003.dzn,2,../noves/forum-13crafb.forb0003.dzn | ../noves/ticf-13crafb.forb0003.dzn,2,data_table06_forb/forum-13crafb.forb0003.dzn | data_table06_forb/ticf-13crafb.forb0003.dzn,https://imae.udg.edu/Recerca/LAI/,https://ima.udg.edu/Recerca/lai/b2b/b2b.zip,ee1f440ab3f6db27ab712300ad3a54a31ffd5ec1e06f81a9ac37cb7202c56528,2026-08-10T10:42:19+00:00,7200.0,,ee80a6fbd8b513f7c010668495c39621a371266a,True,3.10.12,1.8.dev25,instance-20260810-085803,Linux-6.8.0-1064-gcp-x86_64-with-glibc2.35,x86_64,4,8,15988.059,1,0,/home/g24021555/Business-Meeting-Scheduling-Problem/.venv/bin/python3 /home/g24021555/Business-Meeting-Scheduling-Problem/src/Main.py --manifest instances_manifest.csv --family forbidden --solver sat_all --objective-mode bg_d2 --domain-mode both --domain-filter-graph both --precedence-encoding both --precedence-graph both --encoding-variant imp12+ --sat-backend cadical --maxsat-backend uwrmaxsat --uwrmaxsat-bin /home/g24021555/uwrmaxsat/build/release/bin/uwrmaxsat --timeout 7200 --csv output/full_matrix_bg_d2_forbidden.csv,,,,,,,,multiple,,cadical,,traditional,pairwise+direct,5,56,"1,2,3,4,7,8,9,10,12,13,14,15,16,17,18,19,20,21,22,23,24,25,26,28,29,30,31,32,33,36,37,38,39,40,41,42,43,44,45,47,48,51,53,54,56,57,58,59,60,61,62,63,64,65,66,76",3253,1037,0,0,"7,0,5,0,0,0,0,0,0,0,0,0,0,0,0,0,0,0,0,0,0,0,17,0,0,0,0,0,0,0,0,0,0,0,0,0,17,0,0,0,0,0,0,0,0,0,0,0,0,0,0,0,0,0,0,0,0,2,0,0,0,0,0,0,0,0,0,0,0,0,0,0,0,0,0,0","4,6,8,12,14,16,18,22,28,28,28,28,28,28,26,24,20,20,16,10,4,2","7,13,10,11,12,8,11,15,14,11,13,10,12,8,15,13,11,14,17,15,14,12,16,10,11,8,14,9,5,3,12,11,12,17,18,9,10,12,6,16,13,15,4,17,19,16,13,9,7,12,18,5,15,17,10,7,6,16,17,19,14,9,11,16,13,18,12,15,17,13,10,8,7,9,4,14,2,5,12,3,6,11,8,10,13,14,15,9,11,10,9,10,9,18,14,13,17,21,15,19,20,16,22,18,14,13,15,9,15,14,12,8,16,6,13,5,10,8,4,12,11,7,9,14,21,18,20,19,6,8,4,2,1,14,13,16,10,19,15,9,3,7,11,5,20,20,17,16,18,19,16,18,17,17,10,13,15,12,18,14,11,16,19,7,4,5,12,6,9,8,11,2,10,1,3,13,7,11,6,20,14,18,19,15,9,16,12,8,4,7,9,10,8,6,5",1:M133 M174 | 2:M77 M132 M172 | 3:M30 M80 M141 M175 | 4:M43 M75 M119 M131 M165 M189 | 5:M29 M52 M78 M116 M144 M166 M195 | 6:M39 M57 M81 M114 M129 M168 M179 M194 | 7:M1 M49 M56 M73 M122 M142 M164 M177 M190 | 8:M6 M14 M26 M72 M83 M112 M118 M130 M170 M188 M193 | 9:M28 M36 M48 M62 M74 M88 M91 M93 M108 M123 M140 M169 M185 M191 | 10:M3 M12 M24 M37 M55 M71 M84 M90 M92 M117 M137 M155 M173 M192 | 11:M4 M7 M10 M17 M25 M32 M63 M82 M89 M121 M143 M161 M171 M178 | 12:M5 M13 M22 M31 M33 M38 M50 M67 M79 M111 M120 M158 M167 M187 | 13:M2 M11 M16 M41 M47 M65 M70 M85 M96 M106 M115 M135 M156 M176 | 14:M9 M18 M21 M27 M61 M76 M86 M95 M105 M110 M124 M134 M160 M181 | 15:M8 M15 M20 M42 M53 M68 M87 M99 M107 M109 M139 M157 M184 | 16:M23 M40 M46 M58 M64 M102 M113 M136 M148 M151 M162 M186 | 17:M19 M34 M44 M54 M59 M69 M97 M147 M153 M154 | 18:M35 M51 M66 M94 M104 M126 M149 M152 M159 M182 | 19:M45 M60 M100 M128 M138 M150 M163 M183 | 20:M101 M127 M145 M146 M180 | 21:M98 M125 | 22:M103,"journal objective family: bg_d2 | F-selected distance-labelled E* domain propagation and cycle detection | precedence configuration: F=distance_closure, P=pairwise, G=direct | Reduced Domain variables after unary filtering + matching GAC + slot saturation | (20),(22)-(27) exactly once over reduced domains | (19) participant atMost-one per slot | (46),(47) clustered table capacity with compact forward channeling | (28) Pairwise precedence over direct distance-labelled relations | exact break-group ends and unary break-group thresholds | exact schedule <-> usedSlot channeling | (43) exactly |Mp| reduced usedSlot variables | (44) atMost 2|L| busy participants per slot | (45) exact even number of busy participants | historical hard cap Delta_G <= 2",5,"(5,)",result
,,,,,,,,,forum-13crafb.forb0003,b2b-bf29dc2a22d8c0fb,b2b-lineage-forum-13crafb,forbidden,R-PW-DE-ST-BGD2-UW-IC12P,Reduced,Filter-E*,Pairwise,Direct-E,SpanThreshold,BreakGroupsD2,UWrMaxSAT,IC12+,OPTIMAL,SAT,5,5,bg_d2,5,5,5,,,5,1,28.02144,False,255.109,,,,Compact,Compact/Reduced,project_implementation,one-shot weighted MaxSAT,152176,,,,,,,311021,558,311579,3253,148923,879544,57,cfg5__m-reduced__p-pairwise__g-direct__b-span_threshold__o-break_groups_d2__s-uwrmaxsat__i-imp12plus__backend-uwrmaxsat,cfg5__m-reduced__p-pairwise__g-direct__b-span_threshold__o-break_groups_d2__s-uwrmaxsat__i-imp12plus__backend-uwrmaxsat,reduced,distance_closure,pairwise,direct,UWrMaxSAT,UWrMaxSAT,binary-sha256:8c68c8a386d3d7847b50d315143c2bab60e3514e59510e84a649db83cb303876,imp12+,span_threshold,total_break_groups_subject_to_range_at_most_2,BGD2,IC12P,878986,558,1,337,121635,126410,62639,1,558,558,1,,,,,,0,0,0,0,0,,,"formalism-specific model size: SAT/MaxSAT reports base CNF and soft clauses, MIP reports variables/linear constraints/nonzeros, and CP reports integer variables plus linear/global constraints; SAT bound/totalizer overhead remains separate in optimizer_added_*",4290,3253,3253,3253,0,0,0,0,0,0,0,1,0.161093,0.002911,0.506458,,0.509369,27.512071,"wall-clock from immediately before reading/parsing the .dzn instance through model construction, optimization, solution decoding, and independent validation; excludes worker-process startup and result-file export",15,44,15,5,1,"0,0,0,0,0,0,0,0,0,0,0,0,0,1,0,1,0,0,0,0,0,0,1,0,0,0,0,0,0,0,0,0,0,0,0,0,1,0,0,0,0,0,0,0,0,0,0,0,0,0,0,0,0,0,0,0,0,1,0,0,0,0,0,0,0,0,0,0,0,0,0,0,0,0,0,0",peak_process_tree_rss_mb,bf29dc2a22d8c0fbb3a67b7edaa1b55631cf6f80f68a9f7296fa29c0c2ac7782,forb0003,data_table06_forb/forum-13crafb.forb0003.dzn,2,../noves/forum-13crafb.forb0003.dzn | ../noves/ticf-13crafb.forb0003.dzn,2,data_table06_forb/forum-13crafb.forb0003.dzn | data_table06_forb/ticf-13crafb.forb0003.dzn,https://imae.udg.edu/Recerca/LAI/,https://ima.udg.edu/Recerca/lai/b2b/b2b.zip,ee1f440ab3f6db27ab712300ad3a54a31ffd5ec1e06f81a9ac37cb7202c56528,2026-08-10T10:42:19+00:00,7200.0,,ee80a6fbd8b513f7c010668495c39621a371266a,True,3.10.12,1.8.dev25,instance-20260810-085803,Linux-6.8.0-1064-gcp-x86_64-with-glibc2.35,x86_64,4,8,15988.059,1,0,/home/g24021555/Business-Meeting-Scheduling-Problem/.venv/bin/python3 /home/g24021555/Business-Meeting-Scheduling-Problem/src/Main.py --manifest instances_manifest.csv --family forbidden --solver sat_all --objective-mode bg_d2 --domain-mode both --domain-filter-graph both --precedence-encoding both --precedence-graph both --encoding-variant imp12+ --sat-backend cadical --maxsat-backend uwrmaxsat --uwrmaxsat-bin /home/g24021555/uwrmaxsat/build/release/bin/uwrmaxsat --timeout 7200 --csv output/full_matrix_bg_d2_forbidden.csv,/home/g24021555/uwrmaxsat/build/release/bin/uwrmaxsat,8c68c8a386d3d7847b50d315143c2bab60e3514e59510e84a649db83cb303876,/home/g24021555/uwrmaxsat/build/release/bin/uwrmaxsat -m /tmp/b2b_uwrmaxsat_8qd0vcab/forum-13crafb.forb0003.wcnf,,process exit code=30,,,maxsat,uwrmaxsat,,/home/g24021555/uwrmaxsat/build/release/bin/uwrmaxsat,traditional,pairwise+direct,5,56,"1,2,3,4,7,8,9,10,12,13,14,15,16,17,18,19,20,21,22,23,24,25,26,28,29,30,31,32,33,36,37,38,39,40,41,42,43,44,45,47,48,51,53,54,56,57,58,59,60,61,62,63,64,65,66,76",3253,1037,0,0,"0,0,0,0,0,0,0,0,0,0,0,0,0,4,0,10,0,0,0,0,0,0,13,0,0,0,0,0,0,0,0,0,0,0,0,0,15,0,0,0,0,0,0,0,0,0,0,0,0,0,0,0,0,0,0,0,0,2,0,0,0,0,0,0,0,0,0,0,0,0,0,0,0,0,0,0","4,8,8,14,18,16,16,18,28,28,28,28,28,28,26,26,20,20,14,8,4,2","9,13,11,12,10,11,10,12,14,11,13,4,12,5,13,15,11,14,18,14,16,12,15,10,11,8,11,9,5,6,12,11,12,18,17,5,8,10,2,15,13,16,3,17,17,15,13,6,9,7,16,4,14,18,12,7,5,16,19,18,14,10,9,15,13,18,17,19,16,14,11,9,4,8,3,14,7,6,12,5,2,12,9,11,13,14,15,9,8,10,9,10,9,17,13,14,18,21,16,19,20,15,22,13,14,15,17,15,13,16,9,10,18,14,15,13,10,8,6,11,12,7,9,16,19,18,20,21,10,8,2,11,1,12,13,20,9,15,16,14,3,5,4,7,6,17,16,19,20,16,17,18,19,12,11,10,17,14,18,13,15,16,19,12,11,3,4,6,7,9,8,2,10,5,1,5,7,14,4,6,13,17,12,10,16,15,11,8,6,8,7,10,5,9,4",1:M133 M175 | 2:M39 M81 M131 M172 | 3:M43 M75 M141 M166 | 4:M12 M52 M73 M143 M167 M179 M195 | 5:M14 M29 M36 M57 M80 M142 M174 M176 M193 | 6:M30 M48 M78 M119 M145 M168 M180 M189 | 7:M50 M56 M77 M122 M144 M169 M177 M191 | 8:M26 M37 M74 M89 M118 M130 M171 M188 M190 | 9:M1 M28 M49 M63 M72 M83 M88 M91 M93 M111 M123 M137 M170 M194 | 10:M5 M7 M24 M38 M62 M90 M92 M112 M117 M129 M156 M173 M184 M192 | 11:M3 M6 M10 M17 M25 M27 M32 M71 M84 M120 M132 M155 M165 M187 | 12:M4 M8 M13 M22 M31 M33 M55 M79 M82 M121 M134 M154 M164 M183 | 13:M2 M11 M15 M41 M47 M65 M85 M95 M104 M109 M116 M135 M160 M181 | 14:M9 M18 M20 M53 M61 M70 M76 M86 M96 M105 M114 M140 M158 M178 | 15:M16 M23 M40 M46 M64 M87 M102 M106 M108 M115 M138 M161 M186 | 16:M21 M42 M51 M58 M69 M99 M110 M124 M139 M147 M150 M162 M185 | 17:M35 M44 M45 M67 M94 M107 M146 M151 M157 M182 | 18:M19 M34 M54 M60 M66 M97 M113 M126 M152 M159 | 19:M59 M68 M100 M125 M148 M153 M163 | 20:M101 M127 M136 M149 | 21:M98 M128 | 22:M103,"journal objective family: bg_d2 | F-selected distance-labelled E* domain propagation and cycle detection | precedence configuration: F=distance_closure, P=pairwise, G=direct | Reduced Domain variables after unary filtering + matching GAC + slot saturation | (20),(22)-(27) exactly once over reduced domains | (19) participant atMost-one per slot | (46),(47) clustered table capacity with compact forward channeling | (28) Pairwise precedence over direct distance-labelled relations | exact break-group ends and unary break-group thresholds | exact schedule <-> usedSlot channeling | (43) exactly |Mp| reduced usedSlot variables | (44) atMost 2|L| busy participants per slot | (45) exact even number of busy participants | historical hard cap Delta_G <= 2",,,result
,,,,,,,,,forum-13crafb.forb0003,b2b-bf29dc2a22d8c0fb,b2b-lineage-forum-13crafb,forbidden,R-PW-DC-ST-BGD2-IS-CD-IC12P,Reduced,Filter-E*,Pairwise,DistanceClosure-E*,SpanThreshold,BreakGroupsD2,IncrementalSAT,IC12+,OPTIMAL,SAT,5,5,bg_d2,5,5,5,,,,,23.017578,False,214.926,,,,Compact,Compact/Reduced,project_implementation,incremental multi-phase SAT with persistent solver state,152176,,,,,,,311021,0,311021,3253,148923,878986,57,cfg5__m-reduced__p-pairwise__g-distance_closure__b-span_threshold__o-break_groups_d2__s-incrementalsat__i-imp12plus__backend-cadical,cfg5__m-reduced__p-pairwise__g-distance_closure__b-span_threshold__o-break_groups_d2__s-incrementalsat__i-imp12plus__backend-cadical,reduced,distance_closure,pairwise,distance_closure,IncrementalSAT,CaDiCaL,1.5.3,imp12+,span_threshold,total_break_groups_subject_to_range_at_most_2,BGD2,IC12P,878986,0,0,337,121635,126410,62639,,0,558,7,,,,,,1,4002,47304,137436,47304,22.211336617000597,6,"formalism-specific model size: SAT/MaxSAT reports base CNF and soft clauses, MIP reports variables/linear constraints/nonzeros, and CP reports integer variables plus linear/global constraints; SAT bound/totalizer overhead remains separate in optimizer_added_*",4290,3253,3253,3253,0,0,0,0,0,0,0,1,0.162592,0.00242,0.507906,,0.510326,22.507252,"wall-clock from immediately before reading/parsing the .dzn instance through model construction, optimization, solution decoding, and independent validation; excludes worker-process startup and result-file export",17,48,17,5,1,"1,1,0,0,0,0,0,0,0,0,0,0,0,0,0,0,0,0,0,0,0,0,1,0,0,0,0,0,0,0,0,0,0,0,0,0,1,0,0,0,0,0,0,0,0,0,0,0,0,0,0,0,0,0,0,0,0,1,0,0,0,0,0,0,0,0,0,0,0,0,0,0,0,0,0,0",peak_process_tree_rss_mb,bf29dc2a22d8c0fbb3a67b7edaa1b55631cf6f80f68a9f7296fa29c0c2ac7782,forb0003,data_table06_forb/forum-13crafb.forb0003.dzn,2,../noves/forum-13crafb.forb0003.dzn | ../noves/ticf-13crafb.forb0003.dzn,2,data_table06_forb/forum-13crafb.forb0003.dzn | data_table06_forb/ticf-13crafb.forb0003.dzn,https://imae.udg.edu/Recerca/LAI/,https://ima.udg.edu/Recerca/lai/b2b/b2b.zip,ee1f440ab3f6db27ab712300ad3a54a31ffd5ec1e06f81a9ac37cb7202c56528,2026-08-10T10:42:19+00:00,7200.0,,ee80a6fbd8b513f7c010668495c39621a371266a,True,3.10.12,1.8.dev25,instance-20260810-085803,Linux-6.8.0-1064-gcp-x86_64-with-glibc2.35,x86_64,4,8,15988.059,1,0,/home/g24021555/Business-Meeting-Scheduling-Problem/.venv/bin/python3 /home/g24021555/Business-Meeting-Scheduling-Problem/src/Main.py --manifest instances_manifest.csv --family forbidden --solver sat_all --objective-mode bg_d2 --domain-mode both --domain-filter-graph both --precedence-encoding both --precedence-graph both --encoding-variant imp12+ --sat-backend cadical --maxsat-backend uwrmaxsat --uwrmaxsat-bin /home/g24021555/uwrmaxsat/build/release/bin/uwrmaxsat --timeout 7200 --csv output/full_matrix_bg_d2_forbidden.csv,,,,,,,,incremental,,cadical,,factorial,pairwise+distance_closure,5,56,"1,2,3,4,7,8,9,10,12,13,14,15,16,17,18,19,20,21,22,23,24,25,26,28,29,30,31,32,33,36,37,38,39,40,41,42,43,44,45,47,48,51,53,54,56,57,58,59,60,61,62,63,64,65,66,76",3253,1037,0,0,"7,6,0,0,0,0,0,0,0,0,0,0,0,0,0,0,0,0,0,0,0,0,17,0,0,0,0,0,0,0,0,0,0,0,0,0,17,0,0,0,0,0,0,0,0,0,0,0,0,0,0,0,0,0,0,0,0,1,0,0,0,0,0,0,0,0,0,0,0,0,0,0,0,0,0,0","4,6,10,12,14,16,20,22,28,28,28,28,28,28,24,26,22,18,14,8,4,2","9,13,10,12,11,6,7,11,14,10,13,9,12,8,13,14,11,15,17,15,14,12,16,9,11,10,14,11,7,4,12,10,10,17,16,10,5,11,7,16,13,15,3,17,19,15,13,10,8,12,18,6,16,17,9,8,5,16,17,19,14,9,10,15,13,16,11,17,18,13,11,8,6,9,5,14,2,7,12,3,4,10,9,12,13,14,15,10,7,9,8,12,11,18,14,15,17,21,13,19,20,16,22,15,18,13,14,14,8,16,12,11,15,5,9,14,10,6,4,12,11,7,8,13,19,21,20,18,12,9,3,2,1,15,13,16,10,17,19,8,6,4,7,5,14,16,20,18,17,18,19,17,16,11,9,13,15,12,18,14,10,16,17,4,10,5,12,6,7,8,9,3,11,1,2,13,8,7,6,20,11,18,19,15,16,14,12,9,6,7,8,9,4,3,5",1:M133 M174 | 2:M77 M132 M175 | 3:M43 M80 M131 M172 M194 | 4:M30 M81 M119 M142 M164 M193 | 5:M37 M57 M75 M114 M144 M166 M195 | 6:M6 M52 M73 M118 M141 M168 M179 M189 | 7:M7 M29 M39 M78 M89 M122 M143 M169 M178 M190 | 8:M14 M49 M56 M72 M91 M109 M123 M140 M170 M177 M191 | 9:M1 M12 M24 M55 M62 M74 M83 M90 M115 M130 M155 M171 M188 M192 | 10:M3 M10 M26 M32 M33 M36 M48 M63 M82 M88 M117 M137 M161 M165 | 11:M5 M8 M17 M25 M28 M38 M67 M71 M93 M112 M121 M154 M173 M181 | 12:M4 M13 M22 M31 M50 M79 M84 M92 M111 M120 M129 M158 M167 M187 | 13:M2 M11 M15 M41 M47 M65 M70 M85 M99 M106 M124 M135 M156 M176 | 14:M9 M16 M21 M27 M61 M76 M86 M95 M107 M108 M116 M145 M160 M186 | 15:M18 M20 M42 M46 M64 M87 M96 M104 M113 M134 M157 M184 | 16:M23 M35 M40 M53 M58 M66 M102 M110 M136 M146 M153 M162 M185 | 17:M19 M34 M44 M54 M59 M68 M97 M138 M149 M152 M163 | 18:M51 M69 M94 M105 M128 M148 M150 M159 M182 | 19:M45 M60 M100 M125 M139 M151 M183 | 20:M101 M127 M147 M180 | 21:M98 M126 | 22:M103,"journal objective family: bg_d2 | F-selected distance-labelled E* domain propagation and cycle detection | precedence configuration: F=distance_closure, P=pairwise, G=distance_closure | Reduced Domain variables after unary filtering + matching GAC + slot saturation | (20),(22)-(27) exactly once over reduced domains | (19) participant atMost-one per slot | (46),(47) clustered table capacity with compact forward channeling | (28) Pairwise precedence over distance_closure distance-labelled relations | exact break-group ends and unary break-group thresholds | exact schedule <-> usedSlot channeling | (43) exactly |Mp| reduced usedSlot variables | (44) atMost 2|L| busy participants per slot | (45) exact even number of busy participants | historical hard cap Delta_G <= 2",5,"(5,)",result
,,,,,,,,,forum-13crafb.forb0003,b2b-bf29dc2a22d8c0fb,b2b-lineage-forum-13crafb,forbidden,R-PW-DC-ST-BGD2-NIS-CD-IC12P,Reduced,Filter-E*,Pairwise,DistanceClosure-E*,SpanThreshold,BreakGroupsD2,NonIncrementalSAT,IC12+,OPTIMAL,SAT,5,5,bg_d2,5,5,5,,,,,30.013659,False,215.941,,,,Compact,Compact/Reduced,project_implementation,restart-based multi-phase SAT,152176,,,,,,,311021,0,311021,3253,148923,878986,57,cfg5__m-reduced__p-pairwise__g-distance_closure__b-span_threshold__o-break_groups_d2__s-nonincrementalsat__i-imp12plus__backend-cadical,cfg5__m-reduced__p-pairwise__g-distance_closure__b-span_threshold__o-break_groups_d2__s-nonincrementalsat__i-imp12plus__backend-cadical,reduced,distance_closure,pairwise,distance_closure,NonIncrementalSAT,CaDiCaL,1.5.3,imp12+,span_threshold,total_break_groups_subject_to_range_at_most_2,BGD2,IC12P,878986,0,0,337,121635,126410,62639,,0,558,7,,,,,,7,21197,42870,106420,99638,29.204416369000683,6,"formalism-specific model size: SAT/MaxSAT reports base CNF and soft clauses, MIP reports variables/linear constraints/nonzeros, and CP reports integer variables plus linear/global constraints; SAT bound/totalizer overhead remains separate in optimizer_added_*",4290,3253,3253,3253,0,0,0,0,0,0,0,1,0.159302,0.002431,0.502059,,0.504489,29.509169,"wall-clock from immediately before reading/parsing the .dzn instance through model construction, optimization, solution decoding, and independent validation; excludes worker-process startup and result-file export",17,48,17,5,1,"1,0,1,0,0,0,0,0,0,0,0,0,0,0,0,0,0,0,0,0,0,0,1,0,0,0,0,0,0,0,0,0,0,0,0,0,1,0,0,0,0,0,0,0,0,0,0,0,0,0,0,0,0,0,0,0,0,1,0,0,0,0,0,0,0,0,0,0,0,0,0,0,0,0,0,0",peak_process_tree_rss_mb,bf29dc2a22d8c0fbb3a67b7edaa1b55631cf6f80f68a9f7296fa29c0c2ac7782,forb0003,data_table06_forb/forum-13crafb.forb0003.dzn,2,../noves/forum-13crafb.forb0003.dzn | ../noves/ticf-13crafb.forb0003.dzn,2,data_table06_forb/forum-13crafb.forb0003.dzn | data_table06_forb/ticf-13crafb.forb0003.dzn,https://imae.udg.edu/Recerca/LAI/,https://ima.udg.edu/Recerca/lai/b2b/b2b.zip,ee1f440ab3f6db27ab712300ad3a54a31ffd5ec1e06f81a9ac37cb7202c56528,2026-08-10T10:42:19+00:00,7200.0,,ee80a6fbd8b513f7c010668495c39621a371266a,True,3.10.12,1.8.dev25,instance-20260810-085803,Linux-6.8.0-1064-gcp-x86_64-with-glibc2.35,x86_64,4,8,15988.059,1,0,/home/g24021555/Business-Meeting-Scheduling-Problem/.venv/bin/python3 /home/g24021555/Business-Meeting-Scheduling-Problem/src/Main.py --manifest instances_manifest.csv --family forbidden --solver sat_all --objective-mode bg_d2 --domain-mode both --domain-filter-graph both --precedence-encoding both --precedence-graph both --encoding-variant imp12+ --sat-backend cadical --maxsat-backend uwrmaxsat --uwrmaxsat-bin /home/g24021555/uwrmaxsat/build/release/bin/uwrmaxsat --timeout 7200 --csv output/full_matrix_bg_d2_forbidden.csv,,,,,,,,multiple,,cadical,,factorial,pairwise+distance_closure,5,56,"1,2,3,4,7,8,9,10,12,13,14,15,16,17,18,19,20,21,22,23,24,25,26,28,29,30,31,32,33,36,37,38,39,40,41,42,43,44,45,47,48,51,53,54,56,57,58,59,60,61,62,63,64,65,66,76",3253,1037,0,0,"7,0,5,0,0,0,0,0,0,0,0,0,0,0,0,0,0,0,0,0,0,0,17,0,0,0,0,0,0,0,0,0,0,0,0,0,17,0,0,0,0,0,0,0,0,0,0,0,0,0,0,0,0,0,0,0,0,2,0,0,0,0,0,0,0,0,0,0,0,0,0,0,0,0,0,0","4,6,8,12,14,16,18,22,28,28,28,28,28,28,26,24,20,20,16,10,4,2","7,13,10,11,12,8,11,15,14,11,13,10,12,8,15,13,11,14,17,15,14,12,16,10,11,8,14,9,5,3,12,11,12,17,18,9,10,12,6,16,13,15,4,17,19,16,13,9,7,12,18,5,15,17,10,7,6,16,17,19,14,9,11,16,13,18,12,15,17,13,10,8,7,9,4,14,2,5,12,3,6,11,8,10,13,14,15,9,11,10,9,10,9,18,14,13,17,21,15,19,20,16,22,18,14,13,15,9,15,14,12,8,16,6,13,5,10,8,4,12,11,7,9,14,21,18,20,19,6,8,4,2,1,14,13,16,10,19,15,9,3,7,11,5,20,20,17,16,18,19,16,18,17,17,10,13,15,12,18,14,11,16,19,7,4,5,12,6,9,8,11,2,10,1,3,13,7,11,6,20,14,18,19,15,9,16,12,8,4,7,9,10,8,6,5",1:M133 M174 | 2:M77 M132 M172 | 3:M30 M80 M141 M175 | 4:M43 M75 M119 M131 M165 M189 | 5:M29 M52 M78 M116 M144 M166 M195 | 6:M39 M57 M81 M114 M129 M168 M179 M194 | 7:M1 M49 M56 M73 M122 M142 M164 M177 M190 | 8:M6 M14 M26 M72 M83 M112 M118 M130 M170 M188 M193 | 9:M28 M36 M48 M62 M74 M88 M91 M93 M108 M123 M140 M169 M185 M191 | 10:M3 M12 M24 M37 M55 M71 M84 M90 M92 M117 M137 M155 M173 M192 | 11:M4 M7 M10 M17 M25 M32 M63 M82 M89 M121 M143 M161 M171 M178 | 12:M5 M13 M22 M31 M33 M38 M50 M67 M79 M111 M120 M158 M167 M187 | 13:M2 M11 M16 M41 M47 M65 M70 M85 M96 M106 M115 M135 M156 M176 | 14:M9 M18 M21 M27 M61 M76 M86 M95 M105 M110 M124 M134 M160 M181 | 15:M8 M15 M20 M42 M53 M68 M87 M99 M107 M109 M139 M157 M184 | 16:M23 M40 M46 M58 M64 M102 M113 M136 M148 M151 M162 M186 | 17:M19 M34 M44 M54 M59 M69 M97 M147 M153 M154 | 18:M35 M51 M66 M94 M104 M126 M149 M152 M159 M182 | 19:M45 M60 M100 M128 M138 M150 M163 M183 | 20:M101 M127 M145 M146 M180 | 21:M98 M125 | 22:M103,"journal objective family: bg_d2 | F-selected distance-labelled E* domain propagation and cycle detection | precedence configuration: F=distance_closure, P=pairwise, G=distance_closure | Reduced Domain variables after unary filtering + matching GAC + slot saturation | (20),(22)-(27) exactly once over reduced domains | (19) participant atMost-one per slot | (46),(47) clustered table capacity with compact forward channeling | (28) Pairwise precedence over distance_closure distance-labelled relations | exact break-group ends and unary break-group thresholds | exact schedule <-> usedSlot channeling | (43) exactly |Mp| reduced usedSlot variables | (44) atMost 2|L| busy participants per slot | (45) exact even number of busy participants | historical hard cap Delta_G <= 2",5,"(5,)",result
,,,,,,,,,forum-13crafb.forb0003,b2b-bf29dc2a22d8c0fb,b2b-lineage-forum-13crafb,forbidden,R-PW-DC-ST-BGD2-UW-IC12P,Reduced,Filter-E*,Pairwise,DistanceClosure-E*,SpanThreshold,BreakGroupsD2,UWrMaxSAT,IC12+,OPTIMAL,SAT,5,5,bg_d2,5,5,5,,,5,1,28.194582,False,246.371,,,,Compact,Compact/Reduced,project_implementation,one-shot weighted MaxSAT,152176,,,,,,,311021,558,311579,3253,148923,879544,57,cfg5__m-reduced__p-pairwise__g-distance_closure__b-span_threshold__o-break_groups_d2__s-uwrmaxsat__i-imp12plus__backend-uwrmaxsat,cfg5__m-reduced__p-pairwise__g-distance_closure__b-span_threshold__o-break_groups_d2__s-uwrmaxsat__i-imp12plus__backend-uwrmaxsat,reduced,distance_closure,pairwise,distance_closure,UWrMaxSAT,UWrMaxSAT,binary-sha256:8c68c8a386d3d7847b50d315143c2bab60e3514e59510e84a649db83cb303876,imp12+,span_threshold,total_break_groups_subject_to_range_at_most_2,BGD2,IC12P,878986,558,1,337,121635,126410,62639,1,558,558,1,,,,,,0,0,0,0,0,,,"formalism-specific model size: SAT/MaxSAT reports base CNF and soft clauses, MIP reports variables/linear constraints/nonzeros, and CP reports integer variables plus linear/global constraints; SAT bound/totalizer overhead remains separate in optimizer_added_*",4290,3253,3253,3253,0,0,0,0,0,0,0,1,0.163591,0.002394,0.519372,,0.521767,27.672815,"wall-clock from immediately before reading/parsing the .dzn instance through model construction, optimization, solution decoding, and independent validation; excludes worker-process startup and result-file export",15,44,15,5,1,"0,0,0,0,0,0,0,0,0,0,0,0,0,1,0,1,0,0,0,0,0,0,1,0,0,0,0,0,0,0,0,0,0,0,0,0,1,0,0,0,0,0,0,0,0,0,0,0,0,0,0,0,0,0,0,0,0,1,0,0,0,0,0,0,0,0,0,0,0,0,0,0,0,0,0,0",peak_process_tree_rss_mb,bf29dc2a22d8c0fbb3a67b7edaa1b55631cf6f80f68a9f7296fa29c0c2ac7782,forb0003,data_table06_forb/forum-13crafb.forb0003.dzn,2,../noves/forum-13crafb.forb0003.dzn | ../noves/ticf-13crafb.forb0003.dzn,2,data_table06_forb/forum-13crafb.forb0003.dzn | data_table06_forb/ticf-13crafb.forb0003.dzn,https://imae.udg.edu/Recerca/LAI/,https://ima.udg.edu/Recerca/lai/b2b/b2b.zip,ee1f440ab3f6db27ab712300ad3a54a31ffd5ec1e06f81a9ac37cb7202c56528,2026-08-10T10:42:19+00:00,7200.0,,ee80a6fbd8b513f7c010668495c39621a371266a,True,3.10.12,1.8.dev25,instance-20260810-085803,Linux-6.8.0-1064-gcp-x86_64-with-glibc2.35,x86_64,4,8,15988.059,1,0,/home/g24021555/Business-Meeting-Scheduling-Problem/.venv/bin/python3 /home/g24021555/Business-Meeting-Scheduling-Problem/src/Main.py --manifest instances_manifest.csv --family forbidden --solver sat_all --objective-mode bg_d2 --domain-mode both --domain-filter-graph both --precedence-encoding both --precedence-graph both --encoding-variant imp12+ --sat-backend cadical --maxsat-backend uwrmaxsat --uwrmaxsat-bin /home/g24021555/uwrmaxsat/build/release/bin/uwrmaxsat --timeout 7200 --csv output/full_matrix_bg_d2_forbidden.csv,/home/g24021555/uwrmaxsat/build/release/bin/uwrmaxsat,8c68c8a386d3d7847b50d315143c2bab60e3514e59510e84a649db83cb303876,/home/g24021555/uwrmaxsat/build/release/bin/uwrmaxsat -m /tmp/b2b_uwrmaxsat_rgr9v_uj/forum-13crafb.forb0003.wcnf,,process exit code=30,,,maxsat,uwrmaxsat,,/home/g24021555/uwrmaxsat/build/release/bin/uwrmaxsat,factorial,pairwise+distance_closure,5,56,"1,2,3,4,7,8,9,10,12,13,14,15,16,17,18,19,20,21,22,23,24,25,26,28,29,30,31,32,33,36,37,38,39,40,41,42,43,44,45,47,48,51,53,54,56,57,58,59,60,61,62,63,64,65,66,76",3253,1037,0,0,"0,0,0,0,0,0,0,0,0,0,0,0,0,4,0,10,0,0,0,0,0,0,13,0,0,0,0,0,0,0,0,0,0,0,0,0,15,0,0,0,0,0,0,0,0,0,0,0,0,0,0,0,0,0,0,0,0,2,0,0,0,0,0,0,0,0,0,0,0,0,0,0,0,0,0,0","4,8,8,14,18,16,16,18,28,28,28,28,28,28,26,26,20,20,14,8,4,2","9,13,11,12,10,11,10,12,14,11,13,4,12,5,13,15,11,14,18,14,16,12,15,10,11,8,11,9,5,6,12,11,12,18,17,5,8,10,2,15,13,16,3,17,17,15,13,6,9,7,16,4,14,18,12,7,5,16,19,18,14,10,9,15,13,18,17,19,16,14,11,9,4,8,3,14,7,6,12,5,2,12,9,11,13,14,15,9,8,10,9,10,9,17,13,14,18,21,16,19,20,15,22,13,14,15,17,15,13,16,9,10,18,14,15,13,10,8,6,11,12,7,9,16,19,18,20,21,10,8,2,11,1,12,13,20,9,15,16,14,3,5,4,7,6,17,16,19,20,16,17,18,19,12,11,10,17,14,18,13,15,16,19,12,11,3,4,6,7,9,8,2,10,5,1,5,7,14,4,6,13,17,12,10,16,15,11,8,6,8,7,10,5,9,4",1:M133 M175 | 2:M39 M81 M131 M172 | 3:M43 M75 M141 M166 | 4:M12 M52 M73 M143 M167 M179 M195 | 5:M14 M29 M36 M57 M80 M142 M174 M176 M193 | 6:M30 M48 M78 M119 M145 M168 M180 M189 | 7:M50 M56 M77 M122 M144 M169 M177 M191 | 8:M26 M37 M74 M89 M118 M130 M171 M188 M190 | 9:M1 M28 M49 M63 M72 M83 M88 M91 M93 M111 M123 M137 M170 M194 | 10:M5 M7 M24 M38 M62 M90 M92 M112 M117 M129 M156 M173 M184 M192 | 11:M3 M6 M10 M17 M25 M27 M32 M71 M84 M120 M132 M155 M165 M187 | 12:M4 M8 M13 M22 M31 M33 M55 M79 M82 M121 M134 M154 M164 M183 | 13:M2 M11 M15 M41 M47 M65 M85 M95 M104 M109 M116 M135 M160 M181 | 14:M9 M18 M20 M53 M61 M70 M76 M86 M96 M105 M114 M140 M158 M178 | 15:M16 M23 M40 M46 M64 M87 M102 M106 M108 M115 M138 M161 M186 | 16:M21 M42 M51 M58 M69 M99 M110 M124 M139 M147 M150 M162 M185 | 17:M35 M44 M45 M67 M94 M107 M146 M151 M157 M182 | 18:M19 M34 M54 M60 M66 M97 M113 M126 M152 M159 | 19:M59 M68 M100 M125 M148 M153 M163 | 20:M101 M127 M136 M149 | 21:M98 M128 | 22:M103,"journal objective family: bg_d2 | F-selected distance-labelled E* domain propagation and cycle detection | precedence configuration: F=distance_closure, P=pairwise, G=distance_closure | Reduced Domain variables after unary filtering + matching GAC + slot saturation | (20),(22)-(27) exactly once over reduced domains | (19) participant atMost-one per slot | (46),(47) clustered table capacity with compact forward channeling | (28) Pairwise precedence over distance_closure distance-labelled relations | exact break-group ends and unary break-group thresholds | exact schedule <-> usedSlot channeling | (43) exactly |Mp| reduced usedSlot variables | (44) atMost 2|L| busy participants per slot | (45) exact even number of busy participants | historical hard cap Delta_G <= 2",,,result
,,,,,,,,,forum-13crafb.forb0003,b2b-bf29dc2a22d8c0fb,b2b-lineage-forum-13crafb,forbidden,R-SS-DE-ST-BGD2-IS-CD-IC12P,Reduced,Filter-E*,SparseSuffix,Direct-E,SpanThreshold,BreakGroupsD2,IncrementalSAT,IC12+,OPTIMAL,SAT,5,5,bg_d2,5,5,5,,,,,22.627495,False,210.109,,,,Compact,Compact/Reduced,project_implementation,incremental multi-phase SAT with persistent solver state,152176,,,,,,,311021,0,311021,3253,148923,878986,57,cfg5__m-reduced__p-sparse_suffix__g-direct__b-span_threshold__o-break_groups_d2__s-incrementalsat__i-imp12plus__backend-cadical,cfg5__m-reduced__p-sparse_suffix__g-direct__b-span_threshold__o-break_groups_d2__s-incrementalsat__i-imp12plus__backend-cadical,reduced,distance_closure,sparse_suffix,direct,IncrementalSAT,CaDiCaL,1.5.3,imp12+,span_threshold,total_break_groups_subject_to_range_at_most_2,BGD2,IC12P,878986,0,0,337,121635,126410,62639,,0,558,7,,,,,,1,4002,47304,137436,47304,21.835839947999375,6,"formalism-specific model size: SAT/MaxSAT reports base CNF and soft clauses, MIP reports variables/linear constraints/nonzeros, and CP reports integer variables plus linear/global constraints; SAT bound/totalizer overhead remains separate in optimizer_added_*",4290,3253,3253,3253,0,0,0,0,0,0,0,1,0.161462,0.002401,0.500739,,0.50314,22.124356,"wall-clock from immediately before reading/parsing the .dzn instance through model construction, optimization, solution decoding, and independent validation; excludes worker-process startup and result-file export",17,48,17,5,1,"1,1,0,0,0,0,0,0,0,0,0,0,0,0,0,0,0,0,0,0,0,0,1,0,0,0,0,0,0,0,0,0,0,0,0,0,1,0,0,0,0,0,0,0,0,0,0,0,0,0,0,0,0,0,0,0,0,1,0,0,0,0,0,0,0,0,0,0,0,0,0,0,0,0,0,0",peak_process_tree_rss_mb,bf29dc2a22d8c0fbb3a67b7edaa1b55631cf6f80f68a9f7296fa29c0c2ac7782,forb0003,data_table06_forb/forum-13crafb.forb0003.dzn,2,../noves/forum-13crafb.forb0003.dzn | ../noves/ticf-13crafb.forb0003.dzn,2,data_table06_forb/forum-13crafb.forb0003.dzn | data_table06_forb/ticf-13crafb.forb0003.dzn,https://imae.udg.edu/Recerca/LAI/,https://ima.udg.edu/Recerca/lai/b2b/b2b.zip,ee1f440ab3f6db27ab712300ad3a54a31ffd5ec1e06f81a9ac37cb7202c56528,2026-08-10T10:42:19+00:00,7200.0,,ee80a6fbd8b513f7c010668495c39621a371266a,True,3.10.12,1.8.dev25,instance-20260810-085803,Linux-6.8.0-1064-gcp-x86_64-with-glibc2.35,x86_64,4,8,15988.059,1,0,/home/g24021555/Business-Meeting-Scheduling-Problem/.venv/bin/python3 /home/g24021555/Business-Meeting-Scheduling-Problem/src/Main.py --manifest instances_manifest.csv --family forbidden --solver sat_all --objective-mode bg_d2 --domain-mode both --domain-filter-graph both --precedence-encoding both --precedence-graph both --encoding-variant imp12+ --sat-backend cadical --maxsat-backend uwrmaxsat --uwrmaxsat-bin /home/g24021555/uwrmaxsat/build/release/bin/uwrmaxsat --timeout 7200 --csv output/full_matrix_bg_d2_forbidden.csv,,,,,,,,incremental,,cadical,,factorial,sparse_suffix+direct,5,56,"1,2,3,4,7,8,9,10,12,13,14,15,16,17,18,19,20,21,22,23,24,25,26,28,29,30,31,32,33,36,37,38,39,40,41,42,43,44,45,47,48,51,53,54,56,57,58,59,60,61,62,63,64,65,66,76",3253,1037,0,0,"7,6,0,0,0,0,0,0,0,0,0,0,0,0,0,0,0,0,0,0,0,0,17,0,0,0,0,0,0,0,0,0,0,0,0,0,17,0,0,0,0,0,0,0,0,0,0,0,0,0,0,0,0,0,0,0,0,1,0,0,0,0,0,0,0,0,0,0,0,0,0,0,0,0,0,0","4,6,10,12,14,16,20,22,28,28,28,28,28,28,24,26,22,18,14,8,4,2","9,13,10,12,11,6,7,11,14,10,13,9,12,8,13,14,11,15,17,15,14,12,16,9,11,10,14,11,7,4,12,10,10,17,16,10,5,11,7,16,13,15,3,17,19,15,13,10,8,12,18,6,16,17,9,8,5,16,17,19,14,9,10,15,13,16,11,17,18,13,11,8,6,9,5,14,2,7,12,3,4,10,9,12,13,14,15,10,7,9,8,12,11,18,14,15,17,21,13,19,20,16,22,15,18,13,14,14,8,16,12,11,15,5,9,14,10,6,4,12,11,7,8,13,19,21,20,18,12,9,3,2,1,15,13,16,10,17,19,8,6,4,7,5,14,16,20,18,17,18,19,17,16,11,9,13,15,12,18,14,10,16,17,4,10,5,12,6,7,8,9,3,11,1,2,13,8,7,6,20,11,18,19,15,16,14,12,9,6,7,8,9,4,3,5",1:M133 M174 | 2:M77 M132 M175 | 3:M43 M80 M131 M172 M194 | 4:M30 M81 M119 M142 M164 M193 | 5:M37 M57 M75 M114 M144 M166 M195 | 6:M6 M52 M73 M118 M141 M168 M179 M189 | 7:M7 M29 M39 M78 M89 M122 M143 M169 M178 M190 | 8:M14 M49 M56 M72 M91 M109 M123 M140 M170 M177 M191 | 9:M1 M12 M24 M55 M62 M74 M83 M90 M115 M130 M155 M171 M188 M192 | 10:M3 M10 M26 M32 M33 M36 M48 M63 M82 M88 M117 M137 M161 M165 | 11:M5 M8 M17 M25 M28 M38 M67 M71 M93 M112 M121 M154 M173 M181 | 12:M4 M13 M22 M31 M50 M79 M84 M92 M111 M120 M129 M158 M167 M187 | 13:M2 M11 M15 M41 M47 M65 M70 M85 M99 M106 M124 M135 M156 M176 | 14:M9 M16 M21 M27 M61 M76 M86 M95 M107 M108 M116 M145 M160 M186 | 15:M18 M20 M42 M46 M64 M87 M96 M104 M113 M134 M157 M184 | 16:M23 M35 M40 M53 M58 M66 M102 M110 M136 M146 M153 M162 M185 | 17:M19 M34 M44 M54 M59 M68 M97 M138 M149 M152 M163 | 18:M51 M69 M94 M105 M128 M148 M150 M159 M182 | 19:M45 M60 M100 M125 M139 M151 M183 | 20:M101 M127 M147 M180 | 21:M98 M126 | 22:M103,"journal objective family: bg_d2 | F-selected distance-labelled E* domain propagation and cycle detection | precedence configuration: F=distance_closure, P=sparse_suffix, G=direct | Reduced Domain variables after unary filtering + matching GAC + slot saturation | (20),(22)-(27) exactly once over reduced domains | (19) participant atMost-one per slot | (46),(47) clustered table capacity with compact forward channeling | (28) SparseSuffix precedence over direct distance-labelled relations | exact break-group ends and unary break-group thresholds | exact schedule <-> usedSlot channeling | (43) exactly |Mp| reduced usedSlot variables | (44) atMost 2|L| busy participants per slot | (45) exact even number of busy participants | historical hard cap Delta_G <= 2",5,"(5,)",result
,,,,,,,,,forum-13crafb.forb0003,b2b-bf29dc2a22d8c0fb,b2b-lineage-forum-13crafb,forbidden,R-SS-DE-ST-BGD2-NIS-CD-IC12P,Reduced,Filter-E*,SparseSuffix,Direct-E,SpanThreshold,BreakGroupsD2,NonIncrementalSAT,IC12+,OPTIMAL,SAT,5,5,bg_d2,5,5,5,,,,,29.863313,False,216.746,,,,Compact,Compact/Reduced,project_implementation,restart-based multi-phase SAT,152176,,,,,,,311021,0,311021,3253,148923,878986,57,cfg5__m-reduced__p-sparse_suffix__g-direct__b-span_threshold__o-break_groups_d2__s-nonincrementalsat__i-imp12plus__backend-cadical,cfg5__m-reduced__p-sparse_suffix__g-direct__b-span_threshold__o-break_groups_d2__s-nonincrementalsat__i-imp12plus__backend-cadical,reduced,distance_closure,sparse_suffix,direct,NonIncrementalSAT,CaDiCaL,1.5.3,imp12+,span_threshold,total_break_groups_subject_to_range_at_most_2,BGD2,IC12P,878986,0,0,337,121635,126410,62639,,0,558,7,,,,,,7,21197,42870,106420,99638,29.05579779599975,6,"formalism-specific model size: SAT/MaxSAT reports base CNF and soft clauses, MIP reports variables/linear constraints/nonzeros, and CP reports integer variables plus linear/global constraints; SAT bound/totalizer overhead remains separate in optimizer_added_*",4290,3253,3253,3253,0,0,0,0,0,0,0,1,0.164761,0.002784,0.508182,,0.510967,29.352346,"wall-clock from immediately before reading/parsing the .dzn instance through model construction, optimization, solution decoding, and independent validation; excludes worker-process startup and result-file export",17,48,17,5,1,"1,0,1,0,0,0,0,0,0,0,0,0,0,0,0,0,0,0,0,0,0,0,1,0,0,0,0,0,0,0,0,0,0,0,0,0,1,0,0,0,0,0,0,0,0,0,0,0,0,0,0,0,0,0,0,0,0,1,0,0,0,0,0,0,0,0,0,0,0,0,0,0,0,0,0,0",peak_process_tree_rss_mb,bf29dc2a22d8c0fbb3a67b7edaa1b55631cf6f80f68a9f7296fa29c0c2ac7782,forb0003,data_table06_forb/forum-13crafb.forb0003.dzn,2,../noves/forum-13crafb.forb0003.dzn | ../noves/ticf-13crafb.forb0003.dzn,2,data_table06_forb/forum-13crafb.forb0003.dzn | data_table06_forb/ticf-13crafb.forb0003.dzn,https://imae.udg.edu/Recerca/LAI/,https://ima.udg.edu/Recerca/lai/b2b/b2b.zip,ee1f440ab3f6db27ab712300ad3a54a31ffd5ec1e06f81a9ac37cb7202c56528,2026-08-10T10:42:19+00:00,7200.0,,ee80a6fbd8b513f7c010668495c39621a371266a,True,3.10.12,1.8.dev25,instance-20260810-085803,Linux-6.8.0-1064-gcp-x86_64-with-glibc2.35,x86_64,4,8,15988.059,1,0,/home/g24021555/Business-Meeting-Scheduling-Problem/.venv/bin/python3 /home/g24021555/Business-Meeting-Scheduling-Problem/src/Main.py --manifest instances_manifest.csv --family forbidden --solver sat_all --objective-mode bg_d2 --domain-mode both --domain-filter-graph both --precedence-encoding both --precedence-graph both --encoding-variant imp12+ --sat-backend cadical --maxsat-backend uwrmaxsat --uwrmaxsat-bin /home/g24021555/uwrmaxsat/build/release/bin/uwrmaxsat --timeout 7200 --csv output/full_matrix_bg_d2_forbidden.csv,,,,,,,,multiple,,cadical,,factorial,sparse_suffix+direct,5,56,"1,2,3,4,7,8,9,10,12,13,14,15,16,17,18,19,20,21,22,23,24,25,26,28,29,30,31,32,33,36,37,38,39,40,41,42,43,44,45,47,48,51,53,54,56,57,58,59,60,61,62,63,64,65,66,76",3253,1037,0,0,"7,0,5,0,0,0,0,0,0,0,0,0,0,0,0,0,0,0,0,0,0,0,17,0,0,0,0,0,0,0,0,0,0,0,0,0,17,0,0,0,0,0,0,0,0,0,0,0,0,0,0,0,0,0,0,0,0,2,0,0,0,0,0,0,0,0,0,0,0,0,0,0,0,0,0,0","4,6,8,12,14,16,18,22,28,28,28,28,28,28,26,24,20,20,16,10,4,2","7,13,10,11,12,8,11,15,14,11,13,10,12,8,15,13,11,14,17,15,14,12,16,10,11,8,14,9,5,3,12,11,12,17,18,9,10,12,6,16,13,15,4,17,19,16,13,9,7,12,18,5,15,17,10,7,6,16,17,19,14,9,11,16,13,18,12,15,17,13,10,8,7,9,4,14,2,5,12,3,6,11,8,10,13,14,15,9,11,10,9,10,9,18,14,13,17,21,15,19,20,16,22,18,14,13,15,9,15,14,12,8,16,6,13,5,10,8,4,12,11,7,9,14,21,18,20,19,6,8,4,2,1,14,13,16,10,19,15,9,3,7,11,5,20,20,17,16,18,19,16,18,17,17,10,13,15,12,18,14,11,16,19,7,4,5,12,6,9,8,11,2,10,1,3,13,7,11,6,20,14,18,19,15,9,16,12,8,4,7,9,10,8,6,5",1:M133 M174 | 2:M77 M132 M172 | 3:M30 M80 M141 M175 | 4:M43 M75 M119 M131 M165 M189 | 5:M29 M52 M78 M116 M144 M166 M195 | 6:M39 M57 M81 M114 M129 M168 M179 M194 | 7:M1 M49 M56 M73 M122 M142 M164 M177 M190 | 8:M6 M14 M26 M72 M83 M112 M118 M130 M170 M188 M193 | 9:M28 M36 M48 M62 M74 M88 M91 M93 M108 M123 M140 M169 M185 M191 | 10:M3 M12 M24 M37 M55 M71 M84 M90 M92 M117 M137 M155 M173 M192 | 11:M4 M7 M10 M17 M25 M32 M63 M82 M89 M121 M143 M161 M171 M178 | 12:M5 M13 M22 M31 M33 M38 M50 M67 M79 M111 M120 M158 M167 M187 | 13:M2 M11 M16 M41 M47 M65 M70 M85 M96 M106 M115 M135 M156 M176 | 14:M9 M18 M21 M27 M61 M76 M86 M95 M105 M110 M124 M134 M160 M181 | 15:M8 M15 M20 M42 M53 M68 M87 M99 M107 M109 M139 M157 M184 | 16:M23 M40 M46 M58 M64 M102 M113 M136 M148 M151 M162 M186 | 17:M19 M34 M44 M54 M59 M69 M97 M147 M153 M154 | 18:M35 M51 M66 M94 M104 M126 M149 M152 M159 M182 | 19:M45 M60 M100 M128 M138 M150 M163 M183 | 20:M101 M127 M145 M146 M180 | 21:M98 M125 | 22:M103,"journal objective family: bg_d2 | F-selected distance-labelled E* domain propagation and cycle detection | precedence configuration: F=distance_closure, P=sparse_suffix, G=direct | Reduced Domain variables after unary filtering + matching GAC + slot saturation | (20),(22)-(27) exactly once over reduced domains | (19) participant atMost-one per slot | (46),(47) clustered table capacity with compact forward channeling | (28) SparseSuffix precedence over direct distance-labelled relations | exact break-group ends and unary break-group thresholds | exact schedule <-> usedSlot channeling | (43) exactly |Mp| reduced usedSlot variables | (44) atMost 2|L| busy participants per slot | (45) exact even number of busy participants | historical hard cap Delta_G <= 2",5,"(5,)",result
,,,,,,,,,forum-13crafb.forb0003,b2b-bf29dc2a22d8c0fb,b2b-lineage-forum-13crafb,forbidden,R-SS-DE-ST-BGD2-UW-IC12P,Reduced,Filter-E*,SparseSuffix,Direct-E,SpanThreshold,BreakGroupsD2,UWrMaxSAT,IC12+,OPTIMAL,SAT,5,5,bg_d2,5,5,5,,,5,1,28.178137,False,246.793,,,,Compact,Compact/Reduced,project_implementation,one-shot weighted MaxSAT,152176,,,,,,,311021,558,311579,3253,148923,879544,57,cfg5__m-reduced__p-sparse_suffix__g-direct__b-span_threshold__o-break_groups_d2__s-uwrmaxsat__i-imp12plus__backend-uwrmaxsat,cfg5__m-reduced__p-sparse_suffix__g-direct__b-span_threshold__o-break_groups_d2__s-uwrmaxsat__i-imp12plus__backend-uwrmaxsat,reduced,distance_closure,sparse_suffix,direct,UWrMaxSAT,UWrMaxSAT,binary-sha256:8c68c8a386d3d7847b50d315143c2bab60e3514e59510e84a649db83cb303876,imp12+,span_threshold,total_break_groups_subject_to_range_at_most_2,BGD2,IC12P,878986,558,1,337,121635,126410,62639,1,558,558,1,,,,,,0,0,0,0,0,,,"formalism-specific model size: SAT/MaxSAT reports base CNF and soft clauses, MIP reports variables/linear constraints/nonzeros, and CP reports integer variables plus linear/global constraints; SAT bound/totalizer overhead remains separate in optimizer_added_*",4290,3253,3253,3253,0,0,0,0,0,0,0,1,0.164914,0.002772,0.507046,,0.509817,27.668319,"wall-clock from immediately before reading/parsing the .dzn instance through model construction, optimization, solution decoding, and independent validation; excludes worker-process startup and result-file export",15,44,15,5,1,"0,0,0,0,0,0,0,0,0,0,0,0,0,1,0,1,0,0,0,0,0,0,1,0,0,0,0,0,0,0,0,0,0,0,0,0,1,0,0,0,0,0,0,0,0,0,0,0,0,0,0,0,0,0,0,0,0,1,0,0,0,0,0,0,0,0,0,0,0,0,0,0,0,0,0,0",peak_process_tree_rss_mb,bf29dc2a22d8c0fbb3a67b7edaa1b55631cf6f80f68a9f7296fa29c0c2ac7782,forb0003,data_table06_forb/forum-13crafb.forb0003.dzn,2,../noves/forum-13crafb.forb0003.dzn | ../noves/ticf-13crafb.forb0003.dzn,2,data_table06_forb/forum-13crafb.forb0003.dzn | data_table06_forb/ticf-13crafb.forb0003.dzn,https://imae.udg.edu/Recerca/LAI/,https://ima.udg.edu/Recerca/lai/b2b/b2b.zip,ee1f440ab3f6db27ab712300ad3a54a31ffd5ec1e06f81a9ac37cb7202c56528,2026-08-10T10:42:19+00:00,7200.0,,ee80a6fbd8b513f7c010668495c39621a371266a,True,3.10.12,1.8.dev25,instance-20260810-085803,Linux-6.8.0-1064-gcp-x86_64-with-glibc2.35,x86_64,4,8,15988.059,1,0,/home/g24021555/Business-Meeting-Scheduling-Problem/.venv/bin/python3 /home/g24021555/Business-Meeting-Scheduling-Problem/src/Main.py --manifest instances_manifest.csv --family forbidden --solver sat_all --objective-mode bg_d2 --domain-mode both --domain-filter-graph both --precedence-encoding both --precedence-graph both --encoding-variant imp12+ --sat-backend cadical --maxsat-backend uwrmaxsat --uwrmaxsat-bin /home/g24021555/uwrmaxsat/build/release/bin/uwrmaxsat --timeout 7200 --csv output/full_matrix_bg_d2_forbidden.csv,/home/g24021555/uwrmaxsat/build/release/bin/uwrmaxsat,8c68c8a386d3d7847b50d315143c2bab60e3514e59510e84a649db83cb303876,/home/g24021555/uwrmaxsat/build/release/bin/uwrmaxsat -m /tmp/b2b_uwrmaxsat_39i856pk/forum-13crafb.forb0003.wcnf,,process exit code=30,,,maxsat,uwrmaxsat,,/home/g24021555/uwrmaxsat/build/release/bin/uwrmaxsat,factorial,sparse_suffix+direct,5,56,"1,2,3,4,7,8,9,10,12,13,14,15,16,17,18,19,20,21,22,23,24,25,26,28,29,30,31,32,33,36,37,38,39,40,41,42,43,44,45,47,48,51,53,54,56,57,58,59,60,61,62,63,64,65,66,76",3253,1037,0,0,"0,0,0,0,0,0,0,0,0,0,0,0,0,4,0,10,0,0,0,0,0,0,13,0,0,0,0,0,0,0,0,0,0,0,0,0,15,0,0,0,0,0,0,0,0,0,0,0,0,0,0,0,0,0,0,0,0,2,0,0,0,0,0,0,0,0,0,0,0,0,0,0,0,0,0,0","4,8,8,14,18,16,16,18,28,28,28,28,28,28,26,26,20,20,14,8,4,2","9,13,11,12,10,11,10,12,14,11,13,4,12,5,13,15,11,14,18,14,16,12,15,10,11,8,11,9,5,6,12,11,12,18,17,5,8,10,2,15,13,16,3,17,17,15,13,6,9,7,16,4,14,18,12,7,5,16,19,18,14,10,9,15,13,18,17,19,16,14,11,9,4,8,3,14,7,6,12,5,2,12,9,11,13,14,15,9,8,10,9,10,9,17,13,14,18,21,16,19,20,15,22,13,14,15,17,15,13,16,9,10,18,14,15,13,10,8,6,11,12,7,9,16,19,18,20,21,10,8,2,11,1,12,13,20,9,15,16,14,3,5,4,7,6,17,16,19,20,16,17,18,19,12,11,10,17,14,18,13,15,16,19,12,11,3,4,6,7,9,8,2,10,5,1,5,7,14,4,6,13,17,12,10,16,15,11,8,6,8,7,10,5,9,4",1:M133 M175 | 2:M39 M81 M131 M172 | 3:M43 M75 M141 M166 | 4:M12 M52 M73 M143 M167 M179 M195 | 5:M14 M29 M36 M57 M80 M142 M174 M176 M193 | 6:M30 M48 M78 M119 M145 M168 M180 M189 | 7:M50 M56 M77 M122 M144 M169 M177 M191 | 8:M26 M37 M74 M89 M118 M130 M171 M188 M190 | 9:M1 M28 M49 M63 M72 M83 M88 M91 M93 M111 M123 M137 M170 M194 | 10:M5 M7 M24 M38 M62 M90 M92 M112 M117 M129 M156 M173 M184 M192 | 11:M3 M6 M10 M17 M25 M27 M32 M71 M84 M120 M132 M155 M165 M187 | 12:M4 M8 M13 M22 M31 M33 M55 M79 M82 M121 M134 M154 M164 M183 | 13:M2 M11 M15 M41 M47 M65 M85 M95 M104 M109 M116 M135 M160 M181 | 14:M9 M18 M20 M53 M61 M70 M76 M86 M96 M105 M114 M140 M158 M178 | 15:M16 M23 M40 M46 M64 M87 M102 M106 M108 M115 M138 M161 M186 | 16:M21 M42 M51 M58 M69 M99 M110 M124 M139 M147 M150 M162 M185 | 17:M35 M44 M45 M67 M94 M107 M146 M151 M157 M182 | 18:M19 M34 M54 M60 M66 M97 M113 M126 M152 M159 | 19:M59 M68 M100 M125 M148 M153 M163 | 20:M101 M127 M136 M149 | 21:M98 M128 | 22:M103,"journal objective family: bg_d2 | F-selected distance-labelled E* domain propagation and cycle detection | precedence configuration: F=distance_closure, P=sparse_suffix, G=direct | Reduced Domain variables after unary filtering + matching GAC + slot saturation | (20),(22)-(27) exactly once over reduced domains | (19) participant atMost-one per slot | (46),(47) clustered table capacity with compact forward channeling | (28) SparseSuffix precedence over direct distance-labelled relations | exact break-group ends and unary break-group thresholds | exact schedule <-> usedSlot channeling | (43) exactly |Mp| reduced usedSlot variables | (44) atMost 2|L| busy participants per slot | (45) exact even number of busy participants | historical hard cap Delta_G <= 2",,,result
,,,,,,,,,forum-13crafb.forb0003,b2b-bf29dc2a22d8c0fb,b2b-lineage-forum-13crafb,forbidden,R-SS-DC-ST-BGD2-IS-CD-IC12P,Reduced,Filter-E*,SparseSuffix,DistanceClosure-E*,SpanThreshold,BreakGroupsD2,IncrementalSAT,IC12+,OPTIMAL,SAT,5,5,bg_d2,5,5,5,,,,,22.875548,False,215.934,,,,Compact,Compact/Reduced,project_implementation,incremental multi-phase SAT with persistent solver state,152176,,,,,,,311021,0,311021,3253,148923,878986,57,cfg5__m-reduced__p-sparse_suffix__g-distance_closure__b-span_threshold__o-break_groups_d2__s-incrementalsat__i-imp12plus__backend-cadical,cfg5__m-reduced__p-sparse_suffix__g-distance_closure__b-span_threshold__o-break_groups_d2__s-incrementalsat__i-imp12plus__backend-cadical,reduced,distance_closure,sparse_suffix,distance_closure,IncrementalSAT,CaDiCaL,1.5.3,imp12+,span_threshold,total_break_groups_subject_to_range_at_most_2,BGD2,IC12P,878986,0,0,337,121635,126410,62639,,0,558,7,,,,,,1,4002,47304,137436,47304,22.088850506999734,6,"formalism-specific model size: SAT/MaxSAT reports base CNF and soft clauses, MIP reports variables/linear constraints/nonzeros, and CP reports integer variables plus linear/global constraints; SAT bound/totalizer overhead remains separate in optimizer_added_*",4290,3253,3253,3253,0,0,0,0,0,0,0,1,0.161343,0.002422,0.497453,,0.499875,22.375673,"wall-clock from immediately before reading/parsing the .dzn instance through model construction, optimization, solution decoding, and independent validation; excludes worker-process startup and result-file export",17,48,17,5,1,"1,1,0,0,0,0,0,0,0,0,0,0,0,0,0,0,0,0,0,0,0,0,1,0,0,0,0,0,0,0,0,0,0,0,0,0,1,0,0,0,0,0,0,0,0,0,0,0,0,0,0,0,0,0,0,0,0,1,0,0,0,0,0,0,0,0,0,0,0,0,0,0,0,0,0,0",peak_process_tree_rss_mb,bf29dc2a22d8c0fbb3a67b7edaa1b55631cf6f80f68a9f7296fa29c0c2ac7782,forb0003,data_table06_forb/forum-13crafb.forb0003.dzn,2,../noves/forum-13crafb.forb0003.dzn | ../noves/ticf-13crafb.forb0003.dzn,2,data_table06_forb/forum-13crafb.forb0003.dzn | data_table06_forb/ticf-13crafb.forb0003.dzn,https://imae.udg.edu/Recerca/LAI/,https://ima.udg.edu/Recerca/lai/b2b/b2b.zip,ee1f440ab3f6db27ab712300ad3a54a31ffd5ec1e06f81a9ac37cb7202c56528,2026-08-10T10:42:19+00:00,7200.0,,ee80a6fbd8b513f7c010668495c39621a371266a,True,3.10.12,1.8.dev25,instance-20260810-085803,Linux-6.8.0-1064-gcp-x86_64-with-glibc2.35,x86_64,4,8,15988.059,1,0,/home/g24021555/Business-Meeting-Scheduling-Problem/.venv/bin/python3 /home/g24021555/Business-Meeting-Scheduling-Problem/src/Main.py --manifest instances_manifest.csv --family forbidden --solver sat_all --objective-mode bg_d2 --domain-mode both --domain-filter-graph both --precedence-encoding both --precedence-graph both --encoding-variant imp12+ --sat-backend cadical --maxsat-backend uwrmaxsat --uwrmaxsat-bin /home/g24021555/uwrmaxsat/build/release/bin/uwrmaxsat --timeout 7200 --csv output/full_matrix_bg_d2_forbidden.csv,,,,,,,,incremental,,cadical,,staircase,sparse_suffix+distance_closure,5,56,"1,2,3,4,7,8,9,10,12,13,14,15,16,17,18,19,20,21,22,23,24,25,26,28,29,30,31,32,33,36,37,38,39,40,41,42,43,44,45,47,48,51,53,54,56,57,58,59,60,61,62,63,64,65,66,76",3253,1037,0,0,"7,6,0,0,0,0,0,0,0,0,0,0,0,0,0,0,0,0,0,0,0,0,17,0,0,0,0,0,0,0,0,0,0,0,0,0,17,0,0,0,0,0,0,0,0,0,0,0,0,0,0,0,0,0,0,0,0,1,0,0,0,0,0,0,0,0,0,0,0,0,0,0,0,0,0,0","4,6,10,12,14,16,20,22,28,28,28,28,28,28,24,26,22,18,14,8,4,2","9,13,10,12,11,6,7,11,14,10,13,9,12,8,13,14,11,15,17,15,14,12,16,9,11,10,14,11,7,4,12,10,10,17,16,10,5,11,7,16,13,15,3,17,19,15,13,10,8,12,18,6,16,17,9,8,5,16,17,19,14,9,10,15,13,16,11,17,18,13,11,8,6,9,5,14,2,7,12,3,4,10,9,12,13,14,15,10,7,9,8,12,11,18,14,15,17,21,13,19,20,16,22,15,18,13,14,14,8,16,12,11,15,5,9,14,10,6,4,12,11,7,8,13,19,21,20,18,12,9,3,2,1,15,13,16,10,17,19,8,6,4,7,5,14,16,20,18,17,18,19,17,16,11,9,13,15,12,18,14,10,16,17,4,10,5,12,6,7,8,9,3,11,1,2,13,8,7,6,20,11,18,19,15,16,14,12,9,6,7,8,9,4,3,5",1:M133 M174 | 2:M77 M132 M175 | 3:M43 M80 M131 M172 M194 | 4:M30 M81 M119 M142 M164 M193 | 5:M37 M57 M75 M114 M144 M166 M195 | 6:M6 M52 M73 M118 M141 M168 M179 M189 | 7:M7 M29 M39 M78 M89 M122 M143 M169 M178 M190 | 8:M14 M49 M56 M72 M91 M109 M123 M140 M170 M177 M191 | 9:M1 M12 M24 M55 M62 M74 M83 M90 M115 M130 M155 M171 M188 M192 | 10:M3 M10 M26 M32 M33 M36 M48 M63 M82 M88 M117 M137 M161 M165 | 11:M5 M8 M17 M25 M28 M38 M67 M71 M93 M112 M121 M154 M173 M181 | 12:M4 M13 M22 M31 M50 M79 M84 M92 M111 M120 M129 M158 M167 M187 | 13:M2 M11 M15 M41 M47 M65 M70 M85 M99 M106 M124 M135 M156 M176 | 14:M9 M16 M21 M27 M61 M76 M86 M95 M107 M108 M116 M145 M160 M186 | 15:M18 M20 M42 M46 M64 M87 M96 M104 M113 M134 M157 M184 | 16:M23 M35 M40 M53 M58 M66 M102 M110 M136 M146 M153 M162 M185 | 17:M19 M34 M44 M54 M59 M68 M97 M138 M149 M152 M163 | 18:M51 M69 M94 M105 M128 M148 M150 M159 M182 | 19:M45 M60 M100 M125 M139 M151 M183 | 20:M101 M127 M147 M180 | 21:M98 M126 | 22:M103,"journal objective family: bg_d2 | F-selected distance-labelled E* domain propagation and cycle detection | precedence configuration: F=distance_closure, P=sparse_suffix, G=distance_closure | Reduced Domain variables after unary filtering + matching GAC + slot saturation | (20),(22)-(27) exactly once over reduced domains | (19) participant atMost-one per slot | (46),(47) clustered table capacity with compact forward channeling | (28) SparseSuffix precedence over distance_closure distance-labelled relations | exact break-group ends and unary break-group thresholds | exact schedule <-> usedSlot channeling | (43) exactly |Mp| reduced usedSlot variables | (44) atMost 2|L| busy participants per slot | (45) exact even number of busy participants | historical hard cap Delta_G <= 2",5,"(5,)",result
,,,,,,,,,forum-13crafb.forb0003,b2b-bf29dc2a22d8c0fb,b2b-lineage-forum-13crafb,forbidden,R-SS-DC-ST-BGD2-NIS-CD-IC12P,Reduced,Filter-E*,SparseSuffix,DistanceClosure-E*,SpanThreshold,BreakGroupsD2,NonIncrementalSAT,IC12+,OPTIMAL,SAT,5,5,bg_d2,5,5,5,,,,,29.897924,False,218.723,,,,Compact,Compact/Reduced,project_implementation,restart-based multi-phase SAT,152176,,,,,,,311021,0,311021,3253,148923,878986,57,cfg5__m-reduced__p-sparse_suffix__g-distance_closure__b-span_threshold__o-break_groups_d2__s-nonincrementalsat__i-imp12plus__backend-cadical,cfg5__m-reduced__p-sparse_suffix__g-distance_closure__b-span_threshold__o-break_groups_d2__s-nonincrementalsat__i-imp12plus__backend-cadical,reduced,distance_closure,sparse_suffix,distance_closure,NonIncrementalSAT,CaDiCaL,1.5.3,imp12+,span_threshold,total_break_groups_subject_to_range_at_most_2,BGD2,IC12P,878986,0,0,337,121635,126410,62639,,0,558,7,,,,,,7,21197,42870,106420,99638,29.101573364001524,6,"formalism-specific model size: SAT/MaxSAT reports base CNF and soft clauses, MIP reports variables/linear constraints/nonzeros, and CP reports integer variables plus linear/global constraints; SAT bound/totalizer overhead remains separate in optimizer_added_*",4290,3253,3253,3253,0,0,0,0,0,0,0,1,0.162087,0.002845,0.497893,,0.500738,29.397186,"wall-clock from immediately before reading/parsing the .dzn instance through model construction, optimization, solution decoding, and independent validation; excludes worker-process startup and result-file export",17,48,17,5,1,"1,0,1,0,0,0,0,0,0,0,0,0,0,0,0,0,0,0,0,0,0,0,1,0,0,0,0,0,0,0,0,0,0,0,0,0,1,0,0,0,0,0,0,0,0,0,0,0,0,0,0,0,0,0,0,0,0,1,0,0,0,0,0,0,0,0,0,0,0,0,0,0,0,0,0,0",peak_process_tree_rss_mb,bf29dc2a22d8c0fbb3a67b7edaa1b55631cf6f80f68a9f7296fa29c0c2ac7782,forb0003,data_table06_forb/forum-13crafb.forb0003.dzn,2,../noves/forum-13crafb.forb0003.dzn | ../noves/ticf-13crafb.forb0003.dzn,2,data_table06_forb/forum-13crafb.forb0003.dzn | data_table06_forb/ticf-13crafb.forb0003.dzn,https://imae.udg.edu/Recerca/LAI/,https://ima.udg.edu/Recerca/lai/b2b/b2b.zip,ee1f440ab3f6db27ab712300ad3a54a31ffd5ec1e06f81a9ac37cb7202c56528,2026-08-10T10:42:19+00:00,7200.0,,ee80a6fbd8b513f7c010668495c39621a371266a,True,3.10.12,1.8.dev25,instance-20260810-085803,Linux-6.8.0-1064-gcp-x86_64-with-glibc2.35,x86_64,4,8,15988.059,1,0,/home/g24021555/Business-Meeting-Scheduling-Problem/.venv/bin/python3 /home/g24021555/Business-Meeting-Scheduling-Problem/src/Main.py --manifest instances_manifest.csv --family forbidden --solver sat_all --objective-mode bg_d2 --domain-mode both --domain-filter-graph both --precedence-encoding both --precedence-graph both --encoding-variant imp12+ --sat-backend cadical --maxsat-backend uwrmaxsat --uwrmaxsat-bin /home/g24021555/uwrmaxsat/build/release/bin/uwrmaxsat --timeout 7200 --csv output/full_matrix_bg_d2_forbidden.csv,,,,,,,,multiple,,cadical,,staircase,sparse_suffix+distance_closure,5,56,"1,2,3,4,7,8,9,10,12,13,14,15,16,17,18,19,20,21,22,23,24,25,26,28,29,30,31,32,33,36,37,38,39,40,41,42,43,44,45,47,48,51,53,54,56,57,58,59,60,61,62,63,64,65,66,76",3253,1037,0,0,"7,0,5,0,0,0,0,0,0,0,0,0,0,0,0,0,0,0,0,0,0,0,17,0,0,0,0,0,0,0,0,0,0,0,0,0,17,0,0,0,0,0,0,0,0,0,0,0,0,0,0,0,0,0,0,0,0,2,0,0,0,0,0,0,0,0,0,0,0,0,0,0,0,0,0,0","4,6,8,12,14,16,18,22,28,28,28,28,28,28,26,24,20,20,16,10,4,2","7,13,10,11,12,8,11,15,14,11,13,10,12,8,15,13,11,14,17,15,14,12,16,10,11,8,14,9,5,3,12,11,12,17,18,9,10,12,6,16,13,15,4,17,19,16,13,9,7,12,18,5,15,17,10,7,6,16,17,19,14,9,11,16,13,18,12,15,17,13,10,8,7,9,4,14,2,5,12,3,6,11,8,10,13,14,15,9,11,10,9,10,9,18,14,13,17,21,15,19,20,16,22,18,14,13,15,9,15,14,12,8,16,6,13,5,10,8,4,12,11,7,9,14,21,18,20,19,6,8,4,2,1,14,13,16,10,19,15,9,3,7,11,5,20,20,17,16,18,19,16,18,17,17,10,13,15,12,18,14,11,16,19,7,4,5,12,6,9,8,11,2,10,1,3,13,7,11,6,20,14,18,19,15,9,16,12,8,4,7,9,10,8,6,5",1:M133 M174 | 2:M77 M132 M172 | 3:M30 M80 M141 M175 | 4:M43 M75 M119 M131 M165 M189 | 5:M29 M52 M78 M116 M144 M166 M195 | 6:M39 M57 M81 M114 M129 M168 M179 M194 | 7:M1 M49 M56 M73 M122 M142 M164 M177 M190 | 8:M6 M14 M26 M72 M83 M112 M118 M130 M170 M188 M193 | 9:M28 M36 M48 M62 M74 M88 M91 M93 M108 M123 M140 M169 M185 M191 | 10:M3 M12 M24 M37 M55 M71 M84 M90 M92 M117 M137 M155 M173 M192 | 11:M4 M7 M10 M17 M25 M32 M63 M82 M89 M121 M143 M161 M171 M178 | 12:M5 M13 M22 M31 M33 M38 M50 M67 M79 M111 M120 M158 M167 M187 | 13:M2 M11 M16 M41 M47 M65 M70 M85 M96 M106 M115 M135 M156 M176 | 14:M9 M18 M21 M27 M61 M76 M86 M95 M105 M110 M124 M134 M160 M181 | 15:M8 M15 M20 M42 M53 M68 M87 M99 M107 M109 M139 M157 M184 | 16:M23 M40 M46 M58 M64 M102 M113 M136 M148 M151 M162 M186 | 17:M19 M34 M44 M54 M59 M69 M97 M147 M153 M154 | 18:M35 M51 M66 M94 M104 M126 M149 M152 M159 M182 | 19:M45 M60 M100 M128 M138 M150 M163 M183 | 20:M101 M127 M145 M146 M180 | 21:M98 M125 | 22:M103,"journal objective family: bg_d2 | F-selected distance-labelled E* domain propagation and cycle detection | precedence configuration: F=distance_closure, P=sparse_suffix, G=distance_closure | Reduced Domain variables after unary filtering + matching GAC + slot saturation | (20),(22)-(27) exactly once over reduced domains | (19) participant atMost-one per slot | (46),(47) clustered table capacity with compact forward channeling | (28) SparseSuffix precedence over distance_closure distance-labelled relations | exact break-group ends and unary break-group thresholds | exact schedule <-> usedSlot channeling | (43) exactly |Mp| reduced usedSlot variables | (44) atMost 2|L| busy participants per slot | (45) exact even number of busy participants | historical hard cap Delta_G <= 2",5,"(5,)",result
,,,,,,,,,forum-13crafb.forb0003,b2b-bf29dc2a22d8c0fb,b2b-lineage-forum-13crafb,forbidden,R-SS-DC-ST-BGD2-UW-IC12P,Reduced,Filter-E*,SparseSuffix,DistanceClosure-E*,SpanThreshold,BreakGroupsD2,UWrMaxSAT,IC12+,OPTIMAL,SAT,5,5,bg_d2,5,5,5,,,5,1,27.898371,False,254.512,,,,Compact,Compact/Reduced,project_implementation,one-shot weighted MaxSAT,152176,,,,,,,311021,558,311579,3253,148923,879544,57,cfg5__m-reduced__p-sparse_suffix__g-distance_closure__b-span_threshold__o-break_groups_d2__s-uwrmaxsat__i-imp12plus__backend-uwrmaxsat,cfg5__m-reduced__p-sparse_suffix__g-distance_closure__b-span_threshold__o-break_groups_d2__s-uwrmaxsat__i-imp12plus__backend-uwrmaxsat,reduced,distance_closure,sparse_suffix,distance_closure,UWrMaxSAT,UWrMaxSAT,binary-sha256:8c68c8a386d3d7847b50d315143c2bab60e3514e59510e84a649db83cb303876,imp12+,span_threshold,total_break_groups_subject_to_range_at_most_2,BGD2,IC12P,878986,558,1,337,121635,126410,62639,1,558,558,1,,,,,,0,0,0,0,0,,,"formalism-specific model size: SAT/MaxSAT reports base CNF and soft clauses, MIP reports variables/linear constraints/nonzeros, and CP reports integer variables plus linear/global constraints; SAT bound/totalizer overhead remains separate in optimizer_added_*",4290,3253,3253,3253,0,0,0,0,0,0,0,1,0.161124,0.002777,0.50558,,0.508357,27.390014,"wall-clock from immediately before reading/parsing the .dzn instance through model construction, optimization, solution decoding, and independent validation; excludes worker-process startup and result-file export",15,44,15,5,1,"0,0,0,0,0,0,0,0,0,0,0,0,0,1,0,1,0,0,0,0,0,0,1,0,0,0,0,0,0,0,0,0,0,0,0,0,1,0,0,0,0,0,0,0,0,0,0,0,0,0,0,0,0,0,0,0,0,1,0,0,0,0,0,0,0,0,0,0,0,0,0,0,0,0,0,0",peak_process_tree_rss_mb,bf29dc2a22d8c0fbb3a67b7edaa1b55631cf6f80f68a9f7296fa29c0c2ac7782,forb0003,data_table06_forb/forum-13crafb.forb0003.dzn,2,../noves/forum-13crafb.forb0003.dzn | ../noves/ticf-13crafb.forb0003.dzn,2,data_table06_forb/forum-13crafb.forb0003.dzn | data_table06_forb/ticf-13crafb.forb0003.dzn,https://imae.udg.edu/Recerca/LAI/,https://ima.udg.edu/Recerca/lai/b2b/b2b.zip,ee1f440ab3f6db27ab712300ad3a54a31ffd5ec1e06f81a9ac37cb7202c56528,2026-08-10T10:42:19+00:00,7200.0,,ee80a6fbd8b513f7c010668495c39621a371266a,True,3.10.12,1.8.dev25,instance-20260810-085803,Linux-6.8.0-1064-gcp-x86_64-with-glibc2.35,x86_64,4,8,15988.059,1,0,/home/g24021555/Business-Meeting-Scheduling-Problem/.venv/bin/python3 /home/g24021555/Business-Meeting-Scheduling-Problem/src/Main.py --manifest instances_manifest.csv --family forbidden --solver sat_all --objective-mode bg_d2 --domain-mode both --domain-filter-graph both --precedence-encoding both --precedence-graph both --encoding-variant imp12+ --sat-backend cadical --maxsat-backend uwrmaxsat --uwrmaxsat-bin /home/g24021555/uwrmaxsat/build/release/bin/uwrmaxsat --timeout 7200 --csv output/full_matrix_bg_d2_forbidden.csv,/home/g24021555/uwrmaxsat/build/release/bin/uwrmaxsat,8c68c8a386d3d7847b50d315143c2bab60e3514e59510e84a649db83cb303876,/home/g24021555/uwrmaxsat/build/release/bin/uwrmaxsat -m /tmp/b2b_uwrmaxsat_qsu3zjf2/forum-13crafb.forb0003.wcnf,,process exit code=30,,,maxsat,uwrmaxsat,,/home/g24021555/uwrmaxsat/build/release/bin/uwrmaxsat,staircase,sparse_suffix+distance_closure,5,56,"1,2,3,4,7,8,9,10,12,13,14,15,16,17,18,19,20,21,22,23,24,25,26,28,29,30,31,32,33,36,37,38,39,40,41,42,43,44,45,47,48,51,53,54,56,57,58,59,60,61,62,63,64,65,66,76",3253,1037,0,0,"0,0,0,0,0,0,0,0,0,0,0,0,0,4,0,10,0,0,0,0,0,0,13,0,0,0,0,0,0,0,0,0,0,0,0,0,15,0,0,0,0,0,0,0,0,0,0,0,0,0,0,0,0,0,0,0,0,2,0,0,0,0,0,0,0,0,0,0,0,0,0,0,0,0,0,0","4,8,8,14,18,16,16,18,28,28,28,28,28,28,26,26,20,20,14,8,4,2","9,13,11,12,10,11,10,12,14,11,13,4,12,5,13,15,11,14,18,14,16,12,15,10,11,8,11,9,5,6,12,11,12,18,17,5,8,10,2,15,13,16,3,17,17,15,13,6,9,7,16,4,14,18,12,7,5,16,19,18,14,10,9,15,13,18,17,19,16,14,11,9,4,8,3,14,7,6,12,5,2,12,9,11,13,14,15,9,8,10,9,10,9,17,13,14,18,21,16,19,20,15,22,13,14,15,17,15,13,16,9,10,18,14,15,13,10,8,6,11,12,7,9,16,19,18,20,21,10,8,2,11,1,12,13,20,9,15,16,14,3,5,4,7,6,17,16,19,20,16,17,18,19,12,11,10,17,14,18,13,15,16,19,12,11,3,4,6,7,9,8,2,10,5,1,5,7,14,4,6,13,17,12,10,16,15,11,8,6,8,7,10,5,9,4",1:M133 M175 | 2:M39 M81 M131 M172 | 3:M43 M75 M141 M166 | 4:M12 M52 M73 M143 M167 M179 M195 | 5:M14 M29 M36 M57 M80 M142 M174 M176 M193 | 6:M30 M48 M78 M119 M145 M168 M180 M189 | 7:M50 M56 M77 M122 M144 M169 M177 M191 | 8:M26 M37 M74 M89 M118 M130 M171 M188 M190 | 9:M1 M28 M49 M63 M72 M83 M88 M91 M93 M111 M123 M137 M170 M194 | 10:M5 M7 M24 M38 M62 M90 M92 M112 M117 M129 M156 M173 M184 M192 | 11:M3 M6 M10 M17 M25 M27 M32 M71 M84 M120 M132 M155 M165 M187 | 12:M4 M8 M13 M22 M31 M33 M55 M79 M82 M121 M134 M154 M164 M183 | 13:M2 M11 M15 M41 M47 M65 M85 M95 M104 M109 M116 M135 M160 M181 | 14:M9 M18 M20 M53 M61 M70 M76 M86 M96 M105 M114 M140 M158 M178 | 15:M16 M23 M40 M46 M64 M87 M102 M106 M108 M115 M138 M161 M186 | 16:M21 M42 M51 M58 M69 M99 M110 M124 M139 M147 M150 M162 M185 | 17:M35 M44 M45 M67 M94 M107 M146 M151 M157 M182 | 18:M19 M34 M54 M60 M66 M97 M113 M126 M152 M159 | 19:M59 M68 M100 M125 M148 M153 M163 | 20:M101 M127 M136 M149 | 21:M98 M128 | 22:M103,"journal objective family: bg_d2 | F-selected distance-labelled E* domain propagation and cycle detection | precedence configuration: F=distance_closure, P=sparse_suffix, G=distance_closure | Reduced Domain variables after unary filtering + matching GAC + slot saturation | (20),(22)-(27) exactly once over reduced domains | (19) participant atMost-one per slot | (46),(47) clustered table capacity with compact forward channeling | (28) SparseSuffix precedence over distance_closure distance-labelled relations | exact break-group ends and unary break-group thresholds | exact schedule <-> usedSlot channeling | (43) exactly |Mp| reduced usedSlot variables | (44) atMost 2|L| busy participants per slot | (45) exact even number of busy participants | historical hard cap Delta_G <= 2",,,result
,,,,,,,,,forumt-14crafe.forb0003,b2b-c01cad6050109082,b2b-lineage-forumt-14crafe,forbidden,F-PW-DE-ST-BGD2-IS-CD-IC12P,Full,Filter-E*,Pairwise,Direct-E,SpanThreshold,BreakGroupsD2,IncrementalSAT,IC12+,UNSAT,UNSAT,,,bg_d2,,,,,,,,0.162705,False,43.871,,,,Compact,Compact/Full,project_implementation,incremental multi-phase SAT with persistent solver state,31643,,,,,,,84362,0,84362,2360,29283,203830,60,cfg5__m-full__p-pairwise__g-direct__b-span_threshold__o-break_groups_d2__s-incrementalsat__i-imp12plus__backend-cadical,cfg5__m-full__p-pairwise__g-direct__b-span_threshold__o-break_groups_d2__s-incrementalsat__i-imp12plus__backend-cadical,full,distance_closure,pairwise,direct,IncrementalSAT,CaDiCaL,1.5.3,imp12+,span_threshold,total_break_groups_subject_to_range_at_most_2,BGD2,IC12P,203830,0,0,461,56833,22528,4540,,0,236,1,,,,,,0,0,0,0,0,,,"formalism-specific model size: SAT/MaxSAT reports base CNF and soft clauses, MIP reports variables/linear constraints/nonzeros, and CP reports integer variables plus linear/global constraints; SAT bound/totalizer overhead remains separate in optimizer_added_*",2360,2350,2341,2360,0,0,0,0,0,0,0,1,0.045389,0.002814,0.128388,,0.131202,0.031503,"wall-clock from immediately before reading/parsing the .dzn instance through model construction, optimization, solution decoding, and independent validation; excludes worker-process startup and result-file export",,,,,,,peak_process_tree_rss_mb,c01cad605010908283a22cd6327b688bc02bb90f058d47f1108329491cd0a8ea,forb0003,data_table06_forb/forumt-14crafe.forb0003.dzn,1,../noves/forumt-14crafe.forb0003.dzn,1,data_table06_forb/forumt-14crafe.forb0003.dzn,https://imae.udg.edu/Recerca/LAI/,https://ima.udg.edu/Recerca/lai/b2b/b2b.zip,ee1f440ab3f6db27ab712300ad3a54a31ffd5ec1e06f81a9ac37cb7202c56528,2026-08-10T10:42:19+00:00,7200.0,,ee80a6fbd8b513f7c010668495c39621a371266a,True,3.10.12,1.8.dev25,instance-20260810-085803,Linux-6.8.0-1064-gcp-x86_64-with-glibc2.35,x86_64,4,8,15988.059,1,0,/home/g24021555/Business-Meeting-Scheduling-Problem/.venv/bin/python3 /home/g24021555/Business-Meeting-Scheduling-Problem/src/Main.py --manifest instances_manifest.csv --family forbidden --solver sat_all --objective-mode bg_d2 --domain-mode both --domain-filter-graph both --precedence-encoding both --precedence-graph both --encoding-variant imp12+ --sat-backend cadical --maxsat-backend uwrmaxsat --uwrmaxsat-bin /home/g24021555/uwrmaxsat/build/release/bin/uwrmaxsat --timeout 7200 --csv output/full_matrix_bg_d2_forbidden.csv,,,,,,,,incremental,,cadical,,traditional,pairwise+direct,,59,"1,2,3,4,5,6,7,8,9,10,11,12,13,14,15,16,17,18,20,21,22,23,24,25,26,27,28,29,30,31,32,33,34,35,36,37,38,39,40,41,42,43,44,45,46,47,48,49,50,51,52,53,54,55,56,57,58,59,60",2350,10,9,9,,,,,"journal objective family: bg_d2 | F-selected distance-labelled E* domain propagation and cycle detection | precedence configuration: F=distance_closure, P=pairwise, G=direct | Full Domain MxT schedule variables + explicit unary exclusions | (20),(22)-(27) exactly once over full domains | (22)-(27) session/fixed/forbidden exclusions as hard unit clauses | (19) participant atMost-one per slot | (46),(47) clustered table capacity with compact forward channeling | (28) Pairwise precedence over direct distance-labelled relations | exact break-group ends and unary break-group thresholds | exact schedule <-> usedSlot channeling | (43) exactly |Mp| full usedSlot variables | (44) atMost 2|L| busy participants per slot | (45) exact even number of busy participants | historical hard cap Delta_G <= 2",,,result
,,,,,,,,,forumt-14crafe.forb0003,b2b-c01cad6050109082,b2b-lineage-forumt-14crafe,forbidden,F-PW-DE-ST-BGD2-NIS-CD-IC12P,Full,Filter-E*,Pairwise,Direct-E,SpanThreshold,BreakGroupsD2,NonIncrementalSAT,IC12+,UNSAT,UNSAT,,,bg_d2,,,,,,,,0.161135,False,43.871,,,,Compact,Compact/Full,project_implementation,restart-based multi-phase SAT,31643,,,,,,,84362,0,84362,2360,29283,203830,60,cfg5__m-full__p-pairwise__g-direct__b-span_threshold__o-break_groups_d2__s-nonincrementalsat__i-imp12plus__backend-cadical,cfg5__m-full__p-pairwise__g-direct__b-span_threshold__o-break_groups_d2__s-nonincrementalsat__i-imp12plus__backend-cadical,full,distance_closure,pairwise,direct,NonIncrementalSAT,CaDiCaL,1.5.3,imp12+,span_threshold,total_break_groups_subject_to_range_at_most_2,BGD2,IC12P,203830,0,0,461,56833,22528,4540,,0,236,1,,,,,,0,0,0,0,0,,,"formalism-specific model size: SAT/MaxSAT reports base CNF and soft clauses, MIP reports variables/linear constraints/nonzeros, and CP reports integer variables plus linear/global constraints; SAT bound/totalizer overhead remains separate in optimizer_added_*",2360,2350,2341,2360,0,0,0,0,0,0,0,1,0.043458,0.002631,0.12641,,0.129041,0.032093,"wall-clock from immediately before reading/parsing the .dzn instance through model construction, optimization, solution decoding, and independent validation; excludes worker-process startup and result-file export",,,,,,,peak_process_tree_rss_mb,c01cad605010908283a22cd6327b688bc02bb90f058d47f1108329491cd0a8ea,forb0003,data_table06_forb/forumt-14crafe.forb0003.dzn,1,../noves/forumt-14crafe.forb0003.dzn,1,data_table06_forb/forumt-14crafe.forb0003.dzn,https://imae.udg.edu/Recerca/LAI/,https://ima.udg.edu/Recerca/lai/b2b/b2b.zip,ee1f440ab3f6db27ab712300ad3a54a31ffd5ec1e06f81a9ac37cb7202c56528,2026-08-10T10:42:19+00:00,7200.0,,ee80a6fbd8b513f7c010668495c39621a371266a,True,3.10.12,1.8.dev25,instance-20260810-085803,Linux-6.8.0-1064-gcp-x86_64-with-glibc2.35,x86_64,4,8,15988.059,1,0,/home/g24021555/Business-Meeting-Scheduling-Problem/.venv/bin/python3 /home/g24021555/Business-Meeting-Scheduling-Problem/src/Main.py --manifest instances_manifest.csv --family forbidden --solver sat_all --objective-mode bg_d2 --domain-mode both --domain-filter-graph both --precedence-encoding both --precedence-graph both --encoding-variant imp12+ --sat-backend cadical --maxsat-backend uwrmaxsat --uwrmaxsat-bin /home/g24021555/uwrmaxsat/build/release/bin/uwrmaxsat --timeout 7200 --csv output/full_matrix_bg_d2_forbidden.csv,,,,,,,,multiple,,cadical,,traditional,pairwise+direct,,59,"1,2,3,4,5,6,7,8,9,10,11,12,13,14,15,16,17,18,20,21,22,23,24,25,26,27,28,29,30,31,32,33,34,35,36,37,38,39,40,41,42,43,44,45,46,47,48,49,50,51,52,53,54,55,56,57,58,59,60",2350,10,9,9,,,,,"journal objective family: bg_d2 | F-selected distance-labelled E* domain propagation and cycle detection | precedence configuration: F=distance_closure, P=pairwise, G=direct | Full Domain MxT schedule variables + explicit unary exclusions | (20),(22)-(27) exactly once over full domains | (22)-(27) session/fixed/forbidden exclusions as hard unit clauses | (19) participant atMost-one per slot | (46),(47) clustered table capacity with compact forward channeling | (28) Pairwise precedence over direct distance-labelled relations | exact break-group ends and unary break-group thresholds | exact schedule <-> usedSlot channeling | (43) exactly |Mp| full usedSlot variables | (44) atMost 2|L| busy participants per slot | (45) exact even number of busy participants | historical hard cap Delta_G <= 2",,,result
,,,,,,,,,forumt-14crafe.forb0003,b2b-c01cad6050109082,b2b-lineage-forumt-14crafe,forbidden,F-PW-DE-ST-BGD2-UW-IC12P,Full,Filter-E*,Pairwise,Direct-E,SpanThreshold,BreakGroupsD2,UWrMaxSAT,IC12+,UNSAT,UNSAT,,,bg_d2,,,,,,,1,0.301081,False,66.156,,,,Compact,Compact/Full,project_implementation,one-shot weighted MaxSAT,31643,,,,,,,84362,236,84598,2360,29283,204066,60,cfg5__m-full__p-pairwise__g-direct__b-span_threshold__o-break_groups_d2__s-uwrmaxsat__i-imp12plus__backend-uwrmaxsat,cfg5__m-full__p-pairwise__g-direct__b-span_threshold__o-break_groups_d2__s-uwrmaxsat__i-imp12plus__backend-uwrmaxsat,full,distance_closure,pairwise,direct,UWrMaxSAT,UWrMaxSAT,binary-sha256:8c68c8a386d3d7847b50d315143c2bab60e3514e59510e84a649db83cb303876,imp12+,span_threshold,total_break_groups_subject_to_range_at_most_2,BGD2,IC12P,203830,236,1,461,56833,22528,4540,1,236,236,1,,,,,,0,0,0,0,0,,,"formalism-specific model size: SAT/MaxSAT reports base CNF and soft clauses, MIP reports variables/linear constraints/nonzeros, and CP reports integer variables plus linear/global constraints; SAT bound/totalizer overhead remains separate in optimizer_added_*",2360,2350,2341,2360,0,0,0,0,0,0,0,1,0.046062,0.002981,0.133518,,0.136499,0.164581,"wall-clock from immediately before reading/parsing the .dzn instance through model construction, optimization, solution decoding, and independent validation; excludes worker-process startup and result-file export",,,,,,,peak_process_tree_rss_mb,c01cad605010908283a22cd6327b688bc02bb90f058d47f1108329491cd0a8ea,forb0003,data_table06_forb/forumt-14crafe.forb0003.dzn,1,../noves/forumt-14crafe.forb0003.dzn,1,data_table06_forb/forumt-14crafe.forb0003.dzn,https://imae.udg.edu/Recerca/LAI/,https://ima.udg.edu/Recerca/lai/b2b/b2b.zip,ee1f440ab3f6db27ab712300ad3a54a31ffd5ec1e06f81a9ac37cb7202c56528,2026-08-10T10:42:19+00:00,7200.0,,ee80a6fbd8b513f7c010668495c39621a371266a,True,3.10.12,1.8.dev25,instance-20260810-085803,Linux-6.8.0-1064-gcp-x86_64-with-glibc2.35,x86_64,4,8,15988.059,1,0,/home/g24021555/Business-Meeting-Scheduling-Problem/.venv/bin/python3 /home/g24021555/Business-Meeting-Scheduling-Problem/src/Main.py --manifest instances_manifest.csv --family forbidden --solver sat_all --objective-mode bg_d2 --domain-mode both --domain-filter-graph both --precedence-encoding both --precedence-graph both --encoding-variant imp12+ --sat-backend cadical --maxsat-backend uwrmaxsat --uwrmaxsat-bin /home/g24021555/uwrmaxsat/build/release/bin/uwrmaxsat --timeout 7200 --csv output/full_matrix_bg_d2_forbidden.csv,/home/g24021555/uwrmaxsat/build/release/bin/uwrmaxsat,8c68c8a386d3d7847b50d315143c2bab60e3514e59510e84a649db83cb303876,/home/g24021555/uwrmaxsat/build/release/bin/uwrmaxsat -m /tmp/b2b_uwrmaxsat_0x48vkrr/forumt-14crafe.forb0003.wcnf,,process exit code=20,,,maxsat,uwrmaxsat,,/home/g24021555/uwrmaxsat/build/release/bin/uwrmaxsat,traditional,pairwise+direct,,59,"1,2,3,4,5,6,7,8,9,10,11,12,13,14,15,16,17,18,20,21,22,23,24,25,26,27,28,29,30,31,32,33,34,35,36,37,38,39,40,41,42,43,44,45,46,47,48,49,50,51,52,53,54,55,56,57,58,59,60",2350,10,9,9,,,,,"journal objective family: bg_d2 | F-selected distance-labelled E* domain propagation and cycle detection | precedence configuration: F=distance_closure, P=pairwise, G=direct | Full Domain MxT schedule variables + explicit unary exclusions | (20),(22)-(27) exactly once over full domains | (22)-(27) session/fixed/forbidden exclusions as hard unit clauses | (19) participant atMost-one per slot | (46),(47) clustered table capacity with compact forward channeling | (28) Pairwise precedence over direct distance-labelled relations | exact break-group ends and unary break-group thresholds | exact schedule <-> usedSlot channeling | (43) exactly |Mp| full usedSlot variables | (44) atMost 2|L| busy participants per slot | (45) exact even number of busy participants | historical hard cap Delta_G <= 2",,,result
,,,,,,,,,forumt-14crafe.forb0003,b2b-c01cad6050109082,b2b-lineage-forumt-14crafe,forbidden,F-PW-DC-ST-BGD2-IS-CD-IC12P,Full,Filter-E*,Pairwise,DistanceClosure-E*,SpanThreshold,BreakGroupsD2,IncrementalSAT,IC12+,UNSAT,UNSAT,,,bg_d2,,,,,,,,0.167996,False,43.824,,,,Compact,Compact/Full,project_implementation,incremental multi-phase SAT with persistent solver state,31643,,,,,,,84362,0,84362,2360,29283,203830,60,cfg5__m-full__p-pairwise__g-distance_closure__b-span_threshold__o-break_groups_d2__s-incrementalsat__i-imp12plus__backend-cadical,cfg5__m-full__p-pairwise__g-distance_closure__b-span_threshold__o-break_groups_d2__s-incrementalsat__i-imp12plus__backend-cadical,full,distance_closure,pairwise,distance_closure,IncrementalSAT,CaDiCaL,1.5.3,imp12+,span_threshold,total_break_groups_subject_to_range_at_most_2,BGD2,IC12P,203830,0,0,461,56833,22528,4540,,0,236,1,,,,,,0,0,0,0,0,,,"formalism-specific model size: SAT/MaxSAT reports base CNF and soft clauses, MIP reports variables/linear constraints/nonzeros, and CP reports integer variables plus linear/global constraints; SAT bound/totalizer overhead remains separate in optimizer_added_*",2360,2350,2341,2360,0,0,0,0,0,0,0,1,0.045905,0.002633,0.133854,,0.136486,0.03151,"wall-clock from immediately before reading/parsing the .dzn instance through model construction, optimization, solution decoding, and independent validation; excludes worker-process startup and result-file export",,,,,,,peak_process_tree_rss_mb,c01cad605010908283a22cd6327b688bc02bb90f058d47f1108329491cd0a8ea,forb0003,data_table06_forb/forumt-14crafe.forb0003.dzn,1,../noves/forumt-14crafe.forb0003.dzn,1,data_table06_forb/forumt-14crafe.forb0003.dzn,https://imae.udg.edu/Recerca/LAI/,https://ima.udg.edu/Recerca/lai/b2b/b2b.zip,ee1f440ab3f6db27ab712300ad3a54a31ffd5ec1e06f81a9ac37cb7202c56528,2026-08-10T10:42:19+00:00,7200.0,,ee80a6fbd8b513f7c010668495c39621a371266a,True,3.10.12,1.8.dev25,instance-20260810-085803,Linux-6.8.0-1064-gcp-x86_64-with-glibc2.35,x86_64,4,8,15988.059,1,0,/home/g24021555/Business-Meeting-Scheduling-Problem/.venv/bin/python3 /home/g24021555/Business-Meeting-Scheduling-Problem/src/Main.py --manifest instances_manifest.csv --family forbidden --solver sat_all --objective-mode bg_d2 --domain-mode both --domain-filter-graph both --precedence-encoding both --precedence-graph both --encoding-variant imp12+ --sat-backend cadical --maxsat-backend uwrmaxsat --uwrmaxsat-bin /home/g24021555/uwrmaxsat/build/release/bin/uwrmaxsat --timeout 7200 --csv output/full_matrix_bg_d2_forbidden.csv,,,,,,,,incremental,,cadical,,factorial,pairwise+distance_closure,,59,"1,2,3,4,5,6,7,8,9,10,11,12,13,14,15,16,17,18,20,21,22,23,24,25,26,27,28,29,30,31,32,33,34,35,36,37,38,39,40,41,42,43,44,45,46,47,48,49,50,51,52,53,54,55,56,57,58,59,60",2350,10,9,9,,,,,"journal objective family: bg_d2 | F-selected distance-labelled E* domain propagation and cycle detection | precedence configuration: F=distance_closure, P=pairwise, G=distance_closure | Full Domain MxT schedule variables + explicit unary exclusions | (20),(22)-(27) exactly once over full domains | (22)-(27) session/fixed/forbidden exclusions as hard unit clauses | (19) participant atMost-one per slot | (46),(47) clustered table capacity with compact forward channeling | (28) Pairwise precedence over distance_closure distance-labelled relations | exact break-group ends and unary break-group thresholds | exact schedule <-> usedSlot channeling | (43) exactly |Mp| full usedSlot variables | (44) atMost 2|L| busy participants per slot | (45) exact even number of busy participants | historical hard cap Delta_G <= 2",,,result
,,,,,,,,,forumt-14crafe.forb0003,b2b-c01cad6050109082,b2b-lineage-forumt-14crafe,forbidden,F-PW-DC-ST-BGD2-NIS-CD-IC12P,Full,Filter-E*,Pairwise,DistanceClosure-E*,SpanThreshold,BreakGroupsD2,NonIncrementalSAT,IC12+,UNSAT,UNSAT,,,bg_d2,,,,,,,,0.161907,False,43.871,,,,Compact,Compact/Full,project_implementation,restart-based multi-phase SAT,31643,,,,,,,84362,0,84362,2360,29283,203830,60,cfg5__m-full__p-pairwise__g-distance_closure__b-span_threshold__o-break_groups_d2__s-nonincrementalsat__i-imp12plus__backend-cadical,cfg5__m-full__p-pairwise__g-distance_closure__b-span_threshold__o-break_groups_d2__s-nonincrementalsat__i-imp12plus__backend-cadical,full,distance_closure,pairwise,distance_closure,NonIncrementalSAT,CaDiCaL,1.5.3,imp12+,span_threshold,total_break_groups_subject_to_range_at_most_2,BGD2,IC12P,203830,0,0,461,56833,22528,4540,,0,236,1,,,,,,0,0,0,0,0,,,"formalism-specific model size: SAT/MaxSAT reports base CNF and soft clauses, MIP reports variables/linear constraints/nonzeros, and CP reports integer variables plus linear/global constraints; SAT bound/totalizer overhead remains separate in optimizer_added_*",2360,2350,2341,2360,0,0,0,0,0,0,0,1,0.045861,0.00261,0.128782,,0.131392,0.030515,"wall-clock from immediately before reading/parsing the .dzn instance through model construction, optimization, solution decoding, and independent validation; excludes worker-process startup and result-file export",,,,,,,peak_process_tree_rss_mb,c01cad605010908283a22cd6327b688bc02bb90f058d47f1108329491cd0a8ea,forb0003,data_table06_forb/forumt-14crafe.forb0003.dzn,1,../noves/forumt-14crafe.forb0003.dzn,1,data_table06_forb/forumt-14crafe.forb0003.dzn,https://imae.udg.edu/Recerca/LAI/,https://ima.udg.edu/Recerca/lai/b2b/b2b.zip,ee1f440ab3f6db27ab712300ad3a54a31ffd5ec1e06f81a9ac37cb7202c56528,2026-08-10T10:42:19+00:00,7200.0,,ee80a6fbd8b513f7c010668495c39621a371266a,True,3.10.12,1.8.dev25,instance-20260810-085803,Linux-6.8.0-1064-gcp-x86_64-with-glibc2.35,x86_64,4,8,15988.059,1,0,/home/g24021555/Business-Meeting-Scheduling-Problem/.venv/bin/python3 /home/g24021555/Business-Meeting-Scheduling-Problem/src/Main.py --manifest instances_manifest.csv --family forbidden --solver sat_all --objective-mode bg_d2 --domain-mode both --domain-filter-graph both --precedence-encoding both --precedence-graph both --encoding-variant imp12+ --sat-backend cadical --maxsat-backend uwrmaxsat --uwrmaxsat-bin /home/g24021555/uwrmaxsat/build/release/bin/uwrmaxsat --timeout 7200 --csv output/full_matrix_bg_d2_forbidden.csv,,,,,,,,multiple,,cadical,,factorial,pairwise+distance_closure,,59,"1,2,3,4,5,6,7,8,9,10,11,12,13,14,15,16,17,18,20,21,22,23,24,25,26,27,28,29,30,31,32,33,34,35,36,37,38,39,40,41,42,43,44,45,46,47,48,49,50,51,52,53,54,55,56,57,58,59,60",2350,10,9,9,,,,,"journal objective family: bg_d2 | F-selected distance-labelled E* domain propagation and cycle detection | precedence configuration: F=distance_closure, P=pairwise, G=distance_closure | Full Domain MxT schedule variables + explicit unary exclusions | (20),(22)-(27) exactly once over full domains | (22)-(27) session/fixed/forbidden exclusions as hard unit clauses | (19) participant atMost-one per slot | (46),(47) clustered table capacity with compact forward channeling | (28) Pairwise precedence over distance_closure distance-labelled relations | exact break-group ends and unary break-group thresholds | exact schedule <-> usedSlot channeling | (43) exactly |Mp| full usedSlot variables | (44) atMost 2|L| busy participants per slot | (45) exact even number of busy participants | historical hard cap Delta_G <= 2",,,result
,,,,,,,,,forumt-14crafe.forb0003,b2b-c01cad6050109082,b2b-lineage-forumt-14crafe,forbidden,F-PW-DC-ST-BGD2-UW-IC12P,Full,Filter-E*,Pairwise,DistanceClosure-E*,SpanThreshold,BreakGroupsD2,UWrMaxSAT,IC12+,UNSAT,UNSAT,,,bg_d2,,,,,,,1,0.29942,False,66.152,,,,Compact,Compact/Full,project_implementation,one-shot weighted MaxSAT,31643,,,,,,,84362,236,84598,2360,29283,204066,60,cfg5__m-full__p-pairwise__g-distance_closure__b-span_threshold__o-break_groups_d2__s-uwrmaxsat__i-imp12plus__backend-uwrmaxsat,cfg5__m-full__p-pairwise__g-distance_closure__b-span_threshold__o-break_groups_d2__s-uwrmaxsat__i-imp12plus__backend-uwrmaxsat,full,distance_closure,pairwise,distance_closure,UWrMaxSAT,UWrMaxSAT,binary-sha256:8c68c8a386d3d7847b50d315143c2bab60e3514e59510e84a649db83cb303876,imp12+,span_threshold,total_break_groups_subject_to_range_at_most_2,BGD2,IC12P,203830,236,1,461,56833,22528,4540,1,236,236,1,,,,,,0,0,0,0,0,,,"formalism-specific model size: SAT/MaxSAT reports base CNF and soft clauses, MIP reports variables/linear constraints/nonzeros, and CP reports integer variables plus linear/global constraints; SAT bound/totalizer overhead remains separate in optimizer_added_*",2360,2350,2341,2360,0,0,0,0,0,0,0,1,0.04378,0.002604,0.132739,,0.135343,0.164078,"wall-clock from immediately before reading/parsing the .dzn instance through model construction, optimization, solution decoding, and independent validation; excludes worker-process startup and result-file export",,,,,,,peak_process_tree_rss_mb,c01cad605010908283a22cd6327b688bc02bb90f058d47f1108329491cd0a8ea,forb0003,data_table06_forb/forumt-14crafe.forb0003.dzn,1,../noves/forumt-14crafe.forb0003.dzn,1,data_table06_forb/forumt-14crafe.forb0003.dzn,https://imae.udg.edu/Recerca/LAI/,https://ima.udg.edu/Recerca/lai/b2b/b2b.zip,ee1f440ab3f6db27ab712300ad3a54a31ffd5ec1e06f81a9ac37cb7202c56528,2026-08-10T10:42:19+00:00,7200.0,,ee80a6fbd8b513f7c010668495c39621a371266a,True,3.10.12,1.8.dev25,instance-20260810-085803,Linux-6.8.0-1064-gcp-x86_64-with-glibc2.35,x86_64,4,8,15988.059,1,0,/home/g24021555/Business-Meeting-Scheduling-Problem/.venv/bin/python3 /home/g24021555/Business-Meeting-Scheduling-Problem/src/Main.py --manifest instances_manifest.csv --family forbidden --solver sat_all --objective-mode bg_d2 --domain-mode both --domain-filter-graph both --precedence-encoding both --precedence-graph both --encoding-variant imp12+ --sat-backend cadical --maxsat-backend uwrmaxsat --uwrmaxsat-bin /home/g24021555/uwrmaxsat/build/release/bin/uwrmaxsat --timeout 7200 --csv output/full_matrix_bg_d2_forbidden.csv,/home/g24021555/uwrmaxsat/build/release/bin/uwrmaxsat,8c68c8a386d3d7847b50d315143c2bab60e3514e59510e84a649db83cb303876,/home/g24021555/uwrmaxsat/build/release/bin/uwrmaxsat -m /tmp/b2b_uwrmaxsat_2qslpurt/forumt-14crafe.forb0003.wcnf,,process exit code=20,,,maxsat,uwrmaxsat,,/home/g24021555/uwrmaxsat/build/release/bin/uwrmaxsat,factorial,pairwise+distance_closure,,59,"1,2,3,4,5,6,7,8,9,10,11,12,13,14,15,16,17,18,20,21,22,23,24,25,26,27,28,29,30,31,32,33,34,35,36,37,38,39,40,41,42,43,44,45,46,47,48,49,50,51,52,53,54,55,56,57,58,59,60",2350,10,9,9,,,,,"journal objective family: bg_d2 | F-selected distance-labelled E* domain propagation and cycle detection | precedence configuration: F=distance_closure, P=pairwise, G=distance_closure | Full Domain MxT schedule variables + explicit unary exclusions | (20),(22)-(27) exactly once over full domains | (22)-(27) session/fixed/forbidden exclusions as hard unit clauses | (19) participant atMost-one per slot | (46),(47) clustered table capacity with compact forward channeling | (28) Pairwise precedence over distance_closure distance-labelled relations | exact break-group ends and unary break-group thresholds | exact schedule <-> usedSlot channeling | (43) exactly |Mp| full usedSlot variables | (44) atMost 2|L| busy participants per slot | (45) exact even number of busy participants | historical hard cap Delta_G <= 2",,,result
,,,,,,,,,forumt-14crafe.forb0003,b2b-c01cad6050109082,b2b-lineage-forumt-14crafe,forbidden,F-SS-DE-ST-BGD2-IS-CD-IC12P,Full,Filter-E*,SparseSuffix,Direct-E,SpanThreshold,BreakGroupsD2,IncrementalSAT,IC12+,UNSAT,UNSAT,,,bg_d2,,,,,,,,0.164483,False,43.969,,,,Compact,Compact/Full,project_implementation,incremental multi-phase SAT with persistent solver state,31643,,,,,,,84362,0,84362,2360,29283,203830,60,cfg5__m-full__p-sparse_suffix__g-direct__b-span_threshold__o-break_groups_d2__s-incrementalsat__i-imp12plus__backend-cadical,cfg5__m-full__p-sparse_suffix__g-direct__b-span_threshold__o-break_groups_d2__s-incrementalsat__i-imp12plus__backend-cadical,full,distance_closure,sparse_suffix,direct,IncrementalSAT,CaDiCaL,1.5.3,imp12+,span_threshold,total_break_groups_subject_to_range_at_most_2,BGD2,IC12P,203830,0,0,461,56833,22528,4540,,0,236,1,,,,,,0,0,0,0,0,,,"formalism-specific model size: SAT/MaxSAT reports base CNF and soft clauses, MIP reports variables/linear constraints/nonzeros, and CP reports integer variables plus linear/global constraints; SAT bound/totalizer overhead remains separate in optimizer_added_*",2360,2350,2341,2360,0,0,0,0,0,0,0,1,0.045811,0.003067,0.131019,,0.134086,0.030397,"wall-clock from immediately before reading/parsing the .dzn instance through model construction, optimization, solution decoding, and independent validation; excludes worker-process startup and result-file export",,,,,,,peak_process_tree_rss_mb,c01cad605010908283a22cd6327b688bc02bb90f058d47f1108329491cd0a8ea,forb0003,data_table06_forb/forumt-14crafe.forb0003.dzn,1,../noves/forumt-14crafe.forb0003.dzn,1,data_table06_forb/forumt-14crafe.forb0003.dzn,https://imae.udg.edu/Recerca/LAI/,https://ima.udg.edu/Recerca/lai/b2b/b2b.zip,ee1f440ab3f6db27ab712300ad3a54a31ffd5ec1e06f81a9ac37cb7202c56528,2026-08-10T10:42:19+00:00,7200.0,,ee80a6fbd8b513f7c010668495c39621a371266a,True,3.10.12,1.8.dev25,instance-20260810-085803,Linux-6.8.0-1064-gcp-x86_64-with-glibc2.35,x86_64,4,8,15988.059,1,0,/home/g24021555/Business-Meeting-Scheduling-Problem/.venv/bin/python3 /home/g24021555/Business-Meeting-Scheduling-Problem/src/Main.py --manifest instances_manifest.csv --family forbidden --solver sat_all --objective-mode bg_d2 --domain-mode both --domain-filter-graph both --precedence-encoding both --precedence-graph both --encoding-variant imp12+ --sat-backend cadical --maxsat-backend uwrmaxsat --uwrmaxsat-bin /home/g24021555/uwrmaxsat/build/release/bin/uwrmaxsat --timeout 7200 --csv output/full_matrix_bg_d2_forbidden.csv,,,,,,,,incremental,,cadical,,factorial,sparse_suffix+direct,,59,"1,2,3,4,5,6,7,8,9,10,11,12,13,14,15,16,17,18,20,21,22,23,24,25,26,27,28,29,30,31,32,33,34,35,36,37,38,39,40,41,42,43,44,45,46,47,48,49,50,51,52,53,54,55,56,57,58,59,60",2350,10,9,9,,,,,"journal objective family: bg_d2 | F-selected distance-labelled E* domain propagation and cycle detection | precedence configuration: F=distance_closure, P=sparse_suffix, G=direct | Full Domain MxT schedule variables + explicit unary exclusions | (20),(22)-(27) exactly once over full domains | (22)-(27) session/fixed/forbidden exclusions as hard unit clauses | (19) participant atMost-one per slot | (46),(47) clustered table capacity with compact forward channeling | (28) SparseSuffix precedence over direct distance-labelled relations | exact break-group ends and unary break-group thresholds | exact schedule <-> usedSlot channeling | (43) exactly |Mp| full usedSlot variables | (44) atMost 2|L| busy participants per slot | (45) exact even number of busy participants | historical hard cap Delta_G <= 2",,,result
,,,,,,,,,forumt-14crafe.forb0003,b2b-c01cad6050109082,b2b-lineage-forumt-14crafe,forbidden,F-SS-DE-ST-BGD2-NIS-CD-IC12P,Full,Filter-E*,SparseSuffix,Direct-E,SpanThreshold,BreakGroupsD2,NonIncrementalSAT,IC12+,UNSAT,UNSAT,,,bg_d2,,,,,,,,0.159317,False,43.883,,,,Compact,Compact/Full,project_implementation,restart-based multi-phase SAT,31643,,,,,,,84362,0,84362,2360,29283,203830,60,cfg5__m-full__p-sparse_suffix__g-direct__b-span_threshold__o-break_groups_d2__s-nonincrementalsat__i-imp12plus__backend-cadical,cfg5__m-full__p-sparse_suffix__g-direct__b-span_threshold__o-break_groups_d2__s-nonincrementalsat__i-imp12plus__backend-cadical,full,distance_closure,sparse_suffix,direct,NonIncrementalSAT,CaDiCaL,1.5.3,imp12+,span_threshold,total_break_groups_subject_to_range_at_most_2,BGD2,IC12P,203830,0,0,461,56833,22528,4540,,0,236,1,,,,,,0,0,0,0,0,,,"formalism-specific model size: SAT/MaxSAT reports base CNF and soft clauses, MIP reports variables/linear constraints/nonzeros, and CP reports integer variables plus linear/global constraints; SAT bound/totalizer overhead remains separate in optimizer_added_*",2360,2350,2341,2360,0,0,0,0,0,0,0,1,0.044486,0.002648,0.127181,,0.12983,0.029488,"wall-clock from immediately before reading/parsing the .dzn instance through model construction, optimization, solution decoding, and independent validation; excludes worker-process startup and result-file export",,,,,,,peak_process_tree_rss_mb,c01cad605010908283a22cd6327b688bc02bb90f058d47f1108329491cd0a8ea,forb0003,data_table06_forb/forumt-14crafe.forb0003.dzn,1,../noves/forumt-14crafe.forb0003.dzn,1,data_table06_forb/forumt-14crafe.forb0003.dzn,https://imae.udg.edu/Recerca/LAI/,https://ima.udg.edu/Recerca/lai/b2b/b2b.zip,ee1f440ab3f6db27ab712300ad3a54a31ffd5ec1e06f81a9ac37cb7202c56528,2026-08-10T10:42:19+00:00,7200.0,,ee80a6fbd8b513f7c010668495c39621a371266a,True,3.10.12,1.8.dev25,instance-20260810-085803,Linux-6.8.0-1064-gcp-x86_64-with-glibc2.35,x86_64,4,8,15988.059,1,0,/home/g24021555/Business-Meeting-Scheduling-Problem/.venv/bin/python3 /home/g24021555/Business-Meeting-Scheduling-Problem/src/Main.py --manifest instances_manifest.csv --family forbidden --solver sat_all --objective-mode bg_d2 --domain-mode both --domain-filter-graph both --precedence-encoding both --precedence-graph both --encoding-variant imp12+ --sat-backend cadical --maxsat-backend uwrmaxsat --uwrmaxsat-bin /home/g24021555/uwrmaxsat/build/release/bin/uwrmaxsat --timeout 7200 --csv output/full_matrix_bg_d2_forbidden.csv,,,,,,,,multiple,,cadical,,factorial,sparse_suffix+direct,,59,"1,2,3,4,5,6,7,8,9,10,11,12,13,14,15,16,17,18,20,21,22,23,24,25,26,27,28,29,30,31,32,33,34,35,36,37,38,39,40,41,42,43,44,45,46,47,48,49,50,51,52,53,54,55,56,57,58,59,60",2350,10,9,9,,,,,"journal objective family: bg_d2 | F-selected distance-labelled E* domain propagation and cycle detection | precedence configuration: F=distance_closure, P=sparse_suffix, G=direct | Full Domain MxT schedule variables + explicit unary exclusions | (20),(22)-(27) exactly once over full domains | (22)-(27) session/fixed/forbidden exclusions as hard unit clauses | (19) participant atMost-one per slot | (46),(47) clustered table capacity with compact forward channeling | (28) SparseSuffix precedence over direct distance-labelled relations | exact break-group ends and unary break-group thresholds | exact schedule <-> usedSlot channeling | (43) exactly |Mp| full usedSlot variables | (44) atMost 2|L| busy participants per slot | (45) exact even number of busy participants | historical hard cap Delta_G <= 2",,,result
,,,,,,,,,forumt-14crafe.forb0003,b2b-c01cad6050109082,b2b-lineage-forumt-14crafe,forbidden,F-SS-DE-ST-BGD2-UW-IC12P,Full,Filter-E*,SparseSuffix,Direct-E,SpanThreshold,BreakGroupsD2,UWrMaxSAT,IC12+,UNSAT,UNSAT,,,bg_d2,,,,,,,1,0.302917,False,66.023,,,,Compact,Compact/Full,project_implementation,one-shot weighted MaxSAT,31643,,,,,,,84362,236,84598,2360,29283,204066,60,cfg5__m-full__p-sparse_suffix__g-direct__b-span_threshold__o-break_groups_d2__s-uwrmaxsat__i-imp12plus__backend-uwrmaxsat,cfg5__m-full__p-sparse_suffix__g-direct__b-span_threshold__o-break_groups_d2__s-uwrmaxsat__i-imp12plus__backend-uwrmaxsat,full,distance_closure,sparse_suffix,direct,UWrMaxSAT,UWrMaxSAT,binary-sha256:8c68c8a386d3d7847b50d315143c2bab60e3514e59510e84a649db83cb303876,imp12+,span_threshold,total_break_groups_subject_to_range_at_most_2,BGD2,IC12P,203830,236,1,461,56833,22528,4540,1,236,236,1,,,,,,0,0,0,0,0,,,"formalism-specific model size: SAT/MaxSAT reports base CNF and soft clauses, MIP reports variables/linear constraints/nonzeros, and CP reports integer variables plus linear/global constraints; SAT bound/totalizer overhead remains separate in optimizer_added_*",2360,2350,2341,2360,0,0,0,0,0,0,0,1,0.047329,0.003032,0.133834,,0.136866,0.166051,"wall-clock from immediately before reading/parsing the .dzn instance through model construction, optimization, solution decoding, and independent validation; excludes worker-process startup and result-file export",,,,,,,peak_process_tree_rss_mb,c01cad605010908283a22cd6327b688bc02bb90f058d47f1108329491cd0a8ea,forb0003,data_table06_forb/forumt-14crafe.forb0003.dzn,1,../noves/forumt-14crafe.forb0003.dzn,1,data_table06_forb/forumt-14crafe.forb0003.dzn,https://imae.udg.edu/Recerca/LAI/,https://ima.udg.edu/Recerca/lai/b2b/b2b.zip,ee1f440ab3f6db27ab712300ad3a54a31ffd5ec1e06f81a9ac37cb7202c56528,2026-08-10T10:42:19+00:00,7200.0,,ee80a6fbd8b513f7c010668495c39621a371266a,True,3.10.12,1.8.dev25,instance-20260810-085803,Linux-6.8.0-1064-gcp-x86_64-with-glibc2.35,x86_64,4,8,15988.059,1,0,/home/g24021555/Business-Meeting-Scheduling-Problem/.venv/bin/python3 /home/g24021555/Business-Meeting-Scheduling-Problem/src/Main.py --manifest instances_manifest.csv --family forbidden --solver sat_all --objective-mode bg_d2 --domain-mode both --domain-filter-graph both --precedence-encoding both --precedence-graph both --encoding-variant imp12+ --sat-backend cadical --maxsat-backend uwrmaxsat --uwrmaxsat-bin /home/g24021555/uwrmaxsat/build/release/bin/uwrmaxsat --timeout 7200 --csv output/full_matrix_bg_d2_forbidden.csv,/home/g24021555/uwrmaxsat/build/release/bin/uwrmaxsat,8c68c8a386d3d7847b50d315143c2bab60e3514e59510e84a649db83cb303876,/home/g24021555/uwrmaxsat/build/release/bin/uwrmaxsat -m /tmp/b2b_uwrmaxsat_e5p363lb/forumt-14crafe.forb0003.wcnf,,process exit code=20,,,maxsat,uwrmaxsat,,/home/g24021555/uwrmaxsat/build/release/bin/uwrmaxsat,factorial,sparse_suffix+direct,,59,"1,2,3,4,5,6,7,8,9,10,11,12,13,14,15,16,17,18,20,21,22,23,24,25,26,27,28,29,30,31,32,33,34,35,36,37,38,39,40,41,42,43,44,45,46,47,48,49,50,51,52,53,54,55,56,57,58,59,60",2350,10,9,9,,,,,"journal objective family: bg_d2 | F-selected distance-labelled E* domain propagation and cycle detection | precedence configuration: F=distance_closure, P=sparse_suffix, G=direct | Full Domain MxT schedule variables + explicit unary exclusions | (20),(22)-(27) exactly once over full domains | (22)-(27) session/fixed/forbidden exclusions as hard unit clauses | (19) participant atMost-one per slot | (46),(47) clustered table capacity with compact forward channeling | (28) SparseSuffix precedence over direct distance-labelled relations | exact break-group ends and unary break-group thresholds | exact schedule <-> usedSlot channeling | (43) exactly |Mp| full usedSlot variables | (44) atMost 2|L| busy participants per slot | (45) exact even number of busy participants | historical hard cap Delta_G <= 2",,,result
,,,,,,,,,forumt-14crafe.forb0003,b2b-c01cad6050109082,b2b-lineage-forumt-14crafe,forbidden,F-SS-DC-ST-BGD2-IS-CD-IC12P,Full,Filter-E*,SparseSuffix,DistanceClosure-E*,SpanThreshold,BreakGroupsD2,IncrementalSAT,IC12+,UNSAT,UNSAT,,,bg_d2,,,,,,,,0.167383,False,43.938,,,,Compact,Compact/Full,project_implementation,incremental multi-phase SAT with persistent solver state,31643,,,,,,,84362,0,84362,2360,29283,203830,60,cfg5__m-full__p-sparse_suffix__g-distance_closure__b-span_threshold__o-break_groups_d2__s-incrementalsat__i-imp12plus__backend-cadical,cfg5__m-full__p-sparse_suffix__g-distance_closure__b-span_threshold__o-break_groups_d2__s-incrementalsat__i-imp12plus__backend-cadical,full,distance_closure,sparse_suffix,distance_closure,IncrementalSAT,CaDiCaL,1.5.3,imp12+,span_threshold,total_break_groups_subject_to_range_at_most_2,BGD2,IC12P,203830,0,0,461,56833,22528,4540,,0,236,1,,,,,,0,0,0,0,0,,,"formalism-specific model size: SAT/MaxSAT reports base CNF and soft clauses, MIP reports variables/linear constraints/nonzeros, and CP reports integer variables plus linear/global constraints; SAT bound/totalizer overhead remains separate in optimizer_added_*",2360,2350,2341,2360,0,0,0,0,0,0,0,1,0.046659,0.003005,0.132266,,0.135271,0.032112,"wall-clock from immediately before reading/parsing the .dzn instance through model construction, optimization, solution decoding, and independent validation; excludes worker-process startup and result-file export",,,,,,,peak_process_tree_rss_mb,c01cad605010908283a22cd6327b688bc02bb90f058d47f1108329491cd0a8ea,forb0003,data_table06_forb/forumt-14crafe.forb0003.dzn,1,../noves/forumt-14crafe.forb0003.dzn,1,data_table06_forb/forumt-14crafe.forb0003.dzn,https://imae.udg.edu/Recerca/LAI/,https://ima.udg.edu/Recerca/lai/b2b/b2b.zip,ee1f440ab3f6db27ab712300ad3a54a31ffd5ec1e06f81a9ac37cb7202c56528,2026-08-10T10:42:19+00:00,7200.0,,ee80a6fbd8b513f7c010668495c39621a371266a,True,3.10.12,1.8.dev25,instance-20260810-085803,Linux-6.8.0-1064-gcp-x86_64-with-glibc2.35,x86_64,4,8,15988.059,1,0,/home/g24021555/Business-Meeting-Scheduling-Problem/.venv/bin/python3 /home/g24021555/Business-Meeting-Scheduling-Problem/src/Main.py --manifest instances_manifest.csv --family forbidden --solver sat_all --objective-mode bg_d2 --domain-mode both --domain-filter-graph both --precedence-encoding both --precedence-graph both --encoding-variant imp12+ --sat-backend cadical --maxsat-backend uwrmaxsat --uwrmaxsat-bin /home/g24021555/uwrmaxsat/build/release/bin/uwrmaxsat --timeout 7200 --csv output/full_matrix_bg_d2_forbidden.csv,,,,,,,,incremental,,cadical,,staircase,sparse_suffix+distance_closure,,59,"1,2,3,4,5,6,7,8,9,10,11,12,13,14,15,16,17,18,20,21,22,23,24,25,26,27,28,29,30,31,32,33,34,35,36,37,38,39,40,41,42,43,44,45,46,47,48,49,50,51,52,53,54,55,56,57,58,59,60",2350,10,9,9,,,,,"journal objective family: bg_d2 | F-selected distance-labelled E* domain propagation and cycle detection | precedence configuration: F=distance_closure, P=sparse_suffix, G=distance_closure | Full Domain MxT schedule variables + explicit unary exclusions | (20),(22)-(27) exactly once over full domains | (22)-(27) session/fixed/forbidden exclusions as hard unit clauses | (19) participant atMost-one per slot | (46),(47) clustered table capacity with compact forward channeling | (28) SparseSuffix precedence over distance_closure distance-labelled relations | exact break-group ends and unary break-group thresholds | exact schedule <-> usedSlot channeling | (43) exactly |Mp| full usedSlot variables | (44) atMost 2|L| busy participants per slot | (45) exact even number of busy participants | historical hard cap Delta_G <= 2",,,result
,,,,,,,,,forumt-14crafe.forb0003,b2b-c01cad6050109082,b2b-lineage-forumt-14crafe,forbidden,F-SS-DC-ST-BGD2-NIS-CD-IC12P,Full,Filter-E*,SparseSuffix,DistanceClosure-E*,SpanThreshold,BreakGroupsD2,NonIncrementalSAT,IC12+,UNSAT,UNSAT,,,bg_d2,,,,,,,,0.162748,False,43.977,,,,Compact,Compact/Full,project_implementation,restart-based multi-phase SAT,31643,,,,,,,84362,0,84362,2360,29283,203830,60,cfg5__m-full__p-sparse_suffix__g-distance_closure__b-span_threshold__o-break_groups_d2__s-nonincrementalsat__i-imp12plus__backend-cadical,cfg5__m-full__p-sparse_suffix__g-distance_closure__b-span_threshold__o-break_groups_d2__s-nonincrementalsat__i-imp12plus__backend-cadical,full,distance_closure,sparse_suffix,distance_closure,NonIncrementalSAT,CaDiCaL,1.5.3,imp12+,span_threshold,total_break_groups_subject_to_range_at_most_2,BGD2,IC12P,203830,0,0,461,56833,22528,4540,,0,236,1,,,,,,0,0,0,0,0,,,"formalism-specific model size: SAT/MaxSAT reports base CNF and soft clauses, MIP reports variables/linear constraints/nonzeros, and CP reports integer variables plus linear/global constraints; SAT bound/totalizer overhead remains separate in optimizer_added_*",2360,2350,2341,2360,0,0,0,0,0,0,0,1,0.044704,0.002912,0.1274,,0.130312,0.032436,"wall-clock from immediately before reading/parsing the .dzn instance through model construction, optimization, solution decoding, and independent validation; excludes worker-process startup and result-file export",,,,,,,peak_process_tree_rss_mb,c01cad605010908283a22cd6327b688bc02bb90f058d47f1108329491cd0a8ea,forb0003,data_table06_forb/forumt-14crafe.forb0003.dzn,1,../noves/forumt-14crafe.forb0003.dzn,1,data_table06_forb/forumt-14crafe.forb0003.dzn,https://imae.udg.edu/Recerca/LAI/,https://ima.udg.edu/Recerca/lai/b2b/b2b.zip,ee1f440ab3f6db27ab712300ad3a54a31ffd5ec1e06f81a9ac37cb7202c56528,2026-08-10T10:42:19+00:00,7200.0,,ee80a6fbd8b513f7c010668495c39621a371266a,True,3.10.12,1.8.dev25,instance-20260810-085803,Linux-6.8.0-1064-gcp-x86_64-with-glibc2.35,x86_64,4,8,15988.059,1,0,/home/g24021555/Business-Meeting-Scheduling-Problem/.venv/bin/python3 /home/g24021555/Business-Meeting-Scheduling-Problem/src/Main.py --manifest instances_manifest.csv --family forbidden --solver sat_all --objective-mode bg_d2 --domain-mode both --domain-filter-graph both --precedence-encoding both --precedence-graph both --encoding-variant imp12+ --sat-backend cadical --maxsat-backend uwrmaxsat --uwrmaxsat-bin /home/g24021555/uwrmaxsat/build/release/bin/uwrmaxsat --timeout 7200 --csv output/full_matrix_bg_d2_forbidden.csv,,,,,,,,multiple,,cadical,,staircase,sparse_suffix+distance_closure,,59,"1,2,3,4,5,6,7,8,9,10,11,12,13,14,15,16,17,18,20,21,22,23,24,25,26,27,28,29,30,31,32,33,34,35,36,37,38,39,40,41,42,43,44,45,46,47,48,49,50,51,52,53,54,55,56,57,58,59,60",2350,10,9,9,,,,,"journal objective family: bg_d2 | F-selected distance-labelled E* domain propagation and cycle detection | precedence configuration: F=distance_closure, P=sparse_suffix, G=distance_closure | Full Domain MxT schedule variables + explicit unary exclusions | (20),(22)-(27) exactly once over full domains | (22)-(27) session/fixed/forbidden exclusions as hard unit clauses | (19) participant atMost-one per slot | (46),(47) clustered table capacity with compact forward channeling | (28) SparseSuffix precedence over distance_closure distance-labelled relations | exact break-group ends and unary break-group thresholds | exact schedule <-> usedSlot channeling | (43) exactly |Mp| full usedSlot variables | (44) atMost 2|L| busy participants per slot | (45) exact even number of busy participants | historical hard cap Delta_G <= 2",,,result
,,,,,,,,,forumt-14crafe.forb0003,b2b-c01cad6050109082,b2b-lineage-forumt-14crafe,forbidden,F-SS-DC-ST-BGD2-UW-IC12P,Full,Filter-E*,SparseSuffix,DistanceClosure-E*,SpanThreshold,BreakGroupsD2,UWrMaxSAT,IC12+,UNSAT,UNSAT,,,bg_d2,,,,,,,1,0.302336,False,66.234,,,,Compact,Compact/Full,project_implementation,one-shot weighted MaxSAT,31643,,,,,,,84362,236,84598,2360,29283,204066,60,cfg5__m-full__p-sparse_suffix__g-distance_closure__b-span_threshold__o-break_groups_d2__s-uwrmaxsat__i-imp12plus__backend-uwrmaxsat,cfg5__m-full__p-sparse_suffix__g-distance_closure__b-span_threshold__o-break_groups_d2__s-uwrmaxsat__i-imp12plus__backend-uwrmaxsat,full,distance_closure,sparse_suffix,distance_closure,UWrMaxSAT,UWrMaxSAT,binary-sha256:8c68c8a386d3d7847b50d315143c2bab60e3514e59510e84a649db83cb303876,imp12+,span_threshold,total_break_groups_subject_to_range_at_most_2,BGD2,IC12P,203830,236,1,461,56833,22528,4540,1,236,236,1,,,,,,0,0,0,0,0,,,"formalism-specific model size: SAT/MaxSAT reports base CNF and soft clauses, MIP reports variables/linear constraints/nonzeros, and CP reports integer variables plus linear/global constraints; SAT bound/totalizer overhead remains separate in optimizer_added_*",2360,2350,2341,2360,0,0,0,0,0,0,0,1,0.047489,0.003,0.134397,,0.137397,0.164938,"wall-clock from immediately before reading/parsing the .dzn instance through model construction, optimization, solution decoding, and independent validation; excludes worker-process startup and result-file export",,,,,,,peak_process_tree_rss_mb,c01cad605010908283a22cd6327b688bc02bb90f058d47f1108329491cd0a8ea,forb0003,data_table06_forb/forumt-14crafe.forb0003.dzn,1,../noves/forumt-14crafe.forb0003.dzn,1,data_table06_forb/forumt-14crafe.forb0003.dzn,https://imae.udg.edu/Recerca/LAI/,https://ima.udg.edu/Recerca/lai/b2b/b2b.zip,ee1f440ab3f6db27ab712300ad3a54a31ffd5ec1e06f81a9ac37cb7202c56528,2026-08-10T10:42:19+00:00,7200.0,,ee80a6fbd8b513f7c010668495c39621a371266a,True,3.10.12,1.8.dev25,instance-20260810-085803,Linux-6.8.0-1064-gcp-x86_64-with-glibc2.35,x86_64,4,8,15988.059,1,0,/home/g24021555/Business-Meeting-Scheduling-Problem/.venv/bin/python3 /home/g24021555/Business-Meeting-Scheduling-Problem/src/Main.py --manifest instances_manifest.csv --family forbidden --solver sat_all --objective-mode bg_d2 --domain-mode both --domain-filter-graph both --precedence-encoding both --precedence-graph both --encoding-variant imp12+ --sat-backend cadical --maxsat-backend uwrmaxsat --uwrmaxsat-bin /home/g24021555/uwrmaxsat/build/release/bin/uwrmaxsat --timeout 7200 --csv output/full_matrix_bg_d2_forbidden.csv,/home/g24021555/uwrmaxsat/build/release/bin/uwrmaxsat,8c68c8a386d3d7847b50d315143c2bab60e3514e59510e84a649db83cb303876,/home/g24021555/uwrmaxsat/build/release/bin/uwrmaxsat -m /tmp/b2b_uwrmaxsat_9u_65npb/forumt-14crafe.forb0003.wcnf,,process exit code=20,,,maxsat,uwrmaxsat,,/home/g24021555/uwrmaxsat/build/release/bin/uwrmaxsat,staircase,sparse_suffix+distance_closure,,59,"1,2,3,4,5,6,7,8,9,10,11,12,13,14,15,16,17,18,20,21,22,23,24,25,26,27,28,29,30,31,32,33,34,35,36,37,38,39,40,41,42,43,44,45,46,47,48,49,50,51,52,53,54,55,56,57,58,59,60",2350,10,9,9,,,,,"journal objective family: bg_d2 | F-selected distance-labelled E* domain propagation and cycle detection | precedence configuration: F=distance_closure, P=sparse_suffix, G=distance_closure | Full Domain MxT schedule variables + explicit unary exclusions | (20),(22)-(27) exactly once over full domains | (22)-(27) session/fixed/forbidden exclusions as hard unit clauses | (19) participant atMost-one per slot | (46),(47) clustered table capacity with compact forward channeling | (28) SparseSuffix precedence over distance_closure distance-labelled relations | exact break-group ends and unary break-group thresholds | exact schedule <-> usedSlot channeling | (43) exactly |Mp| full usedSlot variables | (44) atMost 2|L| busy participants per slot | (45) exact even number of busy participants | historical hard cap Delta_G <= 2",,,result
,,,,,,,,,forumt-14crafe.forb0003,b2b-c01cad6050109082,b2b-lineage-forumt-14crafe,forbidden,R-PW-DE-ST-BGD2-IS-CD-IC12P,Reduced,Filter-E*,Pairwise,Direct-E,SpanThreshold,BreakGroupsD2,IncrementalSAT,IC12+,UNSAT,UNSAT,,,bg_d2,,,,,,,,0.157072,False,43.734,,,,Compact,Compact/Reduced,project_implementation,incremental multi-phase SAT with persistent solver state,31594,,,,,,,83895,0,83895,2341,29253,202828,60,cfg5__m-reduced__p-pairwise__g-direct__b-span_threshold__o-break_groups_d2__s-incrementalsat__i-imp12plus__backend-cadical,cfg5__m-reduced__p-pairwise__g-direct__b-span_threshold__o-break_groups_d2__s-incrementalsat__i-imp12plus__backend-cadical,reduced,distance_closure,pairwise,direct,IncrementalSAT,CaDiCaL,1.5.3,imp12+,span_threshold,total_break_groups_subject_to_range_at_most_2,BGD2,IC12P,202828,0,0,441,56427,22489,4536,,0,236,1,,,,,,0,0,0,0,0,,,"formalism-specific model size: SAT/MaxSAT reports base CNF and soft clauses, MIP reports variables/linear constraints/nonzeros, and CP reports integer variables plus linear/global constraints; SAT bound/totalizer overhead remains separate in optimizer_added_*",2360,2350,2341,2341,0,0,0,0,0,0,0,1,0.045422,0.002653,0.130839,,0.133492,0.02358,"wall-clock from immediately before reading/parsing the .dzn instance through model construction, optimization, solution decoding, and independent validation; excludes worker-process startup and result-file export",,,,,,,peak_process_tree_rss_mb,c01cad605010908283a22cd6327b688bc02bb90f058d47f1108329491cd0a8ea,forb0003,data_table06_forb/forumt-14crafe.forb0003.dzn,1,../noves/forumt-14crafe.forb0003.dzn,1,data_table06_forb/forumt-14crafe.forb0003.dzn,https://imae.udg.edu/Recerca/LAI/,https://ima.udg.edu/Recerca/lai/b2b/b2b.zip,ee1f440ab3f6db27ab712300ad3a54a31ffd5ec1e06f81a9ac37cb7202c56528,2026-08-10T10:42:19+00:00,7200.0,,ee80a6fbd8b513f7c010668495c39621a371266a,True,3.10.12,1.8.dev25,instance-20260810-085803,Linux-6.8.0-1064-gcp-x86_64-with-glibc2.35,x86_64,4,8,15988.059,1,0,/home/g24021555/Business-Meeting-Scheduling-Problem/.venv/bin/python3 /home/g24021555/Business-Meeting-Scheduling-Problem/src/Main.py --manifest instances_manifest.csv --family forbidden --solver sat_all --objective-mode bg_d2 --domain-mode both --domain-filter-graph both --precedence-encoding both --precedence-graph both --encoding-variant imp12+ --sat-backend cadical --maxsat-backend uwrmaxsat --uwrmaxsat-bin /home/g24021555/uwrmaxsat/build/release/bin/uwrmaxsat --timeout 7200 --csv output/full_matrix_bg_d2_forbidden.csv,,,,,,,,incremental,,cadical,,traditional,pairwise+direct,,59,"1,2,3,4,5,6,7,8,9,10,11,12,13,14,15,16,17,18,20,21,22,23,24,25,26,27,28,29,30,31,32,33,34,35,36,37,38,39,40,41,42,43,44,45,46,47,48,49,50,51,52,53,54,55,56,57,58,59,60",2350,10,9,9,,,,,"journal objective family: bg_d2 | F-selected distance-labelled E* domain propagation and cycle detection | precedence configuration: F=distance_closure, P=pairwise, G=direct | Reduced Domain variables after unary filtering + matching GAC + slot saturation | (20),(22)-(27) exactly once over reduced domains | (19) participant atMost-one per slot | (46),(47) clustered table capacity with compact forward channeling | (28) Pairwise precedence over direct distance-labelled relations | exact break-group ends and unary break-group thresholds | exact schedule <-> usedSlot channeling | (43) exactly |Mp| reduced usedSlot variables | (44) atMost 2|L| busy participants per slot | (45) exact even number of busy participants | historical hard cap Delta_G <= 2",,,result
,,,,,,,,,forumt-14crafe.forb0003,b2b-c01cad6050109082,b2b-lineage-forumt-14crafe,forbidden,R-PW-DE-ST-BGD2-NIS-CD-IC12P,Reduced,Filter-E*,Pairwise,Direct-E,SpanThreshold,BreakGroupsD2,NonIncrementalSAT,IC12+,UNSAT,UNSAT,,,bg_d2,,,,,,,,0.155737,False,43.867,,,,Compact,Compact/Reduced,project_implementation,restart-based multi-phase SAT,31594,,,,,,,83895,0,83895,2341,29253,202828,60,cfg5__m-reduced__p-pairwise__g-direct__b-span_threshold__o-break_groups_d2__s-nonincrementalsat__i-imp12plus__backend-cadical,cfg5__m-reduced__p-pairwise__g-direct__b-span_threshold__o-break_groups_d2__s-nonincrementalsat__i-imp12plus__backend-cadical,reduced,distance_closure,pairwise,direct,NonIncrementalSAT,CaDiCaL,1.5.3,imp12+,span_threshold,total_break_groups_subject_to_range_at_most_2,BGD2,IC12P,202828,0,0,441,56427,22489,4536,,0,236,1,,,,,,0,0,0,0,0,,,"formalism-specific model size: SAT/MaxSAT reports base CNF and soft clauses, MIP reports variables/linear constraints/nonzeros, and CP reports integer variables plus linear/global constraints; SAT bound/totalizer overhead remains separate in optimizer_added_*",2360,2350,2341,2341,0,0,0,0,0,0,0,1,0.046348,0.002654,0.130062,,0.132716,0.023021,"wall-clock from immediately before reading/parsing the .dzn instance through model construction, optimization, solution decoding, and independent validation; excludes worker-process startup and result-file export",,,,,,,peak_process_tree_rss_mb,c01cad605010908283a22cd6327b688bc02bb90f058d47f1108329491cd0a8ea,forb0003,data_table06_forb/forumt-14crafe.forb0003.dzn,1,../noves/forumt-14crafe.forb0003.dzn,1,data_table06_forb/forumt-14crafe.forb0003.dzn,https://imae.udg.edu/Recerca/LAI/,https://ima.udg.edu/Recerca/lai/b2b/b2b.zip,ee1f440ab3f6db27ab712300ad3a54a31ffd5ec1e06f81a9ac37cb7202c56528,2026-08-10T10:42:19+00:00,7200.0,,ee80a6fbd8b513f7c010668495c39621a371266a,True,3.10.12,1.8.dev25,instance-20260810-085803,Linux-6.8.0-1064-gcp-x86_64-with-glibc2.35,x86_64,4,8,15988.059,1,0,/home/g24021555/Business-Meeting-Scheduling-Problem/.venv/bin/python3 /home/g24021555/Business-Meeting-Scheduling-Problem/src/Main.py --manifest instances_manifest.csv --family forbidden --solver sat_all --objective-mode bg_d2 --domain-mode both --domain-filter-graph both --precedence-encoding both --precedence-graph both --encoding-variant imp12+ --sat-backend cadical --maxsat-backend uwrmaxsat --uwrmaxsat-bin /home/g24021555/uwrmaxsat/build/release/bin/uwrmaxsat --timeout 7200 --csv output/full_matrix_bg_d2_forbidden.csv,,,,,,,,multiple,,cadical,,traditional,pairwise+direct,,59,"1,2,3,4,5,6,7,8,9,10,11,12,13,14,15,16,17,18,20,21,22,23,24,25,26,27,28,29,30,31,32,33,34,35,36,37,38,39,40,41,42,43,44,45,46,47,48,49,50,51,52,53,54,55,56,57,58,59,60",2350,10,9,9,,,,,"journal objective family: bg_d2 | F-selected distance-labelled E* domain propagation and cycle detection | precedence configuration: F=distance_closure, P=pairwise, G=direct | Reduced Domain variables after unary filtering + matching GAC + slot saturation | (20),(22)-(27) exactly once over reduced domains | (19) participant atMost-one per slot | (46),(47) clustered table capacity with compact forward channeling | (28) Pairwise precedence over direct distance-labelled relations | exact break-group ends and unary break-group thresholds | exact schedule <-> usedSlot channeling | (43) exactly |Mp| reduced usedSlot variables | (44) atMost 2|L| busy participants per slot | (45) exact even number of busy participants | historical hard cap Delta_G <= 2",,,result
,,,,,,,,,forumt-14crafe.forb0003,b2b-c01cad6050109082,b2b-lineage-forumt-14crafe,forbidden,R-PW-DE-ST-BGD2-UW-IC12P,Reduced,Filter-E*,Pairwise,Direct-E,SpanThreshold,BreakGroupsD2,UWrMaxSAT,IC12+,UNSAT,UNSAT,,,bg_d2,,,,,,,1,0.288174,False,51.996,,,,Compact,Compact/Reduced,project_implementation,one-shot weighted MaxSAT,31594,,,,,,,83895,236,84131,2341,29253,203064,60,cfg5__m-reduced__p-pairwise__g-direct__b-span_threshold__o-break_groups_d2__s-uwrmaxsat__i-imp12plus__backend-uwrmaxsat,cfg5__m-reduced__p-pairwise__g-direct__b-span_threshold__o-break_groups_d2__s-uwrmaxsat__i-imp12plus__backend-uwrmaxsat,reduced,distance_closure,pairwise,direct,UWrMaxSAT,UWrMaxSAT,binary-sha256:8c68c8a386d3d7847b50d315143c2bab60e3514e59510e84a649db83cb303876,imp12+,span_threshold,total_break_groups_subject_to_range_at_most_2,BGD2,IC12P,202828,236,1,441,56427,22489,4536,1,236,236,1,,,,,,0,0,0,0,0,,,"formalism-specific model size: SAT/MaxSAT reports base CNF and soft clauses, MIP reports variables/linear constraints/nonzeros, and CP reports integer variables plus linear/global constraints; SAT bound/totalizer overhead remains separate in optimizer_added_*",2360,2350,2341,2341,0,0,0,0,0,0,0,1,0.044656,0.002619,0.129837,,0.132456,0.155717,"wall-clock from immediately before reading/parsing the .dzn instance through model construction, optimization, solution decoding, and independent validation; excludes worker-process startup and result-file export",,,,,,,peak_process_tree_rss_mb,c01cad605010908283a22cd6327b688bc02bb90f058d47f1108329491cd0a8ea,forb0003,data_table06_forb/forumt-14crafe.forb0003.dzn,1,../noves/forumt-14crafe.forb0003.dzn,1,data_table06_forb/forumt-14crafe.forb0003.dzn,https://imae.udg.edu/Recerca/LAI/,https://ima.udg.edu/Recerca/lai/b2b/b2b.zip,ee1f440ab3f6db27ab712300ad3a54a31ffd5ec1e06f81a9ac37cb7202c56528,2026-08-10T10:42:19+00:00,7200.0,,ee80a6fbd8b513f7c010668495c39621a371266a,True,3.10.12,1.8.dev25,instance-20260810-085803,Linux-6.8.0-1064-gcp-x86_64-with-glibc2.35,x86_64,4,8,15988.059,1,0,/home/g24021555/Business-Meeting-Scheduling-Problem/.venv/bin/python3 /home/g24021555/Business-Meeting-Scheduling-Problem/src/Main.py --manifest instances_manifest.csv --family forbidden --solver sat_all --objective-mode bg_d2 --domain-mode both --domain-filter-graph both --precedence-encoding both --precedence-graph both --encoding-variant imp12+ --sat-backend cadical --maxsat-backend uwrmaxsat --uwrmaxsat-bin /home/g24021555/uwrmaxsat/build/release/bin/uwrmaxsat --timeout 7200 --csv output/full_matrix_bg_d2_forbidden.csv,/home/g24021555/uwrmaxsat/build/release/bin/uwrmaxsat,8c68c8a386d3d7847b50d315143c2bab60e3514e59510e84a649db83cb303876,/home/g24021555/uwrmaxsat/build/release/bin/uwrmaxsat -m /tmp/b2b_uwrmaxsat_t3ltcii5/forumt-14crafe.forb0003.wcnf,,process exit code=20,,,maxsat,uwrmaxsat,,/home/g24021555/uwrmaxsat/build/release/bin/uwrmaxsat,traditional,pairwise+direct,,59,"1,2,3,4,5,6,7,8,9,10,11,12,13,14,15,16,17,18,20,21,22,23,24,25,26,27,28,29,30,31,32,33,34,35,36,37,38,39,40,41,42,43,44,45,46,47,48,49,50,51,52,53,54,55,56,57,58,59,60",2350,10,9,9,,,,,"journal objective family: bg_d2 | F-selected distance-labelled E* domain propagation and cycle detection | precedence configuration: F=distance_closure, P=pairwise, G=direct | Reduced Domain variables after unary filtering + matching GAC + slot saturation | (20),(22)-(27) exactly once over reduced domains | (19) participant atMost-one per slot | (46),(47) clustered table capacity with compact forward channeling | (28) Pairwise precedence over direct distance-labelled relations | exact break-group ends and unary break-group thresholds | exact schedule <-> usedSlot channeling | (43) exactly |Mp| reduced usedSlot variables | (44) atMost 2|L| busy participants per slot | (45) exact even number of busy participants | historical hard cap Delta_G <= 2",,,result
,,,,,,,,,forumt-14crafe.forb0003,b2b-c01cad6050109082,b2b-lineage-forumt-14crafe,forbidden,R-PW-DC-ST-BGD2-IS-CD-IC12P,Reduced,Filter-E*,Pairwise,DistanceClosure-E*,SpanThreshold,BreakGroupsD2,IncrementalSAT,IC12+,UNSAT,UNSAT,,,bg_d2,,,,,,,,0.154359,False,43.797,,,,Compact,Compact/Reduced,project_implementation,incremental multi-phase SAT with persistent solver state,31594,,,,,,,83895,0,83895,2341,29253,202828,60,cfg5__m-reduced__p-pairwise__g-distance_closure__b-span_threshold__o-break_groups_d2__s-incrementalsat__i-imp12plus__backend-cadical,cfg5__m-reduced__p-pairwise__g-distance_closure__b-span_threshold__o-break_groups_d2__s-incrementalsat__i-imp12plus__backend-cadical,reduced,distance_closure,pairwise,distance_closure,IncrementalSAT,CaDiCaL,1.5.3,imp12+,span_threshold,total_break_groups_subject_to_range_at_most_2,BGD2,IC12P,202828,0,0,441,56427,22489,4536,,0,236,1,,,,,,0,0,0,0,0,,,"formalism-specific model size: SAT/MaxSAT reports base CNF and soft clauses, MIP reports variables/linear constraints/nonzeros, and CP reports integer variables plus linear/global constraints; SAT bound/totalizer overhead remains separate in optimizer_added_*",2360,2350,2341,2341,0,0,0,0,0,0,0,1,0.044746,0.002543,0.127213,,0.129756,0.024603,"wall-clock from immediately before reading/parsing the .dzn instance through model construction, optimization, solution decoding, and independent validation; excludes worker-process startup and result-file export",,,,,,,peak_process_tree_rss_mb,c01cad605010908283a22cd6327b688bc02bb90f058d47f1108329491cd0a8ea,forb0003,data_table06_forb/forumt-14crafe.forb0003.dzn,1,../noves/forumt-14crafe.forb0003.dzn,1,data_table06_forb/forumt-14crafe.forb0003.dzn,https://imae.udg.edu/Recerca/LAI/,https://ima.udg.edu/Recerca/lai/b2b/b2b.zip,ee1f440ab3f6db27ab712300ad3a54a31ffd5ec1e06f81a9ac37cb7202c56528,2026-08-10T10:42:19+00:00,7200.0,,ee80a6fbd8b513f7c010668495c39621a371266a,True,3.10.12,1.8.dev25,instance-20260810-085803,Linux-6.8.0-1064-gcp-x86_64-with-glibc2.35,x86_64,4,8,15988.059,1,0,/home/g24021555/Business-Meeting-Scheduling-Problem/.venv/bin/python3 /home/g24021555/Business-Meeting-Scheduling-Problem/src/Main.py --manifest instances_manifest.csv --family forbidden --solver sat_all --objective-mode bg_d2 --domain-mode both --domain-filter-graph both --precedence-encoding both --precedence-graph both --encoding-variant imp12+ --sat-backend cadical --maxsat-backend uwrmaxsat --uwrmaxsat-bin /home/g24021555/uwrmaxsat/build/release/bin/uwrmaxsat --timeout 7200 --csv output/full_matrix_bg_d2_forbidden.csv,,,,,,,,incremental,,cadical,,factorial,pairwise+distance_closure,,59,"1,2,3,4,5,6,7,8,9,10,11,12,13,14,15,16,17,18,20,21,22,23,24,25,26,27,28,29,30,31,32,33,34,35,36,37,38,39,40,41,42,43,44,45,46,47,48,49,50,51,52,53,54,55,56,57,58,59,60",2350,10,9,9,,,,,"journal objective family: bg_d2 | F-selected distance-labelled E* domain propagation and cycle detection | precedence configuration: F=distance_closure, P=pairwise, G=distance_closure | Reduced Domain variables after unary filtering + matching GAC + slot saturation | (20),(22)-(27) exactly once over reduced domains | (19) participant atMost-one per slot | (46),(47) clustered table capacity with compact forward channeling | (28) Pairwise precedence over distance_closure distance-labelled relations | exact break-group ends and unary break-group thresholds | exact schedule <-> usedSlot channeling | (43) exactly |Mp| reduced usedSlot variables | (44) atMost 2|L| busy participants per slot | (45) exact even number of busy participants | historical hard cap Delta_G <= 2",,,result
,,,,,,,,,forumt-14crafe.forb0003,b2b-c01cad6050109082,b2b-lineage-forumt-14crafe,forbidden,R-PW-DC-ST-BGD2-NIS-CD-IC12P,Reduced,Filter-E*,Pairwise,DistanceClosure-E*,SpanThreshold,BreakGroupsD2,NonIncrementalSAT,IC12+,UNSAT,UNSAT,,,bg_d2,,,,,,,,0.156627,False,43.789,,,,Compact,Compact/Reduced,project_implementation,restart-based multi-phase SAT,31594,,,,,,,83895,0,83895,2341,29253,202828,60,cfg5__m-reduced__p-pairwise__g-distance_closure__b-span_threshold__o-break_groups_d2__s-nonincrementalsat__i-imp12plus__backend-cadical,cfg5__m-reduced__p-pairwise__g-distance_closure__b-span_threshold__o-break_groups_d2__s-nonincrementalsat__i-imp12plus__backend-cadical,reduced,distance_closure,pairwise,distance_closure,NonIncrementalSAT,CaDiCaL,1.5.3,imp12+,span_threshold,total_break_groups_subject_to_range_at_most_2,BGD2,IC12P,202828,0,0,441,56427,22489,4536,,0,236,1,,,,,,0,0,0,0,0,,,"formalism-specific model size: SAT/MaxSAT reports base CNF and soft clauses, MIP reports variables/linear constraints/nonzeros, and CP reports integer variables plus linear/global constraints; SAT bound/totalizer overhead remains separate in optimizer_added_*",2360,2350,2341,2341,0,0,0,0,0,0,0,1,0.046322,0.002659,0.129951,,0.132609,0.024017,"wall-clock from immediately before reading/parsing the .dzn instance through model construction, optimization, solution decoding, and independent validation; excludes worker-process startup and result-file export",,,,,,,peak_process_tree_rss_mb,c01cad605010908283a22cd6327b688bc02bb90f058d47f1108329491cd0a8ea,forb0003,data_table06_forb/forumt-14crafe.forb0003.dzn,1,../noves/forumt-14crafe.forb0003.dzn,1,data_table06_forb/forumt-14crafe.forb0003.dzn,https://imae.udg.edu/Recerca/LAI/,https://ima.udg.edu/Recerca/lai/b2b/b2b.zip,ee1f440ab3f6db27ab712300ad3a54a31ffd5ec1e06f81a9ac37cb7202c56528,2026-08-10T10:42:19+00:00,7200.0,,ee80a6fbd8b513f7c010668495c39621a371266a,True,3.10.12,1.8.dev25,instance-20260810-085803,Linux-6.8.0-1064-gcp-x86_64-with-glibc2.35,x86_64,4,8,15988.059,1,0,/home/g24021555/Business-Meeting-Scheduling-Problem/.venv/bin/python3 /home/g24021555/Business-Meeting-Scheduling-Problem/src/Main.py --manifest instances_manifest.csv --family forbidden --solver sat_all --objective-mode bg_d2 --domain-mode both --domain-filter-graph both --precedence-encoding both --precedence-graph both --encoding-variant imp12+ --sat-backend cadical --maxsat-backend uwrmaxsat --uwrmaxsat-bin /home/g24021555/uwrmaxsat/build/release/bin/uwrmaxsat --timeout 7200 --csv output/full_matrix_bg_d2_forbidden.csv,,,,,,,,multiple,,cadical,,factorial,pairwise+distance_closure,,59,"1,2,3,4,5,6,7,8,9,10,11,12,13,14,15,16,17,18,20,21,22,23,24,25,26,27,28,29,30,31,32,33,34,35,36,37,38,39,40,41,42,43,44,45,46,47,48,49,50,51,52,53,54,55,56,57,58,59,60",2350,10,9,9,,,,,"journal objective family: bg_d2 | F-selected distance-labelled E* domain propagation and cycle detection | precedence configuration: F=distance_closure, P=pairwise, G=distance_closure | Reduced Domain variables after unary filtering + matching GAC + slot saturation | (20),(22)-(27) exactly once over reduced domains | (19) participant atMost-one per slot | (46),(47) clustered table capacity with compact forward channeling | (28) Pairwise precedence over distance_closure distance-labelled relations | exact break-group ends and unary break-group thresholds | exact schedule <-> usedSlot channeling | (43) exactly |Mp| reduced usedSlot variables | (44) atMost 2|L| busy participants per slot | (45) exact even number of busy participants | historical hard cap Delta_G <= 2",,,result
,,,,,,,,,forumt-14crafe.forb0003,b2b-c01cad6050109082,b2b-lineage-forumt-14crafe,forbidden,R-PW-DC-ST-BGD2-UW-IC12P,Reduced,Filter-E*,Pairwise,DistanceClosure-E*,SpanThreshold,BreakGroupsD2,UWrMaxSAT,IC12+,UNSAT,UNSAT,,,bg_d2,,,,,,,1,0.29282,False,62.355,,,,Compact,Compact/Reduced,project_implementation,one-shot weighted MaxSAT,31594,,,,,,,83895,236,84131,2341,29253,203064,60,cfg5__m-reduced__p-pairwise__g-distance_closure__b-span_threshold__o-break_groups_d2__s-uwrmaxsat__i-imp12plus__backend-uwrmaxsat,cfg5__m-reduced__p-pairwise__g-distance_closure__b-span_threshold__o-break_groups_d2__s-uwrmaxsat__i-imp12plus__backend-uwrmaxsat,reduced,distance_closure,pairwise,distance_closure,UWrMaxSAT,UWrMaxSAT,binary-sha256:8c68c8a386d3d7847b50d315143c2bab60e3514e59510e84a649db83cb303876,imp12+,span_threshold,total_break_groups_subject_to_range_at_most_2,BGD2,IC12P,202828,236,1,441,56427,22489,4536,1,236,236,1,,,,,,0,0,0,0,0,,,"formalism-specific model size: SAT/MaxSAT reports base CNF and soft clauses, MIP reports variables/linear constraints/nonzeros, and CP reports integer variables plus linear/global constraints; SAT bound/totalizer overhead remains separate in optimizer_added_*",2360,2350,2341,2341,0,0,0,0,0,0,0,1,0.046917,0.002685,0.131306,,0.133992,0.158828,"wall-clock from immediately before reading/parsing the .dzn instance through model construction, optimization, solution decoding, and independent validation; excludes worker-process startup and result-file export",,,,,,,peak_process_tree_rss_mb,c01cad605010908283a22cd6327b688bc02bb90f058d47f1108329491cd0a8ea,forb0003,data_table06_forb/forumt-14crafe.forb0003.dzn,1,../noves/forumt-14crafe.forb0003.dzn,1,data_table06_forb/forumt-14crafe.forb0003.dzn,https://imae.udg.edu/Recerca/LAI/,https://ima.udg.edu/Recerca/lai/b2b/b2b.zip,ee1f440ab3f6db27ab712300ad3a54a31ffd5ec1e06f81a9ac37cb7202c56528,2026-08-10T10:42:19+00:00,7200.0,,ee80a6fbd8b513f7c010668495c39621a371266a,True,3.10.12,1.8.dev25,instance-20260810-085803,Linux-6.8.0-1064-gcp-x86_64-with-glibc2.35,x86_64,4,8,15988.059,1,0,/home/g24021555/Business-Meeting-Scheduling-Problem/.venv/bin/python3 /home/g24021555/Business-Meeting-Scheduling-Problem/src/Main.py --manifest instances_manifest.csv --family forbidden --solver sat_all --objective-mode bg_d2 --domain-mode both --domain-filter-graph both --precedence-encoding both --precedence-graph both --encoding-variant imp12+ --sat-backend cadical --maxsat-backend uwrmaxsat --uwrmaxsat-bin /home/g24021555/uwrmaxsat/build/release/bin/uwrmaxsat --timeout 7200 --csv output/full_matrix_bg_d2_forbidden.csv,/home/g24021555/uwrmaxsat/build/release/bin/uwrmaxsat,8c68c8a386d3d7847b50d315143c2bab60e3514e59510e84a649db83cb303876,/home/g24021555/uwrmaxsat/build/release/bin/uwrmaxsat -m /tmp/b2b_uwrmaxsat_yf4d4leo/forumt-14crafe.forb0003.wcnf,,process exit code=20,,,maxsat,uwrmaxsat,,/home/g24021555/uwrmaxsat/build/release/bin/uwrmaxsat,factorial,pairwise+distance_closure,,59,"1,2,3,4,5,6,7,8,9,10,11,12,13,14,15,16,17,18,20,21,22,23,24,25,26,27,28,29,30,31,32,33,34,35,36,37,38,39,40,41,42,43,44,45,46,47,48,49,50,51,52,53,54,55,56,57,58,59,60",2350,10,9,9,,,,,"journal objective family: bg_d2 | F-selected distance-labelled E* domain propagation and cycle detection | precedence configuration: F=distance_closure, P=pairwise, G=distance_closure | Reduced Domain variables after unary filtering + matching GAC + slot saturation | (20),(22)-(27) exactly once over reduced domains | (19) participant atMost-one per slot | (46),(47) clustered table capacity with compact forward channeling | (28) Pairwise precedence over distance_closure distance-labelled relations | exact break-group ends and unary break-group thresholds | exact schedule <-> usedSlot channeling | (43) exactly |Mp| reduced usedSlot variables | (44) atMost 2|L| busy participants per slot | (45) exact even number of busy participants | historical hard cap Delta_G <= 2",,,result
,,,,,,,,,forumt-14crafe.forb0003,b2b-c01cad6050109082,b2b-lineage-forumt-14crafe,forbidden,R-SS-DE-ST-BGD2-IS-CD-IC12P,Reduced,Filter-E*,SparseSuffix,Direct-E,SpanThreshold,BreakGroupsD2,IncrementalSAT,IC12+,UNSAT,UNSAT,,,bg_d2,,,,,,,,0.158178,False,43.77,,,,Compact,Compact/Reduced,project_implementation,incremental multi-phase SAT with persistent solver state,31594,,,,,,,83895,0,83895,2341,29253,202828,60,cfg5__m-reduced__p-sparse_suffix__g-direct__b-span_threshold__o-break_groups_d2__s-incrementalsat__i-imp12plus__backend-cadical,cfg5__m-reduced__p-sparse_suffix__g-direct__b-span_threshold__o-break_groups_d2__s-incrementalsat__i-imp12plus__backend-cadical,reduced,distance_closure,sparse_suffix,direct,IncrementalSAT,CaDiCaL,1.5.3,imp12+,span_threshold,total_break_groups_subject_to_range_at_most_2,BGD2,IC12P,202828,0,0,441,56427,22489,4536,,0,236,1,,,,,,0,0,0,0,0,,,"formalism-specific model size: SAT/MaxSAT reports base CNF and soft clauses, MIP reports variables/linear constraints/nonzeros, and CP reports integer variables plus linear/global constraints; SAT bound/totalizer overhead remains separate in optimizer_added_*",2360,2350,2341,2341,0,0,0,0,0,0,0,1,0.045055,0.002615,0.130501,,0.133116,0.025062,"wall-clock from immediately before reading/parsing the .dzn instance through model construction, optimization, solution decoding, and independent validation; excludes worker-process startup and result-file export",,,,,,,peak_process_tree_rss_mb,c01cad605010908283a22cd6327b688bc02bb90f058d47f1108329491cd0a8ea,forb0003,data_table06_forb/forumt-14crafe.forb0003.dzn,1,../noves/forumt-14crafe.forb0003.dzn,1,data_table06_forb/forumt-14crafe.forb0003.dzn,https://imae.udg.edu/Recerca/LAI/,https://ima.udg.edu/Recerca/lai/b2b/b2b.zip,ee1f440ab3f6db27ab712300ad3a54a31ffd5ec1e06f81a9ac37cb7202c56528,2026-08-10T10:42:19+00:00,7200.0,,ee80a6fbd8b513f7c010668495c39621a371266a,True,3.10.12,1.8.dev25,instance-20260810-085803,Linux-6.8.0-1064-gcp-x86_64-with-glibc2.35,x86_64,4,8,15988.059,1,0,/home/g24021555/Business-Meeting-Scheduling-Problem/.venv/bin/python3 /home/g24021555/Business-Meeting-Scheduling-Problem/src/Main.py --manifest instances_manifest.csv --family forbidden --solver sat_all --objective-mode bg_d2 --domain-mode both --domain-filter-graph both --precedence-encoding both --precedence-graph both --encoding-variant imp12+ --sat-backend cadical --maxsat-backend uwrmaxsat --uwrmaxsat-bin /home/g24021555/uwrmaxsat/build/release/bin/uwrmaxsat --timeout 7200 --csv output/full_matrix_bg_d2_forbidden.csv,,,,,,,,incremental,,cadical,,factorial,sparse_suffix+direct,,59,"1,2,3,4,5,6,7,8,9,10,11,12,13,14,15,16,17,18,20,21,22,23,24,25,26,27,28,29,30,31,32,33,34,35,36,37,38,39,40,41,42,43,44,45,46,47,48,49,50,51,52,53,54,55,56,57,58,59,60",2350,10,9,9,,,,,"journal objective family: bg_d2 | F-selected distance-labelled E* domain propagation and cycle detection | precedence configuration: F=distance_closure, P=sparse_suffix, G=direct | Reduced Domain variables after unary filtering + matching GAC + slot saturation | (20),(22)-(27) exactly once over reduced domains | (19) participant atMost-one per slot | (46),(47) clustered table capacity with compact forward channeling | (28) SparseSuffix precedence over direct distance-labelled relations | exact break-group ends and unary break-group thresholds | exact schedule <-> usedSlot channeling | (43) exactly |Mp| reduced usedSlot variables | (44) atMost 2|L| busy participants per slot | (45) exact even number of busy participants | historical hard cap Delta_G <= 2",,,result
,,,,,,,,,forumt-14crafe.forb0003,b2b-c01cad6050109082,b2b-lineage-forumt-14crafe,forbidden,R-SS-DE-ST-BGD2-NIS-CD-IC12P,Reduced,Filter-E*,SparseSuffix,Direct-E,SpanThreshold,BreakGroupsD2,NonIncrementalSAT,IC12+,UNSAT,UNSAT,,,bg_d2,,,,,,,,0.155143,False,43.812,,,,Compact,Compact/Reduced,project_implementation,restart-based multi-phase SAT,31594,,,,,,,83895,0,83895,2341,29253,202828,60,cfg5__m-reduced__p-sparse_suffix__g-direct__b-span_threshold__o-break_groups_d2__s-nonincrementalsat__i-imp12plus__backend-cadical,cfg5__m-reduced__p-sparse_suffix__g-direct__b-span_threshold__o-break_groups_d2__s-nonincrementalsat__i-imp12plus__backend-cadical,reduced,distance_closure,sparse_suffix,direct,NonIncrementalSAT,CaDiCaL,1.5.3,imp12+,span_threshold,total_break_groups_subject_to_range_at_most_2,BGD2,IC12P,202828,0,0,441,56427,22489,4536,,0,236,1,,,,,,0,0,0,0,0,,,"formalism-specific model size: SAT/MaxSAT reports base CNF and soft clauses, MIP reports variables/linear constraints/nonzeros, and CP reports integer variables plus linear/global constraints; SAT bound/totalizer overhead remains separate in optimizer_added_*",2360,2350,2341,2341,0,0,0,0,0,0,0,1,0.044229,0.002644,0.126851,,0.129495,0.025649,"wall-clock from immediately before reading/parsing the .dzn instance through model construction, optimization, solution decoding, and independent validation; excludes worker-process startup and result-file export",,,,,,,peak_process_tree_rss_mb,c01cad605010908283a22cd6327b688bc02bb90f058d47f1108329491cd0a8ea,forb0003,data_table06_forb/forumt-14crafe.forb0003.dzn,1,../noves/forumt-14crafe.forb0003.dzn,1,data_table06_forb/forumt-14crafe.forb0003.dzn,https://imae.udg.edu/Recerca/LAI/,https://ima.udg.edu/Recerca/lai/b2b/b2b.zip,ee1f440ab3f6db27ab712300ad3a54a31ffd5ec1e06f81a9ac37cb7202c56528,2026-08-10T10:42:19+00:00,7200.0,,ee80a6fbd8b513f7c010668495c39621a371266a,True,3.10.12,1.8.dev25,instance-20260810-085803,Linux-6.8.0-1064-gcp-x86_64-with-glibc2.35,x86_64,4,8,15988.059,1,0,/home/g24021555/Business-Meeting-Scheduling-Problem/.venv/bin/python3 /home/g24021555/Business-Meeting-Scheduling-Problem/src/Main.py --manifest instances_manifest.csv --family forbidden --solver sat_all --objective-mode bg_d2 --domain-mode both --domain-filter-graph both --precedence-encoding both --precedence-graph both --encoding-variant imp12+ --sat-backend cadical --maxsat-backend uwrmaxsat --uwrmaxsat-bin /home/g24021555/uwrmaxsat/build/release/bin/uwrmaxsat --timeout 7200 --csv output/full_matrix_bg_d2_forbidden.csv,,,,,,,,multiple,,cadical,,factorial,sparse_suffix+direct,,59,"1,2,3,4,5,6,7,8,9,10,11,12,13,14,15,16,17,18,20,21,22,23,24,25,26,27,28,29,30,31,32,33,34,35,36,37,38,39,40,41,42,43,44,45,46,47,48,49,50,51,52,53,54,55,56,57,58,59,60",2350,10,9,9,,,,,"journal objective family: bg_d2 | F-selected distance-labelled E* domain propagation and cycle detection | precedence configuration: F=distance_closure, P=sparse_suffix, G=direct | Reduced Domain variables after unary filtering + matching GAC + slot saturation | (20),(22)-(27) exactly once over reduced domains | (19) participant atMost-one per slot | (46),(47) clustered table capacity with compact forward channeling | (28) SparseSuffix precedence over direct distance-labelled relations | exact break-group ends and unary break-group thresholds | exact schedule <-> usedSlot channeling | (43) exactly |Mp| reduced usedSlot variables | (44) atMost 2|L| busy participants per slot | (45) exact even number of busy participants | historical hard cap Delta_G <= 2",,,result
,,,,,,,,,forumt-14crafe.forb0003,b2b-c01cad6050109082,b2b-lineage-forumt-14crafe,forbidden,R-SS-DE-ST-BGD2-UW-IC12P,Reduced,Filter-E*,SparseSuffix,Direct-E,SpanThreshold,BreakGroupsD2,UWrMaxSAT,IC12+,UNSAT,UNSAT,,,bg_d2,,,,,,,1,0.296977,False,62.234,,,,Compact,Compact/Reduced,project_implementation,one-shot weighted MaxSAT,31594,,,,,,,83895,236,84131,2341,29253,203064,60,cfg5__m-reduced__p-sparse_suffix__g-direct__b-span_threshold__o-break_groups_d2__s-uwrmaxsat__i-imp12plus__backend-uwrmaxsat,cfg5__m-reduced__p-sparse_suffix__g-direct__b-span_threshold__o-break_groups_d2__s-uwrmaxsat__i-imp12plus__backend-uwrmaxsat,reduced,distance_closure,sparse_suffix,direct,UWrMaxSAT,UWrMaxSAT,binary-sha256:8c68c8a386d3d7847b50d315143c2bab60e3514e59510e84a649db83cb303876,imp12+,span_threshold,total_break_groups_subject_to_range_at_most_2,BGD2,IC12P,202828,236,1,441,56427,22489,4536,1,236,236,1,,,,,,0,0,0,0,0,,,"formalism-specific model size: SAT/MaxSAT reports base CNF and soft clauses, MIP reports variables/linear constraints/nonzeros, and CP reports integer variables plus linear/global constraints; SAT bound/totalizer overhead remains separate in optimizer_added_*",2360,2350,2341,2341,0,0,0,0,0,0,0,1,0.045253,0.002613,0.133097,,0.13571,0.161266,"wall-clock from immediately before reading/parsing the .dzn instance through model construction, optimization, solution decoding, and independent validation; excludes worker-process startup and result-file export",,,,,,,peak_process_tree_rss_mb,c01cad605010908283a22cd6327b688bc02bb90f058d47f1108329491cd0a8ea,forb0003,data_table06_forb/forumt-14crafe.forb0003.dzn,1,../noves/forumt-14crafe.forb0003.dzn,1,data_table06_forb/forumt-14crafe.forb0003.dzn,https://imae.udg.edu/Recerca/LAI/,https://ima.udg.edu/Recerca/lai/b2b/b2b.zip,ee1f440ab3f6db27ab712300ad3a54a31ffd5ec1e06f81a9ac37cb7202c56528,2026-08-10T10:42:19+00:00,7200.0,,ee80a6fbd8b513f7c010668495c39621a371266a,True,3.10.12,1.8.dev25,instance-20260810-085803,Linux-6.8.0-1064-gcp-x86_64-with-glibc2.35,x86_64,4,8,15988.059,1,0,/home/g24021555/Business-Meeting-Scheduling-Problem/.venv/bin/python3 /home/g24021555/Business-Meeting-Scheduling-Problem/src/Main.py --manifest instances_manifest.csv --family forbidden --solver sat_all --objective-mode bg_d2 --domain-mode both --domain-filter-graph both --precedence-encoding both --precedence-graph both --encoding-variant imp12+ --sat-backend cadical --maxsat-backend uwrmaxsat --uwrmaxsat-bin /home/g24021555/uwrmaxsat/build/release/bin/uwrmaxsat --timeout 7200 --csv output/full_matrix_bg_d2_forbidden.csv,/home/g24021555/uwrmaxsat/build/release/bin/uwrmaxsat,8c68c8a386d3d7847b50d315143c2bab60e3514e59510e84a649db83cb303876,/home/g24021555/uwrmaxsat/build/release/bin/uwrmaxsat -m /tmp/b2b_uwrmaxsat_ijbwo0c0/forumt-14crafe.forb0003.wcnf,,process exit code=20,,,maxsat,uwrmaxsat,,/home/g24021555/uwrmaxsat/build/release/bin/uwrmaxsat,factorial,sparse_suffix+direct,,59,"1,2,3,4,5,6,7,8,9,10,11,12,13,14,15,16,17,18,20,21,22,23,24,25,26,27,28,29,30,31,32,33,34,35,36,37,38,39,40,41,42,43,44,45,46,47,48,49,50,51,52,53,54,55,56,57,58,59,60",2350,10,9,9,,,,,"journal objective family: bg_d2 | F-selected distance-labelled E* domain propagation and cycle detection | precedence configuration: F=distance_closure, P=sparse_suffix, G=direct | Reduced Domain variables after unary filtering + matching GAC + slot saturation | (20),(22)-(27) exactly once over reduced domains | (19) participant atMost-one per slot | (46),(47) clustered table capacity with compact forward channeling | (28) SparseSuffix precedence over direct distance-labelled relations | exact break-group ends and unary break-group thresholds | exact schedule <-> usedSlot channeling | (43) exactly |Mp| reduced usedSlot variables | (44) atMost 2|L| busy participants per slot | (45) exact even number of busy participants | historical hard cap Delta_G <= 2",,,result
,,,,,,,,,forumt-14crafe.forb0003,b2b-c01cad6050109082,b2b-lineage-forumt-14crafe,forbidden,R-SS-DC-ST-BGD2-IS-CD-IC12P,Reduced,Filter-E*,SparseSuffix,DistanceClosure-E*,SpanThreshold,BreakGroupsD2,IncrementalSAT,IC12+,UNSAT,UNSAT,,,bg_d2,,,,,,,,0.156791,False,43.91,,,,Compact,Compact/Reduced,project_implementation,incremental multi-phase SAT with persistent solver state,31594,,,,,,,83895,0,83895,2341,29253,202828,60,cfg5__m-reduced__p-sparse_suffix__g-distance_closure__b-span_threshold__o-break_groups_d2__s-incrementalsat__i-imp12plus__backend-cadical,cfg5__m-reduced__p-sparse_suffix__g-distance_closure__b-span_threshold__o-break_groups_d2__s-incrementalsat__i-imp12plus__backend-cadical,reduced,distance_closure,sparse_suffix,distance_closure,IncrementalSAT,CaDiCaL,1.5.3,imp12+,span_threshold,total_break_groups_subject_to_range_at_most_2,BGD2,IC12P,202828,0,0,441,56427,22489,4536,,0,236,1,,,,,,0,0,0,0,0,,,"formalism-specific model size: SAT/MaxSAT reports base CNF and soft clauses, MIP reports variables/linear constraints/nonzeros, and CP reports integer variables plus linear/global constraints; SAT bound/totalizer overhead remains separate in optimizer_added_*",2360,2350,2341,2341,0,0,0,0,0,0,0,1,0.045248,0.002628,0.12972,,0.132349,0.024442,"wall-clock from immediately before reading/parsing the .dzn instance through model construction, optimization, solution decoding, and independent validation; excludes worker-process startup and result-file export",,,,,,,peak_process_tree_rss_mb,c01cad605010908283a22cd6327b688bc02bb90f058d47f1108329491cd0a8ea,forb0003,data_table06_forb/forumt-14crafe.forb0003.dzn,1,../noves/forumt-14crafe.forb0003.dzn,1,data_table06_forb/forumt-14crafe.forb0003.dzn,https://imae.udg.edu/Recerca/LAI/,https://ima.udg.edu/Recerca/lai/b2b/b2b.zip,ee1f440ab3f6db27ab712300ad3a54a31ffd5ec1e06f81a9ac37cb7202c56528,2026-08-10T10:42:19+00:00,7200.0,,ee80a6fbd8b513f7c010668495c39621a371266a,True,3.10.12,1.8.dev25,instance-20260810-085803,Linux-6.8.0-1064-gcp-x86_64-with-glibc2.35,x86_64,4,8,15988.059,1,0,/home/g24021555/Business-Meeting-Scheduling-Problem/.venv/bin/python3 /home/g24021555/Business-Meeting-Scheduling-Problem/src/Main.py --manifest instances_manifest.csv --family forbidden --solver sat_all --objective-mode bg_d2 --domain-mode both --domain-filter-graph both --precedence-encoding both --precedence-graph both --encoding-variant imp12+ --sat-backend cadical --maxsat-backend uwrmaxsat --uwrmaxsat-bin /home/g24021555/uwrmaxsat/build/release/bin/uwrmaxsat --timeout 7200 --csv output/full_matrix_bg_d2_forbidden.csv,,,,,,,,incremental,,cadical,,staircase,sparse_suffix+distance_closure,,59,"1,2,3,4,5,6,7,8,9,10,11,12,13,14,15,16,17,18,20,21,22,23,24,25,26,27,28,29,30,31,32,33,34,35,36,37,38,39,40,41,42,43,44,45,46,47,48,49,50,51,52,53,54,55,56,57,58,59,60",2350,10,9,9,,,,,"journal objective family: bg_d2 | F-selected distance-labelled E* domain propagation and cycle detection | precedence configuration: F=distance_closure, P=sparse_suffix, G=distance_closure | Reduced Domain variables after unary filtering + matching GAC + slot saturation | (20),(22)-(27) exactly once over reduced domains | (19) participant atMost-one per slot | (46),(47) clustered table capacity with compact forward channeling | (28) SparseSuffix precedence over distance_closure distance-labelled relations | exact break-group ends and unary break-group thresholds | exact schedule <-> usedSlot channeling | (43) exactly |Mp| reduced usedSlot variables | (44) atMost 2|L| busy participants per slot | (45) exact even number of busy participants | historical hard cap Delta_G <= 2",,,result
,,,,,,,,,forumt-14crafe.forb0003,b2b-c01cad6050109082,b2b-lineage-forumt-14crafe,forbidden,R-SS-DC-ST-BGD2-NIS-CD-IC12P,Reduced,Filter-E*,SparseSuffix,DistanceClosure-E*,SpanThreshold,BreakGroupsD2,NonIncrementalSAT,IC12+,UNSAT,UNSAT,,,bg_d2,,,,,,,,0.157043,False,43.898,,,,Compact,Compact/Reduced,project_implementation,restart-based multi-phase SAT,31594,,,,,,,83895,0,83895,2341,29253,202828,60,cfg5__m-reduced__p-sparse_suffix__g-distance_closure__b-span_threshold__o-break_groups_d2__s-nonincrementalsat__i-imp12plus__backend-cadical,cfg5__m-reduced__p-sparse_suffix__g-distance_closure__b-span_threshold__o-break_groups_d2__s-nonincrementalsat__i-imp12plus__backend-cadical,reduced,distance_closure,sparse_suffix,distance_closure,NonIncrementalSAT,CaDiCaL,1.5.3,imp12+,span_threshold,total_break_groups_subject_to_range_at_most_2,BGD2,IC12P,202828,0,0,441,56427,22489,4536,,0,236,1,,,,,,0,0,0,0,0,,,"formalism-specific model size: SAT/MaxSAT reports base CNF and soft clauses, MIP reports variables/linear constraints/nonzeros, and CP reports integer variables plus linear/global constraints; SAT bound/totalizer overhead remains separate in optimizer_added_*",2360,2350,2341,2341,0,0,0,0,0,0,0,1,0.047529,0.003013,0.129494,,0.132507,0.024536,"wall-clock from immediately before reading/parsing the .dzn instance through model construction, optimization, solution decoding, and independent validation; excludes worker-process startup and result-file export",,,,,,,peak_process_tree_rss_mb,c01cad605010908283a22cd6327b688bc02bb90f058d47f1108329491cd0a8ea,forb0003,data_table06_forb/forumt-14crafe.forb0003.dzn,1,../noves/forumt-14crafe.forb0003.dzn,1,data_table06_forb/forumt-14crafe.forb0003.dzn,https://imae.udg.edu/Recerca/LAI/,https://ima.udg.edu/Recerca/lai/b2b/b2b.zip,ee1f440ab3f6db27ab712300ad3a54a31ffd5ec1e06f81a9ac37cb7202c56528,2026-08-10T10:42:19+00:00,7200.0,,ee80a6fbd8b513f7c010668495c39621a371266a,True,3.10.12,1.8.dev25,instance-20260810-085803,Linux-6.8.0-1064-gcp-x86_64-with-glibc2.35,x86_64,4,8,15988.059,1,0,/home/g24021555/Business-Meeting-Scheduling-Problem/.venv/bin/python3 /home/g24021555/Business-Meeting-Scheduling-Problem/src/Main.py --manifest instances_manifest.csv --family forbidden --solver sat_all --objective-mode bg_d2 --domain-mode both --domain-filter-graph both --precedence-encoding both --precedence-graph both --encoding-variant imp12+ --sat-backend cadical --maxsat-backend uwrmaxsat --uwrmaxsat-bin /home/g24021555/uwrmaxsat/build/release/bin/uwrmaxsat --timeout 7200 --csv output/full_matrix_bg_d2_forbidden.csv,,,,,,,,multiple,,cadical,,staircase,sparse_suffix+distance_closure,,59,"1,2,3,4,5,6,7,8,9,10,11,12,13,14,15,16,17,18,20,21,22,23,24,25,26,27,28,29,30,31,32,33,34,35,36,37,38,39,40,41,42,43,44,45,46,47,48,49,50,51,52,53,54,55,56,57,58,59,60",2350,10,9,9,,,,,"journal objective family: bg_d2 | F-selected distance-labelled E* domain propagation and cycle detection | precedence configuration: F=distance_closure, P=sparse_suffix, G=distance_closure | Reduced Domain variables after unary filtering + matching GAC + slot saturation | (20),(22)-(27) exactly once over reduced domains | (19) participant atMost-one per slot | (46),(47) clustered table capacity with compact forward channeling | (28) SparseSuffix precedence over distance_closure distance-labelled relations | exact break-group ends and unary break-group thresholds | exact schedule <-> usedSlot channeling | (43) exactly |Mp| reduced usedSlot variables | (44) atMost 2|L| busy participants per slot | (45) exact even number of busy participants | historical hard cap Delta_G <= 2",,,result
,,,,,,,,,forumt-14crafe.forb0003,b2b-c01cad6050109082,b2b-lineage-forumt-14crafe,forbidden,R-SS-DC-ST-BGD2-UW-IC12P,Reduced,Filter-E*,SparseSuffix,DistanceClosure-E*,SpanThreshold,BreakGroupsD2,UWrMaxSAT,IC12+,UNSAT,UNSAT,,,bg_d2,,,,,,,1,0.295903,False,62.395,,,,Compact,Compact/Reduced,project_implementation,one-shot weighted MaxSAT,31594,,,,,,,83895,236,84131,2341,29253,203064,60,cfg5__m-reduced__p-sparse_suffix__g-distance_closure__b-span_threshold__o-break_groups_d2__s-uwrmaxsat__i-imp12plus__backend-uwrmaxsat,cfg5__m-reduced__p-sparse_suffix__g-distance_closure__b-span_threshold__o-break_groups_d2__s-uwrmaxsat__i-imp12plus__backend-uwrmaxsat,reduced,distance_closure,sparse_suffix,distance_closure,UWrMaxSAT,UWrMaxSAT,binary-sha256:8c68c8a386d3d7847b50d315143c2bab60e3514e59510e84a649db83cb303876,imp12+,span_threshold,total_break_groups_subject_to_range_at_most_2,BGD2,IC12P,202828,236,1,441,56427,22489,4536,1,236,236,1,,,,,,0,0,0,0,0,,,"formalism-specific model size: SAT/MaxSAT reports base CNF and soft clauses, MIP reports variables/linear constraints/nonzeros, and CP reports integer variables plus linear/global constraints; SAT bound/totalizer overhead remains separate in optimizer_added_*",2360,2350,2341,2341,0,0,0,0,0,0,0,1,0.044976,0.003023,0.131356,,0.134379,0.161524,"wall-clock from immediately before reading/parsing the .dzn instance through model construction, optimization, solution decoding, and independent validation; excludes worker-process startup and result-file export",,,,,,,peak_process_tree_rss_mb,c01cad605010908283a22cd6327b688bc02bb90f058d47f1108329491cd0a8ea,forb0003,data_table06_forb/forumt-14crafe.forb0003.dzn,1,../noves/forumt-14crafe.forb0003.dzn,1,data_table06_forb/forumt-14crafe.forb0003.dzn,https://imae.udg.edu/Recerca/LAI/,https://ima.udg.edu/Recerca/lai/b2b/b2b.zip,ee1f440ab3f6db27ab712300ad3a54a31ffd5ec1e06f81a9ac37cb7202c56528,2026-08-10T10:42:19+00:00,7200.0,,ee80a6fbd8b513f7c010668495c39621a371266a,True,3.10.12,1.8.dev25,instance-20260810-085803,Linux-6.8.0-1064-gcp-x86_64-with-glibc2.35,x86_64,4,8,15988.059,1,0,/home/g24021555/Business-Meeting-Scheduling-Problem/.venv/bin/python3 /home/g24021555/Business-Meeting-Scheduling-Problem/src/Main.py --manifest instances_manifest.csv --family forbidden --solver sat_all --objective-mode bg_d2 --domain-mode both --domain-filter-graph both --precedence-encoding both --precedence-graph both --encoding-variant imp12+ --sat-backend cadical --maxsat-backend uwrmaxsat --uwrmaxsat-bin /home/g24021555/uwrmaxsat/build/release/bin/uwrmaxsat --timeout 7200 --csv output/full_matrix_bg_d2_forbidden.csv,/home/g24021555/uwrmaxsat/build/release/bin/uwrmaxsat,8c68c8a386d3d7847b50d315143c2bab60e3514e59510e84a649db83cb303876,/home/g24021555/uwrmaxsat/build/release/bin/uwrmaxsat -m /tmp/b2b_uwrmaxsat_37n8u0kg/forumt-14crafe.forb0003.wcnf,,process exit code=20,,,maxsat,uwrmaxsat,,/home/g24021555/uwrmaxsat/build/release/bin/uwrmaxsat,staircase,sparse_suffix+distance_closure,,59,"1,2,3,4,5,6,7,8,9,10,11,12,13,14,15,16,17,18,20,21,22,23,24,25,26,27,28,29,30,31,32,33,34,35,36,37,38,39,40,41,42,43,44,45,46,47,48,49,50,51,52,53,54,55,56,57,58,59,60",2350,10,9,9,,,,,"journal objective family: bg_d2 | F-selected distance-labelled E* domain propagation and cycle detection | precedence configuration: F=distance_closure, P=sparse_suffix, G=distance_closure | Reduced Domain variables after unary filtering + matching GAC + slot saturation | (20),(22)-(27) exactly once over reduced domains | (19) participant atMost-one per slot | (46),(47) clustered table capacity with compact forward channeling | (28) SparseSuffix precedence over distance_closure distance-labelled relations | exact break-group ends and unary break-group thresholds | exact schedule <-> usedSlot channeling | (43) exactly |Mp| reduced usedSlot variables | (44) atMost 2|L| busy participants per slot | (45) exact even number of busy participants | historical hard cap Delta_G <= 2",,,result
,,,,,,,,,forum-13crafb.forb0007,b2b-d90b964c64463ef1,b2b-lineage-forum-13crafb,forbidden,F-PW-DE-ST-BGD2-IS-CD-IC12P,Full,Filter-E*,Pairwise,Direct-E,SpanThreshold,BreakGroupsD2,IncrementalSAT,IC12+,OPTIMAL,SAT,5,5,bg_d2,5,5,5,,,,,17.031843,False,220.559,,,,Compact,Compact/Full,project_implementation,incremental multi-phase SAT with persistent solver state,160658,,,,,,,345609,0,345609,4290,156368,962623,57,cfg5__m-full__p-pairwise__g-direct__b-span_threshold__o-break_groups_d2__s-incrementalsat__i-imp12plus__backend-cadical,cfg5__m-full__p-pairwise__g-direct__b-span_threshold__o-break_groups_d2__s-incrementalsat__i-imp12plus__backend-cadical,full,distance_closure,pairwise,direct,IncrementalSAT,CaDiCaL,1.5.3,imp12+,span_threshold,total_break_groups_subject_to_range_at_most_2,BGD2,IC12P,962623,0,0,1372,145374,132605,66258,,0,560,7,,,,,,1,4048,49412,143716,49412,16.088591337000253,6,"formalism-specific model size: SAT/MaxSAT reports base CNF and soft clauses, MIP reports variables/linear constraints/nonzeros, and CP reports integer variables plus linear/global constraints; SAT bound/totalizer overhead remains separate in optimizer_added_*",4290,3232,3232,4290,0,0,0,0,0,0,0,1,0.160808,0.002795,0.529581,,0.532376,16.499467,"wall-clock from immediately before reading/parsing the .dzn instance through model construction, optimization, solution decoding, and independent validation; excludes worker-process startup and result-file export",15,45,15,5,1,"1,0,1,0,0,0,0,0,0,0,0,0,0,0,0,0,0,0,0,0,0,0,1,0,0,0,0,0,0,0,0,0,0,0,0,0,1,0,0,0,0,0,0,0,0,0,0,0,0,0,0,0,0,0,0,0,0,1,0,0,0,0,0,0,0,0,0,0,0,0,0,0,0,0,0,0",peak_process_tree_rss_mb,d90b964c64463ef1eb0ae5ad516d527ac1137da3fc5750a3f33c6c3cd60d7c04,forb0007,data_table06_forb/forum-13crafb.forb0007.dzn,2,../noves/forum-13crafb.forb0007.dzn | ../noves/ticf-13crafb.forb0007.dzn,2,data_table06_forb/forum-13crafb.forb0007.dzn | data_table06_forb/ticf-13crafb.forb0007.dzn,https://imae.udg.edu/Recerca/LAI/,https://ima.udg.edu/Recerca/lai/b2b/b2b.zip,ee1f440ab3f6db27ab712300ad3a54a31ffd5ec1e06f81a9ac37cb7202c56528,2026-08-10T10:42:19+00:00,7200.0,,ee80a6fbd8b513f7c010668495c39621a371266a,True,3.10.12,1.8.dev25,instance-20260810-085803,Linux-6.8.0-1064-gcp-x86_64-with-glibc2.35,x86_64,4,8,15988.059,1,0,/home/g24021555/Business-Meeting-Scheduling-Problem/.venv/bin/python3 /home/g24021555/Business-Meeting-Scheduling-Problem/src/Main.py --manifest instances_manifest.csv --family forbidden --solver sat_all --objective-mode bg_d2 --domain-mode both --domain-filter-graph both --precedence-encoding both --precedence-graph both --encoding-variant imp12+ --sat-backend cadical --maxsat-backend uwrmaxsat --uwrmaxsat-bin /home/g24021555/uwrmaxsat/build/release/bin/uwrmaxsat --timeout 7200 --csv output/full_matrix_bg_d2_forbidden.csv,,,,,,,,incremental,,cadical,,traditional,pairwise+direct,5,56,"1,2,3,4,7,8,9,10,12,13,14,15,16,17,18,19,20,21,22,23,24,25,26,28,29,30,31,32,33,36,37,38,39,40,41,42,43,44,45,47,48,51,53,54,56,57,58,59,60,61,62,63,64,65,66,76",3232,1058,0,0,"9,0,4,0,0,0,0,0,0,0,0,0,0,0,0,0,0,0,0,0,0,0,15,0,0,0,0,0,0,0,0,0,0,0,0,0,15,0,0,0,0,0,0,0,0,0,0,0,0,0,0,0,0,0,0,0,0,2,0,0,0,0,0,0,0,0,0,0,0,0,0,0,0,0,0,0","4,6,8,10,16,16,20,22,28,28,28,28,28,28,28,26,22,18,12,8,4,2","7,13,11,12,10,6,10,14,17,15,13,8,12,9,14,13,11,15,18,17,14,12,15,10,11,8,15,13,5,3,12,11,12,15,16,7,8,9,6,16,13,15,4,10,19,16,13,10,7,12,17,5,14,18,9,14,11,16,17,19,14,11,10,15,13,16,12,19,18,13,11,9,8,7,2,14,4,12,10,5,3,12,11,9,13,16,15,9,8,10,9,10,9,16,13,17,18,21,15,19,20,14,22,17,15,14,16,7,14,8,12,6,15,5,13,15,10,9,6,12,11,7,8,14,21,18,20,19,6,8,3,2,1,15,13,20,10,17,4,9,16,7,5,11,14,20,16,18,17,19,17,16,18,9,11,10,16,14,18,12,15,13,17,4,5,7,12,6,9,8,11,1,10,3,2,13,7,9,4,5,16,18,17,6,14,11,12,8,8,10,9,11,6,7,5",1:M133 M172 | 2:M75 M132 M175 | 3:M30 M81 M131 M174 | 4:M43 M77 M139 M164 M179 | 5:M29 M52 M80 M114 M143 M165 M180 M195 | 6:M6 M39 M112 M119 M129 M168 M184 M193 | 7:M1 M36 M49 M74 M108 M122 M142 M166 M177 M194 | 8:M12 M26 M37 M73 M89 M110 M123 M130 M170 M188 M189 | 9:M14 M38 M55 M72 M84 M88 M91 M93 M118 M140 M154 M169 M178 M191 | 10:M5 M7 M24 M44 M48 M63 M79 M90 M92 M117 M137 M156 M173 M190 | 11:M3 M17 M25 M32 M57 M62 M71 M83 M121 M144 M155 M171 M186 M192 | 12:M4 M13 M22 M31 M33 M50 M67 M78 M82 M111 M120 M160 M167 M187 | 13:M2 M11 M16 M28 M41 M47 M65 M70 M85 M95 M115 M135 M162 M176 | 14:M8 M15 M21 M53 M56 M61 M76 M102 M106 M109 M124 M145 M158 M185 | 15:M10 M18 M23 M27 M34 M42 M64 M87 M99 M105 M113 M116 M134 M161 | 16:M35 M40 M46 M58 M66 M86 M94 M107 M141 M147 M152 M157 M181 | 17:M9 M20 M51 M59 M96 M104 M138 M149 M151 M163 M183 | 18:M19 M54 M69 M97 M126 M148 M153 M159 M182 | 19:M45 M60 M68 M100 M128 M150 | 20:M101 M127 M136 M146 | 21:M98 M125 | 22:M103,"journal objective family: bg_d2 | F-selected distance-labelled E* domain propagation and cycle detection | precedence configuration: F=distance_closure, P=pairwise, G=direct | Full Domain MxT schedule variables + explicit unary exclusions | (20),(22)-(27) exactly once over full domains | (22)-(27) session/fixed/forbidden exclusions as hard unit clauses | (19) participant atMost-one per slot | (46),(47) clustered table capacity with compact forward channeling | (28) Pairwise precedence over direct distance-labelled relations | exact break-group ends and unary break-group thresholds | exact schedule <-> usedSlot channeling | (43) exactly |Mp| full usedSlot variables | (44) atMost 2|L| busy participants per slot | (45) exact even number of busy participants | historical hard cap Delta_G <= 2",5,"(5,)",result
,,,,,,,,,forum-13crafb.forb0007,b2b-d90b964c64463ef1,b2b-lineage-forum-13crafb,forbidden,F-PW-DE-ST-BGD2-NIS-CD-IC12P,Full,Filter-E*,Pairwise,Direct-E,SpanThreshold,BreakGroupsD2,NonIncrementalSAT,IC12+,OPTIMAL,SAT,5,5,bg_d2,5,5,5,,,,,40.869966,False,225.137,,,,Compact,Compact/Full,project_implementation,restart-based multi-phase SAT,160658,,,,,,,345609,0,345609,4290,156368,962623,57,cfg5__m-full__p-pairwise__g-direct__b-span_threshold__o-break_groups_d2__s-nonincrementalsat__i-imp12plus__backend-cadical,cfg5__m-full__p-pairwise__g-direct__b-span_threshold__o-break_groups_d2__s-nonincrementalsat__i-imp12plus__backend-cadical,full,distance_closure,pairwise,direct,NonIncrementalSAT,CaDiCaL,1.5.3,imp12+,span_threshold,total_break_groups_subject_to_range_at_most_2,BGD2,IC12P,962623,0,0,1372,145374,132605,66258,,0,560,7,,,,,,7,22231,44936,111586,105120,39.943577633999666,6,"formalism-specific model size: SAT/MaxSAT reports base CNF and soft clauses, MIP reports variables/linear constraints/nonzeros, and CP reports integer variables plus linear/global constraints; SAT bound/totalizer overhead remains separate in optimizer_added_*",4290,3232,3232,4290,0,0,0,0,0,0,0,1,0.161619,0.00242,0.519768,,0.522188,40.347778,"wall-clock from immediately before reading/parsing the .dzn instance through model construction, optimization, solution decoding, and independent validation; excludes worker-process startup and result-file export",17,45,17,5,1,"0,0,0,0,0,0,0,0,0,0,0,0,0,0,0,0,0,0,0,1,0,1,1,0,0,0,0,0,0,0,0,0,0,0,0,0,1,0,0,0,0,0,0,0,0,0,0,0,0,0,0,0,0,0,0,0,0,1,0,0,0,0,0,0,0,0,0,0,0,0,0,0,0,0,0,0",peak_process_tree_rss_mb,d90b964c64463ef1eb0ae5ad516d527ac1137da3fc5750a3f33c6c3cd60d7c04,forb0007,data_table06_forb/forum-13crafb.forb0007.dzn,2,../noves/forum-13crafb.forb0007.dzn | ../noves/ticf-13crafb.forb0007.dzn,2,data_table06_forb/forum-13crafb.forb0007.dzn | data_table06_forb/ticf-13crafb.forb0007.dzn,https://imae.udg.edu/Recerca/LAI/,https://ima.udg.edu/Recerca/lai/b2b/b2b.zip,ee1f440ab3f6db27ab712300ad3a54a31ffd5ec1e06f81a9ac37cb7202c56528,2026-08-10T10:42:19+00:00,7200.0,,ee80a6fbd8b513f7c010668495c39621a371266a,True,3.10.12,1.8.dev25,instance-20260810-085803,Linux-6.8.0-1064-gcp-x86_64-with-glibc2.35,x86_64,4,8,15988.059,1,0,/home/g24021555/Business-Meeting-Scheduling-Problem/.venv/bin/python3 /home/g24021555/Business-Meeting-Scheduling-Problem/src/Main.py --manifest instances_manifest.csv --family forbidden --solver sat_all --objective-mode bg_d2 --domain-mode both --domain-filter-graph both --precedence-encoding both --precedence-graph both --encoding-variant imp12+ --sat-backend cadical --maxsat-backend uwrmaxsat --uwrmaxsat-bin /home/g24021555/uwrmaxsat/build/release/bin/uwrmaxsat --timeout 7200 --csv output/full_matrix_bg_d2_forbidden.csv,,,,,,,,multiple,,cadical,,traditional,pairwise+direct,5,56,"1,2,3,4,7,8,9,10,12,13,14,15,16,17,18,19,20,21,22,23,24,25,26,28,29,30,31,32,33,36,37,38,39,40,41,42,43,44,45,47,48,51,53,54,56,57,58,59,60,61,62,63,64,65,66,76",3232,1058,0,0,"0,0,0,0,0,0,0,0,0,0,0,0,0,0,0,0,0,0,0,5,0,6,17,0,0,0,0,0,0,0,0,0,0,0,0,0,16,0,0,0,0,0,0,0,0,0,0,0,0,0,0,0,0,0,0,0,0,1,0,0,0,0,0,0,0,0,0,0,0,0,0,0,0,0,0,0","6,8,14,18,20,26,28,28,28,28,28,28,28,26,22,16,14,10,6,4,2,2","6,13,12,10,11,7,4,14,12,10,13,9,12,8,15,13,10,14,15,16,14,7,17,8,11,10,5,6,6,2,8,7,11,17,18,8,3,11,6,13,16,14,1,15,17,15,13,11,12,9,18,4,16,14,6,5,7,7,4,5,14,8,9,15,13,18,12,16,17,13,3,6,7,10,5,15,1,9,12,4,2,12,9,10,14,15,13,10,8,9,7,12,11,18,13,14,20,21,16,17,19,15,22,13,9,11,10,12,8,14,11,10,9,10,7,13,3,4,5,12,11,6,9,8,8,5,7,6,9,8,2,7,11,15,13,17,10,16,19,4,14,20,3,6,5,9,6,8,7,14,10,12,11,15,10,11,19,14,18,16,13,12,17,11,10,5,12,7,9,8,4,3,6,2,1,13,9,7,4,3,15,6,11,8,16,14,12,5,6,7,5,9,4,8,3",1:M43 M77 M175 | 2:M30 M81 M131 M174 | 3:M37 M71 M117 M143 M172 M180 M195 | 4:M7 M52 M59 M80 M118 M140 M171 M179 M193 | 5:M27 M56 M60 M75 M119 M126 M145 M166 M188 M191 | 6:M1 M28 M29 M39 M55 M72 M122 M128 M144 M147 M173 M182 M189 | 7:M6 M22 M32 M57 M58 M73 M91 M115 M127 M132 M149 M168 M178 M190 | 8:M14 M24 M31 M36 M62 M89 M109 M124 M125 M130 M148 M170 M184 M194 | 9:M12 M50 M63 M78 M83 M90 M105 M113 M123 M129 M146 M169 M177 M192 | 10:M4 M10 M17 M26 M74 M84 M88 M107 M112 M114 M137 M151 M155 M165 | 11:M5 M25 M33 M38 M48 M93 M106 M111 M121 M133 M153 M156 M164 M183 | 12:M3 M9 M13 M49 M67 M79 M82 M92 M108 M120 M152 M162 M167 M187 | 13:M2 M11 M16 M40 M47 M65 M70 M87 M95 M104 M116 M135 M161 M176 | 14:M8 M18 M21 M42 M54 M61 M85 M96 M110 M141 M150 M158 M186 | 15:M15 M19 M44 M46 M64 M76 M86 M102 M134 M154 M181 | 16:M20 M41 M53 M68 M99 M138 M160 M185 | 17:M23 M34 M45 M69 M100 M136 M163 | 18:M35 M51 M66 M94 M159 | 19:M101 M139 M157 | 20:M97 M142 | 21:M98 | 22:M103,"journal objective family: bg_d2 | F-selected distance-labelled E* domain propagation and cycle detection | precedence configuration: F=distance_closure, P=pairwise, G=direct | Full Domain MxT schedule variables + explicit unary exclusions | (20),(22)-(27) exactly once over full domains | (22)-(27) session/fixed/forbidden exclusions as hard unit clauses | (19) participant atMost-one per slot | (46),(47) clustered table capacity with compact forward channeling | (28) Pairwise precedence over direct distance-labelled relations | exact break-group ends and unary break-group thresholds | exact schedule <-> usedSlot channeling | (43) exactly |Mp| full usedSlot variables | (44) atMost 2|L| busy participants per slot | (45) exact even number of busy participants | historical hard cap Delta_G <= 2",5,"(5,)",result
,,,,,,,,,forum-13crafb.forb0007,b2b-d90b964c64463ef1,b2b-lineage-forum-13crafb,forbidden,F-PW-DE-ST-BGD2-UW-IC12P,Full,Filter-E*,Pairwise,Direct-E,SpanThreshold,BreakGroupsD2,UWrMaxSAT,IC12+,OPTIMAL,SAT,5,5,bg_d2,5,5,5,,,5,1,32.75237,False,260.762,,,,Compact,Compact/Full,project_implementation,one-shot weighted MaxSAT,160658,,,,,,,345609,560,346169,4290,156368,963183,57,cfg5__m-full__p-pairwise__g-direct__b-span_threshold__o-break_groups_d2__s-uwrmaxsat__i-imp12plus__backend-uwrmaxsat,cfg5__m-full__p-pairwise__g-direct__b-span_threshold__o-break_groups_d2__s-uwrmaxsat__i-imp12plus__backend-uwrmaxsat,full,distance_closure,pairwise,direct,UWrMaxSAT,UWrMaxSAT,binary-sha256:8c68c8a386d3d7847b50d315143c2bab60e3514e59510e84a649db83cb303876,imp12+,span_threshold,total_break_groups_subject_to_range_at_most_2,BGD2,IC12P,962623,560,1,1372,145374,132605,66258,1,560,560,1,,,,,,0,0,0,0,0,,,"formalism-specific model size: SAT/MaxSAT reports base CNF and soft clauses, MIP reports variables/linear constraints/nonzeros, and CP reports integer variables plus linear/global constraints; SAT bound/totalizer overhead remains separate in optimizer_added_*",4290,3232,3232,4290,0,0,0,0,0,0,0,1,0.15715,0.002731,0.521744,,0.524475,32.227895,"wall-clock from immediately before reading/parsing the .dzn instance through model construction, optimization, solution decoding, and independent validation; excludes worker-process startup and result-file export",17,40,17,5,1,"0,0,0,0,0,0,0,0,0,0,0,0,0,0,0,0,0,0,1,1,0,0,1,0,0,0,0,0,0,0,0,0,1,0,0,0,0,0,0,0,0,0,0,0,0,0,0,0,0,0,0,0,0,0,0,0,0,1,0,0,0,0,0,0,0,0,0,0,0,0,0,0,0,0,0,0",peak_process_tree_rss_mb,d90b964c64463ef1eb0ae5ad516d527ac1137da3fc5750a3f33c6c3cd60d7c04,forb0007,data_table06_forb/forum-13crafb.forb0007.dzn,2,../noves/forum-13crafb.forb0007.dzn | ../noves/ticf-13crafb.forb0007.dzn,2,data_table06_forb/forum-13crafb.forb0007.dzn | data_table06_forb/ticf-13crafb.forb0007.dzn,https://imae.udg.edu/Recerca/LAI/,https://ima.udg.edu/Recerca/lai/b2b/b2b.zip,ee1f440ab3f6db27ab712300ad3a54a31ffd5ec1e06f81a9ac37cb7202c56528,2026-08-10T10:42:19+00:00,7200.0,,ee80a6fbd8b513f7c010668495c39621a371266a,True,3.10.12,1.8.dev25,instance-20260810-085803,Linux-6.8.0-1064-gcp-x86_64-with-glibc2.35,x86_64,4,8,15988.059,1,0,/home/g24021555/Business-Meeting-Scheduling-Problem/.venv/bin/python3 /home/g24021555/Business-Meeting-Scheduling-Problem/src/Main.py --manifest instances_manifest.csv --family forbidden --solver sat_all --objective-mode bg_d2 --domain-mode both --domain-filter-graph both --precedence-encoding both --precedence-graph both --encoding-variant imp12+ --sat-backend cadical --maxsat-backend uwrmaxsat --uwrmaxsat-bin /home/g24021555/uwrmaxsat/build/release/bin/uwrmaxsat --timeout 7200 --csv output/full_matrix_bg_d2_forbidden.csv,/home/g24021555/uwrmaxsat/build/release/bin/uwrmaxsat,8c68c8a386d3d7847b50d315143c2bab60e3514e59510e84a649db83cb303876,/home/g24021555/uwrmaxsat/build/release/bin/uwrmaxsat -m /tmp/b2b_uwrmaxsat_5zrp9fk_/forum-13crafb.forb0007.wcnf,,process exit code=30,,,maxsat,uwrmaxsat,,/home/g24021555/uwrmaxsat/build/release/bin/uwrmaxsat,traditional,pairwise+direct,5,56,"1,2,3,4,7,8,9,10,12,13,14,15,16,17,18,19,20,21,22,23,24,25,26,28,29,30,31,32,33,36,37,38,39,40,41,42,43,44,45,47,48,51,53,54,56,57,58,59,60,61,62,63,64,65,66,76",3232,1058,0,0,"0,0,0,0,0,0,0,0,0,0,0,0,0,0,0,0,0,0,9,8,0,0,17,0,0,0,0,0,0,0,0,0,3,0,0,0,0,0,0,0,0,0,0,0,0,0,0,0,0,0,0,0,0,0,0,0,0,3,0,0,0,0,0,0,0,0,0,0,0,0,0,0,0,0,0,0","4,8,8,10,14,16,20,22,28,28,28,28,28,26,24,26,20,18,14,10,8,2","11,13,11,12,10,12,10,10,14,11,13,9,12,8,16,13,10,14,15,17,14,7,16,10,11,9,4,5,5,2,12,11,12,19,18,8,9,10,7,18,13,15,4,17,18,15,13,11,12,6,17,5,14,16,10,6,7,15,16,18,14,7,8,21,13,16,15,19,17,13,11,5,9,7,3,14,2,8,10,12,6,12,11,9,13,16,15,9,8,10,9,11,10,18,22,17,15,21,16,19,20,14,13,13,15,14,17,18,14,15,12,9,16,14,13,16,6,9,11,10,12,8,7,15,19,18,21,20,12,6,1,3,4,11,13,20,10,19,7,21,5,14,8,2,9,16,17,20,19,17,16,19,18,13,9,8,10,14,16,12,15,11,17,11,10,6,12,7,8,5,3,4,9,1,2,13,8,9,6,20,15,17,18,16,14,12,11,7,7,6,8,9,4,3,5",1:M131 M174 | 2:M30 M77 M144 M175 | 3:M75 M132 M171 M194 | 4:M27 M43 M133 M172 M193 | 5:M28 M29 M52 M72 M141 M170 M195 | 6:M50 M56 M81 M117 M130 M166 M179 M190 | 7:M22 M39 M57 M62 M74 M123 M139 M168 M188 M189 | 8:M14 M36 M63 M78 M89 M122 M143 M156 M169 M177 M191 | 9:M12 M26 M37 M73 M84 M88 M91 M112 M118 M145 M155 M173 M178 M192 | 10:M5 M7 M8 M17 M24 M38 M55 M79 M90 M93 M120 M137 M157 M165 | 11:M1 M3 M10 M25 M32 M48 M71 M83 M92 M119 M134 M162 M164 M187 | 12:M4 M6 M13 M31 M33 M49 M80 M82 M111 M121 M129 M160 M167 M186 | 13:M2 M11 M16 M41 M47 M65 M70 M85 M103 M104 M115 M135 M154 M176 | 14:M9 M18 M21 M53 M61 M76 M102 M106 M109 M114 M142 M158 M185 | 15:M19 M42 M46 M58 M67 M87 M97 M105 M110 M124 M161 M181 | 16:M15 M23 M54 M59 M66 M86 M99 M113 M116 M146 M151 M159 M184 | 17:M20 M44 M51 M69 M96 M107 M147 M150 M163 M182 | 18:M35 M40 M45 M60 M94 M108 M126 M153 M183 | 19:M34 M68 M100 M125 M138 M149 M152 | 20:M101 M128 M136 M148 M180 | 21:M64 M98 M127 M140 | 22:M95,"journal objective family: bg_d2 | F-selected distance-labelled E* domain propagation and cycle detection | precedence configuration: F=distance_closure, P=pairwise, G=direct | Full Domain MxT schedule variables + explicit unary exclusions | (20),(22)-(27) exactly once over full domains | (22)-(27) session/fixed/forbidden exclusions as hard unit clauses | (19) participant atMost-one per slot | (46),(47) clustered table capacity with compact forward channeling | (28) Pairwise precedence over direct distance-labelled relations | exact break-group ends and unary break-group thresholds | exact schedule <-> usedSlot channeling | (43) exactly |Mp| full usedSlot variables | (44) atMost 2|L| busy participants per slot | (45) exact even number of busy participants | historical hard cap Delta_G <= 2",,,result
,,,,,,,,,forum-13crafb.forb0007,b2b-d90b964c64463ef1,b2b-lineage-forum-13crafb,forbidden,F-PW-DC-ST-BGD2-IS-CD-IC12P,Full,Filter-E*,Pairwise,DistanceClosure-E*,SpanThreshold,BreakGroupsD2,IncrementalSAT,IC12+,OPTIMAL,SAT,5,5,bg_d2,5,5,5,,,,,16.911911,False,222.57,,,,Compact,Compact/Full,project_implementation,incremental multi-phase SAT with persistent solver state,160658,,,,,,,345609,0,345609,4290,156368,962623,57,cfg5__m-full__p-pairwise__g-distance_closure__b-span_threshold__o-break_groups_d2__s-incrementalsat__i-imp12plus__backend-cadical,cfg5__m-full__p-pairwise__g-distance_closure__b-span_threshold__o-break_groups_d2__s-incrementalsat__i-imp12plus__backend-cadical,full,distance_closure,pairwise,distance_closure,IncrementalSAT,CaDiCaL,1.5.3,imp12+,span_threshold,total_break_groups_subject_to_range_at_most_2,BGD2,IC12P,962623,0,0,1372,145374,132605,66258,,0,560,7,,,,,,1,4048,49412,143716,49412,15.985416180999891,6,"formalism-specific model size: SAT/MaxSAT reports base CNF and soft clauses, MIP reports variables/linear constraints/nonzeros, and CP reports integer variables plus linear/global constraints; SAT bound/totalizer overhead remains separate in optimizer_added_*",4290,3232,3232,4290,0,0,0,0,0,0,0,1,0.159353,0.00277,0.519443,,0.522213,16.389698,"wall-clock from immediately before reading/parsing the .dzn instance through model construction, optimization, solution decoding, and independent validation; excludes worker-process startup and result-file export",15,45,15,5,1,"1,0,1,0,0,0,0,0,0,0,0,0,0,0,0,0,0,0,0,0,0,0,1,0,0,0,0,0,0,0,0,0,0,0,0,0,1,0,0,0,0,0,0,0,0,0,0,0,0,0,0,0,0,0,0,0,0,1,0,0,0,0,0,0,0,0,0,0,0,0,0,0,0,0,0,0",peak_process_tree_rss_mb,d90b964c64463ef1eb0ae5ad516d527ac1137da3fc5750a3f33c6c3cd60d7c04,forb0007,data_table06_forb/forum-13crafb.forb0007.dzn,2,../noves/forum-13crafb.forb0007.dzn | ../noves/ticf-13crafb.forb0007.dzn,2,data_table06_forb/forum-13crafb.forb0007.dzn | data_table06_forb/ticf-13crafb.forb0007.dzn,https://imae.udg.edu/Recerca/LAI/,https://ima.udg.edu/Recerca/lai/b2b/b2b.zip,ee1f440ab3f6db27ab712300ad3a54a31ffd5ec1e06f81a9ac37cb7202c56528,2026-08-10T10:42:19+00:00,7200.0,,ee80a6fbd8b513f7c010668495c39621a371266a,True,3.10.12,1.8.dev25,instance-20260810-085803,Linux-6.8.0-1064-gcp-x86_64-with-glibc2.35,x86_64,4,8,15988.059,1,0,/home/g24021555/Business-Meeting-Scheduling-Problem/.venv/bin/python3 /home/g24021555/Business-Meeting-Scheduling-Problem/src/Main.py --manifest instances_manifest.csv --family forbidden --solver sat_all --objective-mode bg_d2 --domain-mode both --domain-filter-graph both --precedence-encoding both --precedence-graph both --encoding-variant imp12+ --sat-backend cadical --maxsat-backend uwrmaxsat --uwrmaxsat-bin /home/g24021555/uwrmaxsat/build/release/bin/uwrmaxsat --timeout 7200 --csv output/full_matrix_bg_d2_forbidden.csv,,,,,,,,incremental,,cadical,,factorial,pairwise+distance_closure,5,56,"1,2,3,4,7,8,9,10,12,13,14,15,16,17,18,19,20,21,22,23,24,25,26,28,29,30,31,32,33,36,37,38,39,40,41,42,43,44,45,47,48,51,53,54,56,57,58,59,60,61,62,63,64,65,66,76",3232,1058,0,0,"9,0,4,0,0,0,0,0,0,0,0,0,0,0,0,0,0,0,0,0,0,0,15,0,0,0,0,0,0,0,0,0,0,0,0,0,15,0,0,0,0,0,0,0,0,0,0,0,0,0,0,0,0,0,0,0,0,2,0,0,0,0,0,0,0,0,0,0,0,0,0,0,0,0,0,0","4,6,8,10,16,16,20,22,28,28,28,28,28,28,28,26,22,18,12,8,4,2","7,13,11,12,10,6,10,14,17,15,13,8,12,9,14,13,11,15,18,17,14,12,15,10,11,8,15,13,5,3,12,11,12,15,16,7,8,9,6,16,13,15,4,10,19,16,13,10,7,12,17,5,14,18,9,14,11,16,17,19,14,11,10,15,13,16,12,19,18,13,11,9,8,7,2,14,4,12,10,5,3,12,11,9,13,16,15,9,8,10,9,10,9,16,13,17,18,21,15,19,20,14,22,17,15,14,16,7,14,8,12,6,15,5,13,15,10,9,6,12,11,7,8,14,21,18,20,19,6,8,3,2,1,15,13,20,10,17,4,9,16,7,5,11,14,20,16,18,17,19,17,16,18,9,11,10,16,14,18,12,15,13,17,4,5,7,12,6,9,8,11,1,10,3,2,13,7,9,4,5,16,18,17,6,14,11,12,8,8,10,9,11,6,7,5",1:M133 M172 | 2:M75 M132 M175 | 3:M30 M81 M131 M174 | 4:M43 M77 M139 M164 M179 | 5:M29 M52 M80 M114 M143 M165 M180 M195 | 6:M6 M39 M112 M119 M129 M168 M184 M193 | 7:M1 M36 M49 M74 M108 M122 M142 M166 M177 M194 | 8:M12 M26 M37 M73 M89 M110 M123 M130 M170 M188 M189 | 9:M14 M38 M55 M72 M84 M88 M91 M93 M118 M140 M154 M169 M178 M191 | 10:M5 M7 M24 M44 M48 M63 M79 M90 M92 M117 M137 M156 M173 M190 | 11:M3 M17 M25 M32 M57 M62 M71 M83 M121 M144 M155 M171 M186 M192 | 12:M4 M13 M22 M31 M33 M50 M67 M78 M82 M111 M120 M160 M167 M187 | 13:M2 M11 M16 M28 M41 M47 M65 M70 M85 M95 M115 M135 M162 M176 | 14:M8 M15 M21 M53 M56 M61 M76 M102 M106 M109 M124 M145 M158 M185 | 15:M10 M18 M23 M27 M34 M42 M64 M87 M99 M105 M113 M116 M134 M161 | 16:M35 M40 M46 M58 M66 M86 M94 M107 M141 M147 M152 M157 M181 | 17:M9 M20 M51 M59 M96 M104 M138 M149 M151 M163 M183 | 18:M19 M54 M69 M97 M126 M148 M153 M159 M182 | 19:M45 M60 M68 M100 M128 M150 | 20:M101 M127 M136 M146 | 21:M98 M125 | 22:M103,"journal objective family: bg_d2 | F-selected distance-labelled E* domain propagation and cycle detection | precedence configuration: F=distance_closure, P=pairwise, G=distance_closure | Full Domain MxT schedule variables + explicit unary exclusions | (20),(22)-(27) exactly once over full domains | (22)-(27) session/fixed/forbidden exclusions as hard unit clauses | (19) participant atMost-one per slot | (46),(47) clustered table capacity with compact forward channeling | (28) Pairwise precedence over distance_closure distance-labelled relations | exact break-group ends and unary break-group thresholds | exact schedule <-> usedSlot channeling | (43) exactly |Mp| full usedSlot variables | (44) atMost 2|L| busy participants per slot | (45) exact even number of busy participants | historical hard cap Delta_G <= 2",5,"(5,)",result
,,,,,,,,,forum-13crafb.forb0007,b2b-d90b964c64463ef1,b2b-lineage-forum-13crafb,forbidden,F-PW-DC-ST-BGD2-NIS-CD-IC12P,Full,Filter-E*,Pairwise,DistanceClosure-E*,SpanThreshold,BreakGroupsD2,NonIncrementalSAT,IC12+,OPTIMAL,SAT,5,5,bg_d2,5,5,5,,,,,40.612289,False,228.73,,,,Compact,Compact/Full,project_implementation,restart-based multi-phase SAT,160658,,,,,,,345609,0,345609,4290,156368,962623,57,cfg5__m-full__p-pairwise__g-distance_closure__b-span_threshold__o-break_groups_d2__s-nonincrementalsat__i-imp12plus__backend-cadical,cfg5__m-full__p-pairwise__g-distance_closure__b-span_threshold__o-break_groups_d2__s-nonincrementalsat__i-imp12plus__backend-cadical,full,distance_closure,pairwise,distance_closure,NonIncrementalSAT,CaDiCaL,1.5.3,imp12+,span_threshold,total_break_groups_subject_to_range_at_most_2,BGD2,IC12P,962623,0,0,1372,145374,132605,66258,,0,560,7,,,,,,7,22231,44936,111586,105120,39.6831815759997,6,"formalism-specific model size: SAT/MaxSAT reports base CNF and soft clauses, MIP reports variables/linear constraints/nonzeros, and CP reports integer variables plus linear/global constraints; SAT bound/totalizer overhead remains separate in optimizer_added_*",4290,3232,3232,4290,0,0,0,0,0,0,0,1,0.157536,0.002573,0.518359,,0.520932,40.091357,"wall-clock from immediately before reading/parsing the .dzn instance through model construction, optimization, solution decoding, and independent validation; excludes worker-process startup and result-file export",17,45,17,5,1,"0,0,0,0,0,0,0,0,0,0,0,0,0,0,0,0,0,0,0,1,0,1,1,0,0,0,0,0,0,0,0,0,0,0,0,0,1,0,0,0,0,0,0,0,0,0,0,0,0,0,0,0,0,0,0,0,0,1,0,0,0,0,0,0,0,0,0,0,0,0,0,0,0,0,0,0",peak_process_tree_rss_mb,d90b964c64463ef1eb0ae5ad516d527ac1137da3fc5750a3f33c6c3cd60d7c04,forb0007,data_table06_forb/forum-13crafb.forb0007.dzn,2,../noves/forum-13crafb.forb0007.dzn | ../noves/ticf-13crafb.forb0007.dzn,2,data_table06_forb/forum-13crafb.forb0007.dzn | data_table06_forb/ticf-13crafb.forb0007.dzn,https://imae.udg.edu/Recerca/LAI/,https://ima.udg.edu/Recerca/lai/b2b/b2b.zip,ee1f440ab3f6db27ab712300ad3a54a31ffd5ec1e06f81a9ac37cb7202c56528,2026-08-10T10:42:19+00:00,7200.0,,ee80a6fbd8b513f7c010668495c39621a371266a,True,3.10.12,1.8.dev25,instance-20260810-085803,Linux-6.8.0-1064-gcp-x86_64-with-glibc2.35,x86_64,4,8,15988.059,1,0,/home/g24021555/Business-Meeting-Scheduling-Problem/.venv/bin/python3 /home/g24021555/Business-Meeting-Scheduling-Problem/src/Main.py --manifest instances_manifest.csv --family forbidden --solver sat_all --objective-mode bg_d2 --domain-mode both --domain-filter-graph both --precedence-encoding both --precedence-graph both --encoding-variant imp12+ --sat-backend cadical --maxsat-backend uwrmaxsat --uwrmaxsat-bin /home/g24021555/uwrmaxsat/build/release/bin/uwrmaxsat --timeout 7200 --csv output/full_matrix_bg_d2_forbidden.csv,,,,,,,,multiple,,cadical,,factorial,pairwise+distance_closure,5,56,"1,2,3,4,7,8,9,10,12,13,14,15,16,17,18,19,20,21,22,23,24,25,26,28,29,30,31,32,33,36,37,38,39,40,41,42,43,44,45,47,48,51,53,54,56,57,58,59,60,61,62,63,64,65,66,76",3232,1058,0,0,"0,0,0,0,0,0,0,0,0,0,0,0,0,0,0,0,0,0,0,5,0,6,17,0,0,0,0,0,0,0,0,0,0,0,0,0,16,0,0,0,0,0,0,0,0,0,0,0,0,0,0,0,0,0,0,0,0,1,0,0,0,0,0,0,0,0,0,0,0,0,0,0,0,0,0,0","6,8,14,18,20,26,28,28,28,28,28,28,28,26,22,16,14,10,6,4,2,2","6,13,12,10,11,7,4,14,12,10,13,9,12,8,15,13,10,14,15,16,14,7,17,8,11,10,5,6,6,2,8,7,11,17,18,8,3,11,6,13,16,14,1,15,17,15,13,11,12,9,18,4,16,14,6,5,7,7,4,5,14,8,9,15,13,18,12,16,17,13,3,6,7,10,5,15,1,9,12,4,2,12,9,10,14,15,13,10,8,9,7,12,11,18,13,14,20,21,16,17,19,15,22,13,9,11,10,12,8,14,11,10,9,10,7,13,3,4,5,12,11,6,9,8,8,5,7,6,9,8,2,7,11,15,13,17,10,16,19,4,14,20,3,6,5,9,6,8,7,14,10,12,11,15,10,11,19,14,18,16,13,12,17,11,10,5,12,7,9,8,4,3,6,2,1,13,9,7,4,3,15,6,11,8,16,14,12,5,6,7,5,9,4,8,3",1:M43 M77 M175 | 2:M30 M81 M131 M174 | 3:M37 M71 M117 M143 M172 M180 M195 | 4:M7 M52 M59 M80 M118 M140 M171 M179 M193 | 5:M27 M56 M60 M75 M119 M126 M145 M166 M188 M191 | 6:M1 M28 M29 M39 M55 M72 M122 M128 M144 M147 M173 M182 M189 | 7:M6 M22 M32 M57 M58 M73 M91 M115 M127 M132 M149 M168 M178 M190 | 8:M14 M24 M31 M36 M62 M89 M109 M124 M125 M130 M148 M170 M184 M194 | 9:M12 M50 M63 M78 M83 M90 M105 M113 M123 M129 M146 M169 M177 M192 | 10:M4 M10 M17 M26 M74 M84 M88 M107 M112 M114 M137 M151 M155 M165 | 11:M5 M25 M33 M38 M48 M93 M106 M111 M121 M133 M153 M156 M164 M183 | 12:M3 M9 M13 M49 M67 M79 M82 M92 M108 M120 M152 M162 M167 M187 | 13:M2 M11 M16 M40 M47 M65 M70 M87 M95 M104 M116 M135 M161 M176 | 14:M8 M18 M21 M42 M54 M61 M85 M96 M110 M141 M150 M158 M186 | 15:M15 M19 M44 M46 M64 M76 M86 M102 M134 M154 M181 | 16:M20 M41 M53 M68 M99 M138 M160 M185 | 17:M23 M34 M45 M69 M100 M136 M163 | 18:M35 M51 M66 M94 M159 | 19:M101 M139 M157 | 20:M97 M142 | 21:M98 | 22:M103,"journal objective family: bg_d2 | F-selected distance-labelled E* domain propagation and cycle detection | precedence configuration: F=distance_closure, P=pairwise, G=distance_closure | Full Domain MxT schedule variables + explicit unary exclusions | (20),(22)-(27) exactly once over full domains | (22)-(27) session/fixed/forbidden exclusions as hard unit clauses | (19) participant atMost-one per slot | (46),(47) clustered table capacity with compact forward channeling | (28) Pairwise precedence over distance_closure distance-labelled relations | exact break-group ends and unary break-group thresholds | exact schedule <-> usedSlot channeling | (43) exactly |Mp| full usedSlot variables | (44) atMost 2|L| busy participants per slot | (45) exact even number of busy participants | historical hard cap Delta_G <= 2",5,"(5,)",result
,,,,,,,,,forum-13crafb.forb0007,b2b-d90b964c64463ef1,b2b-lineage-forum-13crafb,forbidden,F-PW-DC-ST-BGD2-UW-IC12P,Full,Filter-E*,Pairwise,DistanceClosure-E*,SpanThreshold,BreakGroupsD2,UWrMaxSAT,IC12+,OPTIMAL,SAT,5,5,bg_d2,5,5,5,,,5,1,32.579039,False,260.621,,,,Compact,Compact/Full,project_implementation,one-shot weighted MaxSAT,160658,,,,,,,345609,560,346169,4290,156368,963183,57,cfg5__m-full__p-pairwise__g-distance_closure__b-span_threshold__o-break_groups_d2__s-uwrmaxsat__i-imp12plus__backend-uwrmaxsat,cfg5__m-full__p-pairwise__g-distance_closure__b-span_threshold__o-break_groups_d2__s-uwrmaxsat__i-imp12plus__backend-uwrmaxsat,full,distance_closure,pairwise,distance_closure,UWrMaxSAT,UWrMaxSAT,binary-sha256:8c68c8a386d3d7847b50d315143c2bab60e3514e59510e84a649db83cb303876,imp12+,span_threshold,total_break_groups_subject_to_range_at_most_2,BGD2,IC12P,962623,560,1,1372,145374,132605,66258,1,560,560,1,,,,,,0,0,0,0,0,,,"formalism-specific model size: SAT/MaxSAT reports base CNF and soft clauses, MIP reports variables/linear constraints/nonzeros, and CP reports integer variables plus linear/global constraints; SAT bound/totalizer overhead remains separate in optimizer_added_*",4290,3232,3232,4290,0,0,0,0,0,0,0,1,0.163189,0.002468,0.528026,,0.530494,32.048545,"wall-clock from immediately before reading/parsing the .dzn instance through model construction, optimization, solution decoding, and independent validation; excludes worker-process startup and result-file export",17,40,17,5,1,"0,0,0,0,0,0,0,0,0,0,0,0,0,0,0,0,0,0,1,1,0,0,1,0,0,0,0,0,0,0,0,0,1,0,0,0,0,0,0,0,0,0,0,0,0,0,0,0,0,0,0,0,0,0,0,0,0,1,0,0,0,0,0,0,0,0,0,0,0,0,0,0,0,0,0,0",peak_process_tree_rss_mb,d90b964c64463ef1eb0ae5ad516d527ac1137da3fc5750a3f33c6c3cd60d7c04,forb0007,data_table06_forb/forum-13crafb.forb0007.dzn,2,../noves/forum-13crafb.forb0007.dzn | ../noves/ticf-13crafb.forb0007.dzn,2,data_table06_forb/forum-13crafb.forb0007.dzn | data_table06_forb/ticf-13crafb.forb0007.dzn,https://imae.udg.edu/Recerca/LAI/,https://ima.udg.edu/Recerca/lai/b2b/b2b.zip,ee1f440ab3f6db27ab712300ad3a54a31ffd5ec1e06f81a9ac37cb7202c56528,2026-08-10T10:42:19+00:00,7200.0,,ee80a6fbd8b513f7c010668495c39621a371266a,True,3.10.12,1.8.dev25,instance-20260810-085803,Linux-6.8.0-1064-gcp-x86_64-with-glibc2.35,x86_64,4,8,15988.059,1,0,/home/g24021555/Business-Meeting-Scheduling-Problem/.venv/bin/python3 /home/g24021555/Business-Meeting-Scheduling-Problem/src/Main.py --manifest instances_manifest.csv --family forbidden --solver sat_all --objective-mode bg_d2 --domain-mode both --domain-filter-graph both --precedence-encoding both --precedence-graph both --encoding-variant imp12+ --sat-backend cadical --maxsat-backend uwrmaxsat --uwrmaxsat-bin /home/g24021555/uwrmaxsat/build/release/bin/uwrmaxsat --timeout 7200 --csv output/full_matrix_bg_d2_forbidden.csv,/home/g24021555/uwrmaxsat/build/release/bin/uwrmaxsat,8c68c8a386d3d7847b50d315143c2bab60e3514e59510e84a649db83cb303876,/home/g24021555/uwrmaxsat/build/release/bin/uwrmaxsat -m /tmp/b2b_uwrmaxsat_0wpr9bhb/forum-13crafb.forb0007.wcnf,,process exit code=30,,,maxsat,uwrmaxsat,,/home/g24021555/uwrmaxsat/build/release/bin/uwrmaxsat,factorial,pairwise+distance_closure,5,56,"1,2,3,4,7,8,9,10,12,13,14,15,16,17,18,19,20,21,22,23,24,25,26,28,29,30,31,32,33,36,37,38,39,40,41,42,43,44,45,47,48,51,53,54,56,57,58,59,60,61,62,63,64,65,66,76",3232,1058,0,0,"0,0,0,0,0,0,0,0,0,0,0,0,0,0,0,0,0,0,9,8,0,0,17,0,0,0,0,0,0,0,0,0,3,0,0,0,0,0,0,0,0,0,0,0,0,0,0,0,0,0,0,0,0,0,0,0,0,3,0,0,0,0,0,0,0,0,0,0,0,0,0,0,0,0,0,0","4,8,8,10,14,16,20,22,28,28,28,28,28,26,24,26,20,18,14,10,8,2","11,13,11,12,10,12,10,10,14,11,13,9,12,8,16,13,10,14,15,17,14,7,16,10,11,9,4,5,5,2,12,11,12,19,18,8,9,10,7,18,13,15,4,17,18,15,13,11,12,6,17,5,14,16,10,6,7,15,16,18,14,7,8,21,13,16,15,19,17,13,11,5,9,7,3,14,2,8,10,12,6,12,11,9,13,16,15,9,8,10,9,11,10,18,22,17,15,21,16,19,20,14,13,13,15,14,17,18,14,15,12,9,16,14,13,16,6,9,11,10,12,8,7,15,19,18,21,20,12,6,1,3,4,11,13,20,10,19,7,21,5,14,8,2,9,16,17,20,19,17,16,19,18,13,9,8,10,14,16,12,15,11,17,11,10,6,12,7,8,5,3,4,9,1,2,13,8,9,6,20,15,17,18,16,14,12,11,7,7,6,8,9,4,3,5",1:M131 M174 | 2:M30 M77 M144 M175 | 3:M75 M132 M171 M194 | 4:M27 M43 M133 M172 M193 | 5:M28 M29 M52 M72 M141 M170 M195 | 6:M50 M56 M81 M117 M130 M166 M179 M190 | 7:M22 M39 M57 M62 M74 M123 M139 M168 M188 M189 | 8:M14 M36 M63 M78 M89 M122 M143 M156 M169 M177 M191 | 9:M12 M26 M37 M73 M84 M88 M91 M112 M118 M145 M155 M173 M178 M192 | 10:M5 M7 M8 M17 M24 M38 M55 M79 M90 M93 M120 M137 M157 M165 | 11:M1 M3 M10 M25 M32 M48 M71 M83 M92 M119 M134 M162 M164 M187 | 12:M4 M6 M13 M31 M33 M49 M80 M82 M111 M121 M129 M160 M167 M186 | 13:M2 M11 M16 M41 M47 M65 M70 M85 M103 M104 M115 M135 M154 M176 | 14:M9 M18 M21 M53 M61 M76 M102 M106 M109 M114 M142 M158 M185 | 15:M19 M42 M46 M58 M67 M87 M97 M105 M110 M124 M161 M181 | 16:M15 M23 M54 M59 M66 M86 M99 M113 M116 M146 M151 M159 M184 | 17:M20 M44 M51 M69 M96 M107 M147 M150 M163 M182 | 18:M35 M40 M45 M60 M94 M108 M126 M153 M183 | 19:M34 M68 M100 M125 M138 M149 M152 | 20:M101 M128 M136 M148 M180 | 21:M64 M98 M127 M140 | 22:M95,"journal objective family: bg_d2 | F-selected distance-labelled E* domain propagation and cycle detection | precedence configuration: F=distance_closure, P=pairwise, G=distance_closure | Full Domain MxT schedule variables + explicit unary exclusions | (20),(22)-(27) exactly once over full domains | (22)-(27) session/fixed/forbidden exclusions as hard unit clauses | (19) participant atMost-one per slot | (46),(47) clustered table capacity with compact forward channeling | (28) Pairwise precedence over distance_closure distance-labelled relations | exact break-group ends and unary break-group thresholds | exact schedule <-> usedSlot channeling | (43) exactly |Mp| full usedSlot variables | (44) atMost 2|L| busy participants per slot | (45) exact even number of busy participants | historical hard cap Delta_G <= 2",,,result
,,,,,,,,,forum-13crafb.forb0007,b2b-d90b964c64463ef1,b2b-lineage-forum-13crafb,forbidden,F-SS-DE-ST-BGD2-IS-CD-IC12P,Full,Filter-E*,SparseSuffix,Direct-E,SpanThreshold,BreakGroupsD2,IncrementalSAT,IC12+,OPTIMAL,SAT,5,5,bg_d2,5,5,5,,,,,16.743112,False,221.77,,,,Compact,Compact/Full,project_implementation,incremental multi-phase SAT with persistent solver state,160658,,,,,,,345609,0,345609,4290,156368,962623,57,cfg5__m-full__p-sparse_suffix__g-direct__b-span_threshold__o-break_groups_d2__s-incrementalsat__i-imp12plus__backend-cadical,cfg5__m-full__p-sparse_suffix__g-direct__b-span_threshold__o-break_groups_d2__s-incrementalsat__i-imp12plus__backend-cadical,full,distance_closure,sparse_suffix,direct,IncrementalSAT,CaDiCaL,1.5.3,imp12+,span_threshold,total_break_groups_subject_to_range_at_most_2,BGD2,IC12P,962623,0,0,1372,145374,132605,66258,,0,560,7,,,,,,1,4048,49412,143716,49412,15.813513965000311,6,"formalism-specific model size: SAT/MaxSAT reports base CNF and soft clauses, MIP reports variables/linear constraints/nonzeros, and CP reports integer variables plus linear/global constraints; SAT bound/totalizer overhead remains separate in optimizer_added_*",4290,3232,3232,4290,0,0,0,0,0,0,0,1,0.162577,0.002417,0.522459,,0.524876,16.218237,"wall-clock from immediately before reading/parsing the .dzn instance through model construction, optimization, solution decoding, and independent validation; excludes worker-process startup and result-file export",15,45,15,5,1,"1,0,1,0,0,0,0,0,0,0,0,0,0,0,0,0,0,0,0,0,0,0,1,0,0,0,0,0,0,0,0,0,0,0,0,0,1,0,0,0,0,0,0,0,0,0,0,0,0,0,0,0,0,0,0,0,0,1,0,0,0,0,0,0,0,0,0,0,0,0,0,0,0,0,0,0",peak_process_tree_rss_mb,d90b964c64463ef1eb0ae5ad516d527ac1137da3fc5750a3f33c6c3cd60d7c04,forb0007,data_table06_forb/forum-13crafb.forb0007.dzn,2,../noves/forum-13crafb.forb0007.dzn | ../noves/ticf-13crafb.forb0007.dzn,2,data_table06_forb/forum-13crafb.forb0007.dzn | data_table06_forb/ticf-13crafb.forb0007.dzn,https://imae.udg.edu/Recerca/LAI/,https://ima.udg.edu/Recerca/lai/b2b/b2b.zip,ee1f440ab3f6db27ab712300ad3a54a31ffd5ec1e06f81a9ac37cb7202c56528,2026-08-10T10:42:19+00:00,7200.0,,ee80a6fbd8b513f7c010668495c39621a371266a,True,3.10.12,1.8.dev25,instance-20260810-085803,Linux-6.8.0-1064-gcp-x86_64-with-glibc2.35,x86_64,4,8,15988.059,1,0,/home/g24021555/Business-Meeting-Scheduling-Problem/.venv/bin/python3 /home/g24021555/Business-Meeting-Scheduling-Problem/src/Main.py --manifest instances_manifest.csv --family forbidden --solver sat_all --objective-mode bg_d2 --domain-mode both --domain-filter-graph both --precedence-encoding both --precedence-graph both --encoding-variant imp12+ --sat-backend cadical --maxsat-backend uwrmaxsat --uwrmaxsat-bin /home/g24021555/uwrmaxsat/build/release/bin/uwrmaxsat --timeout 7200 --csv output/full_matrix_bg_d2_forbidden.csv,,,,,,,,incremental,,cadical,,factorial,sparse_suffix+direct,5,56,"1,2,3,4,7,8,9,10,12,13,14,15,16,17,18,19,20,21,22,23,24,25,26,28,29,30,31,32,33,36,37,38,39,40,41,42,43,44,45,47,48,51,53,54,56,57,58,59,60,61,62,63,64,65,66,76",3232,1058,0,0,"9,0,4,0,0,0,0,0,0,0,0,0,0,0,0,0,0,0,0,0,0,0,15,0,0,0,0,0,0,0,0,0,0,0,0,0,15,0,0,0,0,0,0,0,0,0,0,0,0,0,0,0,0,0,0,0,0,2,0,0,0,0,0,0,0,0,0,0,0,0,0,0,0,0,0,0","4,6,8,10,16,16,20,22,28,28,28,28,28,28,28,26,22,18,12,8,4,2","7,13,11,12,10,6,10,14,17,15,13,8,12,9,14,13,11,15,18,17,14,12,15,10,11,8,15,13,5,3,12,11,12,15,16,7,8,9,6,16,13,15,4,10,19,16,13,10,7,12,17,5,14,18,9,14,11,16,17,19,14,11,10,15,13,16,12,19,18,13,11,9,8,7,2,14,4,12,10,5,3,12,11,9,13,16,15,9,8,10,9,10,9,16,13,17,18,21,15,19,20,14,22,17,15,14,16,7,14,8,12,6,15,5,13,15,10,9,6,12,11,7,8,14,21,18,20,19,6,8,3,2,1,15,13,20,10,17,4,9,16,7,5,11,14,20,16,18,17,19,17,16,18,9,11,10,16,14,18,12,15,13,17,4,5,7,12,6,9,8,11,1,10,3,2,13,7,9,4,5,16,18,17,6,14,11,12,8,8,10,9,11,6,7,5",1:M133 M172 | 2:M75 M132 M175 | 3:M30 M81 M131 M174 | 4:M43 M77 M139 M164 M179 | 5:M29 M52 M80 M114 M143 M165 M180 M195 | 6:M6 M39 M112 M119 M129 M168 M184 M193 | 7:M1 M36 M49 M74 M108 M122 M142 M166 M177 M194 | 8:M12 M26 M37 M73 M89 M110 M123 M130 M170 M188 M189 | 9:M14 M38 M55 M72 M84 M88 M91 M93 M118 M140 M154 M169 M178 M191 | 10:M5 M7 M24 M44 M48 M63 M79 M90 M92 M117 M137 M156 M173 M190 | 11:M3 M17 M25 M32 M57 M62 M71 M83 M121 M144 M155 M171 M186 M192 | 12:M4 M13 M22 M31 M33 M50 M67 M78 M82 M111 M120 M160 M167 M187 | 13:M2 M11 M16 M28 M41 M47 M65 M70 M85 M95 M115 M135 M162 M176 | 14:M8 M15 M21 M53 M56 M61 M76 M102 M106 M109 M124 M145 M158 M185 | 15:M10 M18 M23 M27 M34 M42 M64 M87 M99 M105 M113 M116 M134 M161 | 16:M35 M40 M46 M58 M66 M86 M94 M107 M141 M147 M152 M157 M181 | 17:M9 M20 M51 M59 M96 M104 M138 M149 M151 M163 M183 | 18:M19 M54 M69 M97 M126 M148 M153 M159 M182 | 19:M45 M60 M68 M100 M128 M150 | 20:M101 M127 M136 M146 | 21:M98 M125 | 22:M103,"journal objective family: bg_d2 | F-selected distance-labelled E* domain propagation and cycle detection | precedence configuration: F=distance_closure, P=sparse_suffix, G=direct | Full Domain MxT schedule variables + explicit unary exclusions | (20),(22)-(27) exactly once over full domains | (22)-(27) session/fixed/forbidden exclusions as hard unit clauses | (19) participant atMost-one per slot | (46),(47) clustered table capacity with compact forward channeling | (28) SparseSuffix precedence over direct distance-labelled relations | exact break-group ends and unary break-group thresholds | exact schedule <-> usedSlot channeling | (43) exactly |Mp| full usedSlot variables | (44) atMost 2|L| busy participants per slot | (45) exact even number of busy participants | historical hard cap Delta_G <= 2",5,"(5,)",result
,,,,,,,,,forum-13crafb.forb0007,b2b-d90b964c64463ef1,b2b-lineage-forum-13crafb,forbidden,F-SS-DE-ST-BGD2-NIS-CD-IC12P,Full,Filter-E*,SparseSuffix,Direct-E,SpanThreshold,BreakGroupsD2,NonIncrementalSAT,IC12+,OPTIMAL,SAT,5,5,bg_d2,5,5,5,,,,,41.204147,False,228.98,,,,Compact,Compact/Full,project_implementation,restart-based multi-phase SAT,160658,,,,,,,345609,0,345609,4290,156368,962623,57,cfg5__m-full__p-sparse_suffix__g-direct__b-span_threshold__o-break_groups_d2__s-nonincrementalsat__i-imp12plus__backend-cadical,cfg5__m-full__p-sparse_suffix__g-direct__b-span_threshold__o-break_groups_d2__s-nonincrementalsat__i-imp12plus__backend-cadical,full,distance_closure,sparse_suffix,direct,NonIncrementalSAT,CaDiCaL,1.5.3,imp12+,span_threshold,total_break_groups_subject_to_range_at_most_2,BGD2,IC12P,962623,0,0,1372,145374,132605,66258,,0,560,7,,,,,,7,22231,44936,111586,105120,40.258498576999045,6,"formalism-specific model size: SAT/MaxSAT reports base CNF and soft clauses, MIP reports variables/linear constraints/nonzeros, and CP reports integer variables plus linear/global constraints; SAT bound/totalizer overhead remains separate in optimizer_added_*",4290,3232,3232,4290,0,0,0,0,0,0,0,1,0.16289,0.00271,0.528282,,0.530992,40.673155,"wall-clock from immediately before reading/parsing the .dzn instance through model construction, optimization, solution decoding, and independent validation; excludes worker-process startup and result-file export",17,45,17,5,1,"0,0,0,0,0,0,0,0,0,0,0,0,0,0,0,0,0,0,0,1,0,1,1,0,0,0,0,0,0,0,0,0,0,0,0,0,1,0,0,0,0,0,0,0,0,0,0,0,0,0,0,0,0,0,0,0,0,1,0,0,0,0,0,0,0,0,0,0,0,0,0,0,0,0,0,0",peak_process_tree_rss_mb,d90b964c64463ef1eb0ae5ad516d527ac1137da3fc5750a3f33c6c3cd60d7c04,forb0007,data_table06_forb/forum-13crafb.forb0007.dzn,2,../noves/forum-13crafb.forb0007.dzn | ../noves/ticf-13crafb.forb0007.dzn,2,data_table06_forb/forum-13crafb.forb0007.dzn | data_table06_forb/ticf-13crafb.forb0007.dzn,https://imae.udg.edu/Recerca/LAI/,https://ima.udg.edu/Recerca/lai/b2b/b2b.zip,ee1f440ab3f6db27ab712300ad3a54a31ffd5ec1e06f81a9ac37cb7202c56528,2026-08-10T10:42:19+00:00,7200.0,,ee80a6fbd8b513f7c010668495c39621a371266a,True,3.10.12,1.8.dev25,instance-20260810-085803,Linux-6.8.0-1064-gcp-x86_64-with-glibc2.35,x86_64,4,8,15988.059,1,0,/home/g24021555/Business-Meeting-Scheduling-Problem/.venv/bin/python3 /home/g24021555/Business-Meeting-Scheduling-Problem/src/Main.py --manifest instances_manifest.csv --family forbidden --solver sat_all --objective-mode bg_d2 --domain-mode both --domain-filter-graph both --precedence-encoding both --precedence-graph both --encoding-variant imp12+ --sat-backend cadical --maxsat-backend uwrmaxsat --uwrmaxsat-bin /home/g24021555/uwrmaxsat/build/release/bin/uwrmaxsat --timeout 7200 --csv output/full_matrix_bg_d2_forbidden.csv,,,,,,,,multiple,,cadical,,factorial,sparse_suffix+direct,5,56,"1,2,3,4,7,8,9,10,12,13,14,15,16,17,18,19,20,21,22,23,24,25,26,28,29,30,31,32,33,36,37,38,39,40,41,42,43,44,45,47,48,51,53,54,56,57,58,59,60,61,62,63,64,65,66,76",3232,1058,0,0,"0,0,0,0,0,0,0,0,0,0,0,0,0,0,0,0,0,0,0,5,0,6,17,0,0,0,0,0,0,0,0,0,0,0,0,0,16,0,0,0,0,0,0,0,0,0,0,0,0,0,0,0,0,0,0,0,0,1,0,0,0,0,0,0,0,0,0,0,0,0,0,0,0,0,0,0","6,8,14,18,20,26,28,28,28,28,28,28,28,26,22,16,14,10,6,4,2,2","6,13,12,10,11,7,4,14,12,10,13,9,12,8,15,13,10,14,15,16,14,7,17,8,11,10,5,6,6,2,8,7,11,17,18,8,3,11,6,13,16,14,1,15,17,15,13,11,12,9,18,4,16,14,6,5,7,7,4,5,14,8,9,15,13,18,12,16,17,13,3,6,7,10,5,15,1,9,12,4,2,12,9,10,14,15,13,10,8,9,7,12,11,18,13,14,20,21,16,17,19,15,22,13,9,11,10,12,8,14,11,10,9,10,7,13,3,4,5,12,11,6,9,8,8,5,7,6,9,8,2,7,11,15,13,17,10,16,19,4,14,20,3,6,5,9,6,8,7,14,10,12,11,15,10,11,19,14,18,16,13,12,17,11,10,5,12,7,9,8,4,3,6,2,1,13,9,7,4,3,15,6,11,8,16,14,12,5,6,7,5,9,4,8,3",1:M43 M77 M175 | 2:M30 M81 M131 M174 | 3:M37 M71 M117 M143 M172 M180 M195 | 4:M7 M52 M59 M80 M118 M140 M171 M179 M193 | 5:M27 M56 M60 M75 M119 M126 M145 M166 M188 M191 | 6:M1 M28 M29 M39 M55 M72 M122 M128 M144 M147 M173 M182 M189 | 7:M6 M22 M32 M57 M58 M73 M91 M115 M127 M132 M149 M168 M178 M190 | 8:M14 M24 M31 M36 M62 M89 M109 M124 M125 M130 M148 M170 M184 M194 | 9:M12 M50 M63 M78 M83 M90 M105 M113 M123 M129 M146 M169 M177 M192 | 10:M4 M10 M17 M26 M74 M84 M88 M107 M112 M114 M137 M151 M155 M165 | 11:M5 M25 M33 M38 M48 M93 M106 M111 M121 M133 M153 M156 M164 M183 | 12:M3 M9 M13 M49 M67 M79 M82 M92 M108 M120 M152 M162 M167 M187 | 13:M2 M11 M16 M40 M47 M65 M70 M87 M95 M104 M116 M135 M161 M176 | 14:M8 M18 M21 M42 M54 M61 M85 M96 M110 M141 M150 M158 M186 | 15:M15 M19 M44 M46 M64 M76 M86 M102 M134 M154 M181 | 16:M20 M41 M53 M68 M99 M138 M160 M185 | 17:M23 M34 M45 M69 M100 M136 M163 | 18:M35 M51 M66 M94 M159 | 19:M101 M139 M157 | 20:M97 M142 | 21:M98 | 22:M103,"journal objective family: bg_d2 | F-selected distance-labelled E* domain propagation and cycle detection | precedence configuration: F=distance_closure, P=sparse_suffix, G=direct | Full Domain MxT schedule variables + explicit unary exclusions | (20),(22)-(27) exactly once over full domains | (22)-(27) session/fixed/forbidden exclusions as hard unit clauses | (19) participant atMost-one per slot | (46),(47) clustered table capacity with compact forward channeling | (28) SparseSuffix precedence over direct distance-labelled relations | exact break-group ends and unary break-group thresholds | exact schedule <-> usedSlot channeling | (43) exactly |Mp| full usedSlot variables | (44) atMost 2|L| busy participants per slot | (45) exact even number of busy participants | historical hard cap Delta_G <= 2",5,"(5,)",result
,,,,,,,,,forum-13crafb.forb0007,b2b-d90b964c64463ef1,b2b-lineage-forum-13crafb,forbidden,F-SS-DE-ST-BGD2-UW-IC12P,Full,Filter-E*,SparseSuffix,Direct-E,SpanThreshold,BreakGroupsD2,UWrMaxSAT,IC12+,OPTIMAL,SAT,5,5,bg_d2,5,5,5,,,5,1,32.834316,False,260.961,,,,Compact,Compact/Full,project_implementation,one-shot weighted MaxSAT,160658,,,,,,,345609,560,346169,4290,156368,963183,57,cfg5__m-full__p-sparse_suffix__g-direct__b-span_threshold__o-break_groups_d2__s-uwrmaxsat__i-imp12plus__backend-uwrmaxsat,cfg5__m-full__p-sparse_suffix__g-direct__b-span_threshold__o-break_groups_d2__s-uwrmaxsat__i-imp12plus__backend-uwrmaxsat,full,distance_closure,sparse_suffix,direct,UWrMaxSAT,UWrMaxSAT,binary-sha256:8c68c8a386d3d7847b50d315143c2bab60e3514e59510e84a649db83cb303876,imp12+,span_threshold,total_break_groups_subject_to_range_at_most_2,BGD2,IC12P,962623,560,1,1372,145374,132605,66258,1,560,560,1,,,,,,0,0,0,0,0,,,"formalism-specific model size: SAT/MaxSAT reports base CNF and soft clauses, MIP reports variables/linear constraints/nonzeros, and CP reports integer variables plus linear/global constraints; SAT bound/totalizer overhead remains separate in optimizer_added_*",4290,3232,3232,4290,0,0,0,0,0,0,0,1,0.160189,0.002423,0.533965,,0.536388,32.297928,"wall-clock from immediately before reading/parsing the .dzn instance through model construction, optimization, solution decoding, and independent validation; excludes worker-process startup and result-file export",17,40,17,5,1,"0,0,0,0,0,0,0,0,0,0,0,0,0,0,0,0,0,0,1,1,0,0,1,0,0,0,0,0,0,0,0,0,1,0,0,0,0,0,0,0,0,0,0,0,0,0,0,0,0,0,0,0,0,0,0,0,0,1,0,0,0,0,0,0,0,0,0,0,0,0,0,0,0,0,0,0",peak_process_tree_rss_mb,d90b964c64463ef1eb0ae5ad516d527ac1137da3fc5750a3f33c6c3cd60d7c04,forb0007,data_table06_forb/forum-13crafb.forb0007.dzn,2,../noves/forum-13crafb.forb0007.dzn | ../noves/ticf-13crafb.forb0007.dzn,2,data_table06_forb/forum-13crafb.forb0007.dzn | data_table06_forb/ticf-13crafb.forb0007.dzn,https://imae.udg.edu/Recerca/LAI/,https://ima.udg.edu/Recerca/lai/b2b/b2b.zip,ee1f440ab3f6db27ab712300ad3a54a31ffd5ec1e06f81a9ac37cb7202c56528,2026-08-10T10:42:19+00:00,7200.0,,ee80a6fbd8b513f7c010668495c39621a371266a,True,3.10.12,1.8.dev25,instance-20260810-085803,Linux-6.8.0-1064-gcp-x86_64-with-glibc2.35,x86_64,4,8,15988.059,1,0,/home/g24021555/Business-Meeting-Scheduling-Problem/.venv/bin/python3 /home/g24021555/Business-Meeting-Scheduling-Problem/src/Main.py --manifest instances_manifest.csv --family forbidden --solver sat_all --objective-mode bg_d2 --domain-mode both --domain-filter-graph both --precedence-encoding both --precedence-graph both --encoding-variant imp12+ --sat-backend cadical --maxsat-backend uwrmaxsat --uwrmaxsat-bin /home/g24021555/uwrmaxsat/build/release/bin/uwrmaxsat --timeout 7200 --csv output/full_matrix_bg_d2_forbidden.csv,/home/g24021555/uwrmaxsat/build/release/bin/uwrmaxsat,8c68c8a386d3d7847b50d315143c2bab60e3514e59510e84a649db83cb303876,/home/g24021555/uwrmaxsat/build/release/bin/uwrmaxsat -m /tmp/b2b_uwrmaxsat_atv87mg8/forum-13crafb.forb0007.wcnf,,process exit code=30,,,maxsat,uwrmaxsat,,/home/g24021555/uwrmaxsat/build/release/bin/uwrmaxsat,factorial,sparse_suffix+direct,5,56,"1,2,3,4,7,8,9,10,12,13,14,15,16,17,18,19,20,21,22,23,24,25,26,28,29,30,31,32,33,36,37,38,39,40,41,42,43,44,45,47,48,51,53,54,56,57,58,59,60,61,62,63,64,65,66,76",3232,1058,0,0,"0,0,0,0,0,0,0,0,0,0,0,0,0,0,0,0,0,0,9,8,0,0,17,0,0,0,0,0,0,0,0,0,3,0,0,0,0,0,0,0,0,0,0,0,0,0,0,0,0,0,0,0,0,0,0,0,0,3,0,0,0,0,0,0,0,0,0,0,0,0,0,0,0,0,0,0","4,8,8,10,14,16,20,22,28,28,28,28,28,26,24,26,20,18,14,10,8,2","11,13,11,12,10,12,10,10,14,11,13,9,12,8,16,13,10,14,15,17,14,7,16,10,11,9,4,5,5,2,12,11,12,19,18,8,9,10,7,18,13,15,4,17,18,15,13,11,12,6,17,5,14,16,10,6,7,15,16,18,14,7,8,21,13,16,15,19,17,13,11,5,9,7,3,14,2,8,10,12,6,12,11,9,13,16,15,9,8,10,9,11,10,18,22,17,15,21,16,19,20,14,13,13,15,14,17,18,14,15,12,9,16,14,13,16,6,9,11,10,12,8,7,15,19,18,21,20,12,6,1,3,4,11,13,20,10,19,7,21,5,14,8,2,9,16,17,20,19,17,16,19,18,13,9,8,10,14,16,12,15,11,17,11,10,6,12,7,8,5,3,4,9,1,2,13,8,9,6,20,15,17,18,16,14,12,11,7,7,6,8,9,4,3,5",1:M131 M174 | 2:M30 M77 M144 M175 | 3:M75 M132 M171 M194 | 4:M27 M43 M133 M172 M193 | 5:M28 M29 M52 M72 M141 M170 M195 | 6:M50 M56 M81 M117 M130 M166 M179 M190 | 7:M22 M39 M57 M62 M74 M123 M139 M168 M188 M189 | 8:M14 M36 M63 M78 M89 M122 M143 M156 M169 M177 M191 | 9:M12 M26 M37 M73 M84 M88 M91 M112 M118 M145 M155 M173 M178 M192 | 10:M5 M7 M8 M17 M24 M38 M55 M79 M90 M93 M120 M137 M157 M165 | 11:M1 M3 M10 M25 M32 M48 M71 M83 M92 M119 M134 M162 M164 M187 | 12:M4 M6 M13 M31 M33 M49 M80 M82 M111 M121 M129 M160 M167 M186 | 13:M2 M11 M16 M41 M47 M65 M70 M85 M103 M104 M115 M135 M154 M176 | 14:M9 M18 M21 M53 M61 M76 M102 M106 M109 M114 M142 M158 M185 | 15:M19 M42 M46 M58 M67 M87 M97 M105 M110 M124 M161 M181 | 16:M15 M23 M54 M59 M66 M86 M99 M113 M116 M146 M151 M159 M184 | 17:M20 M44 M51 M69 M96 M107 M147 M150 M163 M182 | 18:M35 M40 M45 M60 M94 M108 M126 M153 M183 | 19:M34 M68 M100 M125 M138 M149 M152 | 20:M101 M128 M136 M148 M180 | 21:M64 M98 M127 M140 | 22:M95,"journal objective family: bg_d2 | F-selected distance-labelled E* domain propagation and cycle detection | precedence configuration: F=distance_closure, P=sparse_suffix, G=direct | Full Domain MxT schedule variables + explicit unary exclusions | (20),(22)-(27) exactly once over full domains | (22)-(27) session/fixed/forbidden exclusions as hard unit clauses | (19) participant atMost-one per slot | (46),(47) clustered table capacity with compact forward channeling | (28) SparseSuffix precedence over direct distance-labelled relations | exact break-group ends and unary break-group thresholds | exact schedule <-> usedSlot channeling | (43) exactly |Mp| full usedSlot variables | (44) atMost 2|L| busy participants per slot | (45) exact even number of busy participants | historical hard cap Delta_G <= 2",,,result
,,,,,,,,,forum-13crafb.forb0007,b2b-d90b964c64463ef1,b2b-lineage-forum-13crafb,forbidden,F-SS-DC-ST-BGD2-IS-CD-IC12P,Full,Filter-E*,SparseSuffix,DistanceClosure-E*,SpanThreshold,BreakGroupsD2,IncrementalSAT,IC12+,OPTIMAL,SAT,5,5,bg_d2,5,5,5,,,,,17.01882,False,225.543,,,,Compact,Compact/Full,project_implementation,incremental multi-phase SAT with persistent solver state,160658,,,,,,,345609,0,345609,4290,156368,962623,57,cfg5__m-full__p-sparse_suffix__g-distance_closure__b-span_threshold__o-break_groups_d2__s-incrementalsat__i-imp12plus__backend-cadical,cfg5__m-full__p-sparse_suffix__g-distance_closure__b-span_threshold__o-break_groups_d2__s-incrementalsat__i-imp12plus__backend-cadical,full,distance_closure,sparse_suffix,distance_closure,IncrementalSAT,CaDiCaL,1.5.3,imp12+,span_threshold,total_break_groups_subject_to_range_at_most_2,BGD2,IC12P,962623,0,0,1372,145374,132605,66258,,0,560,7,,,,,,1,4048,49412,143716,49412,16.06848164099938,6,"formalism-specific model size: SAT/MaxSAT reports base CNF and soft clauses, MIP reports variables/linear constraints/nonzeros, and CP reports integer variables plus linear/global constraints; SAT bound/totalizer overhead remains separate in optimizer_added_*",4290,3232,3232,4290,0,0,0,0,0,0,0,1,0.162261,0.002434,0.533266,,0.5357,16.48312,"wall-clock from immediately before reading/parsing the .dzn instance through model construction, optimization, solution decoding, and independent validation; excludes worker-process startup and result-file export",15,45,15,5,1,"1,0,1,0,0,0,0,0,0,0,0,0,0,0,0,0,0,0,0,0,0,0,1,0,0,0,0,0,0,0,0,0,0,0,0,0,1,0,0,0,0,0,0,0,0,0,0,0,0,0,0,0,0,0,0,0,0,1,0,0,0,0,0,0,0,0,0,0,0,0,0,0,0,0,0,0",peak_process_tree_rss_mb,d90b964c64463ef1eb0ae5ad516d527ac1137da3fc5750a3f33c6c3cd60d7c04,forb0007,data_table06_forb/forum-13crafb.forb0007.dzn,2,../noves/forum-13crafb.forb0007.dzn | ../noves/ticf-13crafb.forb0007.dzn,2,data_table06_forb/forum-13crafb.forb0007.dzn | data_table06_forb/ticf-13crafb.forb0007.dzn,https://imae.udg.edu/Recerca/LAI/,https://ima.udg.edu/Recerca/lai/b2b/b2b.zip,ee1f440ab3f6db27ab712300ad3a54a31ffd5ec1e06f81a9ac37cb7202c56528,2026-08-10T10:42:19+00:00,7200.0,,ee80a6fbd8b513f7c010668495c39621a371266a,True,3.10.12,1.8.dev25,instance-20260810-085803,Linux-6.8.0-1064-gcp-x86_64-with-glibc2.35,x86_64,4,8,15988.059,1,0,/home/g24021555/Business-Meeting-Scheduling-Problem/.venv/bin/python3 /home/g24021555/Business-Meeting-Scheduling-Problem/src/Main.py --manifest instances_manifest.csv --family forbidden --solver sat_all --objective-mode bg_d2 --domain-mode both --domain-filter-graph both --precedence-encoding both --precedence-graph both --encoding-variant imp12+ --sat-backend cadical --maxsat-backend uwrmaxsat --uwrmaxsat-bin /home/g24021555/uwrmaxsat/build/release/bin/uwrmaxsat --timeout 7200 --csv output/full_matrix_bg_d2_forbidden.csv,,,,,,,,incremental,,cadical,,staircase,sparse_suffix+distance_closure,5,56,"1,2,3,4,7,8,9,10,12,13,14,15,16,17,18,19,20,21,22,23,24,25,26,28,29,30,31,32,33,36,37,38,39,40,41,42,43,44,45,47,48,51,53,54,56,57,58,59,60,61,62,63,64,65,66,76",3232,1058,0,0,"9,0,4,0,0,0,0,0,0,0,0,0,0,0,0,0,0,0,0,0,0,0,15,0,0,0,0,0,0,0,0,0,0,0,0,0,15,0,0,0,0,0,0,0,0,0,0,0,0,0,0,0,0,0,0,0,0,2,0,0,0,0,0,0,0,0,0,0,0,0,0,0,0,0,0,0","4,6,8,10,16,16,20,22,28,28,28,28,28,28,28,26,22,18,12,8,4,2","7,13,11,12,10,6,10,14,17,15,13,8,12,9,14,13,11,15,18,17,14,12,15,10,11,8,15,13,5,3,12,11,12,15,16,7,8,9,6,16,13,15,4,10,19,16,13,10,7,12,17,5,14,18,9,14,11,16,17,19,14,11,10,15,13,16,12,19,18,13,11,9,8,7,2,14,4,12,10,5,3,12,11,9,13,16,15,9,8,10,9,10,9,16,13,17,18,21,15,19,20,14,22,17,15,14,16,7,14,8,12,6,15,5,13,15,10,9,6,12,11,7,8,14,21,18,20,19,6,8,3,2,1,15,13,20,10,17,4,9,16,7,5,11,14,20,16,18,17,19,17,16,18,9,11,10,16,14,18,12,15,13,17,4,5,7,12,6,9,8,11,1,10,3,2,13,7,9,4,5,16,18,17,6,14,11,12,8,8,10,9,11,6,7,5",1:M133 M172 | 2:M75 M132 M175 | 3:M30 M81 M131 M174 | 4:M43 M77 M139 M164 M179 | 5:M29 M52 M80 M114 M143 M165 M180 M195 | 6:M6 M39 M112 M119 M129 M168 M184 M193 | 7:M1 M36 M49 M74 M108 M122 M142 M166 M177 M194 | 8:M12 M26 M37 M73 M89 M110 M123 M130 M170 M188 M189 | 9:M14 M38 M55 M72 M84 M88 M91 M93 M118 M140 M154 M169 M178 M191 | 10:M5 M7 M24 M44 M48 M63 M79 M90 M92 M117 M137 M156 M173 M190 | 11:M3 M17 M25 M32 M57 M62 M71 M83 M121 M144 M155 M171 M186 M192 | 12:M4 M13 M22 M31 M33 M50 M67 M78 M82 M111 M120 M160 M167 M187 | 13:M2 M11 M16 M28 M41 M47 M65 M70 M85 M95 M115 M135 M162 M176 | 14:M8 M15 M21 M53 M56 M61 M76 M102 M106 M109 M124 M145 M158 M185 | 15:M10 M18 M23 M27 M34 M42 M64 M87 M99 M105 M113 M116 M134 M161 | 16:M35 M40 M46 M58 M66 M86 M94 M107 M141 M147 M152 M157 M181 | 17:M9 M20 M51 M59 M96 M104 M138 M149 M151 M163 M183 | 18:M19 M54 M69 M97 M126 M148 M153 M159 M182 | 19:M45 M60 M68 M100 M128 M150 | 20:M101 M127 M136 M146 | 21:M98 M125 | 22:M103,"journal objective family: bg_d2 | F-selected distance-labelled E* domain propagation and cycle detection | precedence configuration: F=distance_closure, P=sparse_suffix, G=distance_closure | Full Domain MxT schedule variables + explicit unary exclusions | (20),(22)-(27) exactly once over full domains | (22)-(27) session/fixed/forbidden exclusions as hard unit clauses | (19) participant atMost-one per slot | (46),(47) clustered table capacity with compact forward channeling | (28) SparseSuffix precedence over distance_closure distance-labelled relations | exact break-group ends and unary break-group thresholds | exact schedule <-> usedSlot channeling | (43) exactly |Mp| full usedSlot variables | (44) atMost 2|L| busy participants per slot | (45) exact even number of busy participants | historical hard cap Delta_G <= 2",5,"(5,)",result
,,,,,,,,,forum-13crafb.forb0007,b2b-d90b964c64463ef1,b2b-lineage-forum-13crafb,forbidden,F-SS-DC-ST-BGD2-NIS-CD-IC12P,Full,Filter-E*,SparseSuffix,DistanceClosure-E*,SpanThreshold,BreakGroupsD2,NonIncrementalSAT,IC12+,OPTIMAL,SAT,5,5,bg_d2,5,5,5,,,,,41.437094,False,226.898,,,,Compact,Compact/Full,project_implementation,restart-based multi-phase SAT,160658,,,,,,,345609,0,345609,4290,156368,962623,57,cfg5__m-full__p-sparse_suffix__g-distance_closure__b-span_threshold__o-break_groups_d2__s-nonincrementalsat__i-imp12plus__backend-cadical,cfg5__m-full__p-sparse_suffix__g-distance_closure__b-span_threshold__o-break_groups_d2__s-nonincrementalsat__i-imp12plus__backend-cadical,full,distance_closure,sparse_suffix,distance_closure,NonIncrementalSAT,CaDiCaL,1.5.3,imp12+,span_threshold,total_break_groups_subject_to_range_at_most_2,BGD2,IC12P,962623,0,0,1372,145374,132605,66258,,0,560,7,,,,,,7,22231,44936,111586,105120,40.475914479000494,6,"formalism-specific model size: SAT/MaxSAT reports base CNF and soft clauses, MIP reports variables/linear constraints/nonzeros, and CP reports integer variables plus linear/global constraints; SAT bound/totalizer overhead remains separate in optimizer_added_*",4290,3232,3232,4290,0,0,0,0,0,0,0,1,0.160083,0.00245,0.534856,,0.537307,40.899787,"wall-clock from immediately before reading/parsing the .dzn instance through model construction, optimization, solution decoding, and independent validation; excludes worker-process startup and result-file export",17,45,17,5,1,"0,0,0,0,0,0,0,0,0,0,0,0,0,0,0,0,0,0,0,1,0,1,1,0,0,0,0,0,0,0,0,0,0,0,0,0,1,0,0,0,0,0,0,0,0,0,0,0,0,0,0,0,0,0,0,0,0,1,0,0,0,0,0,0,0,0,0,0,0,0,0,0,0,0,0,0",peak_process_tree_rss_mb,d90b964c64463ef1eb0ae5ad516d527ac1137da3fc5750a3f33c6c3cd60d7c04,forb0007,data_table06_forb/forum-13crafb.forb0007.dzn,2,../noves/forum-13crafb.forb0007.dzn | ../noves/ticf-13crafb.forb0007.dzn,2,data_table06_forb/forum-13crafb.forb0007.dzn | data_table06_forb/ticf-13crafb.forb0007.dzn,https://imae.udg.edu/Recerca/LAI/,https://ima.udg.edu/Recerca/lai/b2b/b2b.zip,ee1f440ab3f6db27ab712300ad3a54a31ffd5ec1e06f81a9ac37cb7202c56528,2026-08-10T10:42:19+00:00,7200.0,,ee80a6fbd8b513f7c010668495c39621a371266a,True,3.10.12,1.8.dev25,instance-20260810-085803,Linux-6.8.0-1064-gcp-x86_64-with-glibc2.35,x86_64,4,8,15988.059,1,0,/home/g24021555/Business-Meeting-Scheduling-Problem/.venv/bin/python3 /home/g24021555/Business-Meeting-Scheduling-Problem/src/Main.py --manifest instances_manifest.csv --family forbidden --solver sat_all --objective-mode bg_d2 --domain-mode both --domain-filter-graph both --precedence-encoding both --precedence-graph both --encoding-variant imp12+ --sat-backend cadical --maxsat-backend uwrmaxsat --uwrmaxsat-bin /home/g24021555/uwrmaxsat/build/release/bin/uwrmaxsat --timeout 7200 --csv output/full_matrix_bg_d2_forbidden.csv,,,,,,,,multiple,,cadical,,staircase,sparse_suffix+distance_closure,5,56,"1,2,3,4,7,8,9,10,12,13,14,15,16,17,18,19,20,21,22,23,24,25,26,28,29,30,31,32,33,36,37,38,39,40,41,42,43,44,45,47,48,51,53,54,56,57,58,59,60,61,62,63,64,65,66,76",3232,1058,0,0,"0,0,0,0,0,0,0,0,0,0,0,0,0,0,0,0,0,0,0,5,0,6,17,0,0,0,0,0,0,0,0,0,0,0,0,0,16,0,0,0,0,0,0,0,0,0,0,0,0,0,0,0,0,0,0,0,0,1,0,0,0,0,0,0,0,0,0,0,0,0,0,0,0,0,0,0","6,8,14,18,20,26,28,28,28,28,28,28,28,26,22,16,14,10,6,4,2,2","6,13,12,10,11,7,4,14,12,10,13,9,12,8,15,13,10,14,15,16,14,7,17,8,11,10,5,6,6,2,8,7,11,17,18,8,3,11,6,13,16,14,1,15,17,15,13,11,12,9,18,4,16,14,6,5,7,7,4,5,14,8,9,15,13,18,12,16,17,13,3,6,7,10,5,15,1,9,12,4,2,12,9,10,14,15,13,10,8,9,7,12,11,18,13,14,20,21,16,17,19,15,22,13,9,11,10,12,8,14,11,10,9,10,7,13,3,4,5,12,11,6,9,8,8,5,7,6,9,8,2,7,11,15,13,17,10,16,19,4,14,20,3,6,5,9,6,8,7,14,10,12,11,15,10,11,19,14,18,16,13,12,17,11,10,5,12,7,9,8,4,3,6,2,1,13,9,7,4,3,15,6,11,8,16,14,12,5,6,7,5,9,4,8,3",1:M43 M77 M175 | 2:M30 M81 M131 M174 | 3:M37 M71 M117 M143 M172 M180 M195 | 4:M7 M52 M59 M80 M118 M140 M171 M179 M193 | 5:M27 M56 M60 M75 M119 M126 M145 M166 M188 M191 | 6:M1 M28 M29 M39 M55 M72 M122 M128 M144 M147 M173 M182 M189 | 7:M6 M22 M32 M57 M58 M73 M91 M115 M127 M132 M149 M168 M178 M190 | 8:M14 M24 M31 M36 M62 M89 M109 M124 M125 M130 M148 M170 M184 M194 | 9:M12 M50 M63 M78 M83 M90 M105 M113 M123 M129 M146 M169 M177 M192 | 10:M4 M10 M17 M26 M74 M84 M88 M107 M112 M114 M137 M151 M155 M165 | 11:M5 M25 M33 M38 M48 M93 M106 M111 M121 M133 M153 M156 M164 M183 | 12:M3 M9 M13 M49 M67 M79 M82 M92 M108 M120 M152 M162 M167 M187 | 13:M2 M11 M16 M40 M47 M65 M70 M87 M95 M104 M116 M135 M161 M176 | 14:M8 M18 M21 M42 M54 M61 M85 M96 M110 M141 M150 M158 M186 | 15:M15 M19 M44 M46 M64 M76 M86 M102 M134 M154 M181 | 16:M20 M41 M53 M68 M99 M138 M160 M185 | 17:M23 M34 M45 M69 M100 M136 M163 | 18:M35 M51 M66 M94 M159 | 19:M101 M139 M157 | 20:M97 M142 | 21:M98 | 22:M103,"journal objective family: bg_d2 | F-selected distance-labelled E* domain propagation and cycle detection | precedence configuration: F=distance_closure, P=sparse_suffix, G=distance_closure | Full Domain MxT schedule variables + explicit unary exclusions | (20),(22)-(27) exactly once over full domains | (22)-(27) session/fixed/forbidden exclusions as hard unit clauses | (19) participant atMost-one per slot | (46),(47) clustered table capacity with compact forward channeling | (28) SparseSuffix precedence over distance_closure distance-labelled relations | exact break-group ends and unary break-group thresholds | exact schedule <-> usedSlot channeling | (43) exactly |Mp| full usedSlot variables | (44) atMost 2|L| busy participants per slot | (45) exact even number of busy participants | historical hard cap Delta_G <= 2",5,"(5,)",result
,,,,,,,,,forum-13crafb.forb0007,b2b-d90b964c64463ef1,b2b-lineage-forum-13crafb,forbidden,F-SS-DC-ST-BGD2-UW-IC12P,Full,Filter-E*,SparseSuffix,DistanceClosure-E*,SpanThreshold,BreakGroupsD2,UWrMaxSAT,IC12+,OPTIMAL,SAT,5,5,bg_d2,5,5,5,,,5,1,32.957617,False,260.707,,,,Compact,Compact/Full,project_implementation,one-shot weighted MaxSAT,160658,,,,,,,345609,560,346169,4290,156368,963183,57,cfg5__m-full__p-sparse_suffix__g-distance_closure__b-span_threshold__o-break_groups_d2__s-uwrmaxsat__i-imp12plus__backend-uwrmaxsat,cfg5__m-full__p-sparse_suffix__g-distance_closure__b-span_threshold__o-break_groups_d2__s-uwrmaxsat__i-imp12plus__backend-uwrmaxsat,full,distance_closure,sparse_suffix,distance_closure,UWrMaxSAT,UWrMaxSAT,binary-sha256:8c68c8a386d3d7847b50d315143c2bab60e3514e59510e84a649db83cb303876,imp12+,span_threshold,total_break_groups_subject_to_range_at_most_2,BGD2,IC12P,962623,560,1,1372,145374,132605,66258,1,560,560,1,,,,,,0,0,0,0,0,,,"formalism-specific model size: SAT/MaxSAT reports base CNF and soft clauses, MIP reports variables/linear constraints/nonzeros, and CP reports integer variables plus linear/global constraints; SAT bound/totalizer overhead remains separate in optimizer_added_*",4290,3232,3232,4290,0,0,0,0,0,0,0,1,0.160341,0.002622,0.532647,,0.535269,32.422348,"wall-clock from immediately before reading/parsing the .dzn instance through model construction, optimization, solution decoding, and independent validation; excludes worker-process startup and result-file export",17,40,17,5,1,"0,0,0,0,0,0,0,0,0,0,0,0,0,0,0,0,0,0,1,1,0,0,1,0,0,0,0,0,0,0,0,0,1,0,0,0,0,0,0,0,0,0,0,0,0,0,0,0,0,0,0,0,0,0,0,0,0,1,0,0,0,0,0,0,0,0,0,0,0,0,0,0,0,0,0,0",peak_process_tree_rss_mb,d90b964c64463ef1eb0ae5ad516d527ac1137da3fc5750a3f33c6c3cd60d7c04,forb0007,data_table06_forb/forum-13crafb.forb0007.dzn,2,../noves/forum-13crafb.forb0007.dzn | ../noves/ticf-13crafb.forb0007.dzn,2,data_table06_forb/forum-13crafb.forb0007.dzn | data_table06_forb/ticf-13crafb.forb0007.dzn,https://imae.udg.edu/Recerca/LAI/,https://ima.udg.edu/Recerca/lai/b2b/b2b.zip,ee1f440ab3f6db27ab712300ad3a54a31ffd5ec1e06f81a9ac37cb7202c56528,2026-08-10T10:42:19+00:00,7200.0,,ee80a6fbd8b513f7c010668495c39621a371266a,True,3.10.12,1.8.dev25,instance-20260810-085803,Linux-6.8.0-1064-gcp-x86_64-with-glibc2.35,x86_64,4,8,15988.059,1,0,/home/g24021555/Business-Meeting-Scheduling-Problem/.venv/bin/python3 /home/g24021555/Business-Meeting-Scheduling-Problem/src/Main.py --manifest instances_manifest.csv --family forbidden --solver sat_all --objective-mode bg_d2 --domain-mode both --domain-filter-graph both --precedence-encoding both --precedence-graph both --encoding-variant imp12+ --sat-backend cadical --maxsat-backend uwrmaxsat --uwrmaxsat-bin /home/g24021555/uwrmaxsat/build/release/bin/uwrmaxsat --timeout 7200 --csv output/full_matrix_bg_d2_forbidden.csv,/home/g24021555/uwrmaxsat/build/release/bin/uwrmaxsat,8c68c8a386d3d7847b50d315143c2bab60e3514e59510e84a649db83cb303876,/home/g24021555/uwrmaxsat/build/release/bin/uwrmaxsat -m /tmp/b2b_uwrmaxsat_tzo7smgj/forum-13crafb.forb0007.wcnf,,process exit code=30,,,maxsat,uwrmaxsat,,/home/g24021555/uwrmaxsat/build/release/bin/uwrmaxsat,staircase,sparse_suffix+distance_closure,5,56,"1,2,3,4,7,8,9,10,12,13,14,15,16,17,18,19,20,21,22,23,24,25,26,28,29,30,31,32,33,36,37,38,39,40,41,42,43,44,45,47,48,51,53,54,56,57,58,59,60,61,62,63,64,65,66,76",3232,1058,0,0,"0,0,0,0,0,0,0,0,0,0,0,0,0,0,0,0,0,0,9,8,0,0,17,0,0,0,0,0,0,0,0,0,3,0,0,0,0,0,0,0,0,0,0,0,0,0,0,0,0,0,0,0,0,0,0,0,0,3,0,0,0,0,0,0,0,0,0,0,0,0,0,0,0,0,0,0","4,8,8,10,14,16,20,22,28,28,28,28,28,26,24,26,20,18,14,10,8,2","11,13,11,12,10,12,10,10,14,11,13,9,12,8,16,13,10,14,15,17,14,7,16,10,11,9,4,5,5,2,12,11,12,19,18,8,9,10,7,18,13,15,4,17,18,15,13,11,12,6,17,5,14,16,10,6,7,15,16,18,14,7,8,21,13,16,15,19,17,13,11,5,9,7,3,14,2,8,10,12,6,12,11,9,13,16,15,9,8,10,9,11,10,18,22,17,15,21,16,19,20,14,13,13,15,14,17,18,14,15,12,9,16,14,13,16,6,9,11,10,12,8,7,15,19,18,21,20,12,6,1,3,4,11,13,20,10,19,7,21,5,14,8,2,9,16,17,20,19,17,16,19,18,13,9,8,10,14,16,12,15,11,17,11,10,6,12,7,8,5,3,4,9,1,2,13,8,9,6,20,15,17,18,16,14,12,11,7,7,6,8,9,4,3,5",1:M131 M174 | 2:M30 M77 M144 M175 | 3:M75 M132 M171 M194 | 4:M27 M43 M133 M172 M193 | 5:M28 M29 M52 M72 M141 M170 M195 | 6:M50 M56 M81 M117 M130 M166 M179 M190 | 7:M22 M39 M57 M62 M74 M123 M139 M168 M188 M189 | 8:M14 M36 M63 M78 M89 M122 M143 M156 M169 M177 M191 | 9:M12 M26 M37 M73 M84 M88 M91 M112 M118 M145 M155 M173 M178 M192 | 10:M5 M7 M8 M17 M24 M38 M55 M79 M90 M93 M120 M137 M157 M165 | 11:M1 M3 M10 M25 M32 M48 M71 M83 M92 M119 M134 M162 M164 M187 | 12:M4 M6 M13 M31 M33 M49 M80 M82 M111 M121 M129 M160 M167 M186 | 13:M2 M11 M16 M41 M47 M65 M70 M85 M103 M104 M115 M135 M154 M176 | 14:M9 M18 M21 M53 M61 M76 M102 M106 M109 M114 M142 M158 M185 | 15:M19 M42 M46 M58 M67 M87 M97 M105 M110 M124 M161 M181 | 16:M15 M23 M54 M59 M66 M86 M99 M113 M116 M146 M151 M159 M184 | 17:M20 M44 M51 M69 M96 M107 M147 M150 M163 M182 | 18:M35 M40 M45 M60 M94 M108 M126 M153 M183 | 19:M34 M68 M100 M125 M138 M149 M152 | 20:M101 M128 M136 M148 M180 | 21:M64 M98 M127 M140 | 22:M95,"journal objective family: bg_d2 | F-selected distance-labelled E* domain propagation and cycle detection | precedence configuration: F=distance_closure, P=sparse_suffix, G=distance_closure | Full Domain MxT schedule variables + explicit unary exclusions | (20),(22)-(27) exactly once over full domains | (22)-(27) session/fixed/forbidden exclusions as hard unit clauses | (19) participant atMost-one per slot | (46),(47) clustered table capacity with compact forward channeling | (28) SparseSuffix precedence over distance_closure distance-labelled relations | exact break-group ends and unary break-group thresholds | exact schedule <-> usedSlot channeling | (43) exactly |Mp| full usedSlot variables | (44) atMost 2|L| busy participants per slot | (45) exact even number of busy participants | historical hard cap Delta_G <= 2",,,result
,,,,,,,,,forum-13crafb.forb0007,b2b-d90b964c64463ef1,b2b-lineage-forum-13crafb,forbidden,R-PW-DE-ST-BGD2-IS-CD-IC12P,Reduced,Filter-E*,Pairwise,Direct-E,SpanThreshold,BreakGroupsD2,IncrementalSAT,IC12+,OPTIMAL,SAT,5,5,bg_d2,5,5,5,,,,,30.399666,False,207.598,,,,Compact,Compact/Reduced,project_implementation,incremental multi-phase SAT with persistent solver state,151627,,,,,,,309596,0,309596,3232,148395,874577,57,cfg5__m-reduced__p-pairwise__g-direct__b-span_threshold__o-break_groups_d2__s-incrementalsat__i-imp12plus__backend-cadical,cfg5__m-reduced__p-pairwise__g-direct__b-span_threshold__o-break_groups_d2__s-incrementalsat__i-imp12plus__backend-cadical,reduced,distance_closure,pairwise,direct,IncrementalSAT,CaDiCaL,1.5.3,imp12+,span_threshold,total_break_groups_subject_to_range_at_most_2,BGD2,IC12P,874577,0,0,339,121264,125821,62172,,0,558,7,,,,,,1,3794,35941,103532,35941,29.49654204199942,6,"formalism-specific model size: SAT/MaxSAT reports base CNF and soft clauses, MIP reports variables/linear constraints/nonzeros, and CP reports integer variables plus linear/global constraints; SAT bound/totalizer overhead remains separate in optimizer_added_*",4290,3232,3232,3232,0,0,0,0,0,0,0,1,0.16108,0.002555,0.50094,,0.503495,29.896171,"wall-clock from immediately before reading/parsing the .dzn instance through model construction, optimization, solution decoding, and independent validation; excludes worker-process startup and result-file export",17,41,17,5,1,"1,0,0,1,0,0,0,0,0,0,0,0,0,0,0,0,0,0,0,1,0,0,1,0,0,0,0,0,0,0,0,0,0,0,0,0,0,0,0,0,0,0,0,0,0,0,0,0,0,0,0,0,0,0,0,0,0,1,0,0,0,0,0,0,0,0,0,0,0,0,0,0,0,0,0,0",peak_process_tree_rss_mb,d90b964c64463ef1eb0ae5ad516d527ac1137da3fc5750a3f33c6c3cd60d7c04,forb0007,data_table06_forb/forum-13crafb.forb0007.dzn,2,../noves/forum-13crafb.forb0007.dzn | ../noves/ticf-13crafb.forb0007.dzn,2,data_table06_forb/forum-13crafb.forb0007.dzn | data_table06_forb/ticf-13crafb.forb0007.dzn,https://imae.udg.edu/Recerca/LAI/,https://ima.udg.edu/Recerca/lai/b2b/b2b.zip,ee1f440ab3f6db27ab712300ad3a54a31ffd5ec1e06f81a9ac37cb7202c56528,2026-08-10T10:42:19+00:00,7200.0,,ee80a6fbd8b513f7c010668495c39621a371266a,True,3.10.12,1.8.dev25,instance-20260810-085803,Linux-6.8.0-1064-gcp-x86_64-with-glibc2.35,x86_64,4,8,15988.059,1,0,/home/g24021555/Business-Meeting-Scheduling-Problem/.venv/bin/python3 /home/g24021555/Business-Meeting-Scheduling-Problem/src/Main.py --manifest instances_manifest.csv --family forbidden --solver sat_all --objective-mode bg_d2 --domain-mode both --domain-filter-graph both --precedence-encoding both --precedence-graph both --encoding-variant imp12+ --sat-backend cadical --maxsat-backend uwrmaxsat --uwrmaxsat-bin /home/g24021555/uwrmaxsat/build/release/bin/uwrmaxsat --timeout 7200 --csv output/full_matrix_bg_d2_forbidden.csv,,,,,,,,incremental,,cadical,,traditional,pairwise+direct,5,56,"1,2,3,4,7,8,9,10,12,13,14,15,16,17,18,19,20,21,22,23,24,25,26,28,29,30,31,32,33,36,37,38,39,40,41,42,43,44,45,47,48,51,53,54,56,57,58,59,60,61,62,63,64,65,66,76",3232,1058,0,0,"7,0,0,7,0,0,0,0,0,0,0,0,0,0,0,0,0,0,0,8,0,0,17,0,0,0,0,0,0,0,0,0,0,0,0,0,0,0,0,0,0,0,0,0,0,0,0,0,0,0,0,0,0,0,0,0,0,2,0,0,0,0,0,0,0,0,0,0,0,0,0,0,0,0,0,0","2,6,8,12,14,14,22,22,24,28,28,28,28,28,26,26,24,20,12,10,6,2","10,17,8,7,9,7,11,11,15,9,13,9,12,8,16,13,10,14,16,15,14,7,13,10,12,11,17,5,7,4,12,11,12,16,17,10,9,13,6,18,16,14,3,17,19,14,13,11,8,12,15,5,16,18,9,8,6,15,17,16,18,10,12,14,13,19,20,16,15,13,10,8,7,9,6,14,3,4,11,12,2,10,12,11,13,14,15,11,7,9,8,11,10,18,15,19,17,22,14,20,21,16,13,17,13,16,15,15,14,18,12,10,16,5,15,13,6,7,11,12,10,9,8,14,20,18,21,19,12,10,2,11,5,15,13,17,6,16,8,7,21,4,14,3,9,19,17,20,18,18,16,14,17,17,11,13,18,12,19,15,16,14,20,6,11,5,12,8,9,7,4,3,10,2,1,13,9,10,5,4,11,18,17,15,8,14,12,7,7,9,8,10,6,5,4",1:M175 | 2:M81 M131 M174 | 3:M43 M77 M144 M172 | 4:M30 M78 M142 M171 M180 M195 | 5:M28 M52 M114 M133 M166 M179 M194 | 6:M39 M57 M75 M117 M137 M164 M193 | 7:M4 M6 M22 M29 M73 M89 M118 M140 M170 M188 M189 | 8:M3 M14 M49 M56 M72 M91 M123 M139 M168 M185 M191 | 9:M5 M10 M12 M37 M55 M74 M90 M122 M145 M169 M177 M190 | 10:M1 M17 M24 M36 M62 M71 M82 M93 M112 M121 M130 M173 M178 M192 | 11:M7 M8 M26 M32 M48 M79 M84 M88 M92 M119 M132 M155 M165 M181 | 12:M13 M25 M31 M33 M50 M63 M80 M83 M111 M120 M129 M158 M167 M187 | 13:M11 M16 M23 M38 M47 M65 M70 M85 M103 M105 M116 M135 M156 M176 | 14:M18 M21 M42 M46 M64 M76 M86 M99 M109 M124 M143 M152 M162 M186 | 15:M9 M20 M51 M58 M69 M87 M95 M107 M108 M115 M134 M160 M184 | 16:M15 M19 M34 M41 M53 M60 M68 M102 M106 M113 M138 M151 M161 | 17:M2 M27 M35 M44 M59 M97 M104 M136 M147 M153 M154 M183 | 18:M40 M54 M61 M94 M110 M126 M149 M150 M157 M182 | 19:M45 M66 M96 M128 M146 M159 | 20:M67 M100 M125 M148 M163 | 21:M101 M127 M141 | 22:M98,"journal objective family: bg_d2 | F-selected distance-labelled E* domain propagation and cycle detection | precedence configuration: F=distance_closure, P=pairwise, G=direct | Reduced Domain variables after unary filtering + matching GAC + slot saturation | (20),(22)-(27) exactly once over reduced domains | (19) participant atMost-one per slot | (46),(47) clustered table capacity with compact forward channeling | (28) Pairwise precedence over direct distance-labelled relations | exact break-group ends and unary break-group thresholds | exact schedule <-> usedSlot channeling | (43) exactly |Mp| reduced usedSlot variables | (44) atMost 2|L| busy participants per slot | (45) exact even number of busy participants | historical hard cap Delta_G <= 2",5,"(5,)",result
,,,,,,,,,forum-13crafb.forb0007,b2b-d90b964c64463ef1,b2b-lineage-forum-13crafb,forbidden,R-PW-DE-ST-BGD2-NIS-CD-IC12P,Reduced,Filter-E*,Pairwise,Direct-E,SpanThreshold,BreakGroupsD2,NonIncrementalSAT,IC12+,OPTIMAL,SAT,5,5,bg_d2,5,5,5,,,,,28.834651,False,216.188,,,,Compact,Compact/Reduced,project_implementation,restart-based multi-phase SAT,151627,,,,,,,309596,0,309596,3232,148395,874577,57,cfg5__m-reduced__p-pairwise__g-direct__b-span_threshold__o-break_groups_d2__s-nonincrementalsat__i-imp12plus__backend-cadical,cfg5__m-reduced__p-pairwise__g-direct__b-span_threshold__o-break_groups_d2__s-nonincrementalsat__i-imp12plus__backend-cadical,reduced,distance_closure,pairwise,direct,NonIncrementalSAT,CaDiCaL,1.5.3,imp12+,span_threshold,total_break_groups_subject_to_range_at_most_2,BGD2,IC12P,874577,0,0,339,121264,125821,62172,,0,558,7,,,,,,7,15341,31182,77176,74030,27.920756394001728,6,"formalism-specific model size: SAT/MaxSAT reports base CNF and soft clauses, MIP reports variables/linear constraints/nonzeros, and CP reports integer variables plus linear/global constraints; SAT bound/totalizer overhead remains separate in optimizer_added_*",4290,3232,3232,3232,0,0,0,0,0,0,0,1,0.162308,0.002559,0.509424,,0.511983,28.322667,"wall-clock from immediately before reading/parsing the .dzn instance through model construction, optimization, solution decoding, and independent validation; excludes worker-process startup and result-file export",17,49,17,5,1,"0,0,0,0,0,0,0,0,0,0,0,0,0,0,0,0,0,0,1,0,0,0,1,0,0,0,0,0,0,0,0,0,0,0,0,0,1,0,0,0,1,0,0,0,0,0,0,0,0,0,0,0,0,0,0,0,0,1,0,0,0,0,0,0,0,0,0,0,0,0,0,0,0,0,0,0",peak_process_tree_rss_mb,d90b964c64463ef1eb0ae5ad516d527ac1137da3fc5750a3f33c6c3cd60d7c04,forb0007,data_table06_forb/forum-13crafb.forb0007.dzn,2,../noves/forum-13crafb.forb0007.dzn | ../noves/ticf-13crafb.forb0007.dzn,2,data_table06_forb/forum-13crafb.forb0007.dzn | data_table06_forb/ticf-13crafb.forb0007.dzn,https://imae.udg.edu/Recerca/LAI/,https://ima.udg.edu/Recerca/lai/b2b/b2b.zip,ee1f440ab3f6db27ab712300ad3a54a31ffd5ec1e06f81a9ac37cb7202c56528,2026-08-10T10:42:19+00:00,7200.0,,ee80a6fbd8b513f7c010668495c39621a371266a,True,3.10.12,1.8.dev25,instance-20260810-085803,Linux-6.8.0-1064-gcp-x86_64-with-glibc2.35,x86_64,4,8,15988.059,1,0,/home/g24021555/Business-Meeting-Scheduling-Problem/.venv/bin/python3 /home/g24021555/Business-Meeting-Scheduling-Problem/src/Main.py --manifest instances_manifest.csv --family forbidden --solver sat_all --objective-mode bg_d2 --domain-mode both --domain-filter-graph both --precedence-encoding both --precedence-graph both --encoding-variant imp12+ --sat-backend cadical --maxsat-backend uwrmaxsat --uwrmaxsat-bin /home/g24021555/uwrmaxsat/build/release/bin/uwrmaxsat --timeout 7200 --csv output/full_matrix_bg_d2_forbidden.csv,,,,,,,,multiple,,cadical,,traditional,pairwise+direct,5,56,"1,2,3,4,7,8,9,10,12,13,14,15,16,17,18,19,20,21,22,23,24,25,26,28,29,30,31,32,33,36,37,38,39,40,41,42,43,44,45,47,48,51,53,54,56,57,58,59,60,61,62,63,64,65,66,76",3232,1058,0,0,"0,0,0,0,0,0,0,0,0,0,0,0,0,0,0,0,0,0,8,0,0,0,17,0,0,0,0,0,0,0,0,0,0,0,0,0,13,0,0,0,9,0,0,0,0,0,0,0,0,0,0,0,0,0,0,0,0,2,0,0,0,0,0,0,0,0,0,0,0,0,0,0,0,0,0,0","6,8,12,14,16,16,18,24,28,28,28,28,28,28,28,24,22,16,6,8,2,2","8,13,10,12,11,11,10,11,13,10,12,9,12,8,13,14,11,16,16,17,14,12,15,9,11,10,9,11,2,1,12,10,12,17,16,8,7,10,6,15,18,14,3,16,18,14,13,10,8,5,17,4,15,16,11,5,7,15,18,17,14,9,11,20,13,18,16,15,17,13,11,8,7,9,3,14,2,6,12,5,4,12,9,10,13,14,15,4,6,7,8,10,9,18,21,14,13,22,16,17,19,15,20,13,15,11,17,14,17,15,9,12,18,12,13,14,10,8,6,11,5,7,9,15,15,14,13,16,10,5,3,2,1,13,17,14,11,15,8,7,20,4,9,6,12,18,16,19,20,17,18,16,19,12,9,8,16,13,11,10,15,14,17,10,9,5,12,1,7,6,8,4,11,3,2,13,3,7,5,4,15,16,12,10,8,14,6,9,6,7,9,8,4,3,5",1:M30 M133 M168 | 2:M29 M77 M132 M175 | 3:M43 M75 M131 M174 M177 M194 | 4:M52 M81 M88 M142 M172 M180 M193 | 5:M50 M56 M80 M121 M130 M166 M179 M195 | 6:M39 M78 M89 M119 M144 M170 M187 M189 | 7:M37 M57 M73 M90 M122 M140 M169 M178 M190 | 8:M1 M14 M36 M49 M72 M91 M118 M139 M156 M171 M185 M192 | 9:M12 M24 M27 M62 M74 M83 M93 M111 M123 M143 M155 M165 M188 M191 | 10:M3 M7 M10 M26 M32 M38 M48 M84 M92 M117 M129 M160 M164 M184 | 11:M5 M6 M8 M17 M25 M28 M55 M63 M71 M106 M120 M137 M159 M173 | 12:M4 M11 M13 M22 M31 M33 M79 M82 M112 M114 M145 M154 M167 M183 | 13:M2 M9 M15 M47 M65 M70 M85 M97 M104 M115 M127 M134 M158 M176 | 14:M16 M21 M42 M46 M61 M76 M86 M96 M108 M116 M126 M136 M162 M186 | 15:M23 M40 M53 M58 M68 M87 M102 M105 M110 M124 M125 M138 M161 M181 | 16:M18 M19 M35 M44 M54 M67 M99 M128 M147 M152 M157 M182 | 17:M20 M34 M51 M60 M69 M100 M107 M109 M135 M150 M163 | 18:M41 M45 M59 M66 M94 M113 M146 M151 | 19:M101 M148 M153 | 20:M64 M103 M141 M149 | 21:M95 | 22:M98,"journal objective family: bg_d2 | F-selected distance-labelled E* domain propagation and cycle detection | precedence configuration: F=distance_closure, P=pairwise, G=direct | Reduced Domain variables after unary filtering + matching GAC + slot saturation | (20),(22)-(27) exactly once over reduced domains | (19) participant atMost-one per slot | (46),(47) clustered table capacity with compact forward channeling | (28) Pairwise precedence over direct distance-labelled relations | exact break-group ends and unary break-group thresholds | exact schedule <-> usedSlot channeling | (43) exactly |Mp| reduced usedSlot variables | (44) atMost 2|L| busy participants per slot | (45) exact even number of busy participants | historical hard cap Delta_G <= 2",5,"(5,)",result
,,,,,,,,,forum-13crafb.forb0007,b2b-d90b964c64463ef1,b2b-lineage-forum-13crafb,forbidden,R-PW-DE-ST-BGD2-UW-IC12P,Reduced,Filter-E*,Pairwise,Direct-E,SpanThreshold,BreakGroupsD2,UWrMaxSAT,IC12+,OPTIMAL,SAT,5,5,bg_d2,5,5,5,,,5,1,24.864074,False,255.648,,,,Compact,Compact/Reduced,project_implementation,one-shot weighted MaxSAT,151627,,,,,,,309596,558,310154,3232,148395,875135,57,cfg5__m-reduced__p-pairwise__g-direct__b-span_threshold__o-break_groups_d2__s-uwrmaxsat__i-imp12plus__backend-uwrmaxsat,cfg5__m-reduced__p-pairwise__g-direct__b-span_threshold__o-break_groups_d2__s-uwrmaxsat__i-imp12plus__backend-uwrmaxsat,reduced,distance_closure,pairwise,direct,UWrMaxSAT,UWrMaxSAT,binary-sha256:8c68c8a386d3d7847b50d315143c2bab60e3514e59510e84a649db83cb303876,imp12+,span_threshold,total_break_groups_subject_to_range_at_most_2,BGD2,IC12P,874577,558,1,339,121264,125821,62172,1,558,558,1,,,,,,0,0,0,0,0,,,"formalism-specific model size: SAT/MaxSAT reports base CNF and soft clauses, MIP reports variables/linear constraints/nonzeros, and CP reports integer variables plus linear/global constraints; SAT bound/totalizer overhead remains separate in optimizer_added_*",4290,3232,3232,3232,0,0,0,0,0,0,0,1,0.161803,0.002598,0.497235,,0.499833,24.364241,"wall-clock from immediately before reading/parsing the .dzn instance through model construction, optimization, solution decoding, and independent validation; excludes worker-process startup and result-file export",18,50,18,5,1,"0,0,0,0,0,0,0,0,0,0,0,0,0,0,0,0,0,0,1,1,0,0,1,0,0,0,0,0,0,0,0,0,0,0,0,0,1,0,0,0,0,0,0,0,0,0,0,0,0,0,0,0,0,0,0,0,0,1,0,0,0,0,0,0,0,0,0,0,0,0,0,0,0,0,0,0",peak_process_tree_rss_mb,d90b964c64463ef1eb0ae5ad516d527ac1137da3fc5750a3f33c6c3cd60d7c04,forb0007,data_table06_forb/forum-13crafb.forb0007.dzn,2,../noves/forum-13crafb.forb0007.dzn | ../noves/ticf-13crafb.forb0007.dzn,2,data_table06_forb/forum-13crafb.forb0007.dzn | data_table06_forb/ticf-13crafb.forb0007.dzn,https://imae.udg.edu/Recerca/LAI/,https://ima.udg.edu/Recerca/lai/b2b/b2b.zip,ee1f440ab3f6db27ab712300ad3a54a31ffd5ec1e06f81a9ac37cb7202c56528,2026-08-10T10:42:19+00:00,7200.0,,ee80a6fbd8b513f7c010668495c39621a371266a,True,3.10.12,1.8.dev25,instance-20260810-085803,Linux-6.8.0-1064-gcp-x86_64-with-glibc2.35,x86_64,4,8,15988.059,1,0,/home/g24021555/Business-Meeting-Scheduling-Problem/.venv/bin/python3 /home/g24021555/Business-Meeting-Scheduling-Problem/src/Main.py --manifest instances_manifest.csv --family forbidden --solver sat_all --objective-mode bg_d2 --domain-mode both --domain-filter-graph both --precedence-encoding both --precedence-graph both --encoding-variant imp12+ --sat-backend cadical --maxsat-backend uwrmaxsat --uwrmaxsat-bin /home/g24021555/uwrmaxsat/build/release/bin/uwrmaxsat --timeout 7200 --csv output/full_matrix_bg_d2_forbidden.csv,/home/g24021555/uwrmaxsat/build/release/bin/uwrmaxsat,8c68c8a386d3d7847b50d315143c2bab60e3514e59510e84a649db83cb303876,/home/g24021555/uwrmaxsat/build/release/bin/uwrmaxsat -m /tmp/b2b_uwrmaxsat_vlzvv008/forum-13crafb.forb0007.wcnf,,process exit code=30,,,maxsat,uwrmaxsat,,/home/g24021555/uwrmaxsat/build/release/bin/uwrmaxsat,traditional,pairwise+direct,5,56,"1,2,3,4,7,8,9,10,12,13,14,15,16,17,18,19,20,21,22,23,24,25,26,28,29,30,31,32,33,36,37,38,39,40,41,42,43,44,45,47,48,51,53,54,56,57,58,59,60,61,62,63,64,65,66,76",3232,1058,0,0,"0,0,0,0,0,0,0,0,0,0,0,0,0,0,0,0,0,0,6,7,0,0,18,0,0,0,0,0,0,0,0,0,0,0,0,0,15,0,0,0,0,0,0,0,0,0,0,0,0,0,0,0,0,0,0,0,0,4,0,0,0,0,0,0,0,0,0,0,0,0,0,0,0,0,0,0","6,10,12,16,20,26,28,28,28,28,28,28,28,26,26,16,12,8,6,4,2,4","6,13,10,12,11,8,7,11,14,10,13,9,12,8,15,13,11,14,15,17,14,7,16,9,11,10,4,6,6,5,12,11,12,14,15,8,4,9,6,17,15,16,2,13,16,15,13,10,12,9,18,11,14,17,6,7,5,7,4,5,14,8,10,18,13,19,12,15,16,15,10,6,7,8,2,14,3,11,12,5,1,12,10,9,13,15,14,10,8,9,7,10,9,18,20,16,13,22,15,19,17,14,21,14,13,15,11,10,8,14,12,7,9,13,9,10,5,8,4,12,11,6,3,7,7,5,8,6,11,8,1,3,9,16,13,14,10,17,22,15,2,4,6,5,7,9,6,7,8,12,11,13,10,12,11,19,17,14,18,13,15,16,20,11,9,5,12,7,8,6,3,4,10,1,2,13,9,7,3,2,16,6,11,4,8,15,12,5,6,7,5,9,4,8,3",1:M81 M131 M174 | 2:M43 M75 M141 M175 M180 | 3:M77 M123 M132 M171 M179 M195 | 4:M27 M37 M59 M119 M142 M172 M184 M193 | 5:M30 M57 M60 M80 M117 M126 M144 M166 M188 M191 | 6:M1 M28 M29 M39 M55 M72 M122 M128 M143 M147 M170 M182 M189 | 7:M7 M22 M56 M58 M73 M91 M112 M124 M125 M145 M148 M168 M178 M190 | 8:M6 M14 M36 M62 M74 M89 M109 M118 M127 M130 M149 M169 M185 M194 | 9:M12 M24 M38 M50 M84 M90 M93 M113 M115 M133 M146 M165 M177 M192 | 10:M3 M10 M26 M48 M63 M71 M83 M88 M92 M108 M116 M137 M153 M173 | 11:M5 M8 M17 M25 M32 M52 M78 M107 M121 M129 M151 M155 M164 M183 | 12:M4 M13 M31 M33 M49 M67 M79 M82 M111 M120 M150 M154 M167 M187 | 13:M2 M11 M16 M44 M47 M65 M85 M97 M105 M114 M135 M152 M160 M176 | 14:M9 M18 M21 M34 M53 M61 M76 M87 M102 M104 M110 M136 M158 | 15:M15 M19 M35 M41 M46 M68 M70 M86 M99 M106 M140 M161 M186 | 16:M23 M42 M45 M69 M96 M134 M162 M181 | 17:M20 M40 M54 M101 M138 M157 | 18:M51 M64 M94 M159 | 19:M66 M100 M156 | 20:M95 M163 | 21:M103 | 22:M98 M139,"journal objective family: bg_d2 | F-selected distance-labelled E* domain propagation and cycle detection | precedence configuration: F=distance_closure, P=pairwise, G=direct | Reduced Domain variables after unary filtering + matching GAC + slot saturation | (20),(22)-(27) exactly once over reduced domains | (19) participant atMost-one per slot | (46),(47) clustered table capacity with compact forward channeling | (28) Pairwise precedence over direct distance-labelled relations | exact break-group ends and unary break-group thresholds | exact schedule <-> usedSlot channeling | (43) exactly |Mp| reduced usedSlot variables | (44) atMost 2|L| busy participants per slot | (45) exact even number of busy participants | historical hard cap Delta_G <= 2",,,result
,,,,,,,,,forum-13crafb.forb0007,b2b-d90b964c64463ef1,b2b-lineage-forum-13crafb,forbidden,R-PW-DC-ST-BGD2-IS-CD-IC12P,Reduced,Filter-E*,Pairwise,DistanceClosure-E*,SpanThreshold,BreakGroupsD2,IncrementalSAT,IC12+,OPTIMAL,SAT,5,5,bg_d2,5,5,5,,,,,30.346899,False,202.926,,,,Compact,Compact/Reduced,project_implementation,incremental multi-phase SAT with persistent solver state,151627,,,,,,,309596,0,309596,3232,148395,874577,57,cfg5__m-reduced__p-pairwise__g-distance_closure__b-span_threshold__o-break_groups_d2__s-incrementalsat__i-imp12plus__backend-cadical,cfg5__m-reduced__p-pairwise__g-distance_closure__b-span_threshold__o-break_groups_d2__s-incrementalsat__i-imp12plus__backend-cadical,reduced,distance_closure,pairwise,distance_closure,IncrementalSAT,CaDiCaL,1.5.3,imp12+,span_threshold,total_break_groups_subject_to_range_at_most_2,BGD2,IC12P,874577,0,0,339,121264,125821,62172,,0,558,7,,,,,,1,3794,35941,103532,35941,29.470512014000633,6,"formalism-specific model size: SAT/MaxSAT reports base CNF and soft clauses, MIP reports variables/linear constraints/nonzeros, and CP reports integer variables plus linear/global constraints; SAT bound/totalizer overhead remains separate in optimizer_added_*",4290,3232,3232,3232,0,0,0,0,0,0,0,1,0.159887,0.002758,0.490836,,0.493594,29.853305,"wall-clock from immediately before reading/parsing the .dzn instance through model construction, optimization, solution decoding, and independent validation; excludes worker-process startup and result-file export",17,41,17,5,1,"1,0,0,1,0,0,0,0,0,0,0,0,0,0,0,0,0,0,0,1,0,0,1,0,0,0,0,0,0,0,0,0,0,0,0,0,0,0,0,0,0,0,0,0,0,0,0,0,0,0,0,0,0,0,0,0,0,1,0,0,0,0,0,0,0,0,0,0,0,0,0,0,0,0,0,0",peak_process_tree_rss_mb,d90b964c64463ef1eb0ae5ad516d527ac1137da3fc5750a3f33c6c3cd60d7c04,forb0007,data_table06_forb/forum-13crafb.forb0007.dzn,2,../noves/forum-13crafb.forb0007.dzn | ../noves/ticf-13crafb.forb0007.dzn,2,data_table06_forb/forum-13crafb.forb0007.dzn | data_table06_forb/ticf-13crafb.forb0007.dzn,https://imae.udg.edu/Recerca/LAI/,https://ima.udg.edu/Recerca/lai/b2b/b2b.zip,ee1f440ab3f6db27ab712300ad3a54a31ffd5ec1e06f81a9ac37cb7202c56528,2026-08-10T10:42:19+00:00,7200.0,,ee80a6fbd8b513f7c010668495c39621a371266a,True,3.10.12,1.8.dev25,instance-20260810-085803,Linux-6.8.0-1064-gcp-x86_64-with-glibc2.35,x86_64,4,8,15988.059,1,0,/home/g24021555/Business-Meeting-Scheduling-Problem/.venv/bin/python3 /home/g24021555/Business-Meeting-Scheduling-Problem/src/Main.py --manifest instances_manifest.csv --family forbidden --solver sat_all --objective-mode bg_d2 --domain-mode both --domain-filter-graph both --precedence-encoding both --precedence-graph both --encoding-variant imp12+ --sat-backend cadical --maxsat-backend uwrmaxsat --uwrmaxsat-bin /home/g24021555/uwrmaxsat/build/release/bin/uwrmaxsat --timeout 7200 --csv output/full_matrix_bg_d2_forbidden.csv,,,,,,,,incremental,,cadical,,factorial,pairwise+distance_closure,5,56,"1,2,3,4,7,8,9,10,12,13,14,15,16,17,18,19,20,21,22,23,24,25,26,28,29,30,31,32,33,36,37,38,39,40,41,42,43,44,45,47,48,51,53,54,56,57,58,59,60,61,62,63,64,65,66,76",3232,1058,0,0,"7,0,0,7,0,0,0,0,0,0,0,0,0,0,0,0,0,0,0,8,0,0,17,0,0,0,0,0,0,0,0,0,0,0,0,0,0,0,0,0,0,0,0,0,0,0,0,0,0,0,0,0,0,0,0,0,0,2,0,0,0,0,0,0,0,0,0,0,0,0,0,0,0,0,0,0","2,6,8,12,14,14,22,22,24,28,28,28,28,28,26,26,24,20,12,10,6,2","10,17,8,7,9,7,11,11,15,9,13,9,12,8,16,13,10,14,16,15,14,7,13,10,12,11,17,5,7,4,12,11,12,16,17,10,9,13,6,18,16,14,3,17,19,14,13,11,8,12,15,5,16,18,9,8,6,15,17,16,18,10,12,14,13,19,20,16,15,13,10,8,7,9,6,14,3,4,11,12,2,10,12,11,13,14,15,11,7,9,8,11,10,18,15,19,17,22,14,20,21,16,13,17,13,16,15,15,14,18,12,10,16,5,15,13,6,7,11,12,10,9,8,14,20,18,21,19,12,10,2,11,5,15,13,17,6,16,8,7,21,4,14,3,9,19,17,20,18,18,16,14,17,17,11,13,18,12,19,15,16,14,20,6,11,5,12,8,9,7,4,3,10,2,1,13,9,10,5,4,11,18,17,15,8,14,12,7,7,9,8,10,6,5,4",1:M175 | 2:M81 M131 M174 | 3:M43 M77 M144 M172 | 4:M30 M78 M142 M171 M180 M195 | 5:M28 M52 M114 M133 M166 M179 M194 | 6:M39 M57 M75 M117 M137 M164 M193 | 7:M4 M6 M22 M29 M73 M89 M118 M140 M170 M188 M189 | 8:M3 M14 M49 M56 M72 M91 M123 M139 M168 M185 M191 | 9:M5 M10 M12 M37 M55 M74 M90 M122 M145 M169 M177 M190 | 10:M1 M17 M24 M36 M62 M71 M82 M93 M112 M121 M130 M173 M178 M192 | 11:M7 M8 M26 M32 M48 M79 M84 M88 M92 M119 M132 M155 M165 M181 | 12:M13 M25 M31 M33 M50 M63 M80 M83 M111 M120 M129 M158 M167 M187 | 13:M11 M16 M23 M38 M47 M65 M70 M85 M103 M105 M116 M135 M156 M176 | 14:M18 M21 M42 M46 M64 M76 M86 M99 M109 M124 M143 M152 M162 M186 | 15:M9 M20 M51 M58 M69 M87 M95 M107 M108 M115 M134 M160 M184 | 16:M15 M19 M34 M41 M53 M60 M68 M102 M106 M113 M138 M151 M161 | 17:M2 M27 M35 M44 M59 M97 M104 M136 M147 M153 M154 M183 | 18:M40 M54 M61 M94 M110 M126 M149 M150 M157 M182 | 19:M45 M66 M96 M128 M146 M159 | 20:M67 M100 M125 M148 M163 | 21:M101 M127 M141 | 22:M98,"journal objective family: bg_d2 | F-selected distance-labelled E* domain propagation and cycle detection | precedence configuration: F=distance_closure, P=pairwise, G=distance_closure | Reduced Domain variables after unary filtering + matching GAC + slot saturation | (20),(22)-(27) exactly once over reduced domains | (19) participant atMost-one per slot | (46),(47) clustered table capacity with compact forward channeling | (28) Pairwise precedence over distance_closure distance-labelled relations | exact break-group ends and unary break-group thresholds | exact schedule <-> usedSlot channeling | (43) exactly |Mp| reduced usedSlot variables | (44) atMost 2|L| busy participants per slot | (45) exact even number of busy participants | historical hard cap Delta_G <= 2",5,"(5,)",result
,,,,,,,,,forum-13crafb.forb0007,b2b-d90b964c64463ef1,b2b-lineage-forum-13crafb,forbidden,R-PW-DC-ST-BGD2-NIS-CD-IC12P,Reduced,Filter-E*,Pairwise,DistanceClosure-E*,SpanThreshold,BreakGroupsD2,NonIncrementalSAT,IC12+,OPTIMAL,SAT,5,5,bg_d2,5,5,5,,,,,28.593795,False,215.238,,,,Compact,Compact/Reduced,project_implementation,restart-based multi-phase SAT,151627,,,,,,,309596,0,309596,3232,148395,874577,57,cfg5__m-reduced__p-pairwise__g-distance_closure__b-span_threshold__o-break_groups_d2__s-nonincrementalsat__i-imp12plus__backend-cadical,cfg5__m-reduced__p-pairwise__g-distance_closure__b-span_threshold__o-break_groups_d2__s-nonincrementalsat__i-imp12plus__backend-cadical,reduced,distance_closure,pairwise,distance_closure,NonIncrementalSAT,CaDiCaL,1.5.3,imp12+,span_threshold,total_break_groups_subject_to_range_at_most_2,BGD2,IC12P,874577,0,0,339,121264,125821,62172,,0,558,7,,,,,,7,15341,31182,77176,74030,27.68947802100047,6,"formalism-specific model size: SAT/MaxSAT reports base CNF and soft clauses, MIP reports variables/linear constraints/nonzeros, and CP reports integer variables plus linear/global constraints; SAT bound/totalizer overhead remains separate in optimizer_added_*",4290,3232,3232,3232,0,0,0,0,0,0,0,1,0.16276,0.002791,0.503416,,0.506207,28.087588,"wall-clock from immediately before reading/parsing the .dzn instance through model construction, optimization, solution decoding, and independent validation; excludes worker-process startup and result-file export",17,49,17,5,1,"0,0,0,0,0,0,0,0,0,0,0,0,0,0,0,0,0,0,1,0,0,0,1,0,0,0,0,0,0,0,0,0,0,0,0,0,1,0,0,0,1,0,0,0,0,0,0,0,0,0,0,0,0,0,0,0,0,1,0,0,0,0,0,0,0,0,0,0,0,0,0,0,0,0,0,0",peak_process_tree_rss_mb,d90b964c64463ef1eb0ae5ad516d527ac1137da3fc5750a3f33c6c3cd60d7c04,forb0007,data_table06_forb/forum-13crafb.forb0007.dzn,2,../noves/forum-13crafb.forb0007.dzn | ../noves/ticf-13crafb.forb0007.dzn,2,data_table06_forb/forum-13crafb.forb0007.dzn | data_table06_forb/ticf-13crafb.forb0007.dzn,https://imae.udg.edu/Recerca/LAI/,https://ima.udg.edu/Recerca/lai/b2b/b2b.zip,ee1f440ab3f6db27ab712300ad3a54a31ffd5ec1e06f81a9ac37cb7202c56528,2026-08-10T10:42:19+00:00,7200.0,,ee80a6fbd8b513f7c010668495c39621a371266a,True,3.10.12,1.8.dev25,instance-20260810-085803,Linux-6.8.0-1064-gcp-x86_64-with-glibc2.35,x86_64,4,8,15988.059,1,0,/home/g24021555/Business-Meeting-Scheduling-Problem/.venv/bin/python3 /home/g24021555/Business-Meeting-Scheduling-Problem/src/Main.py --manifest instances_manifest.csv --family forbidden --solver sat_all --objective-mode bg_d2 --domain-mode both --domain-filter-graph both --precedence-encoding both --precedence-graph both --encoding-variant imp12+ --sat-backend cadical --maxsat-backend uwrmaxsat --uwrmaxsat-bin /home/g24021555/uwrmaxsat/build/release/bin/uwrmaxsat --timeout 7200 --csv output/full_matrix_bg_d2_forbidden.csv,,,,,,,,multiple,,cadical,,factorial,pairwise+distance_closure,5,56,"1,2,3,4,7,8,9,10,12,13,14,15,16,17,18,19,20,21,22,23,24,25,26,28,29,30,31,32,33,36,37,38,39,40,41,42,43,44,45,47,48,51,53,54,56,57,58,59,60,61,62,63,64,65,66,76",3232,1058,0,0,"0,0,0,0,0,0,0,0,0,0,0,0,0,0,0,0,0,0,8,0,0,0,17,0,0,0,0,0,0,0,0,0,0,0,0,0,13,0,0,0,9,0,0,0,0,0,0,0,0,0,0,0,0,0,0,0,0,2,0,0,0,0,0,0,0,0,0,0,0,0,0,0,0,0,0,0","6,8,12,14,16,16,18,24,28,28,28,28,28,28,28,24,22,16,6,8,2,2","8,13,10,12,11,11,10,11,13,10,12,9,12,8,13,14,11,16,16,17,14,12,15,9,11,10,9,11,2,1,12,10,12,17,16,8,7,10,6,15,18,14,3,16,18,14,13,10,8,5,17,4,15,16,11,5,7,15,18,17,14,9,11,20,13,18,16,15,17,13,11,8,7,9,3,14,2,6,12,5,4,12,9,10,13,14,15,4,6,7,8,10,9,18,21,14,13,22,16,17,19,15,20,13,15,11,17,14,17,15,9,12,18,12,13,14,10,8,6,11,5,7,9,15,15,14,13,16,10,5,3,2,1,13,17,14,11,15,8,7,20,4,9,6,12,18,16,19,20,17,18,16,19,12,9,8,16,13,11,10,15,14,17,10,9,5,12,1,7,6,8,4,11,3,2,13,3,7,5,4,15,16,12,10,8,14,6,9,6,7,9,8,4,3,5",1:M30 M133 M168 | 2:M29 M77 M132 M175 | 3:M43 M75 M131 M174 M177 M194 | 4:M52 M81 M88 M142 M172 M180 M193 | 5:M50 M56 M80 M121 M130 M166 M179 M195 | 6:M39 M78 M89 M119 M144 M170 M187 M189 | 7:M37 M57 M73 M90 M122 M140 M169 M178 M190 | 8:M1 M14 M36 M49 M72 M91 M118 M139 M156 M171 M185 M192 | 9:M12 M24 M27 M62 M74 M83 M93 M111 M123 M143 M155 M165 M188 M191 | 10:M3 M7 M10 M26 M32 M38 M48 M84 M92 M117 M129 M160 M164 M184 | 11:M5 M6 M8 M17 M25 M28 M55 M63 M71 M106 M120 M137 M159 M173 | 12:M4 M11 M13 M22 M31 M33 M79 M82 M112 M114 M145 M154 M167 M183 | 13:M2 M9 M15 M47 M65 M70 M85 M97 M104 M115 M127 M134 M158 M176 | 14:M16 M21 M42 M46 M61 M76 M86 M96 M108 M116 M126 M136 M162 M186 | 15:M23 M40 M53 M58 M68 M87 M102 M105 M110 M124 M125 M138 M161 M181 | 16:M18 M19 M35 M44 M54 M67 M99 M128 M147 M152 M157 M182 | 17:M20 M34 M51 M60 M69 M100 M107 M109 M135 M150 M163 | 18:M41 M45 M59 M66 M94 M113 M146 M151 | 19:M101 M148 M153 | 20:M64 M103 M141 M149 | 21:M95 | 22:M98,"journal objective family: bg_d2 | F-selected distance-labelled E* domain propagation and cycle detection | precedence configuration: F=distance_closure, P=pairwise, G=distance_closure | Reduced Domain variables after unary filtering + matching GAC + slot saturation | (20),(22)-(27) exactly once over reduced domains | (19) participant atMost-one per slot | (46),(47) clustered table capacity with compact forward channeling | (28) Pairwise precedence over distance_closure distance-labelled relations | exact break-group ends and unary break-group thresholds | exact schedule <-> usedSlot channeling | (43) exactly |Mp| reduced usedSlot variables | (44) atMost 2|L| busy participants per slot | (45) exact even number of busy participants | historical hard cap Delta_G <= 2",5,"(5,)",result
,,,,,,,,,forum-13crafb.forb0007,b2b-d90b964c64463ef1,b2b-lineage-forum-13crafb,forbidden,R-PW-DC-ST-BGD2-UW-IC12P,Reduced,Filter-E*,Pairwise,DistanceClosure-E*,SpanThreshold,BreakGroupsD2,UWrMaxSAT,IC12+,OPTIMAL,SAT,5,5,bg_d2,5,5,5,,,5,1,24.881824,False,255.332,,,,Compact,Compact/Reduced,project_implementation,one-shot weighted MaxSAT,151627,,,,,,,309596,558,310154,3232,148395,875135,57,cfg5__m-reduced__p-pairwise__g-distance_closure__b-span_threshold__o-break_groups_d2__s-uwrmaxsat__i-imp12plus__backend-uwrmaxsat,cfg5__m-reduced__p-pairwise__g-distance_closure__b-span_threshold__o-break_groups_d2__s-uwrmaxsat__i-imp12plus__backend-uwrmaxsat,reduced,distance_closure,pairwise,distance_closure,UWrMaxSAT,UWrMaxSAT,binary-sha256:8c68c8a386d3d7847b50d315143c2bab60e3514e59510e84a649db83cb303876,imp12+,span_threshold,total_break_groups_subject_to_range_at_most_2,BGD2,IC12P,874577,558,1,339,121264,125821,62172,1,558,558,1,,,,,,0,0,0,0,0,,,"formalism-specific model size: SAT/MaxSAT reports base CNF and soft clauses, MIP reports variables/linear constraints/nonzeros, and CP reports integer variables plus linear/global constraints; SAT bound/totalizer overhead remains separate in optimizer_added_*",4290,3232,3232,3232,0,0,0,0,0,0,0,1,0.155874,0.002421,0.491855,,0.494276,24.387548,"wall-clock from immediately before reading/parsing the .dzn instance through model construction, optimization, solution decoding, and independent validation; excludes worker-process startup and result-file export",18,50,18,5,1,"0,0,0,0,0,0,0,0,0,0,0,0,0,0,0,0,0,0,1,1,0,0,1,0,0,0,0,0,0,0,0,0,0,0,0,0,1,0,0,0,0,0,0,0,0,0,0,0,0,0,0,0,0,0,0,0,0,1,0,0,0,0,0,0,0,0,0,0,0,0,0,0,0,0,0,0",peak_process_tree_rss_mb,d90b964c64463ef1eb0ae5ad516d527ac1137da3fc5750a3f33c6c3cd60d7c04,forb0007,data_table06_forb/forum-13crafb.forb0007.dzn,2,../noves/forum-13crafb.forb0007.dzn | ../noves/ticf-13crafb.forb0007.dzn,2,data_table06_forb/forum-13crafb.forb0007.dzn | data_table06_forb/ticf-13crafb.forb0007.dzn,https://imae.udg.edu/Recerca/LAI/,https://ima.udg.edu/Recerca/lai/b2b/b2b.zip,ee1f440ab3f6db27ab712300ad3a54a31ffd5ec1e06f81a9ac37cb7202c56528,2026-08-10T10:42:19+00:00,7200.0,,ee80a6fbd8b513f7c010668495c39621a371266a,True,3.10.12,1.8.dev25,instance-20260810-085803,Linux-6.8.0-1064-gcp-x86_64-with-glibc2.35,x86_64,4,8,15988.059,1,0,/home/g24021555/Business-Meeting-Scheduling-Problem/.venv/bin/python3 /home/g24021555/Business-Meeting-Scheduling-Problem/src/Main.py --manifest instances_manifest.csv --family forbidden --solver sat_all --objective-mode bg_d2 --domain-mode both --domain-filter-graph both --precedence-encoding both --precedence-graph both --encoding-variant imp12+ --sat-backend cadical --maxsat-backend uwrmaxsat --uwrmaxsat-bin /home/g24021555/uwrmaxsat/build/release/bin/uwrmaxsat --timeout 7200 --csv output/full_matrix_bg_d2_forbidden.csv,/home/g24021555/uwrmaxsat/build/release/bin/uwrmaxsat,8c68c8a386d3d7847b50d315143c2bab60e3514e59510e84a649db83cb303876,/home/g24021555/uwrmaxsat/build/release/bin/uwrmaxsat -m /tmp/b2b_uwrmaxsat_gzo9rh_t/forum-13crafb.forb0007.wcnf,,process exit code=30,,,maxsat,uwrmaxsat,,/home/g24021555/uwrmaxsat/build/release/bin/uwrmaxsat,factorial,pairwise+distance_closure,5,56,"1,2,3,4,7,8,9,10,12,13,14,15,16,17,18,19,20,21,22,23,24,25,26,28,29,30,31,32,33,36,37,38,39,40,41,42,43,44,45,47,48,51,53,54,56,57,58,59,60,61,62,63,64,65,66,76",3232,1058,0,0,"0,0,0,0,0,0,0,0,0,0,0,0,0,0,0,0,0,0,6,7,0,0,18,0,0,0,0,0,0,0,0,0,0,0,0,0,15,0,0,0,0,0,0,0,0,0,0,0,0,0,0,0,0,0,0,0,0,4,0,0,0,0,0,0,0,0,0,0,0,0,0,0,0,0,0,0","6,10,12,16,20,26,28,28,28,28,28,28,28,26,26,16,12,8,6,4,2,4","6,13,10,12,11,8,7,11,14,10,13,9,12,8,15,13,11,14,15,17,14,7,16,9,11,10,4,6,6,5,12,11,12,14,15,8,4,9,6,17,15,16,2,13,16,15,13,10,12,9,18,11,14,17,6,7,5,7,4,5,14,8,10,18,13,19,12,15,16,15,10,6,7,8,2,14,3,11,12,5,1,12,10,9,13,15,14,10,8,9,7,10,9,18,20,16,13,22,15,19,17,14,21,14,13,15,11,10,8,14,12,7,9,13,9,10,5,8,4,12,11,6,3,7,7,5,8,6,11,8,1,3,9,16,13,14,10,17,22,15,2,4,6,5,7,9,6,7,8,12,11,13,10,12,11,19,17,14,18,13,15,16,20,11,9,5,12,7,8,6,3,4,10,1,2,13,9,7,3,2,16,6,11,4,8,15,12,5,6,7,5,9,4,8,3",1:M81 M131 M174 | 2:M43 M75 M141 M175 M180 | 3:M77 M123 M132 M171 M179 M195 | 4:M27 M37 M59 M119 M142 M172 M184 M193 | 5:M30 M57 M60 M80 M117 M126 M144 M166 M188 M191 | 6:M1 M28 M29 M39 M55 M72 M122 M128 M143 M147 M170 M182 M189 | 7:M7 M22 M56 M58 M73 M91 M112 M124 M125 M145 M148 M168 M178 M190 | 8:M6 M14 M36 M62 M74 M89 M109 M118 M127 M130 M149 M169 M185 M194 | 9:M12 M24 M38 M50 M84 M90 M93 M113 M115 M133 M146 M165 M177 M192 | 10:M3 M10 M26 M48 M63 M71 M83 M88 M92 M108 M116 M137 M153 M173 | 11:M5 M8 M17 M25 M32 M52 M78 M107 M121 M129 M151 M155 M164 M183 | 12:M4 M13 M31 M33 M49 M67 M79 M82 M111 M120 M150 M154 M167 M187 | 13:M2 M11 M16 M44 M47 M65 M85 M97 M105 M114 M135 M152 M160 M176 | 14:M9 M18 M21 M34 M53 M61 M76 M87 M102 M104 M110 M136 M158 | 15:M15 M19 M35 M41 M46 M68 M70 M86 M99 M106 M140 M161 M186 | 16:M23 M42 M45 M69 M96 M134 M162 M181 | 17:M20 M40 M54 M101 M138 M157 | 18:M51 M64 M94 M159 | 19:M66 M100 M156 | 20:M95 M163 | 21:M103 | 22:M98 M139,"journal objective family: bg_d2 | F-selected distance-labelled E* domain propagation and cycle detection | precedence configuration: F=distance_closure, P=pairwise, G=distance_closure | Reduced Domain variables after unary filtering + matching GAC + slot saturation | (20),(22)-(27) exactly once over reduced domains | (19) participant atMost-one per slot | (46),(47) clustered table capacity with compact forward channeling | (28) Pairwise precedence over distance_closure distance-labelled relations | exact break-group ends and unary break-group thresholds | exact schedule <-> usedSlot channeling | (43) exactly |Mp| reduced usedSlot variables | (44) atMost 2|L| busy participants per slot | (45) exact even number of busy participants | historical hard cap Delta_G <= 2",,,result
,,,,,,,,,forum-13crafb.forb0007,b2b-d90b964c64463ef1,b2b-lineage-forum-13crafb,forbidden,R-SS-DE-ST-BGD2-IS-CD-IC12P,Reduced,Filter-E*,SparseSuffix,Direct-E,SpanThreshold,BreakGroupsD2,IncrementalSAT,IC12+,OPTIMAL,SAT,5,5,bg_d2,5,5,5,,,,,30.235799,False,207.578,,,,Compact,Compact/Reduced,project_implementation,incremental multi-phase SAT with persistent solver state,151627,,,,,,,309596,0,309596,3232,148395,874577,57,cfg5__m-reduced__p-sparse_suffix__g-direct__b-span_threshold__o-break_groups_d2__s-incrementalsat__i-imp12plus__backend-cadical,cfg5__m-reduced__p-sparse_suffix__g-direct__b-span_threshold__o-break_groups_d2__s-incrementalsat__i-imp12plus__backend-cadical,reduced,distance_closure,sparse_suffix,direct,IncrementalSAT,CaDiCaL,1.5.3,imp12+,span_threshold,total_break_groups_subject_to_range_at_most_2,BGD2,IC12P,874577,0,0,339,121264,125821,62172,,0,558,7,,,,,,1,3794,35941,103532,35941,29.37244403299883,6,"formalism-specific model size: SAT/MaxSAT reports base CNF and soft clauses, MIP reports variables/linear constraints/nonzeros, and CP reports integer variables plus linear/global constraints; SAT bound/totalizer overhead remains separate in optimizer_added_*",4290,3232,3232,3232,0,0,0,0,0,0,0,1,0.156324,0.002775,0.487246,,0.49002,29.745778,"wall-clock from immediately before reading/parsing the .dzn instance through model construction, optimization, solution decoding, and independent validation; excludes worker-process startup and result-file export",17,41,17,5,1,"1,0,0,1,0,0,0,0,0,0,0,0,0,0,0,0,0,0,0,1,0,0,1,0,0,0,0,0,0,0,0,0,0,0,0,0,0,0,0,0,0,0,0,0,0,0,0,0,0,0,0,0,0,0,0,0,0,1,0,0,0,0,0,0,0,0,0,0,0,0,0,0,0,0,0,0",peak_process_tree_rss_mb,d90b964c64463ef1eb0ae5ad516d527ac1137da3fc5750a3f33c6c3cd60d7c04,forb0007,data_table06_forb/forum-13crafb.forb0007.dzn,2,../noves/forum-13crafb.forb0007.dzn | ../noves/ticf-13crafb.forb0007.dzn,2,data_table06_forb/forum-13crafb.forb0007.dzn | data_table06_forb/ticf-13crafb.forb0007.dzn,https://imae.udg.edu/Recerca/LAI/,https://ima.udg.edu/Recerca/lai/b2b/b2b.zip,ee1f440ab3f6db27ab712300ad3a54a31ffd5ec1e06f81a9ac37cb7202c56528,2026-08-10T10:42:19+00:00,7200.0,,ee80a6fbd8b513f7c010668495c39621a371266a,True,3.10.12,1.8.dev25,instance-20260810-085803,Linux-6.8.0-1064-gcp-x86_64-with-glibc2.35,x86_64,4,8,15988.059,1,0,/home/g24021555/Business-Meeting-Scheduling-Problem/.venv/bin/python3 /home/g24021555/Business-Meeting-Scheduling-Problem/src/Main.py --manifest instances_manifest.csv --family forbidden --solver sat_all --objective-mode bg_d2 --domain-mode both --domain-filter-graph both --precedence-encoding both --precedence-graph both --encoding-variant imp12+ --sat-backend cadical --maxsat-backend uwrmaxsat --uwrmaxsat-bin /home/g24021555/uwrmaxsat/build/release/bin/uwrmaxsat --timeout 7200 --csv output/full_matrix_bg_d2_forbidden.csv,,,,,,,,incremental,,cadical,,factorial,sparse_suffix+direct,5,56,"1,2,3,4,7,8,9,10,12,13,14,15,16,17,18,19,20,21,22,23,24,25,26,28,29,30,31,32,33,36,37,38,39,40,41,42,43,44,45,47,48,51,53,54,56,57,58,59,60,61,62,63,64,65,66,76",3232,1058,0,0,"7,0,0,7,0,0,0,0,0,0,0,0,0,0,0,0,0,0,0,8,0,0,17,0,0,0,0,0,0,0,0,0,0,0,0,0,0,0,0,0,0,0,0,0,0,0,0,0,0,0,0,0,0,0,0,0,0,2,0,0,0,0,0,0,0,0,0,0,0,0,0,0,0,0,0,0","2,6,8,12,14,14,22,22,24,28,28,28,28,28,26,26,24,20,12,10,6,2","10,17,8,7,9,7,11,11,15,9,13,9,12,8,16,13,10,14,16,15,14,7,13,10,12,11,17,5,7,4,12,11,12,16,17,10,9,13,6,18,16,14,3,17,19,14,13,11,8,12,15,5,16,18,9,8,6,15,17,16,18,10,12,14,13,19,20,16,15,13,10,8,7,9,6,14,3,4,11,12,2,10,12,11,13,14,15,11,7,9,8,11,10,18,15,19,17,22,14,20,21,16,13,17,13,16,15,15,14,18,12,10,16,5,15,13,6,7,11,12,10,9,8,14,20,18,21,19,12,10,2,11,5,15,13,17,6,16,8,7,21,4,14,3,9,19,17,20,18,18,16,14,17,17,11,13,18,12,19,15,16,14,20,6,11,5,12,8,9,7,4,3,10,2,1,13,9,10,5,4,11,18,17,15,8,14,12,7,7,9,8,10,6,5,4",1:M175 | 2:M81 M131 M174 | 3:M43 M77 M144 M172 | 4:M30 M78 M142 M171 M180 M195 | 5:M28 M52 M114 M133 M166 M179 M194 | 6:M39 M57 M75 M117 M137 M164 M193 | 7:M4 M6 M22 M29 M73 M89 M118 M140 M170 M188 M189 | 8:M3 M14 M49 M56 M72 M91 M123 M139 M168 M185 M191 | 9:M5 M10 M12 M37 M55 M74 M90 M122 M145 M169 M177 M190 | 10:M1 M17 M24 M36 M62 M71 M82 M93 M112 M121 M130 M173 M178 M192 | 11:M7 M8 M26 M32 M48 M79 M84 M88 M92 M119 M132 M155 M165 M181 | 12:M13 M25 M31 M33 M50 M63 M80 M83 M111 M120 M129 M158 M167 M187 | 13:M11 M16 M23 M38 M47 M65 M70 M85 M103 M105 M116 M135 M156 M176 | 14:M18 M21 M42 M46 M64 M76 M86 M99 M109 M124 M143 M152 M162 M186 | 15:M9 M20 M51 M58 M69 M87 M95 M107 M108 M115 M134 M160 M184 | 16:M15 M19 M34 M41 M53 M60 M68 M102 M106 M113 M138 M151 M161 | 17:M2 M27 M35 M44 M59 M97 M104 M136 M147 M153 M154 M183 | 18:M40 M54 M61 M94 M110 M126 M149 M150 M157 M182 | 19:M45 M66 M96 M128 M146 M159 | 20:M67 M100 M125 M148 M163 | 21:M101 M127 M141 | 22:M98,"journal objective family: bg_d2 | F-selected distance-labelled E* domain propagation and cycle detection | precedence configuration: F=distance_closure, P=sparse_suffix, G=direct | Reduced Domain variables after unary filtering + matching GAC + slot saturation | (20),(22)-(27) exactly once over reduced domains | (19) participant atMost-one per slot | (46),(47) clustered table capacity with compact forward channeling | (28) SparseSuffix precedence over direct distance-labelled relations | exact break-group ends and unary break-group thresholds | exact schedule <-> usedSlot channeling | (43) exactly |Mp| reduced usedSlot variables | (44) atMost 2|L| busy participants per slot | (45) exact even number of busy participants | historical hard cap Delta_G <= 2",5,"(5,)",result
,,,,,,,,,forum-13crafb.forb0007,b2b-d90b964c64463ef1,b2b-lineage-forum-13crafb,forbidden,R-SS-DE-ST-BGD2-NIS-CD-IC12P,Reduced,Filter-E*,SparseSuffix,Direct-E,SpanThreshold,BreakGroupsD2,NonIncrementalSAT,IC12+,OPTIMAL,SAT,5,5,bg_d2,5,5,5,,,,,28.21968,False,213.688,,,,Compact,Compact/Reduced,project_implementation,restart-based multi-phase SAT,151627,,,,,,,309596,0,309596,3232,148395,874577,57,cfg5__m-reduced__p-sparse_suffix__g-direct__b-span_threshold__o-break_groups_d2__s-nonincrementalsat__i-imp12plus__backend-cadical,cfg5__m-reduced__p-sparse_suffix__g-direct__b-span_threshold__o-break_groups_d2__s-nonincrementalsat__i-imp12plus__backend-cadical,reduced,distance_closure,sparse_suffix,direct,NonIncrementalSAT,CaDiCaL,1.5.3,imp12+,span_threshold,total_break_groups_subject_to_range_at_most_2,BGD2,IC12P,874577,0,0,339,121264,125821,62172,,0,558,7,,,,,,7,15341,31182,77176,74030,27.33397014699949,6,"formalism-specific model size: SAT/MaxSAT reports base CNF and soft clauses, MIP reports variables/linear constraints/nonzeros, and CP reports integer variables plus linear/global constraints; SAT bound/totalizer overhead remains separate in optimizer_added_*",4290,3232,3232,3232,0,0,0,0,0,0,0,1,0.162511,0.002707,0.494582,,0.497289,27.72239,"wall-clock from immediately before reading/parsing the .dzn instance through model construction, optimization, solution decoding, and independent validation; excludes worker-process startup and result-file export",17,49,17,5,1,"0,0,0,0,0,0,0,0,0,0,0,0,0,0,0,0,0,0,1,0,0,0,1,0,0,0,0,0,0,0,0,0,0,0,0,0,1,0,0,0,1,0,0,0,0,0,0,0,0,0,0,0,0,0,0,0,0,1,0,0,0,0,0,0,0,0,0,0,0,0,0,0,0,0,0,0",peak_process_tree_rss_mb,d90b964c64463ef1eb0ae5ad516d527ac1137da3fc5750a3f33c6c3cd60d7c04,forb0007,data_table06_forb/forum-13crafb.forb0007.dzn,2,../noves/forum-13crafb.forb0007.dzn | ../noves/ticf-13crafb.forb0007.dzn,2,data_table06_forb/forum-13crafb.forb0007.dzn | data_table06_forb/ticf-13crafb.forb0007.dzn,https://imae.udg.edu/Recerca/LAI/,https://ima.udg.edu/Recerca/lai/b2b/b2b.zip,ee1f440ab3f6db27ab712300ad3a54a31ffd5ec1e06f81a9ac37cb7202c56528,2026-08-10T10:42:19+00:00,7200.0,,ee80a6fbd8b513f7c010668495c39621a371266a,True,3.10.12,1.8.dev25,instance-20260810-085803,Linux-6.8.0-1064-gcp-x86_64-with-glibc2.35,x86_64,4,8,15988.059,1,0,/home/g24021555/Business-Meeting-Scheduling-Problem/.venv/bin/python3 /home/g24021555/Business-Meeting-Scheduling-Problem/src/Main.py --manifest instances_manifest.csv --family forbidden --solver sat_all --objective-mode bg_d2 --domain-mode both --domain-filter-graph both --precedence-encoding both --precedence-graph both --encoding-variant imp12+ --sat-backend cadical --maxsat-backend uwrmaxsat --uwrmaxsat-bin /home/g24021555/uwrmaxsat/build/release/bin/uwrmaxsat --timeout 7200 --csv output/full_matrix_bg_d2_forbidden.csv,,,,,,,,multiple,,cadical,,factorial,sparse_suffix+direct,5,56,"1,2,3,4,7,8,9,10,12,13,14,15,16,17,18,19,20,21,22,23,24,25,26,28,29,30,31,32,33,36,37,38,39,40,41,42,43,44,45,47,48,51,53,54,56,57,58,59,60,61,62,63,64,65,66,76",3232,1058,0,0,"0,0,0,0,0,0,0,0,0,0,0,0,0,0,0,0,0,0,8,0,0,0,17,0,0,0,0,0,0,0,0,0,0,0,0,0,13,0,0,0,9,0,0,0,0,0,0,0,0,0,0,0,0,0,0,0,0,2,0,0,0,0,0,0,0,0,0,0,0,0,0,0,0,0,0,0","6,8,12,14,16,16,18,24,28,28,28,28,28,28,28,24,22,16,6,8,2,2","8,13,10,12,11,11,10,11,13,10,12,9,12,8,13,14,11,16,16,17,14,12,15,9,11,10,9,11,2,1,12,10,12,17,16,8,7,10,6,15,18,14,3,16,18,14,13,10,8,5,17,4,15,16,11,5,7,15,18,17,14,9,11,20,13,18,16,15,17,13,11,8,7,9,3,14,2,6,12,5,4,12,9,10,13,14,15,4,6,7,8,10,9,18,21,14,13,22,16,17,19,15,20,13,15,11,17,14,17,15,9,12,18,12,13,14,10,8,6,11,5,7,9,15,15,14,13,16,10,5,3,2,1,13,17,14,11,15,8,7,20,4,9,6,12,18,16,19,20,17,18,16,19,12,9,8,16,13,11,10,15,14,17,10,9,5,12,1,7,6,8,4,11,3,2,13,3,7,5,4,15,16,12,10,8,14,6,9,6,7,9,8,4,3,5",1:M30 M133 M168 | 2:M29 M77 M132 M175 | 3:M43 M75 M131 M174 M177 M194 | 4:M52 M81 M88 M142 M172 M180 M193 | 5:M50 M56 M80 M121 M130 M166 M179 M195 | 6:M39 M78 M89 M119 M144 M170 M187 M189 | 7:M37 M57 M73 M90 M122 M140 M169 M178 M190 | 8:M1 M14 M36 M49 M72 M91 M118 M139 M156 M171 M185 M192 | 9:M12 M24 M27 M62 M74 M83 M93 M111 M123 M143 M155 M165 M188 M191 | 10:M3 M7 M10 M26 M32 M38 M48 M84 M92 M117 M129 M160 M164 M184 | 11:M5 M6 M8 M17 M25 M28 M55 M63 M71 M106 M120 M137 M159 M173 | 12:M4 M11 M13 M22 M31 M33 M79 M82 M112 M114 M145 M154 M167 M183 | 13:M2 M9 M15 M47 M65 M70 M85 M97 M104 M115 M127 M134 M158 M176 | 14:M16 M21 M42 M46 M61 M76 M86 M96 M108 M116 M126 M136 M162 M186 | 15:M23 M40 M53 M58 M68 M87 M102 M105 M110 M124 M125 M138 M161 M181 | 16:M18 M19 M35 M44 M54 M67 M99 M128 M147 M152 M157 M182 | 17:M20 M34 M51 M60 M69 M100 M107 M109 M135 M150 M163 | 18:M41 M45 M59 M66 M94 M113 M146 M151 | 19:M101 M148 M153 | 20:M64 M103 M141 M149 | 21:M95 | 22:M98,"journal objective family: bg_d2 | F-selected distance-labelled E* domain propagation and cycle detection | precedence configuration: F=distance_closure, P=sparse_suffix, G=direct | Reduced Domain variables after unary filtering + matching GAC + slot saturation | (20),(22)-(27) exactly once over reduced domains | (19) participant atMost-one per slot | (46),(47) clustered table capacity with compact forward channeling | (28) SparseSuffix precedence over direct distance-labelled relations | exact break-group ends and unary break-group thresholds | exact schedule <-> usedSlot channeling | (43) exactly |Mp| reduced usedSlot variables | (44) atMost 2|L| busy participants per slot | (45) exact even number of busy participants | historical hard cap Delta_G <= 2",5,"(5,)",result
,,,,,,,,,forum-13crafb.forb0007,b2b-d90b964c64463ef1,b2b-lineage-forum-13crafb,forbidden,R-SS-DE-ST-BGD2-UW-IC12P,Reduced,Filter-E*,SparseSuffix,Direct-E,SpanThreshold,BreakGroupsD2,UWrMaxSAT,IC12+,OPTIMAL,SAT,5,5,bg_d2,5,5,5,,,5,1,24.965413,False,247.383,,,,Compact,Compact/Reduced,project_implementation,one-shot weighted MaxSAT,151627,,,,,,,309596,558,310154,3232,148395,875135,57,cfg5__m-reduced__p-sparse_suffix__g-direct__b-span_threshold__o-break_groups_d2__s-uwrmaxsat__i-imp12plus__backend-uwrmaxsat,cfg5__m-reduced__p-sparse_suffix__g-direct__b-span_threshold__o-break_groups_d2__s-uwrmaxsat__i-imp12plus__backend-uwrmaxsat,reduced,distance_closure,sparse_suffix,direct,UWrMaxSAT,UWrMaxSAT,binary-sha256:8c68c8a386d3d7847b50d315143c2bab60e3514e59510e84a649db83cb303876,imp12+,span_threshold,total_break_groups_subject_to_range_at_most_2,BGD2,IC12P,874577,558,1,339,121264,125821,62172,1,558,558,1,,,,,,0,0,0,0,0,,,"formalism-specific model size: SAT/MaxSAT reports base CNF and soft clauses, MIP reports variables/linear constraints/nonzeros, and CP reports integer variables plus linear/global constraints; SAT bound/totalizer overhead remains separate in optimizer_added_*",4290,3232,3232,3232,0,0,0,0,0,0,0,1,0.156559,0.002779,0.490511,,0.49329,24.472123,"wall-clock from immediately before reading/parsing the .dzn instance through model construction, optimization, solution decoding, and independent validation; excludes worker-process startup and result-file export",18,50,18,5,1,"0,0,0,0,0,0,0,0,0,0,0,0,0,0,0,0,0,0,1,1,0,0,1,0,0,0,0,0,0,0,0,0,0,0,0,0,1,0,0,0,0,0,0,0,0,0,0,0,0,0,0,0,0,0,0,0,0,1,0,0,0,0,0,0,0,0,0,0,0,0,0,0,0,0,0,0",peak_process_tree_rss_mb,d90b964c64463ef1eb0ae5ad516d527ac1137da3fc5750a3f33c6c3cd60d7c04,forb0007,data_table06_forb/forum-13crafb.forb0007.dzn,2,../noves/forum-13crafb.forb0007.dzn | ../noves/ticf-13crafb.forb0007.dzn,2,data_table06_forb/forum-13crafb.forb0007.dzn | data_table06_forb/ticf-13crafb.forb0007.dzn,https://imae.udg.edu/Recerca/LAI/,https://ima.udg.edu/Recerca/lai/b2b/b2b.zip,ee1f440ab3f6db27ab712300ad3a54a31ffd5ec1e06f81a9ac37cb7202c56528,2026-08-10T10:42:19+00:00,7200.0,,ee80a6fbd8b513f7c010668495c39621a371266a,True,3.10.12,1.8.dev25,instance-20260810-085803,Linux-6.8.0-1064-gcp-x86_64-with-glibc2.35,x86_64,4,8,15988.059,1,0,/home/g24021555/Business-Meeting-Scheduling-Problem/.venv/bin/python3 /home/g24021555/Business-Meeting-Scheduling-Problem/src/Main.py --manifest instances_manifest.csv --family forbidden --solver sat_all --objective-mode bg_d2 --domain-mode both --domain-filter-graph both --precedence-encoding both --precedence-graph both --encoding-variant imp12+ --sat-backend cadical --maxsat-backend uwrmaxsat --uwrmaxsat-bin /home/g24021555/uwrmaxsat/build/release/bin/uwrmaxsat --timeout 7200 --csv output/full_matrix_bg_d2_forbidden.csv,/home/g24021555/uwrmaxsat/build/release/bin/uwrmaxsat,8c68c8a386d3d7847b50d315143c2bab60e3514e59510e84a649db83cb303876,/home/g24021555/uwrmaxsat/build/release/bin/uwrmaxsat -m /tmp/b2b_uwrmaxsat_jc5lru74/forum-13crafb.forb0007.wcnf,,process exit code=30,,,maxsat,uwrmaxsat,,/home/g24021555/uwrmaxsat/build/release/bin/uwrmaxsat,factorial,sparse_suffix+direct,5,56,"1,2,3,4,7,8,9,10,12,13,14,15,16,17,18,19,20,21,22,23,24,25,26,28,29,30,31,32,33,36,37,38,39,40,41,42,43,44,45,47,48,51,53,54,56,57,58,59,60,61,62,63,64,65,66,76",3232,1058,0,0,"0,0,0,0,0,0,0,0,0,0,0,0,0,0,0,0,0,0,6,7,0,0,18,0,0,0,0,0,0,0,0,0,0,0,0,0,15,0,0,0,0,0,0,0,0,0,0,0,0,0,0,0,0,0,0,0,0,4,0,0,0,0,0,0,0,0,0,0,0,0,0,0,0,0,0,0","6,10,12,16,20,26,28,28,28,28,28,28,28,26,26,16,12,8,6,4,2,4","6,13,10,12,11,8,7,11,14,10,13,9,12,8,15,13,11,14,15,17,14,7,16,9,11,10,4,6,6,5,12,11,12,14,15,8,4,9,6,17,15,16,2,13,16,15,13,10,12,9,18,11,14,17,6,7,5,7,4,5,14,8,10,18,13,19,12,15,16,15,10,6,7,8,2,14,3,11,12,5,1,12,10,9,13,15,14,10,8,9,7,10,9,18,20,16,13,22,15,19,17,14,21,14,13,15,11,10,8,14,12,7,9,13,9,10,5,8,4,12,11,6,3,7,7,5,8,6,11,8,1,3,9,16,13,14,10,17,22,15,2,4,6,5,7,9,6,7,8,12,11,13,10,12,11,19,17,14,18,13,15,16,20,11,9,5,12,7,8,6,3,4,10,1,2,13,9,7,3,2,16,6,11,4,8,15,12,5,6,7,5,9,4,8,3",1:M81 M131 M174 | 2:M43 M75 M141 M175 M180 | 3:M77 M123 M132 M171 M179 M195 | 4:M27 M37 M59 M119 M142 M172 M184 M193 | 5:M30 M57 M60 M80 M117 M126 M144 M166 M188 M191 | 6:M1 M28 M29 M39 M55 M72 M122 M128 M143 M147 M170 M182 M189 | 7:M7 M22 M56 M58 M73 M91 M112 M124 M125 M145 M148 M168 M178 M190 | 8:M6 M14 M36 M62 M74 M89 M109 M118 M127 M130 M149 M169 M185 M194 | 9:M12 M24 M38 M50 M84 M90 M93 M113 M115 M133 M146 M165 M177 M192 | 10:M3 M10 M26 M48 M63 M71 M83 M88 M92 M108 M116 M137 M153 M173 | 11:M5 M8 M17 M25 M32 M52 M78 M107 M121 M129 M151 M155 M164 M183 | 12:M4 M13 M31 M33 M49 M67 M79 M82 M111 M120 M150 M154 M167 M187 | 13:M2 M11 M16 M44 M47 M65 M85 M97 M105 M114 M135 M152 M160 M176 | 14:M9 M18 M21 M34 M53 M61 M76 M87 M102 M104 M110 M136 M158 | 15:M15 M19 M35 M41 M46 M68 M70 M86 M99 M106 M140 M161 M186 | 16:M23 M42 M45 M69 M96 M134 M162 M181 | 17:M20 M40 M54 M101 M138 M157 | 18:M51 M64 M94 M159 | 19:M66 M100 M156 | 20:M95 M163 | 21:M103 | 22:M98 M139,"journal objective family: bg_d2 | F-selected distance-labelled E* domain propagation and cycle detection | precedence configuration: F=distance_closure, P=sparse_suffix, G=direct | Reduced Domain variables after unary filtering + matching GAC + slot saturation | (20),(22)-(27) exactly once over reduced domains | (19) participant atMost-one per slot | (46),(47) clustered table capacity with compact forward channeling | (28) SparseSuffix precedence over direct distance-labelled relations | exact break-group ends and unary break-group thresholds | exact schedule <-> usedSlot channeling | (43) exactly |Mp| reduced usedSlot variables | (44) atMost 2|L| busy participants per slot | (45) exact even number of busy participants | historical hard cap Delta_G <= 2",,,result
,,,,,,,,,forum-13crafb.forb0007,b2b-d90b964c64463ef1,b2b-lineage-forum-13crafb,forbidden,R-SS-DC-ST-BGD2-IS-CD-IC12P,Reduced,Filter-E*,SparseSuffix,DistanceClosure-E*,SpanThreshold,BreakGroupsD2,IncrementalSAT,IC12+,OPTIMAL,SAT,5,5,bg_d2,5,5,5,,,,,30.349533,False,207.586,,,,Compact,Compact/Reduced,project_implementation,incremental multi-phase SAT with persistent solver state,151627,,,,,,,309596,0,309596,3232,148395,874577,57,cfg5__m-reduced__p-sparse_suffix__g-distance_closure__b-span_threshold__o-break_groups_d2__s-incrementalsat__i-imp12plus__backend-cadical,cfg5__m-reduced__p-sparse_suffix__g-distance_closure__b-span_threshold__o-break_groups_d2__s-incrementalsat__i-imp12plus__backend-cadical,reduced,distance_closure,sparse_suffix,distance_closure,IncrementalSAT,CaDiCaL,1.5.3,imp12+,span_threshold,total_break_groups_subject_to_range_at_most_2,BGD2,IC12P,874577,0,0,339,121264,125821,62172,,0,558,7,,,,,,1,3794,35941,103532,35941,29.465661824999188,6,"formalism-specific model size: SAT/MaxSAT reports base CNF and soft clauses, MIP reports variables/linear constraints/nonzeros, and CP reports integer variables plus linear/global constraints; SAT bound/totalizer overhead remains separate in optimizer_added_*",4290,3232,3232,3232,0,0,0,0,0,0,0,1,0.160813,0.002775,0.494096,,0.496871,29.852661,"wall-clock from immediately before reading/parsing the .dzn instance through model construction, optimization, solution decoding, and independent validation; excludes worker-process startup and result-file export",17,41,17,5,1,"1,0,0,1,0,0,0,0,0,0,0,0,0,0,0,0,0,0,0,1,0,0,1,0,0,0,0,0,0,0,0,0,0,0,0,0,0,0,0,0,0,0,0,0,0,0,0,0,0,0,0,0,0,0,0,0,0,1,0,0,0,0,0,0,0,0,0,0,0,0,0,0,0,0,0,0",peak_process_tree_rss_mb,d90b964c64463ef1eb0ae5ad516d527ac1137da3fc5750a3f33c6c3cd60d7c04,forb0007,data_table06_forb/forum-13crafb.forb0007.dzn,2,../noves/forum-13crafb.forb0007.dzn | ../noves/ticf-13crafb.forb0007.dzn,2,data_table06_forb/forum-13crafb.forb0007.dzn | data_table06_forb/ticf-13crafb.forb0007.dzn,https://imae.udg.edu/Recerca/LAI/,https://ima.udg.edu/Recerca/lai/b2b/b2b.zip,ee1f440ab3f6db27ab712300ad3a54a31ffd5ec1e06f81a9ac37cb7202c56528,2026-08-10T10:42:19+00:00,7200.0,,ee80a6fbd8b513f7c010668495c39621a371266a,True,3.10.12,1.8.dev25,instance-20260810-085803,Linux-6.8.0-1064-gcp-x86_64-with-glibc2.35,x86_64,4,8,15988.059,1,0,/home/g24021555/Business-Meeting-Scheduling-Problem/.venv/bin/python3 /home/g24021555/Business-Meeting-Scheduling-Problem/src/Main.py --manifest instances_manifest.csv --family forbidden --solver sat_all --objective-mode bg_d2 --domain-mode both --domain-filter-graph both --precedence-encoding both --precedence-graph both --encoding-variant imp12+ --sat-backend cadical --maxsat-backend uwrmaxsat --uwrmaxsat-bin /home/g24021555/uwrmaxsat/build/release/bin/uwrmaxsat --timeout 7200 --csv output/full_matrix_bg_d2_forbidden.csv,,,,,,,,incremental,,cadical,,staircase,sparse_suffix+distance_closure,5,56,"1,2,3,4,7,8,9,10,12,13,14,15,16,17,18,19,20,21,22,23,24,25,26,28,29,30,31,32,33,36,37,38,39,40,41,42,43,44,45,47,48,51,53,54,56,57,58,59,60,61,62,63,64,65,66,76",3232,1058,0,0,"7,0,0,7,0,0,0,0,0,0,0,0,0,0,0,0,0,0,0,8,0,0,17,0,0,0,0,0,0,0,0,0,0,0,0,0,0,0,0,0,0,0,0,0,0,0,0,0,0,0,0,0,0,0,0,0,0,2,0,0,0,0,0,0,0,0,0,0,0,0,0,0,0,0,0,0","2,6,8,12,14,14,22,22,24,28,28,28,28,28,26,26,24,20,12,10,6,2","10,17,8,7,9,7,11,11,15,9,13,9,12,8,16,13,10,14,16,15,14,7,13,10,12,11,17,5,7,4,12,11,12,16,17,10,9,13,6,18,16,14,3,17,19,14,13,11,8,12,15,5,16,18,9,8,6,15,17,16,18,10,12,14,13,19,20,16,15,13,10,8,7,9,6,14,3,4,11,12,2,10,12,11,13,14,15,11,7,9,8,11,10,18,15,19,17,22,14,20,21,16,13,17,13,16,15,15,14,18,12,10,16,5,15,13,6,7,11,12,10,9,8,14,20,18,21,19,12,10,2,11,5,15,13,17,6,16,8,7,21,4,14,3,9,19,17,20,18,18,16,14,17,17,11,13,18,12,19,15,16,14,20,6,11,5,12,8,9,7,4,3,10,2,1,13,9,10,5,4,11,18,17,15,8,14,12,7,7,9,8,10,6,5,4",1:M175 | 2:M81 M131 M174 | 3:M43 M77 M144 M172 | 4:M30 M78 M142 M171 M180 M195 | 5:M28 M52 M114 M133 M166 M179 M194 | 6:M39 M57 M75 M117 M137 M164 M193 | 7:M4 M6 M22 M29 M73 M89 M118 M140 M170 M188 M189 | 8:M3 M14 M49 M56 M72 M91 M123 M139 M168 M185 M191 | 9:M5 M10 M12 M37 M55 M74 M90 M122 M145 M169 M177 M190 | 10:M1 M17 M24 M36 M62 M71 M82 M93 M112 M121 M130 M173 M178 M192 | 11:M7 M8 M26 M32 M48 M79 M84 M88 M92 M119 M132 M155 M165 M181 | 12:M13 M25 M31 M33 M50 M63 M80 M83 M111 M120 M129 M158 M167 M187 | 13:M11 M16 M23 M38 M47 M65 M70 M85 M103 M105 M116 M135 M156 M176 | 14:M18 M21 M42 M46 M64 M76 M86 M99 M109 M124 M143 M152 M162 M186 | 15:M9 M20 M51 M58 M69 M87 M95 M107 M108 M115 M134 M160 M184 | 16:M15 M19 M34 M41 M53 M60 M68 M102 M106 M113 M138 M151 M161 | 17:M2 M27 M35 M44 M59 M97 M104 M136 M147 M153 M154 M183 | 18:M40 M54 M61 M94 M110 M126 M149 M150 M157 M182 | 19:M45 M66 M96 M128 M146 M159 | 20:M67 M100 M125 M148 M163 | 21:M101 M127 M141 | 22:M98,"journal objective family: bg_d2 | F-selected distance-labelled E* domain propagation and cycle detection | precedence configuration: F=distance_closure, P=sparse_suffix, G=distance_closure | Reduced Domain variables after unary filtering + matching GAC + slot saturation | (20),(22)-(27) exactly once over reduced domains | (19) participant atMost-one per slot | (46),(47) clustered table capacity with compact forward channeling | (28) SparseSuffix precedence over distance_closure distance-labelled relations | exact break-group ends and unary break-group thresholds | exact schedule <-> usedSlot channeling | (43) exactly |Mp| reduced usedSlot variables | (44) atMost 2|L| busy participants per slot | (45) exact even number of busy participants | historical hard cap Delta_G <= 2",5,"(5,)",result
,,,,,,,,,forum-13crafb.forb0007,b2b-d90b964c64463ef1,b2b-lineage-forum-13crafb,forbidden,R-SS-DC-ST-BGD2-NIS-CD-IC12P,Reduced,Filter-E*,SparseSuffix,DistanceClosure-E*,SpanThreshold,BreakGroupsD2,NonIncrementalSAT,IC12+,OPTIMAL,SAT,5,5,bg_d2,5,5,5,,,,,28.360871,False,215.328,,,,Compact,Compact/Reduced,project_implementation,restart-based multi-phase SAT,151627,,,,,,,309596,0,309596,3232,148395,874577,57,cfg5__m-reduced__p-sparse_suffix__g-distance_closure__b-span_threshold__o-break_groups_d2__s-nonincrementalsat__i-imp12plus__backend-cadical,cfg5__m-reduced__p-sparse_suffix__g-distance_closure__b-span_threshold__o-break_groups_d2__s-nonincrementalsat__i-imp12plus__backend-cadical,reduced,distance_closure,sparse_suffix,distance_closure,NonIncrementalSAT,CaDiCaL,1.5.3,imp12+,span_threshold,total_break_groups_subject_to_range_at_most_2,BGD2,IC12P,874577,0,0,339,121264,125821,62172,,0,558,7,,,,,,7,15341,31182,77176,74030,27.48407553800098,6,"formalism-specific model size: SAT/MaxSAT reports base CNF and soft clauses, MIP reports variables/linear constraints/nonzeros, and CP reports integer variables plus linear/global constraints; SAT bound/totalizer overhead remains separate in optimizer_added_*",4290,3232,3232,3232,0,0,0,0,0,0,0,1,0.162227,0.002789,0.488202,,0.490991,27.86988,"wall-clock from immediately before reading/parsing the .dzn instance through model construction, optimization, solution decoding, and independent validation; excludes worker-process startup and result-file export",17,49,17,5,1,"0,0,0,0,0,0,0,0,0,0,0,0,0,0,0,0,0,0,1,0,0,0,1,0,0,0,0,0,0,0,0,0,0,0,0,0,1,0,0,0,1,0,0,0,0,0,0,0,0,0,0,0,0,0,0,0,0,1,0,0,0,0,0,0,0,0,0,0,0,0,0,0,0,0,0,0",peak_process_tree_rss_mb,d90b964c64463ef1eb0ae5ad516d527ac1137da3fc5750a3f33c6c3cd60d7c04,forb0007,data_table06_forb/forum-13crafb.forb0007.dzn,2,../noves/forum-13crafb.forb0007.dzn | ../noves/ticf-13crafb.forb0007.dzn,2,data_table06_forb/forum-13crafb.forb0007.dzn | data_table06_forb/ticf-13crafb.forb0007.dzn,https://imae.udg.edu/Recerca/LAI/,https://ima.udg.edu/Recerca/lai/b2b/b2b.zip,ee1f440ab3f6db27ab712300ad3a54a31ffd5ec1e06f81a9ac37cb7202c56528,2026-08-10T10:42:19+00:00,7200.0,,ee80a6fbd8b513f7c010668495c39621a371266a,True,3.10.12,1.8.dev25,instance-20260810-085803,Linux-6.8.0-1064-gcp-x86_64-with-glibc2.35,x86_64,4,8,15988.059,1,0,/home/g24021555/Business-Meeting-Scheduling-Problem/.venv/bin/python3 /home/g24021555/Business-Meeting-Scheduling-Problem/src/Main.py --manifest instances_manifest.csv --family forbidden --solver sat_all --objective-mode bg_d2 --domain-mode both --domain-filter-graph both --precedence-encoding both --precedence-graph both --encoding-variant imp12+ --sat-backend cadical --maxsat-backend uwrmaxsat --uwrmaxsat-bin /home/g24021555/uwrmaxsat/build/release/bin/uwrmaxsat --timeout 7200 --csv output/full_matrix_bg_d2_forbidden.csv,,,,,,,,multiple,,cadical,,staircase,sparse_suffix+distance_closure,5,56,"1,2,3,4,7,8,9,10,12,13,14,15,16,17,18,19,20,21,22,23,24,25,26,28,29,30,31,32,33,36,37,38,39,40,41,42,43,44,45,47,48,51,53,54,56,57,58,59,60,61,62,63,64,65,66,76",3232,1058,0,0,"0,0,0,0,0,0,0,0,0,0,0,0,0,0,0,0,0,0,8,0,0,0,17,0,0,0,0,0,0,0,0,0,0,0,0,0,13,0,0,0,9,0,0,0,0,0,0,0,0,0,0,0,0,0,0,0,0,2,0,0,0,0,0,0,0,0,0,0,0,0,0,0,0,0,0,0","6,8,12,14,16,16,18,24,28,28,28,28,28,28,28,24,22,16,6,8,2,2","8,13,10,12,11,11,10,11,13,10,12,9,12,8,13,14,11,16,16,17,14,12,15,9,11,10,9,11,2,1,12,10,12,17,16,8,7,10,6,15,18,14,3,16,18,14,13,10,8,5,17,4,15,16,11,5,7,15,18,17,14,9,11,20,13,18,16,15,17,13,11,8,7,9,3,14,2,6,12,5,4,12,9,10,13,14,15,4,6,7,8,10,9,18,21,14,13,22,16,17,19,15,20,13,15,11,17,14,17,15,9,12,18,12,13,14,10,8,6,11,5,7,9,15,15,14,13,16,10,5,3,2,1,13,17,14,11,15,8,7,20,4,9,6,12,18,16,19,20,17,18,16,19,12,9,8,16,13,11,10,15,14,17,10,9,5,12,1,7,6,8,4,11,3,2,13,3,7,5,4,15,16,12,10,8,14,6,9,6,7,9,8,4,3,5",1:M30 M133 M168 | 2:M29 M77 M132 M175 | 3:M43 M75 M131 M174 M177 M194 | 4:M52 M81 M88 M142 M172 M180 M193 | 5:M50 M56 M80 M121 M130 M166 M179 M195 | 6:M39 M78 M89 M119 M144 M170 M187 M189 | 7:M37 M57 M73 M90 M122 M140 M169 M178 M190 | 8:M1 M14 M36 M49 M72 M91 M118 M139 M156 M171 M185 M192 | 9:M12 M24 M27 M62 M74 M83 M93 M111 M123 M143 M155 M165 M188 M191 | 10:M3 M7 M10 M26 M32 M38 M48 M84 M92 M117 M129 M160 M164 M184 | 11:M5 M6 M8 M17 M25 M28 M55 M63 M71 M106 M120 M137 M159 M173 | 12:M4 M11 M13 M22 M31 M33 M79 M82 M112 M114 M145 M154 M167 M183 | 13:M2 M9 M15 M47 M65 M70 M85 M97 M104 M115 M127 M134 M158 M176 | 14:M16 M21 M42 M46 M61 M76 M86 M96 M108 M116 M126 M136 M162 M186 | 15:M23 M40 M53 M58 M68 M87 M102 M105 M110 M124 M125 M138 M161 M181 | 16:M18 M19 M35 M44 M54 M67 M99 M128 M147 M152 M157 M182 | 17:M20 M34 M51 M60 M69 M100 M107 M109 M135 M150 M163 | 18:M41 M45 M59 M66 M94 M113 M146 M151 | 19:M101 M148 M153 | 20:M64 M103 M141 M149 | 21:M95 | 22:M98,"journal objective family: bg_d2 | F-selected distance-labelled E* domain propagation and cycle detection | precedence configuration: F=distance_closure, P=sparse_suffix, G=distance_closure | Reduced Domain variables after unary filtering + matching GAC + slot saturation | (20),(22)-(27) exactly once over reduced domains | (19) participant atMost-one per slot | (46),(47) clustered table capacity with compact forward channeling | (28) SparseSuffix precedence over distance_closure distance-labelled relations | exact break-group ends and unary break-group thresholds | exact schedule <-> usedSlot channeling | (43) exactly |Mp| reduced usedSlot variables | (44) atMost 2|L| busy participants per slot | (45) exact even number of busy participants | historical hard cap Delta_G <= 2",5,"(5,)",result
,,,,,,,,,forum-13crafb.forb0007,b2b-d90b964c64463ef1,b2b-lineage-forum-13crafb,forbidden,R-SS-DC-ST-BGD2-UW-IC12P,Reduced,Filter-E*,SparseSuffix,DistanceClosure-E*,SpanThreshold,BreakGroupsD2,UWrMaxSAT,IC12+,OPTIMAL,SAT,5,5,bg_d2,5,5,5,,,5,1,25.073755,False,255.535,,,,Compact,Compact/Reduced,project_implementation,one-shot weighted MaxSAT,151627,,,,,,,309596,558,310154,3232,148395,875135,57,cfg5__m-reduced__p-sparse_suffix__g-distance_closure__b-span_threshold__o-break_groups_d2__s-uwrmaxsat__i-imp12plus__backend-uwrmaxsat,cfg5__m-reduced__p-sparse_suffix__g-distance_closure__b-span_threshold__o-break_groups_d2__s-uwrmaxsat__i-imp12plus__backend-uwrmaxsat,reduced,distance_closure,sparse_suffix,distance_closure,UWrMaxSAT,UWrMaxSAT,binary-sha256:8c68c8a386d3d7847b50d315143c2bab60e3514e59510e84a649db83cb303876,imp12+,span_threshold,total_break_groups_subject_to_range_at_most_2,BGD2,IC12P,874577,558,1,339,121264,125821,62172,1,558,558,1,,,,,,0,0,0,0,0,,,"formalism-specific model size: SAT/MaxSAT reports base CNF and soft clauses, MIP reports variables/linear constraints/nonzeros, and CP reports integer variables plus linear/global constraints; SAT bound/totalizer overhead remains separate in optimizer_added_*",4290,3232,3232,3232,0,0,0,0,0,0,0,1,0.160661,0.002591,0.497208,,0.499798,24.573956,"wall-clock from immediately before reading/parsing the .dzn instance through model construction, optimization, solution decoding, and independent validation; excludes worker-process startup and result-file export",18,50,18,5,1,"0,0,0,0,0,0,0,0,0,0,0,0,0,0,0,0,0,0,1,1,0,0,1,0,0,0,0,0,0,0,0,0,0,0,0,0,1,0,0,0,0,0,0,0,0,0,0,0,0,0,0,0,0,0,0,0,0,1,0,0,0,0,0,0,0,0,0,0,0,0,0,0,0,0,0,0",peak_process_tree_rss_mb,d90b964c64463ef1eb0ae5ad516d527ac1137da3fc5750a3f33c6c3cd60d7c04,forb0007,data_table06_forb/forum-13crafb.forb0007.dzn,2,../noves/forum-13crafb.forb0007.dzn | ../noves/ticf-13crafb.forb0007.dzn,2,data_table06_forb/forum-13crafb.forb0007.dzn | data_table06_forb/ticf-13crafb.forb0007.dzn,https://imae.udg.edu/Recerca/LAI/,https://ima.udg.edu/Recerca/lai/b2b/b2b.zip,ee1f440ab3f6db27ab712300ad3a54a31ffd5ec1e06f81a9ac37cb7202c56528,2026-08-10T10:42:19+00:00,7200.0,,ee80a6fbd8b513f7c010668495c39621a371266a,True,3.10.12,1.8.dev25,instance-20260810-085803,Linux-6.8.0-1064-gcp-x86_64-with-glibc2.35,x86_64,4,8,15988.059,1,0,/home/g24021555/Business-Meeting-Scheduling-Problem/.venv/bin/python3 /home/g24021555/Business-Meeting-Scheduling-Problem/src/Main.py --manifest instances_manifest.csv --family forbidden --solver sat_all --objective-mode bg_d2 --domain-mode both --domain-filter-graph both --precedence-encoding both --precedence-graph both --encoding-variant imp12+ --sat-backend cadical --maxsat-backend uwrmaxsat --uwrmaxsat-bin /home/g24021555/uwrmaxsat/build/release/bin/uwrmaxsat --timeout 7200 --csv output/full_matrix_bg_d2_forbidden.csv,/home/g24021555/uwrmaxsat/build/release/bin/uwrmaxsat,8c68c8a386d3d7847b50d315143c2bab60e3514e59510e84a649db83cb303876,/home/g24021555/uwrmaxsat/build/release/bin/uwrmaxsat -m /tmp/b2b_uwrmaxsat_59wzxkfv/forum-13crafb.forb0007.wcnf,,process exit code=30,,,maxsat,uwrmaxsat,,/home/g24021555/uwrmaxsat/build/release/bin/uwrmaxsat,staircase,sparse_suffix+distance_closure,5,56,"1,2,3,4,7,8,9,10,12,13,14,15,16,17,18,19,20,21,22,23,24,25,26,28,29,30,31,32,33,36,37,38,39,40,41,42,43,44,45,47,48,51,53,54,56,57,58,59,60,61,62,63,64,65,66,76",3232,1058,0,0,"0,0,0,0,0,0,0,0,0,0,0,0,0,0,0,0,0,0,6,7,0,0,18,0,0,0,0,0,0,0,0,0,0,0,0,0,15,0,0,0,0,0,0,0,0,0,0,0,0,0,0,0,0,0,0,0,0,4,0,0,0,0,0,0,0,0,0,0,0,0,0,0,0,0,0,0","6,10,12,16,20,26,28,28,28,28,28,28,28,26,26,16,12,8,6,4,2,4","6,13,10,12,11,8,7,11,14,10,13,9,12,8,15,13,11,14,15,17,14,7,16,9,11,10,4,6,6,5,12,11,12,14,15,8,4,9,6,17,15,16,2,13,16,15,13,10,12,9,18,11,14,17,6,7,5,7,4,5,14,8,10,18,13,19,12,15,16,15,10,6,7,8,2,14,3,11,12,5,1,12,10,9,13,15,14,10,8,9,7,10,9,18,20,16,13,22,15,19,17,14,21,14,13,15,11,10,8,14,12,7,9,13,9,10,5,8,4,12,11,6,3,7,7,5,8,6,11,8,1,3,9,16,13,14,10,17,22,15,2,4,6,5,7,9,6,7,8,12,11,13,10,12,11,19,17,14,18,13,15,16,20,11,9,5,12,7,8,6,3,4,10,1,2,13,9,7,3,2,16,6,11,4,8,15,12,5,6,7,5,9,4,8,3",1:M81 M131 M174 | 2:M43 M75 M141 M175 M180 | 3:M77 M123 M132 M171 M179 M195 | 4:M27 M37 M59 M119 M142 M172 M184 M193 | 5:M30 M57 M60 M80 M117 M126 M144 M166 M188 M191 | 6:M1 M28 M29 M39 M55 M72 M122 M128 M143 M147 M170 M182 M189 | 7:M7 M22 M56 M58 M73 M91 M112 M124 M125 M145 M148 M168 M178 M190 | 8:M6 M14 M36 M62 M74 M89 M109 M118 M127 M130 M149 M169 M185 M194 | 9:M12 M24 M38 M50 M84 M90 M93 M113 M115 M133 M146 M165 M177 M192 | 10:M3 M10 M26 M48 M63 M71 M83 M88 M92 M108 M116 M137 M153 M173 | 11:M5 M8 M17 M25 M32 M52 M78 M107 M121 M129 M151 M155 M164 M183 | 12:M4 M13 M31 M33 M49 M67 M79 M82 M111 M120 M150 M154 M167 M187 | 13:M2 M11 M16 M44 M47 M65 M85 M97 M105 M114 M135 M152 M160 M176 | 14:M9 M18 M21 M34 M53 M61 M76 M87 M102 M104 M110 M136 M158 | 15:M15 M19 M35 M41 M46 M68 M70 M86 M99 M106 M140 M161 M186 | 16:M23 M42 M45 M69 M96 M134 M162 M181 | 17:M20 M40 M54 M101 M138 M157 | 18:M51 M64 M94 M159 | 19:M66 M100 M156 | 20:M95 M163 | 21:M103 | 22:M98 M139,"journal objective family: bg_d2 | F-selected distance-labelled E* domain propagation and cycle detection | precedence configuration: F=distance_closure, P=sparse_suffix, G=distance_closure | Reduced Domain variables after unary filtering + matching GAC + slot saturation | (20),(22)-(27) exactly once over reduced domains | (19) participant atMost-one per slot | (46),(47) clustered table capacity with compact forward channeling | (28) SparseSuffix precedence over distance_closure distance-labelled relations | exact break-group ends and unary break-group thresholds | exact schedule <-> usedSlot channeling | (43) exactly |Mp| reduced usedSlot variables | (44) atMost 2|L| busy participants per slot | (45) exact even number of busy participants | historical hard cap Delta_G <= 2",,,result
,,,,,,,,,forum-13.forb0007,b2b-dc8823f802474846,b2b-lineage-forum-13,forbidden,F-PW-DE-ST-BGD2-IS-CD-IC12P,Full,Filter-E*,Pairwise,Direct-E,SpanThreshold,BreakGroupsD2,IncrementalSAT,IC12+,OPTIMAL,SAT,0,0,bg_d2,0,0,0,,,,,5.354699,False,216.59,,,,Compact,Compact/Full,project_implementation,incremental multi-phase SAT with persistent solver state,152171,,,,,,,308329,0,308329,3234,148937,873002,59,cfg5__m-full__p-pairwise__g-direct__b-span_threshold__o-break_groups_d2__s-incrementalsat__i-imp12plus__backend-cadical,cfg5__m-full__p-pairwise__g-direct__b-span_threshold__o-break_groups_d2__s-incrementalsat__i-imp12plus__backend-cadical,full,distance_closure,pairwise,direct,IncrementalSAT,CaDiCaL,1.5.3,imp12+,span_threshold,total_break_groups_subject_to_range_at_most_2,BGD2,IC12P,873002,0,0,1128,118077,126112,63012,,0,580,7,,,,,,1,4120,46780,135719,46780,4.593812713001171,6,"formalism-specific model size: SAT/MaxSAT reports base CNF and soft clauses, MIP reports variables/linear constraints/nonzeros, and CP reports integer variables plus linear/global constraints; SAT bound/totalizer overhead remains separate in optimizer_added_*",3234,2435,2435,3234,0,0,0,0,0,0,0,1,0.077615,0.002425,0.415667,,0.418092,4.936607,"wall-clock from immediately before reading/parsing the .dzn instance through model construction, optimization, solution decoding, and independent validation; excludes worker-process startup and result-file export",0,0,0,0,0,"0,0,0,0,0,0,0,0,0,0,0,0,0,0,0,0,0,0,0,0,0,0,0,0,0,0,0,0,0,0,0,0,0,0,0,0,0,0,0,0,0,0,0,0,0,0,0,0,0,0,0,0,0,0,0,0,0,0,0,0,0,0,0,0,0,0,0,0,0,0",peak_process_tree_rss_mb,dc8823f802474846cacb92bef7dae8b1dbcd7655d2706cae39923f0547918092,forb0007,data_table06_forb/forum-13.forb0007.dzn,2,../noves/forum-13.forb0007.dzn | ../noves/ticf-13crafa.forb0007.dzn,2,data_table06_forb/forum-13.forb0007.dzn | data_table06_forb/ticf-13crafa.forb0007.dzn,https://imae.udg.edu/Recerca/LAI/,https://ima.udg.edu/Recerca/lai/b2b/b2b.zip,ee1f440ab3f6db27ab712300ad3a54a31ffd5ec1e06f81a9ac37cb7202c56528,2026-08-10T10:42:19+00:00,7200.0,,ee80a6fbd8b513f7c010668495c39621a371266a,True,3.10.12,1.8.dev25,instance-20260810-085803,Linux-6.8.0-1064-gcp-x86_64-with-glibc2.35,x86_64,4,8,15988.059,1,0,/home/g24021555/Business-Meeting-Scheduling-Problem/.venv/bin/python3 /home/g24021555/Business-Meeting-Scheduling-Problem/src/Main.py --manifest instances_manifest.csv --family forbidden --solver sat_all --objective-mode bg_d2 --domain-mode both --domain-filter-graph both --precedence-encoding both --precedence-graph both --encoding-variant imp12+ --sat-backend cadical --maxsat-backend uwrmaxsat --uwrmaxsat-bin /home/g24021555/uwrmaxsat/build/release/bin/uwrmaxsat --timeout 7200 --csv output/full_matrix_bg_d2_forbidden.csv,,,,,,,,incremental,,cadical,,traditional,pairwise+direct,0,58,"1,2,3,4,5,6,7,8,9,10,11,12,13,14,15,16,18,19,23,24,25,26,27,28,29,30,31,32,33,34,35,36,37,38,39,40,41,42,44,45,46,47,48,49,50,52,53,54,56,57,59,60,62,63,64,65,66,70",2435,799,0,0,"0,0,0,0,0,0,0,0,0,0,0,0,0,0,0,0,0,0,0,0,0,0,0,0,0,0,0,0,0,0,0,0,0,0,0,0,0,0,0,0,0,0,0,0,0,0,0,0,0,0,0,0,0,0,0,0,0,0,0,0,0,0,0,0,0,0,0,0,0,0","6,8,20,24,28,28,28,28,28,28,28,22,18,8,4,2,0,0,0,0,0","4,11,6,5,12,8,7,10,9,14,4,8,7,6,1,2,5,3,2,6,5,3,4,7,5,10,7,3,4,9,5,6,8,9,6,11,5,8,10,7,12,13,14,16,15,7,6,11,7,4,10,3,6,5,11,8,9,11,13,12,10,6,11,13,12,10,9,4,12,7,10,13,9,8,5,11,6,10,6,12,11,13,9,4,7,8,5,3,5,10,8,9,6,4,11,3,12,7,12,9,13,8,10,11,7,5,9,4,6,8,10,11,3,9,5,8,7,4,2,1,3,8,7,13,14,9,12,10,5,4,11,3,6,3,8,5,11,2,9,15,4,12,10,14,6,7,1,13,13,9,8,12,11,10",1:M15 M120 M147 | 2:M16 M19 M119 M138 | 3:M18 M22 M28 M52 M88 M96 M113 M121 M132 M134 | 4:M1 M11 M23 M29 M50 M68 M84 M94 M108 M118 M130 M141 | 5:M4 M17 M21 M25 M31 M37 M54 M75 M87 M89 M106 M115 M129 M136 | 6:M3 M14 M20 M32 M35 M47 M53 M62 M77 M79 M93 M109 M133 M145 | 7:M7 M13 M24 M27 M40 M46 M49 M70 M85 M98 M105 M117 M123 M146 | 8:M6 M12 M33 M38 M56 M74 M86 M91 M102 M110 M116 M122 M135 M151 | 9:M9 M30 M34 M57 M67 M73 M83 M92 M100 M107 M114 M126 M139 M150 | 10:M8 M26 M39 M51 M61 M66 M71 M78 M90 M103 M111 M128 M143 M154 | 11:M2 M36 M48 M55 M58 M63 M76 M81 M95 M104 M112 M131 M137 M153 | 12:M5 M41 M60 M65 M69 M80 M97 M99 M127 M142 M152 | 13:M42 M59 M64 M72 M82 M101 M124 M148 M149 | 14:M10 M43 M125 M144 | 15:M45 M140 | 16:M44 | 17: | 18: | 19: | 20: | 21:,"journal objective family: bg_d2 | F-selected distance-labelled E* domain propagation and cycle detection | precedence configuration: F=distance_closure, P=pairwise, G=direct | Full Domain MxT schedule variables + explicit unary exclusions | (20),(22)-(27) exactly once over full domains | (22)-(27) session/fixed/forbidden exclusions as hard unit clauses | (19) participant atMost-one per slot | (46),(47) clustered table capacity with compact forward channeling | (28) Pairwise precedence over direct distance-labelled relations | exact break-group ends and unary break-group thresholds | exact schedule <-> usedSlot channeling | (43) exactly |Mp| full usedSlot variables | (44) atMost 2|L| busy participants per slot | (45) exact even number of busy participants | historical hard cap Delta_G <= 2",0,"(0,)",result
,,,,,,,,,forum-13.forb0007,b2b-dc8823f802474846,b2b-lineage-forum-13,forbidden,F-PW-DE-ST-BGD2-NIS-CD-IC12P,Full,Filter-E*,Pairwise,Direct-E,SpanThreshold,BreakGroupsD2,NonIncrementalSAT,IC12+,OPTIMAL,SAT,0,0,bg_d2,0,0,0,,,,,11.376511,False,227.5,,,,Compact,Compact/Full,project_implementation,restart-based multi-phase SAT,152171,,,,,,,308329,0,308329,3234,148937,873002,59,cfg5__m-full__p-pairwise__g-direct__b-span_threshold__o-break_groups_d2__s-nonincrementalsat__i-imp12plus__backend-cadical,cfg5__m-full__p-pairwise__g-direct__b-span_threshold__o-break_groups_d2__s-nonincrementalsat__i-imp12plus__backend-cadical,full,distance_closure,pairwise,direct,NonIncrementalSAT,CaDiCaL,1.5.3,imp12+,span_threshold,total_break_groups_subject_to_range_at_most_2,BGD2,IC12P,873002,0,0,1128,118077,126112,63012,,0,580,7,,,,,,7,20596,41696,103446,79120,10.61454285200125,6,"formalism-specific model size: SAT/MaxSAT reports base CNF and soft clauses, MIP reports variables/linear constraints/nonzeros, and CP reports integer variables plus linear/global constraints; SAT bound/totalizer overhead remains separate in optimizer_added_*",3234,2435,2435,3234,0,0,0,0,0,0,0,1,0.075288,0.002139,0.407084,,0.409223,10.967289,"wall-clock from immediately before reading/parsing the .dzn instance through model construction, optimization, solution decoding, and independent validation; excludes worker-process startup and result-file export",0,0,0,0,0,"0,0,0,0,0,0,0,0,0,0,0,0,0,0,0,0,0,0,0,0,0,0,0,0,0,0,0,0,0,0,0,0,0,0,0,0,0,0,0,0,0,0,0,0,0,0,0,0,0,0,0,0,0,0,0,0,0,0,0,0,0,0,0,0,0,0,0,0,0,0",peak_process_tree_rss_mb,dc8823f802474846cacb92bef7dae8b1dbcd7655d2706cae39923f0547918092,forb0007,data_table06_forb/forum-13.forb0007.dzn,2,../noves/forum-13.forb0007.dzn | ../noves/ticf-13crafa.forb0007.dzn,2,data_table06_forb/forum-13.forb0007.dzn | data_table06_forb/ticf-13crafa.forb0007.dzn,https://imae.udg.edu/Recerca/LAI/,https://ima.udg.edu/Recerca/lai/b2b/b2b.zip,ee1f440ab3f6db27ab712300ad3a54a31ffd5ec1e06f81a9ac37cb7202c56528,2026-08-10T10:42:19+00:00,7200.0,,ee80a6fbd8b513f7c010668495c39621a371266a,True,3.10.12,1.8.dev25,instance-20260810-085803,Linux-6.8.0-1064-gcp-x86_64-with-glibc2.35,x86_64,4,8,15988.059,1,0,/home/g24021555/Business-Meeting-Scheduling-Problem/.venv/bin/python3 /home/g24021555/Business-Meeting-Scheduling-Problem/src/Main.py --manifest instances_manifest.csv --family forbidden --solver sat_all --objective-mode bg_d2 --domain-mode both --domain-filter-graph both --precedence-encoding both --precedence-graph both --encoding-variant imp12+ --sat-backend cadical --maxsat-backend uwrmaxsat --uwrmaxsat-bin /home/g24021555/uwrmaxsat/build/release/bin/uwrmaxsat --timeout 7200 --csv output/full_matrix_bg_d2_forbidden.csv,,,,,,,,multiple,,cadical,,traditional,pairwise+direct,0,58,"1,2,3,4,5,6,7,8,9,10,11,12,13,14,15,16,18,19,23,24,25,26,27,28,29,30,31,32,33,34,35,36,37,38,39,40,41,42,44,45,46,47,48,49,50,52,53,54,56,57,59,60,62,63,64,65,66,70",2435,799,0,0,"0,0,0,0,0,0,0,0,0,0,0,0,0,0,0,0,0,0,0,0,0,0,0,0,0,0,0,0,0,0,0,0,0,0,0,0,0,0,0,0,0,0,0,0,0,0,0,0,0,0,0,0,0,0,0,0,0,0,0,0,0,0,0,0,0,0,0,0,0,0","6,6,12,18,24,26,28,28,28,28,28,26,22,12,8,4,2,2,0,0,0","2,7,3,5,9,4,8,1,6,14,14,11,16,12,18,15,17,13,4,7,6,5,3,8,6,10,10,7,6,11,5,9,8,8,7,13,10,9,11,12,12,13,14,16,15,12,7,9,6,7,8,5,10,4,12,9,11,10,12,13,11,11,8,5,7,6,4,4,3,5,10,8,9,7,2,1,6,10,7,12,11,13,9,3,8,5,4,6,5,6,9,14,7,11,13,8,10,12,12,8,10,13,11,9,5,13,9,12,7,10,11,8,6,11,9,10,3,5,6,4,7,15,9,13,14,10,6,11,4,5,12,7,8,3,9,6,2,4,12,15,11,10,8,7,1,14,5,13,12,8,11,13,9,10",1:M8 M76 M145 | 2:M1 M75 M137 | 3:M3 M23 M69 M84 M117 M134 | 4:M6 M19 M54 M67 M68 M87 M120 M129 M138 | 5:M4 M22 M31 M52 M64 M70 M86 M89 M105 M118 M130 M147 | 6:M9 M21 M25 M29 M49 M66 M77 M88 M90 M113 M119 M127 M136 | 7:M2 M20 M28 M35 M47 M50 M65 M74 M79 M93 M109 M121 M132 M144 | 8:M7 M24 M33 M34 M51 M63 M72 M85 M96 M100 M112 M133 M143 M150 | 9:M5 M32 M38 M48 M56 M73 M83 M91 M104 M107 M115 M123 M135 M153 | 10:M26 M27 M37 M53 M58 M71 M78 M97 M101 M110 M116 M126 M142 M154 | 11:M12 M30 M39 M57 M61 M62 M81 M94 M103 M111 M114 M128 M141 M151 | 12:M14 M40 M41 M46 M55 M59 M80 M98 M99 M108 M131 M139 M149 | 13:M18 M36 M42 M60 M82 M95 M102 M106 M124 M148 M152 | 14:M10 M11 M43 M92 M125 M146 | 15:M16 M45 M122 M140 | 16:M13 M44 | 17:M17 | 18:M15 | 19: | 20: | 21:,"journal objective family: bg_d2 | F-selected distance-labelled E* domain propagation and cycle detection | precedence configuration: F=distance_closure, P=pairwise, G=direct | Full Domain MxT schedule variables + explicit unary exclusions | (20),(22)-(27) exactly once over full domains | (22)-(27) session/fixed/forbidden exclusions as hard unit clauses | (19) participant atMost-one per slot | (46),(47) clustered table capacity with compact forward channeling | (28) Pairwise precedence over direct distance-labelled relations | exact break-group ends and unary break-group thresholds | exact schedule <-> usedSlot channeling | (43) exactly |Mp| full usedSlot variables | (44) atMost 2|L| busy participants per slot | (45) exact even number of busy participants | historical hard cap Delta_G <= 2",0,"(0,)",result
,,,,,,,,,forum-13.forb0007,b2b-dc8823f802474846,b2b-lineage-forum-13,forbidden,F-PW-DE-ST-BGD2-UW-IC12P,Full,Filter-E*,Pairwise,Direct-E,SpanThreshold,BreakGroupsD2,UWrMaxSAT,IC12+,OPTIMAL,SAT,0,0,bg_d2,0,0,0,,,0,1,4.588767,False,253.355,,,,Compact,Compact/Full,project_implementation,one-shot weighted MaxSAT,152171,,,,,,,308329,580,308909,3234,148937,873582,59,cfg5__m-full__p-pairwise__g-direct__b-span_threshold__o-break_groups_d2__s-uwrmaxsat__i-imp12plus__backend-uwrmaxsat,cfg5__m-full__p-pairwise__g-direct__b-span_threshold__o-break_groups_d2__s-uwrmaxsat__i-imp12plus__backend-uwrmaxsat,full,distance_closure,pairwise,direct,UWrMaxSAT,UWrMaxSAT,binary-sha256:8c68c8a386d3d7847b50d315143c2bab60e3514e59510e84a649db83cb303876,imp12+,span_threshold,total_break_groups_subject_to_range_at_most_2,BGD2,IC12P,873002,580,1,1128,118077,126112,63012,1,580,580,1,,,,,,0,0,0,0,0,,,"formalism-specific model size: SAT/MaxSAT reports base CNF and soft clauses, MIP reports variables/linear constraints/nonzeros, and CP reports integer variables plus linear/global constraints; SAT bound/totalizer overhead remains separate in optimizer_added_*",3234,2435,2435,3234,0,0,0,0,0,0,0,1,0.075415,0.002448,0.416104,,0.418552,4.170216,"wall-clock from immediately before reading/parsing the .dzn instance through model construction, optimization, solution decoding, and independent validation; excludes worker-process startup and result-file export",0,0,0,0,0,"0,0,0,0,0,0,0,0,0,0,0,0,0,0,0,0,0,0,0,0,0,0,0,0,0,0,0,0,0,0,0,0,0,0,0,0,0,0,0,0,0,0,0,0,0,0,0,0,0,0,0,0,0,0,0,0,0,0,0,0,0,0,0,0,0,0,0,0,0,0",peak_process_tree_rss_mb,dc8823f802474846cacb92bef7dae8b1dbcd7655d2706cae39923f0547918092,forb0007,data_table06_forb/forum-13.forb0007.dzn,2,../noves/forum-13.forb0007.dzn | ../noves/ticf-13crafa.forb0007.dzn,2,data_table06_forb/forum-13.forb0007.dzn | data_table06_forb/ticf-13crafa.forb0007.dzn,https://imae.udg.edu/Recerca/LAI/,https://ima.udg.edu/Recerca/lai/b2b/b2b.zip,ee1f440ab3f6db27ab712300ad3a54a31ffd5ec1e06f81a9ac37cb7202c56528,2026-08-10T10:42:19+00:00,7200.0,,ee80a6fbd8b513f7c010668495c39621a371266a,True,3.10.12,1.8.dev25,instance-20260810-085803,Linux-6.8.0-1064-gcp-x86_64-with-glibc2.35,x86_64,4,8,15988.059,1,0,/home/g24021555/Business-Meeting-Scheduling-Problem/.venv/bin/python3 /home/g24021555/Business-Meeting-Scheduling-Problem/src/Main.py --manifest instances_manifest.csv --family forbidden --solver sat_all --objective-mode bg_d2 --domain-mode both --domain-filter-graph both --precedence-encoding both --precedence-graph both --encoding-variant imp12+ --sat-backend cadical --maxsat-backend uwrmaxsat --uwrmaxsat-bin /home/g24021555/uwrmaxsat/build/release/bin/uwrmaxsat --timeout 7200 --csv output/full_matrix_bg_d2_forbidden.csv,/home/g24021555/uwrmaxsat/build/release/bin/uwrmaxsat,8c68c8a386d3d7847b50d315143c2bab60e3514e59510e84a649db83cb303876,/home/g24021555/uwrmaxsat/build/release/bin/uwrmaxsat -m /tmp/b2b_uwrmaxsat_ct3j66fh/forum-13.forb0007.wcnf,,process exit code=30,,,maxsat,uwrmaxsat,,/home/g24021555/uwrmaxsat/build/release/bin/uwrmaxsat,traditional,pairwise+direct,0,58,"1,2,3,4,5,6,7,8,9,10,11,12,13,14,15,16,18,19,23,24,25,26,27,28,29,30,31,32,33,34,35,36,37,38,39,40,41,42,44,45,46,47,48,49,50,52,53,54,56,57,59,60,62,63,64,65,66,70",2435,799,0,0,"0,0,0,0,0,0,0,0,0,0,0,0,0,0,0,0,0,0,0,0,0,0,0,0,0,0,0,0,0,0,0,0,0,0,0,0,0,0,0,0,0,0,0,0,0,0,0,0,0,0,0,0,0,0,0,0,0,0,0,0,0,0,0,0,0,0,0,0,0,0","6,12,20,24,26,28,28,28,28,28,28,24,14,8,4,2,0,0,0,0,0","6,7,13,11,9,5,12,10,8,14,8,3,4,6,7,2,1,5,5,6,3,1,2,4,4,5,6,12,10,11,7,9,8,9,12,13,11,8,10,7,12,13,14,16,15,9,6,11,4,8,10,5,3,2,9,6,7,11,12,10,9,11,7,3,5,6,4,10,11,7,4,12,8,5,3,6,9,10,6,12,11,13,8,3,7,5,9,4,7,8,9,3,4,2,11,5,10,6,12,7,10,8,11,9,9,10,5,6,7,8,12,4,11,7,6,3,2,10,5,4,8,5,3,13,14,8,4,7,11,10,12,6,9,8,5,11,12,3,6,15,4,13,10,2,1,9,7,14,12,8,10,13,11,9",1:M17 M22 M145 | 2:M16 M23 M54 M94 M117 M144 | 3:M12 M21 M53 M64 M75 M84 M92 M116 M123 M138 | 4:M13 M24 M25 M49 M67 M71 M88 M93 M112 M120 M127 M141 | 5:M6 M18 M19 M26 M52 M65 M74 M86 M96 M107 M119 M122 M135 | 6:M1 M14 M20 M27 M47 M56 M66 M76 M79 M98 M108 M115 M132 M139 | 7:M2 M15 M31 M40 M57 M63 M70 M85 M89 M100 M109 M114 M128 M147 | 8:M9 M11 M33 M38 M50 M73 M83 M90 M102 M110 M121 M126 M134 M150 | 9:M5 M32 M34 M46 M55 M61 M77 M87 M91 M104 M105 M133 M146 M154 | 10:M8 M29 M39 M51 M60 M68 M78 M97 M101 M106 M118 M130 M143 M151 | 11:M4 M30 M37 M48 M58 M62 M69 M81 M95 M103 M113 M129 M136 M153 | 12:M7 M28 M35 M41 M59 M72 M80 M99 M111 M131 M137 M149 | 13:M3 M36 M42 M82 M124 M142 M152 | 14:M10 M43 M125 M148 | 15:M45 M140 | 16:M44 | 17: | 18: | 19: | 20: | 21:,"journal objective family: bg_d2 | F-selected distance-labelled E* domain propagation and cycle detection | precedence configuration: F=distance_closure, P=pairwise, G=direct | Full Domain MxT schedule variables + explicit unary exclusions | (20),(22)-(27) exactly once over full domains | (22)-(27) session/fixed/forbidden exclusions as hard unit clauses | (19) participant atMost-one per slot | (46),(47) clustered table capacity with compact forward channeling | (28) Pairwise precedence over direct distance-labelled relations | exact break-group ends and unary break-group thresholds | exact schedule <-> usedSlot channeling | (43) exactly |Mp| full usedSlot variables | (44) atMost 2|L| busy participants per slot | (45) exact even number of busy participants | historical hard cap Delta_G <= 2",,,result
,,,,,,,,,forum-13.forb0007,b2b-dc8823f802474846,b2b-lineage-forum-13,forbidden,F-PW-DC-ST-BGD2-IS-CD-IC12P,Full,Filter-E*,Pairwise,DistanceClosure-E*,SpanThreshold,BreakGroupsD2,IncrementalSAT,IC12+,OPTIMAL,SAT,0,0,bg_d2,0,0,0,,,,,5.346364,False,216.941,,,,Compact,Compact/Full,project_implementation,incremental multi-phase SAT with persistent solver state,152171,,,,,,,308329,0,308329,3234,148937,873002,59,cfg5__m-full__p-pairwise__g-distance_closure__b-span_threshold__o-break_groups_d2__s-incrementalsat__i-imp12plus__backend-cadical,cfg5__m-full__p-pairwise__g-distance_closure__b-span_threshold__o-break_groups_d2__s-incrementalsat__i-imp12plus__backend-cadical,full,distance_closure,pairwise,distance_closure,IncrementalSAT,CaDiCaL,1.5.3,imp12+,span_threshold,total_break_groups_subject_to_range_at_most_2,BGD2,IC12P,873002,0,0,1128,118077,126112,63012,,0,580,7,,,,,,1,4120,46780,135719,46780,4.586537400000452,6,"formalism-specific model size: SAT/MaxSAT reports base CNF and soft clauses, MIP reports variables/linear constraints/nonzeros, and CP reports integer variables plus linear/global constraints; SAT bound/totalizer overhead remains separate in optimizer_added_*",3234,2435,2435,3234,0,0,0,0,0,0,0,1,0.074381,0.002465,0.409591,,0.412056,4.934308,"wall-clock from immediately before reading/parsing the .dzn instance through model construction, optimization, solution decoding, and independent validation; excludes worker-process startup and result-file export",0,0,0,0,0,"0,0,0,0,0,0,0,0,0,0,0,0,0,0,0,0,0,0,0,0,0,0,0,0,0,0,0,0,0,0,0,0,0,0,0,0,0,0,0,0,0,0,0,0,0,0,0,0,0,0,0,0,0,0,0,0,0,0,0,0,0,0,0,0,0,0,0,0,0,0",peak_process_tree_rss_mb,dc8823f802474846cacb92bef7dae8b1dbcd7655d2706cae39923f0547918092,forb0007,data_table06_forb/forum-13.forb0007.dzn,2,../noves/forum-13.forb0007.dzn | ../noves/ticf-13crafa.forb0007.dzn,2,data_table06_forb/forum-13.forb0007.dzn | data_table06_forb/ticf-13crafa.forb0007.dzn,https://imae.udg.edu/Recerca/LAI/,https://ima.udg.edu/Recerca/lai/b2b/b2b.zip,ee1f440ab3f6db27ab712300ad3a54a31ffd5ec1e06f81a9ac37cb7202c56528,2026-08-10T10:42:19+00:00,7200.0,,ee80a6fbd8b513f7c010668495c39621a371266a,True,3.10.12,1.8.dev25,instance-20260810-085803,Linux-6.8.0-1064-gcp-x86_64-with-glibc2.35,x86_64,4,8,15988.059,1,0,/home/g24021555/Business-Meeting-Scheduling-Problem/.venv/bin/python3 /home/g24021555/Business-Meeting-Scheduling-Problem/src/Main.py --manifest instances_manifest.csv --family forbidden --solver sat_all --objective-mode bg_d2 --domain-mode both --domain-filter-graph both --precedence-encoding both --precedence-graph both --encoding-variant imp12+ --sat-backend cadical --maxsat-backend uwrmaxsat --uwrmaxsat-bin /home/g24021555/uwrmaxsat/build/release/bin/uwrmaxsat --timeout 7200 --csv output/full_matrix_bg_d2_forbidden.csv,,,,,,,,incremental,,cadical,,factorial,pairwise+distance_closure,0,58,"1,2,3,4,5,6,7,8,9,10,11,12,13,14,15,16,18,19,23,24,25,26,27,28,29,30,31,32,33,34,35,36,37,38,39,40,41,42,44,45,46,47,48,49,50,52,53,54,56,57,59,60,62,63,64,65,66,70",2435,799,0,0,"0,0,0,0,0,0,0,0,0,0,0,0,0,0,0,0,0,0,0,0,0,0,0,0,0,0,0,0,0,0,0,0,0,0,0,0,0,0,0,0,0,0,0,0,0,0,0,0,0,0,0,0,0,0,0,0,0,0,0,0,0,0,0,0,0,0,0,0,0,0","6,8,20,24,28,28,28,28,28,28,28,22,18,8,4,2,0,0,0,0,0","4,11,6,5,12,8,7,10,9,14,4,8,7,6,1,2,5,3,2,6,5,3,4,7,5,10,7,3,4,9,5,6,8,9,6,11,5,8,10,7,12,13,14,16,15,7,6,11,7,4,10,3,6,5,11,8,9,11,13,12,10,6,11,13,12,10,9,4,12,7,10,13,9,8,5,11,6,10,6,12,11,13,9,4,7,8,5,3,5,10,8,9,6,4,11,3,12,7,12,9,13,8,10,11,7,5,9,4,6,8,10,11,3,9,5,8,7,4,2,1,3,8,7,13,14,9,12,10,5,4,11,3,6,3,8,5,11,2,9,15,4,12,10,14,6,7,1,13,13,9,8,12,11,10",1:M15 M120 M147 | 2:M16 M19 M119 M138 | 3:M18 M22 M28 M52 M88 M96 M113 M121 M132 M134 | 4:M1 M11 M23 M29 M50 M68 M84 M94 M108 M118 M130 M141 | 5:M4 M17 M21 M25 M31 M37 M54 M75 M87 M89 M106 M115 M129 M136 | 6:M3 M14 M20 M32 M35 M47 M53 M62 M77 M79 M93 M109 M133 M145 | 7:M7 M13 M24 M27 M40 M46 M49 M70 M85 M98 M105 M117 M123 M146 | 8:M6 M12 M33 M38 M56 M74 M86 M91 M102 M110 M116 M122 M135 M151 | 9:M9 M30 M34 M57 M67 M73 M83 M92 M100 M107 M114 M126 M139 M150 | 10:M8 M26 M39 M51 M61 M66 M71 M78 M90 M103 M111 M128 M143 M154 | 11:M2 M36 M48 M55 M58 M63 M76 M81 M95 M104 M112 M131 M137 M153 | 12:M5 M41 M60 M65 M69 M80 M97 M99 M127 M142 M152 | 13:M42 M59 M64 M72 M82 M101 M124 M148 M149 | 14:M10 M43 M125 M144 | 15:M45 M140 | 16:M44 | 17: | 18: | 19: | 20: | 21:,"journal objective family: bg_d2 | F-selected distance-labelled E* domain propagation and cycle detection | precedence configuration: F=distance_closure, P=pairwise, G=distance_closure | Full Domain MxT schedule variables + explicit unary exclusions | (20),(22)-(27) exactly once over full domains | (22)-(27) session/fixed/forbidden exclusions as hard unit clauses | (19) participant atMost-one per slot | (46),(47) clustered table capacity with compact forward channeling | (28) Pairwise precedence over distance_closure distance-labelled relations | exact break-group ends and unary break-group thresholds | exact schedule <-> usedSlot channeling | (43) exactly |Mp| full usedSlot variables | (44) atMost 2|L| busy participants per slot | (45) exact even number of busy participants | historical hard cap Delta_G <= 2",0,"(0,)",result
,,,,,,,,,forum-13.forb0007,b2b-dc8823f802474846,b2b-lineage-forum-13,forbidden,F-PW-DC-ST-BGD2-NIS-CD-IC12P,Full,Filter-E*,Pairwise,DistanceClosure-E*,SpanThreshold,BreakGroupsD2,NonIncrementalSAT,IC12+,OPTIMAL,SAT,0,0,bg_d2,0,0,0,,,,,11.24946,False,227.945,,,,Compact,Compact/Full,project_implementation,restart-based multi-phase SAT,152171,,,,,,,308329,0,308329,3234,148937,873002,59,cfg5__m-full__p-pairwise__g-distance_closure__b-span_threshold__o-break_groups_d2__s-nonincrementalsat__i-imp12plus__backend-cadical,cfg5__m-full__p-pairwise__g-distance_closure__b-span_threshold__o-break_groups_d2__s-nonincrementalsat__i-imp12plus__backend-cadical,full,distance_closure,pairwise,distance_closure,NonIncrementalSAT,CaDiCaL,1.5.3,imp12+,span_threshold,total_break_groups_subject_to_range_at_most_2,BGD2,IC12P,873002,0,0,1128,118077,126112,63012,,0,580,7,,,,,,7,20596,41696,103446,79120,10.48159156499969,6,"formalism-specific model size: SAT/MaxSAT reports base CNF and soft clauses, MIP reports variables/linear constraints/nonzeros, and CP reports integer variables plus linear/global constraints; SAT bound/totalizer overhead remains separate in optimizer_added_*",3234,2435,2435,3234,0,0,0,0,0,0,0,1,0.077159,0.00214,0.40804,,0.410181,10.83928,"wall-clock from immediately before reading/parsing the .dzn instance through model construction, optimization, solution decoding, and independent validation; excludes worker-process startup and result-file export",0,0,0,0,0,"0,0,0,0,0,0,0,0,0,0,0,0,0,0,0,0,0,0,0,0,0,0,0,0,0,0,0,0,0,0,0,0,0,0,0,0,0,0,0,0,0,0,0,0,0,0,0,0,0,0,0,0,0,0,0,0,0,0,0,0,0,0,0,0,0,0,0,0,0,0",peak_process_tree_rss_mb,dc8823f802474846cacb92bef7dae8b1dbcd7655d2706cae39923f0547918092,forb0007,data_table06_forb/forum-13.forb0007.dzn,2,../noves/forum-13.forb0007.dzn | ../noves/ticf-13crafa.forb0007.dzn,2,data_table06_forb/forum-13.forb0007.dzn | data_table06_forb/ticf-13crafa.forb0007.dzn,https://imae.udg.edu/Recerca/LAI/,https://ima.udg.edu/Recerca/lai/b2b/b2b.zip,ee1f440ab3f6db27ab712300ad3a54a31ffd5ec1e06f81a9ac37cb7202c56528,2026-08-10T10:42:19+00:00,7200.0,,ee80a6fbd8b513f7c010668495c39621a371266a,True,3.10.12,1.8.dev25,instance-20260810-085803,Linux-6.8.0-1064-gcp-x86_64-with-glibc2.35,x86_64,4,8,15988.059,1,0,/home/g24021555/Business-Meeting-Scheduling-Problem/.venv/bin/python3 /home/g24021555/Business-Meeting-Scheduling-Problem/src/Main.py --manifest instances_manifest.csv --family forbidden --solver sat_all --objective-mode bg_d2 --domain-mode both --domain-filter-graph both --precedence-encoding both --precedence-graph both --encoding-variant imp12+ --sat-backend cadical --maxsat-backend uwrmaxsat --uwrmaxsat-bin /home/g24021555/uwrmaxsat/build/release/bin/uwrmaxsat --timeout 7200 --csv output/full_matrix_bg_d2_forbidden.csv,,,,,,,,multiple,,cadical,,factorial,pairwise+distance_closure,0,58,"1,2,3,4,5,6,7,8,9,10,11,12,13,14,15,16,18,19,23,24,25,26,27,28,29,30,31,32,33,34,35,36,37,38,39,40,41,42,44,45,46,47,48,49,50,52,53,54,56,57,59,60,62,63,64,65,66,70",2435,799,0,0,"0,0,0,0,0,0,0,0,0,0,0,0,0,0,0,0,0,0,0,0,0,0,0,0,0,0,0,0,0,0,0,0,0,0,0,0,0,0,0,0,0,0,0,0,0,0,0,0,0,0,0,0,0,0,0,0,0,0,0,0,0,0,0,0,0,0,0,0,0,0","6,6,12,18,24,26,28,28,28,28,28,26,22,12,8,4,2,2,0,0,0","2,7,3,5,9,4,8,1,6,14,14,11,16,12,18,15,17,13,4,7,6,5,3,8,6,10,10,7,6,11,5,9,8,8,7,13,10,9,11,12,12,13,14,16,15,12,7,9,6,7,8,5,10,4,12,9,11,10,12,13,11,11,8,5,7,6,4,4,3,5,10,8,9,7,2,1,6,10,7,12,11,13,9,3,8,5,4,6,5,6,9,14,7,11,13,8,10,12,12,8,10,13,11,9,5,13,9,12,7,10,11,8,6,11,9,10,3,5,6,4,7,15,9,13,14,10,6,11,4,5,12,7,8,3,9,6,2,4,12,15,11,10,8,7,1,14,5,13,12,8,11,13,9,10",1:M8 M76 M145 | 2:M1 M75 M137 | 3:M3 M23 M69 M84 M117 M134 | 4:M6 M19 M54 M67 M68 M87 M120 M129 M138 | 5:M4 M22 M31 M52 M64 M70 M86 M89 M105 M118 M130 M147 | 6:M9 M21 M25 M29 M49 M66 M77 M88 M90 M113 M119 M127 M136 | 7:M2 M20 M28 M35 M47 M50 M65 M74 M79 M93 M109 M121 M132 M144 | 8:M7 M24 M33 M34 M51 M63 M72 M85 M96 M100 M112 M133 M143 M150 | 9:M5 M32 M38 M48 M56 M73 M83 M91 M104 M107 M115 M123 M135 M153 | 10:M26 M27 M37 M53 M58 M71 M78 M97 M101 M110 M116 M126 M142 M154 | 11:M12 M30 M39 M57 M61 M62 M81 M94 M103 M111 M114 M128 M141 M151 | 12:M14 M40 M41 M46 M55 M59 M80 M98 M99 M108 M131 M139 M149 | 13:M18 M36 M42 M60 M82 M95 M102 M106 M124 M148 M152 | 14:M10 M11 M43 M92 M125 M146 | 15:M16 M45 M122 M140 | 16:M13 M44 | 17:M17 | 18:M15 | 19: | 20: | 21:,"journal objective family: bg_d2 | F-selected distance-labelled E* domain propagation and cycle detection | precedence configuration: F=distance_closure, P=pairwise, G=distance_closure | Full Domain MxT schedule variables + explicit unary exclusions | (20),(22)-(27) exactly once over full domains | (22)-(27) session/fixed/forbidden exclusions as hard unit clauses | (19) participant atMost-one per slot | (46),(47) clustered table capacity with compact forward channeling | (28) Pairwise precedence over distance_closure distance-labelled relations | exact break-group ends and unary break-group thresholds | exact schedule <-> usedSlot channeling | (43) exactly |Mp| full usedSlot variables | (44) atMost 2|L| busy participants per slot | (45) exact even number of busy participants | historical hard cap Delta_G <= 2",0,"(0,)",result
,,,,,,,,,forum-13.forb0007,b2b-dc8823f802474846,b2b-lineage-forum-13,forbidden,F-PW-DC-ST-BGD2-UW-IC12P,Full,Filter-E*,Pairwise,DistanceClosure-E*,SpanThreshold,BreakGroupsD2,UWrMaxSAT,IC12+,OPTIMAL,SAT,0,0,bg_d2,0,0,0,,,0,1,4.583039,False,253.297,,,,Compact,Compact/Full,project_implementation,one-shot weighted MaxSAT,152171,,,,,,,308329,580,308909,3234,148937,873582,59,cfg5__m-full__p-pairwise__g-distance_closure__b-span_threshold__o-break_groups_d2__s-uwrmaxsat__i-imp12plus__backend-uwrmaxsat,cfg5__m-full__p-pairwise__g-distance_closure__b-span_threshold__o-break_groups_d2__s-uwrmaxsat__i-imp12plus__backend-uwrmaxsat,full,distance_closure,pairwise,distance_closure,UWrMaxSAT,UWrMaxSAT,binary-sha256:8c68c8a386d3d7847b50d315143c2bab60e3514e59510e84a649db83cb303876,imp12+,span_threshold,total_break_groups_subject_to_range_at_most_2,BGD2,IC12P,873002,580,1,1128,118077,126112,63012,1,580,580,1,,,,,,0,0,0,0,0,,,"formalism-specific model size: SAT/MaxSAT reports base CNF and soft clauses, MIP reports variables/linear constraints/nonzeros, and CP reports integer variables plus linear/global constraints; SAT bound/totalizer overhead remains separate in optimizer_added_*",3234,2435,2435,3234,0,0,0,0,0,0,0,1,0.076611,0.002206,0.408814,,0.41102,4.172019,"wall-clock from immediately before reading/parsing the .dzn instance through model construction, optimization, solution decoding, and independent validation; excludes worker-process startup and result-file export",0,0,0,0,0,"0,0,0,0,0,0,0,0,0,0,0,0,0,0,0,0,0,0,0,0,0,0,0,0,0,0,0,0,0,0,0,0,0,0,0,0,0,0,0,0,0,0,0,0,0,0,0,0,0,0,0,0,0,0,0,0,0,0,0,0,0,0,0,0,0,0,0,0,0,0",peak_process_tree_rss_mb,dc8823f802474846cacb92bef7dae8b1dbcd7655d2706cae39923f0547918092,forb0007,data_table06_forb/forum-13.forb0007.dzn,2,../noves/forum-13.forb0007.dzn | ../noves/ticf-13crafa.forb0007.dzn,2,data_table06_forb/forum-13.forb0007.dzn | data_table06_forb/ticf-13crafa.forb0007.dzn,https://imae.udg.edu/Recerca/LAI/,https://ima.udg.edu/Recerca/lai/b2b/b2b.zip,ee1f440ab3f6db27ab712300ad3a54a31ffd5ec1e06f81a9ac37cb7202c56528,2026-08-10T10:42:19+00:00,7200.0,,ee80a6fbd8b513f7c010668495c39621a371266a,True,3.10.12,1.8.dev25,instance-20260810-085803,Linux-6.8.0-1064-gcp-x86_64-with-glibc2.35,x86_64,4,8,15988.059,1,0,/home/g24021555/Business-Meeting-Scheduling-Problem/.venv/bin/python3 /home/g24021555/Business-Meeting-Scheduling-Problem/src/Main.py --manifest instances_manifest.csv --family forbidden --solver sat_all --objective-mode bg_d2 --domain-mode both --domain-filter-graph both --precedence-encoding both --precedence-graph both --encoding-variant imp12+ --sat-backend cadical --maxsat-backend uwrmaxsat --uwrmaxsat-bin /home/g24021555/uwrmaxsat/build/release/bin/uwrmaxsat --timeout 7200 --csv output/full_matrix_bg_d2_forbidden.csv,/home/g24021555/uwrmaxsat/build/release/bin/uwrmaxsat,8c68c8a386d3d7847b50d315143c2bab60e3514e59510e84a649db83cb303876,/home/g24021555/uwrmaxsat/build/release/bin/uwrmaxsat -m /tmp/b2b_uwrmaxsat_3_3smrzm/forum-13.forb0007.wcnf,,process exit code=30,,,maxsat,uwrmaxsat,,/home/g24021555/uwrmaxsat/build/release/bin/uwrmaxsat,factorial,pairwise+distance_closure,0,58,"1,2,3,4,5,6,7,8,9,10,11,12,13,14,15,16,18,19,23,24,25,26,27,28,29,30,31,32,33,34,35,36,37,38,39,40,41,42,44,45,46,47,48,49,50,52,53,54,56,57,59,60,62,63,64,65,66,70",2435,799,0,0,"0,0,0,0,0,0,0,0,0,0,0,0,0,0,0,0,0,0,0,0,0,0,0,0,0,0,0,0,0,0,0,0,0,0,0,0,0,0,0,0,0,0,0,0,0,0,0,0,0,0,0,0,0,0,0,0,0,0,0,0,0,0,0,0,0,0,0,0,0,0","6,12,20,24,26,28,28,28,28,28,28,24,14,8,4,2,0,0,0,0,0","6,7,13,11,9,5,12,10,8,14,8,3,4,6,7,2,1,5,5,6,3,1,2,4,4,5,6,12,10,11,7,9,8,9,12,13,11,8,10,7,12,13,14,16,15,9,6,11,4,8,10,5,3,2,9,6,7,11,12,10,9,11,7,3,5,6,4,10,11,7,4,12,8,5,3,6,9,10,6,12,11,13,8,3,7,5,9,4,7,8,9,3,4,2,11,5,10,6,12,7,10,8,11,9,9,10,5,6,7,8,12,4,11,7,6,3,2,10,5,4,8,5,3,13,14,8,4,7,11,10,12,6,9,8,5,11,12,3,6,15,4,13,10,2,1,9,7,14,12,8,10,13,11,9",1:M17 M22 M145 | 2:M16 M23 M54 M94 M117 M144 | 3:M12 M21 M53 M64 M75 M84 M92 M116 M123 M138 | 4:M13 M24 M25 M49 M67 M71 M88 M93 M112 M120 M127 M141 | 5:M6 M18 M19 M26 M52 M65 M74 M86 M96 M107 M119 M122 M135 | 6:M1 M14 M20 M27 M47 M56 M66 M76 M79 M98 M108 M115 M132 M139 | 7:M2 M15 M31 M40 M57 M63 M70 M85 M89 M100 M109 M114 M128 M147 | 8:M9 M11 M33 M38 M50 M73 M83 M90 M102 M110 M121 M126 M134 M150 | 9:M5 M32 M34 M46 M55 M61 M77 M87 M91 M104 M105 M133 M146 M154 | 10:M8 M29 M39 M51 M60 M68 M78 M97 M101 M106 M118 M130 M143 M151 | 11:M4 M30 M37 M48 M58 M62 M69 M81 M95 M103 M113 M129 M136 M153 | 12:M7 M28 M35 M41 M59 M72 M80 M99 M111 M131 M137 M149 | 13:M3 M36 M42 M82 M124 M142 M152 | 14:M10 M43 M125 M148 | 15:M45 M140 | 16:M44 | 17: | 18: | 19: | 20: | 21:,"journal objective family: bg_d2 | F-selected distance-labelled E* domain propagation and cycle detection | precedence configuration: F=distance_closure, P=pairwise, G=distance_closure | Full Domain MxT schedule variables + explicit unary exclusions | (20),(22)-(27) exactly once over full domains | (22)-(27) session/fixed/forbidden exclusions as hard unit clauses | (19) participant atMost-one per slot | (46),(47) clustered table capacity with compact forward channeling | (28) Pairwise precedence over distance_closure distance-labelled relations | exact break-group ends and unary break-group thresholds | exact schedule <-> usedSlot channeling | (43) exactly |Mp| full usedSlot variables | (44) atMost 2|L| busy participants per slot | (45) exact even number of busy participants | historical hard cap Delta_G <= 2",,,result
,,,,,,,,,forum-13.forb0007,b2b-dc8823f802474846,b2b-lineage-forum-13,forbidden,F-SS-DE-ST-BGD2-IS-CD-IC12P,Full,Filter-E*,SparseSuffix,Direct-E,SpanThreshold,BreakGroupsD2,IncrementalSAT,IC12+,OPTIMAL,SAT,0,0,bg_d2,0,0,0,,,,,5.331217,False,216.699,,,,Compact,Compact/Full,project_implementation,incremental multi-phase SAT with persistent solver state,152171,,,,,,,308329,0,308329,3234,148937,873002,59,cfg5__m-full__p-sparse_suffix__g-direct__b-span_threshold__o-break_groups_d2__s-incrementalsat__i-imp12plus__backend-cadical,cfg5__m-full__p-sparse_suffix__g-direct__b-span_threshold__o-break_groups_d2__s-incrementalsat__i-imp12plus__backend-cadical,full,distance_closure,sparse_suffix,direct,IncrementalSAT,CaDiCaL,1.5.3,imp12+,span_threshold,total_break_groups_subject_to_range_at_most_2,BGD2,IC12P,873002,0,0,1128,118077,126112,63012,,0,580,7,,,,,,1,4120,46780,135719,46780,4.563937668001017,6,"formalism-specific model size: SAT/MaxSAT reports base CNF and soft clauses, MIP reports variables/linear constraints/nonzeros, and CP reports integer variables plus linear/global constraints; SAT bound/totalizer overhead remains separate in optimizer_added_*",3234,2435,2435,3234,0,0,0,0,0,0,0,1,0.078891,0.002401,0.411841,,0.414241,4.916975,"wall-clock from immediately before reading/parsing the .dzn instance through model construction, optimization, solution decoding, and independent validation; excludes worker-process startup and result-file export",0,0,0,0,0,"0,0,0,0,0,0,0,0,0,0,0,0,0,0,0,0,0,0,0,0,0,0,0,0,0,0,0,0,0,0,0,0,0,0,0,0,0,0,0,0,0,0,0,0,0,0,0,0,0,0,0,0,0,0,0,0,0,0,0,0,0,0,0,0,0,0,0,0,0,0",peak_process_tree_rss_mb,dc8823f802474846cacb92bef7dae8b1dbcd7655d2706cae39923f0547918092,forb0007,data_table06_forb/forum-13.forb0007.dzn,2,../noves/forum-13.forb0007.dzn | ../noves/ticf-13crafa.forb0007.dzn,2,data_table06_forb/forum-13.forb0007.dzn | data_table06_forb/ticf-13crafa.forb0007.dzn,https://imae.udg.edu/Recerca/LAI/,https://ima.udg.edu/Recerca/lai/b2b/b2b.zip,ee1f440ab3f6db27ab712300ad3a54a31ffd5ec1e06f81a9ac37cb7202c56528,2026-08-10T10:42:19+00:00,7200.0,,ee80a6fbd8b513f7c010668495c39621a371266a,True,3.10.12,1.8.dev25,instance-20260810-085803,Linux-6.8.0-1064-gcp-x86_64-with-glibc2.35,x86_64,4,8,15988.059,1,0,/home/g24021555/Business-Meeting-Scheduling-Problem/.venv/bin/python3 /home/g24021555/Business-Meeting-Scheduling-Problem/src/Main.py --manifest instances_manifest.csv --family forbidden --solver sat_all --objective-mode bg_d2 --domain-mode both --domain-filter-graph both --precedence-encoding both --precedence-graph both --encoding-variant imp12+ --sat-backend cadical --maxsat-backend uwrmaxsat --uwrmaxsat-bin /home/g24021555/uwrmaxsat/build/release/bin/uwrmaxsat --timeout 7200 --csv output/full_matrix_bg_d2_forbidden.csv,,,,,,,,incremental,,cadical,,factorial,sparse_suffix+direct,0,58,"1,2,3,4,5,6,7,8,9,10,11,12,13,14,15,16,18,19,23,24,25,26,27,28,29,30,31,32,33,34,35,36,37,38,39,40,41,42,44,45,46,47,48,49,50,52,53,54,56,57,59,60,62,63,64,65,66,70",2435,799,0,0,"0,0,0,0,0,0,0,0,0,0,0,0,0,0,0,0,0,0,0,0,0,0,0,0,0,0,0,0,0,0,0,0,0,0,0,0,0,0,0,0,0,0,0,0,0,0,0,0,0,0,0,0,0,0,0,0,0,0,0,0,0,0,0,0,0,0,0,0,0,0","6,8,20,24,28,28,28,28,28,28,28,22,18,8,4,2,0,0,0,0,0","4,11,6,5,12,8,7,10,9,14,4,8,7,6,1,2,5,3,2,6,5,3,4,7,5,10,7,3,4,9,5,6,8,9,6,11,5,8,10,7,12,13,14,16,15,7,6,11,7,4,10,3,6,5,11,8,9,11,13,12,10,6,11,13,12,10,9,4,12,7,10,13,9,8,5,11,6,10,6,12,11,13,9,4,7,8,5,3,5,10,8,9,6,4,11,3,12,7,12,9,13,8,10,11,7,5,9,4,6,8,10,11,3,9,5,8,7,4,2,1,3,8,7,13,14,9,12,10,5,4,11,3,6,3,8,5,11,2,9,15,4,12,10,14,6,7,1,13,13,9,8,12,11,10",1:M15 M120 M147 | 2:M16 M19 M119 M138 | 3:M18 M22 M28 M52 M88 M96 M113 M121 M132 M134 | 4:M1 M11 M23 M29 M50 M68 M84 M94 M108 M118 M130 M141 | 5:M4 M17 M21 M25 M31 M37 M54 M75 M87 M89 M106 M115 M129 M136 | 6:M3 M14 M20 M32 M35 M47 M53 M62 M77 M79 M93 M109 M133 M145 | 7:M7 M13 M24 M27 M40 M46 M49 M70 M85 M98 M105 M117 M123 M146 | 8:M6 M12 M33 M38 M56 M74 M86 M91 M102 M110 M116 M122 M135 M151 | 9:M9 M30 M34 M57 M67 M73 M83 M92 M100 M107 M114 M126 M139 M150 | 10:M8 M26 M39 M51 M61 M66 M71 M78 M90 M103 M111 M128 M143 M154 | 11:M2 M36 M48 M55 M58 M63 M76 M81 M95 M104 M112 M131 M137 M153 | 12:M5 M41 M60 M65 M69 M80 M97 M99 M127 M142 M152 | 13:M42 M59 M64 M72 M82 M101 M124 M148 M149 | 14:M10 M43 M125 M144 | 15:M45 M140 | 16:M44 | 17: | 18: | 19: | 20: | 21:,"journal objective family: bg_d2 | F-selected distance-labelled E* domain propagation and cycle detection | precedence configuration: F=distance_closure, P=sparse_suffix, G=direct | Full Domain MxT schedule variables + explicit unary exclusions | (20),(22)-(27) exactly once over full domains | (22)-(27) session/fixed/forbidden exclusions as hard unit clauses | (19) participant atMost-one per slot | (46),(47) clustered table capacity with compact forward channeling | (28) SparseSuffix precedence over direct distance-labelled relations | exact break-group ends and unary break-group thresholds | exact schedule <-> usedSlot channeling | (43) exactly |Mp| full usedSlot variables | (44) atMost 2|L| busy participants per slot | (45) exact even number of busy participants | historical hard cap Delta_G <= 2",0,"(0,)",result
,,,,,,,,,forum-13.forb0007,b2b-dc8823f802474846,b2b-lineage-forum-13,forbidden,F-SS-DE-ST-BGD2-NIS-CD-IC12P,Full,Filter-E*,SparseSuffix,Direct-E,SpanThreshold,BreakGroupsD2,NonIncrementalSAT,IC12+,OPTIMAL,SAT,0,0,bg_d2,0,0,0,,,,,11.364784,False,227.0,,,,Compact,Compact/Full,project_implementation,restart-based multi-phase SAT,152171,,,,,,,308329,0,308329,3234,148937,873002,59,cfg5__m-full__p-sparse_suffix__g-direct__b-span_threshold__o-break_groups_d2__s-nonincrementalsat__i-imp12plus__backend-cadical,cfg5__m-full__p-sparse_suffix__g-direct__b-span_threshold__o-break_groups_d2__s-nonincrementalsat__i-imp12plus__backend-cadical,full,distance_closure,sparse_suffix,direct,NonIncrementalSAT,CaDiCaL,1.5.3,imp12+,span_threshold,total_break_groups_subject_to_range_at_most_2,BGD2,IC12P,873002,0,0,1128,118077,126112,63012,,0,580,7,,,,,,7,20596,41696,103446,79120,10.601981150000938,6,"formalism-specific model size: SAT/MaxSAT reports base CNF and soft clauses, MIP reports variables/linear constraints/nonzeros, and CP reports integer variables plus linear/global constraints; SAT bound/totalizer overhead remains separate in optimizer_added_*",3234,2435,2435,3234,0,0,0,0,0,0,0,1,0.07632,0.002454,0.406658,,0.409112,10.955671,"wall-clock from immediately before reading/parsing the .dzn instance through model construction, optimization, solution decoding, and independent validation; excludes worker-process startup and result-file export",0,0,0,0,0,"0,0,0,0,0,0,0,0,0,0,0,0,0,0,0,0,0,0,0,0,0,0,0,0,0,0,0,0,0,0,0,0,0,0,0,0,0,0,0,0,0,0,0,0,0,0,0,0,0,0,0,0,0,0,0,0,0,0,0,0,0,0,0,0,0,0,0,0,0,0",peak_process_tree_rss_mb,dc8823f802474846cacb92bef7dae8b1dbcd7655d2706cae39923f0547918092,forb0007,data_table06_forb/forum-13.forb0007.dzn,2,../noves/forum-13.forb0007.dzn | ../noves/ticf-13crafa.forb0007.dzn,2,data_table06_forb/forum-13.forb0007.dzn | data_table06_forb/ticf-13crafa.forb0007.dzn,https://imae.udg.edu/Recerca/LAI/,https://ima.udg.edu/Recerca/lai/b2b/b2b.zip,ee1f440ab3f6db27ab712300ad3a54a31ffd5ec1e06f81a9ac37cb7202c56528,2026-08-10T10:42:19+00:00,7200.0,,ee80a6fbd8b513f7c010668495c39621a371266a,True,3.10.12,1.8.dev25,instance-20260810-085803,Linux-6.8.0-1064-gcp-x86_64-with-glibc2.35,x86_64,4,8,15988.059,1,0,/home/g24021555/Business-Meeting-Scheduling-Problem/.venv/bin/python3 /home/g24021555/Business-Meeting-Scheduling-Problem/src/Main.py --manifest instances_manifest.csv --family forbidden --solver sat_all --objective-mode bg_d2 --domain-mode both --domain-filter-graph both --precedence-encoding both --precedence-graph both --encoding-variant imp12+ --sat-backend cadical --maxsat-backend uwrmaxsat --uwrmaxsat-bin /home/g24021555/uwrmaxsat/build/release/bin/uwrmaxsat --timeout 7200 --csv output/full_matrix_bg_d2_forbidden.csv,,,,,,,,multiple,,cadical,,factorial,sparse_suffix+direct,0,58,"1,2,3,4,5,6,7,8,9,10,11,12,13,14,15,16,18,19,23,24,25,26,27,28,29,30,31,32,33,34,35,36,37,38,39,40,41,42,44,45,46,47,48,49,50,52,53,54,56,57,59,60,62,63,64,65,66,70",2435,799,0,0,"0,0,0,0,0,0,0,0,0,0,0,0,0,0,0,0,0,0,0,0,0,0,0,0,0,0,0,0,0,0,0,0,0,0,0,0,0,0,0,0,0,0,0,0,0,0,0,0,0,0,0,0,0,0,0,0,0,0,0,0,0,0,0,0,0,0,0,0,0,0","6,6,12,18,24,26,28,28,28,28,28,26,22,12,8,4,2,2,0,0,0","2,7,3,5,9,4,8,1,6,14,14,11,16,12,18,15,17,13,4,7,6,5,3,8,6,10,10,7,6,11,5,9,8,8,7,13,10,9,11,12,12,13,14,16,15,12,7,9,6,7,8,5,10,4,12,9,11,10,12,13,11,11,8,5,7,6,4,4,3,5,10,8,9,7,2,1,6,10,7,12,11,13,9,3,8,5,4,6,5,6,9,14,7,11,13,8,10,12,12,8,10,13,11,9,5,13,9,12,7,10,11,8,6,11,9,10,3,5,6,4,7,15,9,13,14,10,6,11,4,5,12,7,8,3,9,6,2,4,12,15,11,10,8,7,1,14,5,13,12,8,11,13,9,10",1:M8 M76 M145 | 2:M1 M75 M137 | 3:M3 M23 M69 M84 M117 M134 | 4:M6 M19 M54 M67 M68 M87 M120 M129 M138 | 5:M4 M22 M31 M52 M64 M70 M86 M89 M105 M118 M130 M147 | 6:M9 M21 M25 M29 M49 M66 M77 M88 M90 M113 M119 M127 M136 | 7:M2 M20 M28 M35 M47 M50 M65 M74 M79 M93 M109 M121 M132 M144 | 8:M7 M24 M33 M34 M51 M63 M72 M85 M96 M100 M112 M133 M143 M150 | 9:M5 M32 M38 M48 M56 M73 M83 M91 M104 M107 M115 M123 M135 M153 | 10:M26 M27 M37 M53 M58 M71 M78 M97 M101 M110 M116 M126 M142 M154 | 11:M12 M30 M39 M57 M61 M62 M81 M94 M103 M111 M114 M128 M141 M151 | 12:M14 M40 M41 M46 M55 M59 M80 M98 M99 M108 M131 M139 M149 | 13:M18 M36 M42 M60 M82 M95 M102 M106 M124 M148 M152 | 14:M10 M11 M43 M92 M125 M146 | 15:M16 M45 M122 M140 | 16:M13 M44 | 17:M17 | 18:M15 | 19: | 20: | 21:,"journal objective family: bg_d2 | F-selected distance-labelled E* domain propagation and cycle detection | precedence configuration: F=distance_closure, P=sparse_suffix, G=direct | Full Domain MxT schedule variables + explicit unary exclusions | (20),(22)-(27) exactly once over full domains | (22)-(27) session/fixed/forbidden exclusions as hard unit clauses | (19) participant atMost-one per slot | (46),(47) clustered table capacity with compact forward channeling | (28) SparseSuffix precedence over direct distance-labelled relations | exact break-group ends and unary break-group thresholds | exact schedule <-> usedSlot channeling | (43) exactly |Mp| full usedSlot variables | (44) atMost 2|L| busy participants per slot | (45) exact even number of busy participants | historical hard cap Delta_G <= 2",0,"(0,)",result
,,,,,,,,,forum-13.forb0007,b2b-dc8823f802474846,b2b-lineage-forum-13,forbidden,F-SS-DE-ST-BGD2-UW-IC12P,Full,Filter-E*,SparseSuffix,Direct-E,SpanThreshold,BreakGroupsD2,UWrMaxSAT,IC12+,OPTIMAL,SAT,0,0,bg_d2,0,0,0,,,0,1,4.598576,False,253.379,,,,Compact,Compact/Full,project_implementation,one-shot weighted MaxSAT,152171,,,,,,,308329,580,308909,3234,148937,873582,59,cfg5__m-full__p-sparse_suffix__g-direct__b-span_threshold__o-break_groups_d2__s-uwrmaxsat__i-imp12plus__backend-uwrmaxsat,cfg5__m-full__p-sparse_suffix__g-direct__b-span_threshold__o-break_groups_d2__s-uwrmaxsat__i-imp12plus__backend-uwrmaxsat,full,distance_closure,sparse_suffix,direct,UWrMaxSAT,UWrMaxSAT,binary-sha256:8c68c8a386d3d7847b50d315143c2bab60e3514e59510e84a649db83cb303876,imp12+,span_threshold,total_break_groups_subject_to_range_at_most_2,BGD2,IC12P,873002,580,1,1128,118077,126112,63012,1,580,580,1,,,,,,0,0,0,0,0,,,"formalism-specific model size: SAT/MaxSAT reports base CNF and soft clauses, MIP reports variables/linear constraints/nonzeros, and CP reports integer variables plus linear/global constraints; SAT bound/totalizer overhead remains separate in optimizer_added_*",3234,2435,2435,3234,0,0,0,0,0,0,0,1,0.077082,0.002334,0.40755,,0.409884,4.188692,"wall-clock from immediately before reading/parsing the .dzn instance through model construction, optimization, solution decoding, and independent validation; excludes worker-process startup and result-file export",0,0,0,0,0,"0,0,0,0,0,0,0,0,0,0,0,0,0,0,0,0,0,0,0,0,0,0,0,0,0,0,0,0,0,0,0,0,0,0,0,0,0,0,0,0,0,0,0,0,0,0,0,0,0,0,0,0,0,0,0,0,0,0,0,0,0,0,0,0,0,0,0,0,0,0",peak_process_tree_rss_mb,dc8823f802474846cacb92bef7dae8b1dbcd7655d2706cae39923f0547918092,forb0007,data_table06_forb/forum-13.forb0007.dzn,2,../noves/forum-13.forb0007.dzn | ../noves/ticf-13crafa.forb0007.dzn,2,data_table06_forb/forum-13.forb0007.dzn | data_table06_forb/ticf-13crafa.forb0007.dzn,https://imae.udg.edu/Recerca/LAI/,https://ima.udg.edu/Recerca/lai/b2b/b2b.zip,ee1f440ab3f6db27ab712300ad3a54a31ffd5ec1e06f81a9ac37cb7202c56528,2026-08-10T10:42:19+00:00,7200.0,,ee80a6fbd8b513f7c010668495c39621a371266a,True,3.10.12,1.8.dev25,instance-20260810-085803,Linux-6.8.0-1064-gcp-x86_64-with-glibc2.35,x86_64,4,8,15988.059,1,0,/home/g24021555/Business-Meeting-Scheduling-Problem/.venv/bin/python3 /home/g24021555/Business-Meeting-Scheduling-Problem/src/Main.py --manifest instances_manifest.csv --family forbidden --solver sat_all --objective-mode bg_d2 --domain-mode both --domain-filter-graph both --precedence-encoding both --precedence-graph both --encoding-variant imp12+ --sat-backend cadical --maxsat-backend uwrmaxsat --uwrmaxsat-bin /home/g24021555/uwrmaxsat/build/release/bin/uwrmaxsat --timeout 7200 --csv output/full_matrix_bg_d2_forbidden.csv,/home/g24021555/uwrmaxsat/build/release/bin/uwrmaxsat,8c68c8a386d3d7847b50d315143c2bab60e3514e59510e84a649db83cb303876,/home/g24021555/uwrmaxsat/build/release/bin/uwrmaxsat -m /tmp/b2b_uwrmaxsat_e14s8ehf/forum-13.forb0007.wcnf,,process exit code=30,,,maxsat,uwrmaxsat,,/home/g24021555/uwrmaxsat/build/release/bin/uwrmaxsat,factorial,sparse_suffix+direct,0,58,"1,2,3,4,5,6,7,8,9,10,11,12,13,14,15,16,18,19,23,24,25,26,27,28,29,30,31,32,33,34,35,36,37,38,39,40,41,42,44,45,46,47,48,49,50,52,53,54,56,57,59,60,62,63,64,65,66,70",2435,799,0,0,"0,0,0,0,0,0,0,0,0,0,0,0,0,0,0,0,0,0,0,0,0,0,0,0,0,0,0,0,0,0,0,0,0,0,0,0,0,0,0,0,0,0,0,0,0,0,0,0,0,0,0,0,0,0,0,0,0,0,0,0,0,0,0,0,0,0,0,0,0,0","6,12,20,24,26,28,28,28,28,28,28,24,14,8,4,2,0,0,0,0,0","6,7,13,11,9,5,12,10,8,14,8,3,4,6,7,2,1,5,5,6,3,1,2,4,4,5,6,12,10,11,7,9,8,9,12,13,11,8,10,7,12,13,14,16,15,9,6,11,4,8,10,5,3,2,9,6,7,11,12,10,9,11,7,3,5,6,4,10,11,7,4,12,8,5,3,6,9,10,6,12,11,13,8,3,7,5,9,4,7,8,9,3,4,2,11,5,10,6,12,7,10,8,11,9,9,10,5,6,7,8,12,4,11,7,6,3,2,10,5,4,8,5,3,13,14,8,4,7,11,10,12,6,9,8,5,11,12,3,6,15,4,13,10,2,1,9,7,14,12,8,10,13,11,9",1:M17 M22 M145 | 2:M16 M23 M54 M94 M117 M144 | 3:M12 M21 M53 M64 M75 M84 M92 M116 M123 M138 | 4:M13 M24 M25 M49 M67 M71 M88 M93 M112 M120 M127 M141 | 5:M6 M18 M19 M26 M52 M65 M74 M86 M96 M107 M119 M122 M135 | 6:M1 M14 M20 M27 M47 M56 M66 M76 M79 M98 M108 M115 M132 M139 | 7:M2 M15 M31 M40 M57 M63 M70 M85 M89 M100 M109 M114 M128 M147 | 8:M9 M11 M33 M38 M50 M73 M83 M90 M102 M110 M121 M126 M134 M150 | 9:M5 M32 M34 M46 M55 M61 M77 M87 M91 M104 M105 M133 M146 M154 | 10:M8 M29 M39 M51 M60 M68 M78 M97 M101 M106 M118 M130 M143 M151 | 11:M4 M30 M37 M48 M58 M62 M69 M81 M95 M103 M113 M129 M136 M153 | 12:M7 M28 M35 M41 M59 M72 M80 M99 M111 M131 M137 M149 | 13:M3 M36 M42 M82 M124 M142 M152 | 14:M10 M43 M125 M148 | 15:M45 M140 | 16:M44 | 17: | 18: | 19: | 20: | 21:,"journal objective family: bg_d2 | F-selected distance-labelled E* domain propagation and cycle detection | precedence configuration: F=distance_closure, P=sparse_suffix, G=direct | Full Domain MxT schedule variables + explicit unary exclusions | (20),(22)-(27) exactly once over full domains | (22)-(27) session/fixed/forbidden exclusions as hard unit clauses | (19) participant atMost-one per slot | (46),(47) clustered table capacity with compact forward channeling | (28) SparseSuffix precedence over direct distance-labelled relations | exact break-group ends and unary break-group thresholds | exact schedule <-> usedSlot channeling | (43) exactly |Mp| full usedSlot variables | (44) atMost 2|L| busy participants per slot | (45) exact even number of busy participants | historical hard cap Delta_G <= 2",,,result
,,,,,,,,,forum-13.forb0007,b2b-dc8823f802474846,b2b-lineage-forum-13,forbidden,F-SS-DC-ST-BGD2-IS-CD-IC12P,Full,Filter-E*,SparseSuffix,DistanceClosure-E*,SpanThreshold,BreakGroupsD2,IncrementalSAT,IC12+,OPTIMAL,SAT,0,0,bg_d2,0,0,0,,,,,5.342153,False,216.676,,,,Compact,Compact/Full,project_implementation,incremental multi-phase SAT with persistent solver state,152171,,,,,,,308329,0,308329,3234,148937,873002,59,cfg5__m-full__p-sparse_suffix__g-distance_closure__b-span_threshold__o-break_groups_d2__s-incrementalsat__i-imp12plus__backend-cadical,cfg5__m-full__p-sparse_suffix__g-distance_closure__b-span_threshold__o-break_groups_d2__s-incrementalsat__i-imp12plus__backend-cadical,full,distance_closure,sparse_suffix,distance_closure,IncrementalSAT,CaDiCaL,1.5.3,imp12+,span_threshold,total_break_groups_subject_to_range_at_most_2,BGD2,IC12P,873002,0,0,1128,118077,126112,63012,,0,580,7,,,,,,1,4120,46780,135719,46780,4.584459357000014,6,"formalism-specific model size: SAT/MaxSAT reports base CNF and soft clauses, MIP reports variables/linear constraints/nonzeros, and CP reports integer variables plus linear/global constraints; SAT bound/totalizer overhead remains separate in optimizer_added_*",3234,2435,2435,3234,0,0,0,0,0,0,0,1,0.078373,0.002433,0.411598,,0.414031,4.928121,"wall-clock from immediately before reading/parsing the .dzn instance through model construction, optimization, solution decoding, and independent validation; excludes worker-process startup and result-file export",0,0,0,0,0,"0,0,0,0,0,0,0,0,0,0,0,0,0,0,0,0,0,0,0,0,0,0,0,0,0,0,0,0,0,0,0,0,0,0,0,0,0,0,0,0,0,0,0,0,0,0,0,0,0,0,0,0,0,0,0,0,0,0,0,0,0,0,0,0,0,0,0,0,0,0",peak_process_tree_rss_mb,dc8823f802474846cacb92bef7dae8b1dbcd7655d2706cae39923f0547918092,forb0007,data_table06_forb/forum-13.forb0007.dzn,2,../noves/forum-13.forb0007.dzn | ../noves/ticf-13crafa.forb0007.dzn,2,data_table06_forb/forum-13.forb0007.dzn | data_table06_forb/ticf-13crafa.forb0007.dzn,https://imae.udg.edu/Recerca/LAI/,https://ima.udg.edu/Recerca/lai/b2b/b2b.zip,ee1f440ab3f6db27ab712300ad3a54a31ffd5ec1e06f81a9ac37cb7202c56528,2026-08-10T10:42:19+00:00,7200.0,,ee80a6fbd8b513f7c010668495c39621a371266a,True,3.10.12,1.8.dev25,instance-20260810-085803,Linux-6.8.0-1064-gcp-x86_64-with-glibc2.35,x86_64,4,8,15988.059,1,0,/home/g24021555/Business-Meeting-Scheduling-Problem/.venv/bin/python3 /home/g24021555/Business-Meeting-Scheduling-Problem/src/Main.py --manifest instances_manifest.csv --family forbidden --solver sat_all --objective-mode bg_d2 --domain-mode both --domain-filter-graph both --precedence-encoding both --precedence-graph both --encoding-variant imp12+ --sat-backend cadical --maxsat-backend uwrmaxsat --uwrmaxsat-bin /home/g24021555/uwrmaxsat/build/release/bin/uwrmaxsat --timeout 7200 --csv output/full_matrix_bg_d2_forbidden.csv,,,,,,,,incremental,,cadical,,staircase,sparse_suffix+distance_closure,0,58,"1,2,3,4,5,6,7,8,9,10,11,12,13,14,15,16,18,19,23,24,25,26,27,28,29,30,31,32,33,34,35,36,37,38,39,40,41,42,44,45,46,47,48,49,50,52,53,54,56,57,59,60,62,63,64,65,66,70",2435,799,0,0,"0,0,0,0,0,0,0,0,0,0,0,0,0,0,0,0,0,0,0,0,0,0,0,0,0,0,0,0,0,0,0,0,0,0,0,0,0,0,0,0,0,0,0,0,0,0,0,0,0,0,0,0,0,0,0,0,0,0,0,0,0,0,0,0,0,0,0,0,0,0","6,8,20,24,28,28,28,28,28,28,28,22,18,8,4,2,0,0,0,0,0","4,11,6,5,12,8,7,10,9,14,4,8,7,6,1,2,5,3,2,6,5,3,4,7,5,10,7,3,4,9,5,6,8,9,6,11,5,8,10,7,12,13,14,16,15,7,6,11,7,4,10,3,6,5,11,8,9,11,13,12,10,6,11,13,12,10,9,4,12,7,10,13,9,8,5,11,6,10,6,12,11,13,9,4,7,8,5,3,5,10,8,9,6,4,11,3,12,7,12,9,13,8,10,11,7,5,9,4,6,8,10,11,3,9,5,8,7,4,2,1,3,8,7,13,14,9,12,10,5,4,11,3,6,3,8,5,11,2,9,15,4,12,10,14,6,7,1,13,13,9,8,12,11,10",1:M15 M120 M147 | 2:M16 M19 M119 M138 | 3:M18 M22 M28 M52 M88 M96 M113 M121 M132 M134 | 4:M1 M11 M23 M29 M50 M68 M84 M94 M108 M118 M130 M141 | 5:M4 M17 M21 M25 M31 M37 M54 M75 M87 M89 M106 M115 M129 M136 | 6:M3 M14 M20 M32 M35 M47 M53 M62 M77 M79 M93 M109 M133 M145 | 7:M7 M13 M24 M27 M40 M46 M49 M70 M85 M98 M105 M117 M123 M146 | 8:M6 M12 M33 M38 M56 M74 M86 M91 M102 M110 M116 M122 M135 M151 | 9:M9 M30 M34 M57 M67 M73 M83 M92 M100 M107 M114 M126 M139 M150 | 10:M8 M26 M39 M51 M61 M66 M71 M78 M90 M103 M111 M128 M143 M154 | 11:M2 M36 M48 M55 M58 M63 M76 M81 M95 M104 M112 M131 M137 M153 | 12:M5 M41 M60 M65 M69 M80 M97 M99 M127 M142 M152 | 13:M42 M59 M64 M72 M82 M101 M124 M148 M149 | 14:M10 M43 M125 M144 | 15:M45 M140 | 16:M44 | 17: | 18: | 19: | 20: | 21:,"journal objective family: bg_d2 | F-selected distance-labelled E* domain propagation and cycle detection | precedence configuration: F=distance_closure, P=sparse_suffix, G=distance_closure | Full Domain MxT schedule variables + explicit unary exclusions | (20),(22)-(27) exactly once over full domains | (22)-(27) session/fixed/forbidden exclusions as hard unit clauses | (19) participant atMost-one per slot | (46),(47) clustered table capacity with compact forward channeling | (28) SparseSuffix precedence over distance_closure distance-labelled relations | exact break-group ends and unary break-group thresholds | exact schedule <-> usedSlot channeling | (43) exactly |Mp| full usedSlot variables | (44) atMost 2|L| busy participants per slot | (45) exact even number of busy participants | historical hard cap Delta_G <= 2",0,"(0,)",result
,,,,,,,,,forum-13.forb0007,b2b-dc8823f802474846,b2b-lineage-forum-13,forbidden,F-SS-DC-ST-BGD2-NIS-CD-IC12P,Full,Filter-E*,SparseSuffix,DistanceClosure-E*,SpanThreshold,BreakGroupsD2,NonIncrementalSAT,IC12+,OPTIMAL,SAT,0,0,bg_d2,0,0,0,,,,,11.318884,False,224.52,,,,Compact,Compact/Full,project_implementation,restart-based multi-phase SAT,152171,,,,,,,308329,0,308329,3234,148937,873002,59,cfg5__m-full__p-sparse_suffix__g-distance_closure__b-span_threshold__o-break_groups_d2__s-nonincrementalsat__i-imp12plus__backend-cadical,cfg5__m-full__p-sparse_suffix__g-distance_closure__b-span_threshold__o-break_groups_d2__s-nonincrementalsat__i-imp12plus__backend-cadical,full,distance_closure,sparse_suffix,distance_closure,NonIncrementalSAT,CaDiCaL,1.5.3,imp12+,span_threshold,total_break_groups_subject_to_range_at_most_2,BGD2,IC12P,873002,0,0,1128,118077,126112,63012,,0,580,7,,,,,,7,20596,41696,103446,79120,10.552588734999517,6,"formalism-specific model size: SAT/MaxSAT reports base CNF and soft clauses, MIP reports variables/linear constraints/nonzeros, and CP reports integer variables plus linear/global constraints; SAT bound/totalizer overhead remains separate in optimizer_added_*",3234,2435,2435,3234,0,0,0,0,0,0,0,1,0.07471,0.002136,0.407978,,0.410114,10.908769,"wall-clock from immediately before reading/parsing the .dzn instance through model construction, optimization, solution decoding, and independent validation; excludes worker-process startup and result-file export",0,0,0,0,0,"0,0,0,0,0,0,0,0,0,0,0,0,0,0,0,0,0,0,0,0,0,0,0,0,0,0,0,0,0,0,0,0,0,0,0,0,0,0,0,0,0,0,0,0,0,0,0,0,0,0,0,0,0,0,0,0,0,0,0,0,0,0,0,0,0,0,0,0,0,0",peak_process_tree_rss_mb,dc8823f802474846cacb92bef7dae8b1dbcd7655d2706cae39923f0547918092,forb0007,data_table06_forb/forum-13.forb0007.dzn,2,../noves/forum-13.forb0007.dzn | ../noves/ticf-13crafa.forb0007.dzn,2,data_table06_forb/forum-13.forb0007.dzn | data_table06_forb/ticf-13crafa.forb0007.dzn,https://imae.udg.edu/Recerca/LAI/,https://ima.udg.edu/Recerca/lai/b2b/b2b.zip,ee1f440ab3f6db27ab712300ad3a54a31ffd5ec1e06f81a9ac37cb7202c56528,2026-08-10T10:42:19+00:00,7200.0,,ee80a6fbd8b513f7c010668495c39621a371266a,True,3.10.12,1.8.dev25,instance-20260810-085803,Linux-6.8.0-1064-gcp-x86_64-with-glibc2.35,x86_64,4,8,15988.059,1,0,/home/g24021555/Business-Meeting-Scheduling-Problem/.venv/bin/python3 /home/g24021555/Business-Meeting-Scheduling-Problem/src/Main.py --manifest instances_manifest.csv --family forbidden --solver sat_all --objective-mode bg_d2 --domain-mode both --domain-filter-graph both --precedence-encoding both --precedence-graph both --encoding-variant imp12+ --sat-backend cadical --maxsat-backend uwrmaxsat --uwrmaxsat-bin /home/g24021555/uwrmaxsat/build/release/bin/uwrmaxsat --timeout 7200 --csv output/full_matrix_bg_d2_forbidden.csv,,,,,,,,multiple,,cadical,,staircase,sparse_suffix+distance_closure,0,58,"1,2,3,4,5,6,7,8,9,10,11,12,13,14,15,16,18,19,23,24,25,26,27,28,29,30,31,32,33,34,35,36,37,38,39,40,41,42,44,45,46,47,48,49,50,52,53,54,56,57,59,60,62,63,64,65,66,70",2435,799,0,0,"0,0,0,0,0,0,0,0,0,0,0,0,0,0,0,0,0,0,0,0,0,0,0,0,0,0,0,0,0,0,0,0,0,0,0,0,0,0,0,0,0,0,0,0,0,0,0,0,0,0,0,0,0,0,0,0,0,0,0,0,0,0,0,0,0,0,0,0,0,0","6,6,12,18,24,26,28,28,28,28,28,26,22,12,8,4,2,2,0,0,0","2,7,3,5,9,4,8,1,6,14,14,11,16,12,18,15,17,13,4,7,6,5,3,8,6,10,10,7,6,11,5,9,8,8,7,13,10,9,11,12,12,13,14,16,15,12,7,9,6,7,8,5,10,4,12,9,11,10,12,13,11,11,8,5,7,6,4,4,3,5,10,8,9,7,2,1,6,10,7,12,11,13,9,3,8,5,4,6,5,6,9,14,7,11,13,8,10,12,12,8,10,13,11,9,5,13,9,12,7,10,11,8,6,11,9,10,3,5,6,4,7,15,9,13,14,10,6,11,4,5,12,7,8,3,9,6,2,4,12,15,11,10,8,7,1,14,5,13,12,8,11,13,9,10",1:M8 M76 M145 | 2:M1 M75 M137 | 3:M3 M23 M69 M84 M117 M134 | 4:M6 M19 M54 M67 M68 M87 M120 M129 M138 | 5:M4 M22 M31 M52 M64 M70 M86 M89 M105 M118 M130 M147 | 6:M9 M21 M25 M29 M49 M66 M77 M88 M90 M113 M119 M127 M136 | 7:M2 M20 M28 M35 M47 M50 M65 M74 M79 M93 M109 M121 M132 M144 | 8:M7 M24 M33 M34 M51 M63 M72 M85 M96 M100 M112 M133 M143 M150 | 9:M5 M32 M38 M48 M56 M73 M83 M91 M104 M107 M115 M123 M135 M153 | 10:M26 M27 M37 M53 M58 M71 M78 M97 M101 M110 M116 M126 M142 M154 | 11:M12 M30 M39 M57 M61 M62 M81 M94 M103 M111 M114 M128 M141 M151 | 12:M14 M40 M41 M46 M55 M59 M80 M98 M99 M108 M131 M139 M149 | 13:M18 M36 M42 M60 M82 M95 M102 M106 M124 M148 M152 | 14:M10 M11 M43 M92 M125 M146 | 15:M16 M45 M122 M140 | 16:M13 M44 | 17:M17 | 18:M15 | 19: | 20: | 21:,"journal objective family: bg_d2 | F-selected distance-labelled E* domain propagation and cycle detection | precedence configuration: F=distance_closure, P=sparse_suffix, G=distance_closure | Full Domain MxT schedule variables + explicit unary exclusions | (20),(22)-(27) exactly once over full domains | (22)-(27) session/fixed/forbidden exclusions as hard unit clauses | (19) participant atMost-one per slot | (46),(47) clustered table capacity with compact forward channeling | (28) SparseSuffix precedence over distance_closure distance-labelled relations | exact break-group ends and unary break-group thresholds | exact schedule <-> usedSlot channeling | (43) exactly |Mp| full usedSlot variables | (44) atMost 2|L| busy participants per slot | (45) exact even number of busy participants | historical hard cap Delta_G <= 2",0,"(0,)",result
,,,,,,,,,forum-13.forb0007,b2b-dc8823f802474846,b2b-lineage-forum-13,forbidden,F-SS-DC-ST-BGD2-UW-IC12P,Full,Filter-E*,SparseSuffix,DistanceClosure-E*,SpanThreshold,BreakGroupsD2,UWrMaxSAT,IC12+,OPTIMAL,SAT,0,0,bg_d2,0,0,0,,,0,1,4.556425,False,253.258,,,,Compact,Compact/Full,project_implementation,one-shot weighted MaxSAT,152171,,,,,,,308329,580,308909,3234,148937,873582,59,cfg5__m-full__p-sparse_suffix__g-distance_closure__b-span_threshold__o-break_groups_d2__s-uwrmaxsat__i-imp12plus__backend-uwrmaxsat,cfg5__m-full__p-sparse_suffix__g-distance_closure__b-span_threshold__o-break_groups_d2__s-uwrmaxsat__i-imp12plus__backend-uwrmaxsat,full,distance_closure,sparse_suffix,distance_closure,UWrMaxSAT,UWrMaxSAT,binary-sha256:8c68c8a386d3d7847b50d315143c2bab60e3514e59510e84a649db83cb303876,imp12+,span_threshold,total_break_groups_subject_to_range_at_most_2,BGD2,IC12P,873002,580,1,1128,118077,126112,63012,1,580,580,1,,,,,,0,0,0,0,0,,,"formalism-specific model size: SAT/MaxSAT reports base CNF and soft clauses, MIP reports variables/linear constraints/nonzeros, and CP reports integer variables plus linear/global constraints; SAT bound/totalizer overhead remains separate in optimizer_added_*",3234,2435,2435,3234,0,0,0,0,0,0,0,1,0.076323,0.002158,0.405716,,0.407874,4.148552,"wall-clock from immediately before reading/parsing the .dzn instance through model construction, optimization, solution decoding, and independent validation; excludes worker-process startup and result-file export",0,0,0,0,0,"0,0,0,0,0,0,0,0,0,0,0,0,0,0,0,0,0,0,0,0,0,0,0,0,0,0,0,0,0,0,0,0,0,0,0,0,0,0,0,0,0,0,0,0,0,0,0,0,0,0,0,0,0,0,0,0,0,0,0,0,0,0,0,0,0,0,0,0,0,0",peak_process_tree_rss_mb,dc8823f802474846cacb92bef7dae8b1dbcd7655d2706cae39923f0547918092,forb0007,data_table06_forb/forum-13.forb0007.dzn,2,../noves/forum-13.forb0007.dzn | ../noves/ticf-13crafa.forb0007.dzn,2,data_table06_forb/forum-13.forb0007.dzn | data_table06_forb/ticf-13crafa.forb0007.dzn,https://imae.udg.edu/Recerca/LAI/,https://ima.udg.edu/Recerca/lai/b2b/b2b.zip,ee1f440ab3f6db27ab712300ad3a54a31ffd5ec1e06f81a9ac37cb7202c56528,2026-08-10T10:42:19+00:00,7200.0,,ee80a6fbd8b513f7c010668495c39621a371266a,True,3.10.12,1.8.dev25,instance-20260810-085803,Linux-6.8.0-1064-gcp-x86_64-with-glibc2.35,x86_64,4,8,15988.059,1,0,/home/g24021555/Business-Meeting-Scheduling-Problem/.venv/bin/python3 /home/g24021555/Business-Meeting-Scheduling-Problem/src/Main.py --manifest instances_manifest.csv --family forbidden --solver sat_all --objective-mode bg_d2 --domain-mode both --domain-filter-graph both --precedence-encoding both --precedence-graph both --encoding-variant imp12+ --sat-backend cadical --maxsat-backend uwrmaxsat --uwrmaxsat-bin /home/g24021555/uwrmaxsat/build/release/bin/uwrmaxsat --timeout 7200 --csv output/full_matrix_bg_d2_forbidden.csv,/home/g24021555/uwrmaxsat/build/release/bin/uwrmaxsat,8c68c8a386d3d7847b50d315143c2bab60e3514e59510e84a649db83cb303876,/home/g24021555/uwrmaxsat/build/release/bin/uwrmaxsat -m /tmp/b2b_uwrmaxsat_bm5y8wvv/forum-13.forb0007.wcnf,,process exit code=30,,,maxsat,uwrmaxsat,,/home/g24021555/uwrmaxsat/build/release/bin/uwrmaxsat,staircase,sparse_suffix+distance_closure,0,58,"1,2,3,4,5,6,7,8,9,10,11,12,13,14,15,16,18,19,23,24,25,26,27,28,29,30,31,32,33,34,35,36,37,38,39,40,41,42,44,45,46,47,48,49,50,52,53,54,56,57,59,60,62,63,64,65,66,70",2435,799,0,0,"0,0,0,0,0,0,0,0,0,0,0,0,0,0,0,0,0,0,0,0,0,0,0,0,0,0,0,0,0,0,0,0,0,0,0,0,0,0,0,0,0,0,0,0,0,0,0,0,0,0,0,0,0,0,0,0,0,0,0,0,0,0,0,0,0,0,0,0,0,0","6,12,20,24,26,28,28,28,28,28,28,24,14,8,4,2,0,0,0,0,0","6,7,13,11,9,5,12,10,8,14,8,3,4,6,7,2,1,5,5,6,3,1,2,4,4,5,6,12,10,11,7,9,8,9,12,13,11,8,10,7,12,13,14,16,15,9,6,11,4,8,10,5,3,2,9,6,7,11,12,10,9,11,7,3,5,6,4,10,11,7,4,12,8,5,3,6,9,10,6,12,11,13,8,3,7,5,9,4,7,8,9,3,4,2,11,5,10,6,12,7,10,8,11,9,9,10,5,6,7,8,12,4,11,7,6,3,2,10,5,4,8,5,3,13,14,8,4,7,11,10,12,6,9,8,5,11,12,3,6,15,4,13,10,2,1,9,7,14,12,8,10,13,11,9",1:M17 M22 M145 | 2:M16 M23 M54 M94 M117 M144 | 3:M12 M21 M53 M64 M75 M84 M92 M116 M123 M138 | 4:M13 M24 M25 M49 M67 M71 M88 M93 M112 M120 M127 M141 | 5:M6 M18 M19 M26 M52 M65 M74 M86 M96 M107 M119 M122 M135 | 6:M1 M14 M20 M27 M47 M56 M66 M76 M79 M98 M108 M115 M132 M139 | 7:M2 M15 M31 M40 M57 M63 M70 M85 M89 M100 M109 M114 M128 M147 | 8:M9 M11 M33 M38 M50 M73 M83 M90 M102 M110 M121 M126 M134 M150 | 9:M5 M32 M34 M46 M55 M61 M77 M87 M91 M104 M105 M133 M146 M154 | 10:M8 M29 M39 M51 M60 M68 M78 M97 M101 M106 M118 M130 M143 M151 | 11:M4 M30 M37 M48 M58 M62 M69 M81 M95 M103 M113 M129 M136 M153 | 12:M7 M28 M35 M41 M59 M72 M80 M99 M111 M131 M137 M149 | 13:M3 M36 M42 M82 M124 M142 M152 | 14:M10 M43 M125 M148 | 15:M45 M140 | 16:M44 | 17: | 18: | 19: | 20: | 21:,"journal objective family: bg_d2 | F-selected distance-labelled E* domain propagation and cycle detection | precedence configuration: F=distance_closure, P=sparse_suffix, G=distance_closure | Full Domain MxT schedule variables + explicit unary exclusions | (20),(22)-(27) exactly once over full domains | (22)-(27) session/fixed/forbidden exclusions as hard unit clauses | (19) participant atMost-one per slot | (46),(47) clustered table capacity with compact forward channeling | (28) SparseSuffix precedence over distance_closure distance-labelled relations | exact break-group ends and unary break-group thresholds | exact schedule <-> usedSlot channeling | (43) exactly |Mp| full usedSlot variables | (44) atMost 2|L| busy participants per slot | (45) exact even number of busy participants | historical hard cap Delta_G <= 2",,,result
,,,,,,,,,forum-13.forb0007,b2b-dc8823f802474846,b2b-lineage-forum-13,forbidden,R-PW-DE-ST-BGD2-IS-CD-IC12P,Reduced,Filter-E*,Pairwise,Direct-E,SpanThreshold,BreakGroupsD2,IncrementalSAT,IC12+,OPTIMAL,SAT,0,0,bg_d2,0,0,0,,,,,4.550139,False,203.785,,,,Compact,Compact/Reduced,project_implementation,incremental multi-phase SAT with persistent solver state,129891,,,,,,,259553,0,259553,2435,127456,738201,59,cfg5__m-reduced__p-pairwise__g-direct__b-span_threshold__o-break_groups_d2__s-incrementalsat__i-imp12plus__backend-cadical,cfg5__m-reduced__p-pairwise__g-direct__b-span_threshold__o-break_groups_d2__s-incrementalsat__i-imp12plus__backend-cadical,reduced,distance_closure,pairwise,direct,IncrementalSAT,CaDiCaL,1.5.3,imp12+,span_threshold,total_break_groups_subject_to_range_at_most_2,BGD2,IC12P,738201,0,0,339,97224,108620,53370,,0,580,7,,,,,,1,4032,41126,118834,41126,3.9071012749991496,6,"formalism-specific model size: SAT/MaxSAT reports base CNF and soft clauses, MIP reports variables/linear constraints/nonzeros, and CP reports integer variables plus linear/global constraints; SAT bound/totalizer overhead remains separate in optimizer_added_*",3234,2435,2435,2435,0,0,0,0,0,0,0,1,0.077546,0.002448,0.362091,,0.364539,4.1856,"wall-clock from immediately before reading/parsing the .dzn instance through model construction, optimization, solution decoding, and independent validation; excludes worker-process startup and result-file export",0,0,0,0,0,"0,0,0,0,0,0,0,0,0,0,0,0,0,0,0,0,0,0,0,0,0,0,0,0,0,0,0,0,0,0,0,0,0,0,0,0,0,0,0,0,0,0,0,0,0,0,0,0,0,0,0,0,0,0,0,0,0,0,0,0,0,0,0,0,0,0,0,0,0,0",peak_process_tree_rss_mb,dc8823f802474846cacb92bef7dae8b1dbcd7655d2706cae39923f0547918092,forb0007,data_table06_forb/forum-13.forb0007.dzn,2,../noves/forum-13.forb0007.dzn | ../noves/ticf-13crafa.forb0007.dzn,2,data_table06_forb/forum-13.forb0007.dzn | data_table06_forb/ticf-13crafa.forb0007.dzn,https://imae.udg.edu/Recerca/LAI/,https://ima.udg.edu/Recerca/lai/b2b/b2b.zip,ee1f440ab3f6db27ab712300ad3a54a31ffd5ec1e06f81a9ac37cb7202c56528,2026-08-10T10:42:19+00:00,7200.0,,ee80a6fbd8b513f7c010668495c39621a371266a,True,3.10.12,1.8.dev25,instance-20260810-085803,Linux-6.8.0-1064-gcp-x86_64-with-glibc2.35,x86_64,4,8,15988.059,1,0,/home/g24021555/Business-Meeting-Scheduling-Problem/.venv/bin/python3 /home/g24021555/Business-Meeting-Scheduling-Problem/src/Main.py --manifest instances_manifest.csv --family forbidden --solver sat_all --objective-mode bg_d2 --domain-mode both --domain-filter-graph both --precedence-encoding both --precedence-graph both --encoding-variant imp12+ --sat-backend cadical --maxsat-backend uwrmaxsat --uwrmaxsat-bin /home/g24021555/uwrmaxsat/build/release/bin/uwrmaxsat --timeout 7200 --csv output/full_matrix_bg_d2_forbidden.csv,,,,,,,,incremental,,cadical,,traditional,pairwise+direct,0,58,"1,2,3,4,5,6,7,8,9,10,11,12,13,14,15,16,18,19,23,24,25,26,27,28,29,30,31,32,33,34,35,36,37,38,39,40,41,42,44,45,46,47,48,49,50,52,53,54,56,57,59,60,62,63,64,65,66,70",2435,799,0,0,"0,0,0,0,0,0,0,0,0,0,0,0,0,0,0,0,0,0,0,0,0,0,0,0,0,0,0,0,0,0,0,0,0,0,0,0,0,0,0,0,0,0,0,0,0,0,0,0,0,0,0,0,0,0,0,0,0,0,0,0,0,0,0,0,0,0,0,0,0,0","6,12,18,22,28,28,28,28,28,28,28,22,18,8,4,2,0,0,0,0,0","4,8,6,11,9,5,7,3,10,14,8,3,6,7,4,2,1,5,2,6,7,3,5,4,2,5,9,8,10,11,6,5,7,7,12,13,9,8,10,11,12,13,14,16,15,9,6,11,8,6,7,4,9,5,12,11,10,11,12,13,10,11,8,4,5,6,7,5,2,8,4,9,3,7,6,1,10,10,7,12,11,13,9,4,8,6,5,3,3,5,9,7,8,6,11,12,10,4,12,8,10,13,9,11,7,10,5,4,3,8,9,2,6,6,10,7,5,9,13,12,11,5,4,13,14,9,3,6,11,7,10,12,8,5,6,9,1,3,8,15,13,10,7,2,4,12,14,11,12,9,8,13,11,10",1:M17 M76 M137 | 2:M16 M19 M25 M69 M112 M144 | 3:M8 M12 M22 M73 M88 M89 M109 M127 M138 | 4:M1 M15 M24 M52 M64 M71 M84 M98 M108 M123 M145 | 5:M6 M18 M23 M26 M32 M54 M65 M68 M87 M90 M107 M117 M122 M134 | 6:M3 M13 M20 M31 M47 M50 M66 M75 M86 M94 M113 M114 M128 M135 | 7:M7 M14 M21 M33 M34 M51 M67 M74 M79 M92 M105 M116 M130 M143 | 8:M2 M11 M28 M38 M49 M63 M70 M85 M93 M100 M110 M133 M139 M151 | 9:M5 M27 M37 M46 M53 M72 M83 M91 M103 M111 M118 M126 M136 M150 | 10:M9 M29 M39 M57 M61 M77 M78 M97 M101 M106 M115 M131 M142 M154 | 11:M4 M30 M40 M48 M56 M58 M62 M81 M95 M104 M121 M129 M148 M153 | 12:M35 M41 M55 M59 M80 M96 M99 M120 M132 M146 M149 | 13:M36 M42 M60 M82 M102 M119 M124 M141 M152 | 14:M10 M43 M125 M147 | 15:M45 M140 | 16:M44 | 17: | 18: | 19: | 20: | 21:,"journal objective family: bg_d2 | F-selected distance-labelled E* domain propagation and cycle detection | precedence configuration: F=distance_closure, P=pairwise, G=direct | Reduced Domain variables after unary filtering + matching GAC + slot saturation | (20),(22)-(27) exactly once over reduced domains | (19) participant atMost-one per slot | (46),(47) clustered table capacity with compact forward channeling | (28) Pairwise precedence over direct distance-labelled relations | exact break-group ends and unary break-group thresholds | exact schedule <-> usedSlot channeling | (43) exactly |Mp| reduced usedSlot variables | (44) atMost 2|L| busy participants per slot | (45) exact even number of busy participants | historical hard cap Delta_G <= 2",0,"(0,)",result
,,,,,,,,,forum-13.forb0007,b2b-dc8823f802474846,b2b-lineage-forum-13,forbidden,R-PW-DE-ST-BGD2-NIS-CD-IC12P,Reduced,Filter-E*,Pairwise,Direct-E,SpanThreshold,BreakGroupsD2,NonIncrementalSAT,IC12+,OPTIMAL,SAT,0,0,bg_d2,0,0,0,,,,,6.508831,False,211.848,,,,Compact,Compact/Reduced,project_implementation,restart-based multi-phase SAT,129891,,,,,,,259553,0,259553,2435,127456,738201,59,cfg5__m-reduced__p-pairwise__g-direct__b-span_threshold__o-break_groups_d2__s-nonincrementalsat__i-imp12plus__backend-cadical,cfg5__m-reduced__p-pairwise__g-direct__b-span_threshold__o-break_groups_d2__s-nonincrementalsat__i-imp12plus__backend-cadical,reduced,distance_closure,pairwise,direct,NonIncrementalSAT,CaDiCaL,1.5.3,imp12+,span_threshold,total_break_groups_subject_to_range_at_most_2,BGD2,IC12P,738201,0,0,339,97224,108620,53370,,0,580,7,,,,,,7,18051,36616,90736,70732,5.8660566470007325,6,"formalism-specific model size: SAT/MaxSAT reports base CNF and soft clauses, MIP reports variables/linear constraints/nonzeros, and CP reports integer variables plus linear/global constraints; SAT bound/totalizer overhead remains separate in optimizer_added_*",3234,2435,2435,2435,0,0,0,0,0,0,0,1,0.074097,0.002141,0.357139,,0.359279,6.149552,"wall-clock from immediately before reading/parsing the .dzn instance through model construction, optimization, solution decoding, and independent validation; excludes worker-process startup and result-file export",0,0,0,0,0,"0,0,0,0,0,0,0,0,0,0,0,0,0,0,0,0,0,0,0,0,0,0,0,0,0,0,0,0,0,0,0,0,0,0,0,0,0,0,0,0,0,0,0,0,0,0,0,0,0,0,0,0,0,0,0,0,0,0,0,0,0,0,0,0,0,0,0,0,0,0",peak_process_tree_rss_mb,dc8823f802474846cacb92bef7dae8b1dbcd7655d2706cae39923f0547918092,forb0007,data_table06_forb/forum-13.forb0007.dzn,2,../noves/forum-13.forb0007.dzn | ../noves/ticf-13crafa.forb0007.dzn,2,data_table06_forb/forum-13.forb0007.dzn | data_table06_forb/ticf-13crafa.forb0007.dzn,https://imae.udg.edu/Recerca/LAI/,https://ima.udg.edu/Recerca/lai/b2b/b2b.zip,ee1f440ab3f6db27ab712300ad3a54a31ffd5ec1e06f81a9ac37cb7202c56528,2026-08-10T10:42:19+00:00,7200.0,,ee80a6fbd8b513f7c010668495c39621a371266a,True,3.10.12,1.8.dev25,instance-20260810-085803,Linux-6.8.0-1064-gcp-x86_64-with-glibc2.35,x86_64,4,8,15988.059,1,0,/home/g24021555/Business-Meeting-Scheduling-Problem/.venv/bin/python3 /home/g24021555/Business-Meeting-Scheduling-Problem/src/Main.py --manifest instances_manifest.csv --family forbidden --solver sat_all --objective-mode bg_d2 --domain-mode both --domain-filter-graph both --precedence-encoding both --precedence-graph both --encoding-variant imp12+ --sat-backend cadical --maxsat-backend uwrmaxsat --uwrmaxsat-bin /home/g24021555/uwrmaxsat/build/release/bin/uwrmaxsat --timeout 7200 --csv output/full_matrix_bg_d2_forbidden.csv,,,,,,,,multiple,,cadical,,traditional,pairwise+direct,0,58,"1,2,3,4,5,6,7,8,9,10,11,12,13,14,15,16,18,19,23,24,25,26,27,28,29,30,31,32,33,34,35,36,37,38,39,40,41,42,44,45,46,47,48,49,50,52,53,54,56,57,59,60,62,63,64,65,66,70",2435,799,0,0,"0,0,0,0,0,0,0,0,0,0,0,0,0,0,0,0,0,0,0,0,0,0,0,0,0,0,0,0,0,0,0,0,0,0,0,0,0,0,0,0,0,0,0,0,0,0,0,0,0,0,0,0,0,0,0,0,0,0,0,0,0,0,0,0,0,0,0,0,0,0","10,14,22,24,26,28,28,28,28,28,22,20,16,8,4,2,0,0,0,0,0","2,6,3,4,10,8,7,9,5,14,4,8,1,6,5,3,7,2,4,6,2,1,3,5,7,4,9,7,5,11,10,8,6,10,6,12,9,8,11,7,12,13,14,16,15,7,6,10,7,6,8,5,3,4,11,10,9,10,13,12,11,5,9,13,10,12,11,6,11,7,9,12,8,10,3,4,5,9,6,12,11,13,7,5,8,10,3,4,5,7,9,2,1,3,10,4,8,6,12,11,9,8,10,13,4,6,7,3,1,8,9,5,2,7,5,9,2,4,6,3,8,3,5,13,14,9,12,7,6,4,11,8,10,3,8,5,10,4,2,15,6,13,11,14,1,9,7,12,13,9,10,12,11,8",1:M13 M22 M93 M109 M145 | 2:M1 M18 M21 M92 M113 M117 M139 | 3:M3 M16 M23 M53 M75 M87 M94 M108 M120 M122 M134 | 4:M4 M11 M19 M26 M54 M76 M88 M96 M105 M118 M130 M138 | 5:M9 M15 M24 M29 M52 M62 M77 M84 M89 M112 M115 M123 M136 | 6:M2 M14 M20 M33 M35 M47 M50 M68 M79 M98 M106 M119 M129 M141 | 7:M7 M17 M25 M28 M40 M46 M49 M70 M83 M90 M107 M114 M128 M147 | 8:M6 M12 M32 M38 M51 M73 M85 M97 M102 M110 M121 M132 M135 M154 | 9:M8 M27 M37 M57 M63 M71 M78 M91 M101 M111 M116 M126 M146 M150 | 10:M5 M31 M34 M48 M56 M58 M65 M74 M86 M95 M103 M133 M137 M151 | 11:M30 M39 M55 M61 M67 M69 M81 M100 M131 M143 M153 | 12:M36 M41 M60 M66 M72 M80 M99 M127 M148 M152 | 13:M42 M59 M64 M82 M104 M124 M142 M149 | 14:M10 M43 M125 M144 | 15:M45 M140 | 16:M44 | 17: | 18: | 19: | 20: | 21:,"journal objective family: bg_d2 | F-selected distance-labelled E* domain propagation and cycle detection | precedence configuration: F=distance_closure, P=pairwise, G=direct | Reduced Domain variables after unary filtering + matching GAC + slot saturation | (20),(22)-(27) exactly once over reduced domains | (19) participant atMost-one per slot | (46),(47) clustered table capacity with compact forward channeling | (28) Pairwise precedence over direct distance-labelled relations | exact break-group ends and unary break-group thresholds | exact schedule <-> usedSlot channeling | (43) exactly |Mp| reduced usedSlot variables | (44) atMost 2|L| busy participants per slot | (45) exact even number of busy participants | historical hard cap Delta_G <= 2",0,"(0,)",result
,,,,,,,,,forum-13.forb0007,b2b-dc8823f802474846,b2b-lineage-forum-13,forbidden,R-PW-DE-ST-BGD2-UW-IC12P,Reduced,Filter-E*,Pairwise,Direct-E,SpanThreshold,BreakGroupsD2,UWrMaxSAT,IC12+,OPTIMAL,SAT,0,0,bg_d2,0,0,0,,,0,1,4.263114,False,204.973,,,,Compact,Compact/Reduced,project_implementation,one-shot weighted MaxSAT,129891,,,,,,,259553,580,260133,2435,127456,738781,59,cfg5__m-reduced__p-pairwise__g-direct__b-span_threshold__o-break_groups_d2__s-uwrmaxsat__i-imp12plus__backend-uwrmaxsat,cfg5__m-reduced__p-pairwise__g-direct__b-span_threshold__o-break_groups_d2__s-uwrmaxsat__i-imp12plus__backend-uwrmaxsat,reduced,distance_closure,pairwise,direct,UWrMaxSAT,UWrMaxSAT,binary-sha256:8c68c8a386d3d7847b50d315143c2bab60e3514e59510e84a649db83cb303876,imp12+,span_threshold,total_break_groups_subject_to_range_at_most_2,BGD2,IC12P,738201,580,1,339,97224,108620,53370,1,580,580,1,,,,,,0,0,0,0,0,,,"formalism-specific model size: SAT/MaxSAT reports base CNF and soft clauses, MIP reports variables/linear constraints/nonzeros, and CP reports integer variables plus linear/global constraints; SAT bound/totalizer overhead remains separate in optimizer_added_*",3234,2435,2435,2435,0,0,0,0,0,0,0,1,0.077054,0.002139,0.364873,,0.367012,3.896102,"wall-clock from immediately before reading/parsing the .dzn instance through model construction, optimization, solution decoding, and independent validation; excludes worker-process startup and result-file export",0,0,0,0,0,"0,0,0,0,0,0,0,0,0,0,0,0,0,0,0,0,0,0,0,0,0,0,0,0,0,0,0,0,0,0,0,0,0,0,0,0,0,0,0,0,0,0,0,0,0,0,0,0,0,0,0,0,0,0,0,0,0,0,0,0,0,0,0,0,0,0,0,0,0,0",peak_process_tree_rss_mb,dc8823f802474846cacb92bef7dae8b1dbcd7655d2706cae39923f0547918092,forb0007,data_table06_forb/forum-13.forb0007.dzn,2,../noves/forum-13.forb0007.dzn | ../noves/ticf-13crafa.forb0007.dzn,2,data_table06_forb/forum-13.forb0007.dzn | data_table06_forb/ticf-13crafa.forb0007.dzn,https://imae.udg.edu/Recerca/LAI/,https://ima.udg.edu/Recerca/lai/b2b/b2b.zip,ee1f440ab3f6db27ab712300ad3a54a31ffd5ec1e06f81a9ac37cb7202c56528,2026-08-10T10:42:19+00:00,7200.0,,ee80a6fbd8b513f7c010668495c39621a371266a,True,3.10.12,1.8.dev25,instance-20260810-085803,Linux-6.8.0-1064-gcp-x86_64-with-glibc2.35,x86_64,4,8,15988.059,1,0,/home/g24021555/Business-Meeting-Scheduling-Problem/.venv/bin/python3 /home/g24021555/Business-Meeting-Scheduling-Problem/src/Main.py --manifest instances_manifest.csv --family forbidden --solver sat_all --objective-mode bg_d2 --domain-mode both --domain-filter-graph both --precedence-encoding both --precedence-graph both --encoding-variant imp12+ --sat-backend cadical --maxsat-backend uwrmaxsat --uwrmaxsat-bin /home/g24021555/uwrmaxsat/build/release/bin/uwrmaxsat --timeout 7200 --csv output/full_matrix_bg_d2_forbidden.csv,/home/g24021555/uwrmaxsat/build/release/bin/uwrmaxsat,8c68c8a386d3d7847b50d315143c2bab60e3514e59510e84a649db83cb303876,/home/g24021555/uwrmaxsat/build/release/bin/uwrmaxsat -m /tmp/b2b_uwrmaxsat_993u_z34/forum-13.forb0007.wcnf,,process exit code=30,,,maxsat,uwrmaxsat,,/home/g24021555/uwrmaxsat/build/release/bin/uwrmaxsat,traditional,pairwise+direct,0,58,"1,2,3,4,5,6,7,8,9,10,11,12,13,14,15,16,18,19,23,24,25,26,27,28,29,30,31,32,33,34,35,36,37,38,39,40,41,42,44,45,46,47,48,49,50,52,53,54,56,57,59,60,62,63,64,65,66,70",2435,799,0,0,"0,0,0,0,0,0,0,0,0,0,0,0,0,0,0,0,0,0,0,0,0,0,0,0,0,0,0,0,0,0,0,0,0,0,0,0,0,0,0,0,0,0,0,0,0,0,0,0,0,0,0,0,0,0,0,0,0,0,0,0,0,0,0,0,0,0,0,0,0,0","6,10,16,26,28,28,26,28,28,28,28,24,18,8,4,2,0,0,0,0,0","6,4,9,5,12,7,10,11,8,14,6,5,8,7,4,1,2,3,5,7,4,2,3,6,4,10,3,7,4,9,5,8,6,5,6,11,9,8,10,7,12,13,14,16,15,8,6,11,9,12,10,5,6,4,11,8,7,11,13,12,10,5,11,13,12,10,9,5,12,9,7,10,8,11,4,13,6,10,6,12,11,13,9,5,7,8,3,4,8,2,6,7,3,5,11,4,10,9,12,9,11,13,10,8,8,7,6,4,9,10,12,11,5,9,3,7,2,4,5,1,6,6,7,13,14,9,12,10,5,4,11,3,8,7,1,6,10,2,8,15,5,11,9,14,3,12,4,13,13,8,11,12,9,10",1:M16 M120 M135 | 2:M17 M22 M90 M117 M138 | 3:M18 M23 M27 M87 M93 M115 M132 M145 | 4:M2 M15 M21 M25 M29 M54 M75 M88 M96 M108 M118 M130 M147 | 5:M4 M12 M19 M31 M34 M52 M62 M68 M84 M94 M113 M119 M129 M141 | 6:M1 M11 M24 M33 M35 M47 M53 M77 M79 M91 M107 M121 M122 M136 | 7:M6 M14 M20 M28 M40 M57 M71 M85 M92 M106 M116 M123 M134 | 8:M9 M13 M32 M38 M46 M56 M73 M86 M89 M104 M105 M133 M139 M150 | 9:M3 M30 M37 M49 M67 M70 M83 M98 M100 M109 M114 M126 M143 M153 | 10:M7 M26 M39 M51 M61 M66 M72 M78 M97 M103 M110 M128 M137 M154 | 11:M8 M36 M48 M55 M58 M63 M74 M81 M95 M101 M112 M131 M142 M151 | 12:M5 M41 M50 M60 M65 M69 M80 M99 M111 M127 M146 M152 | 13:M42 M59 M64 M76 M82 M102 M124 M148 M149 | 14:M10 M43 M125 M144 | 15:M45 M140 | 16:M44 | 17: | 18: | 19: | 20: | 21:,"journal objective family: bg_d2 | F-selected distance-labelled E* domain propagation and cycle detection | precedence configuration: F=distance_closure, P=pairwise, G=direct | Reduced Domain variables after unary filtering + matching GAC + slot saturation | (20),(22)-(27) exactly once over reduced domains | (19) participant atMost-one per slot | (46),(47) clustered table capacity with compact forward channeling | (28) Pairwise precedence over direct distance-labelled relations | exact break-group ends and unary break-group thresholds | exact schedule <-> usedSlot channeling | (43) exactly |Mp| reduced usedSlot variables | (44) atMost 2|L| busy participants per slot | (45) exact even number of busy participants | historical hard cap Delta_G <= 2",,,result
,,,,,,,,,forum-13.forb0007,b2b-dc8823f802474846,b2b-lineage-forum-13,forbidden,R-PW-DC-ST-BGD2-IS-CD-IC12P,Reduced,Filter-E*,Pairwise,DistanceClosure-E*,SpanThreshold,BreakGroupsD2,IncrementalSAT,IC12+,OPTIMAL,SAT,0,0,bg_d2,0,0,0,,,,,4.557142,False,204.156,,,,Compact,Compact/Reduced,project_implementation,incremental multi-phase SAT with persistent solver state,129891,,,,,,,259553,0,259553,2435,127456,738201,59,cfg5__m-reduced__p-pairwise__g-distance_closure__b-span_threshold__o-break_groups_d2__s-incrementalsat__i-imp12plus__backend-cadical,cfg5__m-reduced__p-pairwise__g-distance_closure__b-span_threshold__o-break_groups_d2__s-incrementalsat__i-imp12plus__backend-cadical,reduced,distance_closure,pairwise,distance_closure,IncrementalSAT,CaDiCaL,1.5.3,imp12+,span_threshold,total_break_groups_subject_to_range_at_most_2,BGD2,IC12P,738201,0,0,339,97224,108620,53370,,0,580,7,,,,,,1,4032,41126,118834,41126,3.9147917669997696,6,"formalism-specific model size: SAT/MaxSAT reports base CNF and soft clauses, MIP reports variables/linear constraints/nonzeros, and CP reports integer variables plus linear/global constraints; SAT bound/totalizer overhead remains separate in optimizer_added_*",3234,2435,2435,2435,0,0,0,0,0,0,0,1,0.074011,0.00215,0.366968,,0.369118,4.188024,"wall-clock from immediately before reading/parsing the .dzn instance through model construction, optimization, solution decoding, and independent validation; excludes worker-process startup and result-file export",0,0,0,0,0,"0,0,0,0,0,0,0,0,0,0,0,0,0,0,0,0,0,0,0,0,0,0,0,0,0,0,0,0,0,0,0,0,0,0,0,0,0,0,0,0,0,0,0,0,0,0,0,0,0,0,0,0,0,0,0,0,0,0,0,0,0,0,0,0,0,0,0,0,0,0",peak_process_tree_rss_mb,dc8823f802474846cacb92bef7dae8b1dbcd7655d2706cae39923f0547918092,forb0007,data_table06_forb/forum-13.forb0007.dzn,2,../noves/forum-13.forb0007.dzn | ../noves/ticf-13crafa.forb0007.dzn,2,data_table06_forb/forum-13.forb0007.dzn | data_table06_forb/ticf-13crafa.forb0007.dzn,https://imae.udg.edu/Recerca/LAI/,https://ima.udg.edu/Recerca/lai/b2b/b2b.zip,ee1f440ab3f6db27ab712300ad3a54a31ffd5ec1e06f81a9ac37cb7202c56528,2026-08-10T10:42:19+00:00,7200.0,,ee80a6fbd8b513f7c010668495c39621a371266a,True,3.10.12,1.8.dev25,instance-20260810-085803,Linux-6.8.0-1064-gcp-x86_64-with-glibc2.35,x86_64,4,8,15988.059,1,0,/home/g24021555/Business-Meeting-Scheduling-Problem/.venv/bin/python3 /home/g24021555/Business-Meeting-Scheduling-Problem/src/Main.py --manifest instances_manifest.csv --family forbidden --solver sat_all --objective-mode bg_d2 --domain-mode both --domain-filter-graph both --precedence-encoding both --precedence-graph both --encoding-variant imp12+ --sat-backend cadical --maxsat-backend uwrmaxsat --uwrmaxsat-bin /home/g24021555/uwrmaxsat/build/release/bin/uwrmaxsat --timeout 7200 --csv output/full_matrix_bg_d2_forbidden.csv,,,,,,,,incremental,,cadical,,factorial,pairwise+distance_closure,0,58,"1,2,3,4,5,6,7,8,9,10,11,12,13,14,15,16,18,19,23,24,25,26,27,28,29,30,31,32,33,34,35,36,37,38,39,40,41,42,44,45,46,47,48,49,50,52,53,54,56,57,59,60,62,63,64,65,66,70",2435,799,0,0,"0,0,0,0,0,0,0,0,0,0,0,0,0,0,0,0,0,0,0,0,0,0,0,0,0,0,0,0,0,0,0,0,0,0,0,0,0,0,0,0,0,0,0,0,0,0,0,0,0,0,0,0,0,0,0,0,0,0,0,0,0,0,0,0,0,0,0,0,0,0","6,12,18,22,28,28,28,28,28,28,28,22,18,8,4,2,0,0,0,0,0","4,8,6,11,9,5,7,3,10,14,8,3,6,7,4,2,1,5,2,6,7,3,5,4,2,5,9,8,10,11,6,5,7,7,12,13,9,8,10,11,12,13,14,16,15,9,6,11,8,6,7,4,9,5,12,11,10,11,12,13,10,11,8,4,5,6,7,5,2,8,4,9,3,7,6,1,10,10,7,12,11,13,9,4,8,6,5,3,3,5,9,7,8,6,11,12,10,4,12,8,10,13,9,11,7,10,5,4,3,8,9,2,6,6,10,7,5,9,13,12,11,5,4,13,14,9,3,6,11,7,10,12,8,5,6,9,1,3,8,15,13,10,7,2,4,12,14,11,12,9,8,13,11,10",1:M17 M76 M137 | 2:M16 M19 M25 M69 M112 M144 | 3:M8 M12 M22 M73 M88 M89 M109 M127 M138 | 4:M1 M15 M24 M52 M64 M71 M84 M98 M108 M123 M145 | 5:M6 M18 M23 M26 M32 M54 M65 M68 M87 M90 M107 M117 M122 M134 | 6:M3 M13 M20 M31 M47 M50 M66 M75 M86 M94 M113 M114 M128 M135 | 7:M7 M14 M21 M33 M34 M51 M67 M74 M79 M92 M105 M116 M130 M143 | 8:M2 M11 M28 M38 M49 M63 M70 M85 M93 M100 M110 M133 M139 M151 | 9:M5 M27 M37 M46 M53 M72 M83 M91 M103 M111 M118 M126 M136 M150 | 10:M9 M29 M39 M57 M61 M77 M78 M97 M101 M106 M115 M131 M142 M154 | 11:M4 M30 M40 M48 M56 M58 M62 M81 M95 M104 M121 M129 M148 M153 | 12:M35 M41 M55 M59 M80 M96 M99 M120 M132 M146 M149 | 13:M36 M42 M60 M82 M102 M119 M124 M141 M152 | 14:M10 M43 M125 M147 | 15:M45 M140 | 16:M44 | 17: | 18: | 19: | 20: | 21:,"journal objective family: bg_d2 | F-selected distance-labelled E* domain propagation and cycle detection | precedence configuration: F=distance_closure, P=pairwise, G=distance_closure | Reduced Domain variables after unary filtering + matching GAC + slot saturation | (20),(22)-(27) exactly once over reduced domains | (19) participant atMost-one per slot | (46),(47) clustered table capacity with compact forward channeling | (28) Pairwise precedence over distance_closure distance-labelled relations | exact break-group ends and unary break-group thresholds | exact schedule <-> usedSlot channeling | (43) exactly |Mp| reduced usedSlot variables | (44) atMost 2|L| busy participants per slot | (45) exact even number of busy participants | historical hard cap Delta_G <= 2",0,"(0,)",result
,,,,,,,,,forum-13.forb0007,b2b-dc8823f802474846,b2b-lineage-forum-13,forbidden,R-PW-DC-ST-BGD2-NIS-CD-IC12P,Reduced,Filter-E*,Pairwise,DistanceClosure-E*,SpanThreshold,BreakGroupsD2,NonIncrementalSAT,IC12+,OPTIMAL,SAT,0,0,bg_d2,0,0,0,,,,,6.481847,False,210.191,,,,Compact,Compact/Reduced,project_implementation,restart-based multi-phase SAT,129891,,,,,,,259553,0,259553,2435,127456,738201,59,cfg5__m-reduced__p-pairwise__g-distance_closure__b-span_threshold__o-break_groups_d2__s-nonincrementalsat__i-imp12plus__backend-cadical,cfg5__m-reduced__p-pairwise__g-distance_closure__b-span_threshold__o-break_groups_d2__s-nonincrementalsat__i-imp12plus__backend-cadical,reduced,distance_closure,pairwise,distance_closure,NonIncrementalSAT,CaDiCaL,1.5.3,imp12+,span_threshold,total_break_groups_subject_to_range_at_most_2,BGD2,IC12P,738201,0,0,339,97224,108620,53370,,0,580,7,,,,,,7,18051,36616,90736,70732,5.84158125400063,6,"formalism-specific model size: SAT/MaxSAT reports base CNF and soft clauses, MIP reports variables/linear constraints/nonzeros, and CP reports integer variables plus linear/global constraints; SAT bound/totalizer overhead remains separate in optimizer_added_*",3234,2435,2435,2435,0,0,0,0,0,0,0,1,0.077233,0.002136,0.361831,,0.363967,6.11788,"wall-clock from immediately before reading/parsing the .dzn instance through model construction, optimization, solution decoding, and independent validation; excludes worker-process startup and result-file export",0,0,0,0,0,"0,0,0,0,0,0,0,0,0,0,0,0,0,0,0,0,0,0,0,0,0,0,0,0,0,0,0,0,0,0,0,0,0,0,0,0,0,0,0,0,0,0,0,0,0,0,0,0,0,0,0,0,0,0,0,0,0,0,0,0,0,0,0,0,0,0,0,0,0,0",peak_process_tree_rss_mb,dc8823f802474846cacb92bef7dae8b1dbcd7655d2706cae39923f0547918092,forb0007,data_table06_forb/forum-13.forb0007.dzn,2,../noves/forum-13.forb0007.dzn | ../noves/ticf-13crafa.forb0007.dzn,2,data_table06_forb/forum-13.forb0007.dzn | data_table06_forb/ticf-13crafa.forb0007.dzn,https://imae.udg.edu/Recerca/LAI/,https://ima.udg.edu/Recerca/lai/b2b/b2b.zip,ee1f440ab3f6db27ab712300ad3a54a31ffd5ec1e06f81a9ac37cb7202c56528,2026-08-10T10:42:19+00:00,7200.0,,ee80a6fbd8b513f7c010668495c39621a371266a,True,3.10.12,1.8.dev25,instance-20260810-085803,Linux-6.8.0-1064-gcp-x86_64-with-glibc2.35,x86_64,4,8,15988.059,1,0,/home/g24021555/Business-Meeting-Scheduling-Problem/.venv/bin/python3 /home/g24021555/Business-Meeting-Scheduling-Problem/src/Main.py --manifest instances_manifest.csv --family forbidden --solver sat_all --objective-mode bg_d2 --domain-mode both --domain-filter-graph both --precedence-encoding both --precedence-graph both --encoding-variant imp12+ --sat-backend cadical --maxsat-backend uwrmaxsat --uwrmaxsat-bin /home/g24021555/uwrmaxsat/build/release/bin/uwrmaxsat --timeout 7200 --csv output/full_matrix_bg_d2_forbidden.csv,,,,,,,,multiple,,cadical,,factorial,pairwise+distance_closure,0,58,"1,2,3,4,5,6,7,8,9,10,11,12,13,14,15,16,18,19,23,24,25,26,27,28,29,30,31,32,33,34,35,36,37,38,39,40,41,42,44,45,46,47,48,49,50,52,53,54,56,57,59,60,62,63,64,65,66,70",2435,799,0,0,"0,0,0,0,0,0,0,0,0,0,0,0,0,0,0,0,0,0,0,0,0,0,0,0,0,0,0,0,0,0,0,0,0,0,0,0,0,0,0,0,0,0,0,0,0,0,0,0,0,0,0,0,0,0,0,0,0,0,0,0,0,0,0,0,0,0,0,0,0,0","10,14,22,24,26,28,28,28,28,28,22,20,16,8,4,2,0,0,0,0,0","2,6,3,4,10,8,7,9,5,14,4,8,1,6,5,3,7,2,4,6,2,1,3,5,7,4,9,7,5,11,10,8,6,10,6,12,9,8,11,7,12,13,14,16,15,7,6,10,7,6,8,5,3,4,11,10,9,10,13,12,11,5,9,13,10,12,11,6,11,7,9,12,8,10,3,4,5,9,6,12,11,13,7,5,8,10,3,4,5,7,9,2,1,3,10,4,8,6,12,11,9,8,10,13,4,6,7,3,1,8,9,5,2,7,5,9,2,4,6,3,8,3,5,13,14,9,12,7,6,4,11,8,10,3,8,5,10,4,2,15,6,13,11,14,1,9,7,12,13,9,10,12,11,8",1:M13 M22 M93 M109 M145 | 2:M1 M18 M21 M92 M113 M117 M139 | 3:M3 M16 M23 M53 M75 M87 M94 M108 M120 M122 M134 | 4:M4 M11 M19 M26 M54 M76 M88 M96 M105 M118 M130 M138 | 5:M9 M15 M24 M29 M52 M62 M77 M84 M89 M112 M115 M123 M136 | 6:M2 M14 M20 M33 M35 M47 M50 M68 M79 M98 M106 M119 M129 M141 | 7:M7 M17 M25 M28 M40 M46 M49 M70 M83 M90 M107 M114 M128 M147 | 8:M6 M12 M32 M38 M51 M73 M85 M97 M102 M110 M121 M132 M135 M154 | 9:M8 M27 M37 M57 M63 M71 M78 M91 M101 M111 M116 M126 M146 M150 | 10:M5 M31 M34 M48 M56 M58 M65 M74 M86 M95 M103 M133 M137 M151 | 11:M30 M39 M55 M61 M67 M69 M81 M100 M131 M143 M153 | 12:M36 M41 M60 M66 M72 M80 M99 M127 M148 M152 | 13:M42 M59 M64 M82 M104 M124 M142 M149 | 14:M10 M43 M125 M144 | 15:M45 M140 | 16:M44 | 17: | 18: | 19: | 20: | 21:,"journal objective family: bg_d2 | F-selected distance-labelled E* domain propagation and cycle detection | precedence configuration: F=distance_closure, P=pairwise, G=distance_closure | Reduced Domain variables after unary filtering + matching GAC + slot saturation | (20),(22)-(27) exactly once over reduced domains | (19) participant atMost-one per slot | (46),(47) clustered table capacity with compact forward channeling | (28) Pairwise precedence over distance_closure distance-labelled relations | exact break-group ends and unary break-group thresholds | exact schedule <-> usedSlot channeling | (43) exactly |Mp| reduced usedSlot variables | (44) atMost 2|L| busy participants per slot | (45) exact even number of busy participants | historical hard cap Delta_G <= 2",0,"(0,)",result
,,,,,,,,,forum-13.forb0007,b2b-dc8823f802474846,b2b-lineage-forum-13,forbidden,R-PW-DC-ST-BGD2-UW-IC12P,Reduced,Filter-E*,Pairwise,DistanceClosure-E*,SpanThreshold,BreakGroupsD2,UWrMaxSAT,IC12+,OPTIMAL,SAT,0,0,bg_d2,0,0,0,,,0,1,4.313338,False,205.109,,,,Compact,Compact/Reduced,project_implementation,one-shot weighted MaxSAT,129891,,,,,,,259553,580,260133,2435,127456,738781,59,cfg5__m-reduced__p-pairwise__g-distance_closure__b-span_threshold__o-break_groups_d2__s-uwrmaxsat__i-imp12plus__backend-uwrmaxsat,cfg5__m-reduced__p-pairwise__g-distance_closure__b-span_threshold__o-break_groups_d2__s-uwrmaxsat__i-imp12plus__backend-uwrmaxsat,reduced,distance_closure,pairwise,distance_closure,UWrMaxSAT,UWrMaxSAT,binary-sha256:8c68c8a386d3d7847b50d315143c2bab60e3514e59510e84a649db83cb303876,imp12+,span_threshold,total_break_groups_subject_to_range_at_most_2,BGD2,IC12P,738201,580,1,339,97224,108620,53370,1,580,580,1,,,,,,0,0,0,0,0,,,"formalism-specific model size: SAT/MaxSAT reports base CNF and soft clauses, MIP reports variables/linear constraints/nonzeros, and CP reports integer variables plus linear/global constraints; SAT bound/totalizer overhead remains separate in optimizer_added_*",3234,2435,2435,2435,0,0,0,0,0,0,0,1,0.07799,0.002324,0.366808,,0.369132,3.944206,"wall-clock from immediately before reading/parsing the .dzn instance through model construction, optimization, solution decoding, and independent validation; excludes worker-process startup and result-file export",0,0,0,0,0,"0,0,0,0,0,0,0,0,0,0,0,0,0,0,0,0,0,0,0,0,0,0,0,0,0,0,0,0,0,0,0,0,0,0,0,0,0,0,0,0,0,0,0,0,0,0,0,0,0,0,0,0,0,0,0,0,0,0,0,0,0,0,0,0,0,0,0,0,0,0",peak_process_tree_rss_mb,dc8823f802474846cacb92bef7dae8b1dbcd7655d2706cae39923f0547918092,forb0007,data_table06_forb/forum-13.forb0007.dzn,2,../noves/forum-13.forb0007.dzn | ../noves/ticf-13crafa.forb0007.dzn,2,data_table06_forb/forum-13.forb0007.dzn | data_table06_forb/ticf-13crafa.forb0007.dzn,https://imae.udg.edu/Recerca/LAI/,https://ima.udg.edu/Recerca/lai/b2b/b2b.zip,ee1f440ab3f6db27ab712300ad3a54a31ffd5ec1e06f81a9ac37cb7202c56528,2026-08-10T10:42:19+00:00,7200.0,,ee80a6fbd8b513f7c010668495c39621a371266a,True,3.10.12,1.8.dev25,instance-20260810-085803,Linux-6.8.0-1064-gcp-x86_64-with-glibc2.35,x86_64,4,8,15988.059,1,0,/home/g24021555/Business-Meeting-Scheduling-Problem/.venv/bin/python3 /home/g24021555/Business-Meeting-Scheduling-Problem/src/Main.py --manifest instances_manifest.csv --family forbidden --solver sat_all --objective-mode bg_d2 --domain-mode both --domain-filter-graph both --precedence-encoding both --precedence-graph both --encoding-variant imp12+ --sat-backend cadical --maxsat-backend uwrmaxsat --uwrmaxsat-bin /home/g24021555/uwrmaxsat/build/release/bin/uwrmaxsat --timeout 7200 --csv output/full_matrix_bg_d2_forbidden.csv,/home/g24021555/uwrmaxsat/build/release/bin/uwrmaxsat,8c68c8a386d3d7847b50d315143c2bab60e3514e59510e84a649db83cb303876,/home/g24021555/uwrmaxsat/build/release/bin/uwrmaxsat -m /tmp/b2b_uwrmaxsat_qmzy9lz7/forum-13.forb0007.wcnf,,process exit code=30,,,maxsat,uwrmaxsat,,/home/g24021555/uwrmaxsat/build/release/bin/uwrmaxsat,factorial,pairwise+distance_closure,0,58,"1,2,3,4,5,6,7,8,9,10,11,12,13,14,15,16,18,19,23,24,25,26,27,28,29,30,31,32,33,34,35,36,37,38,39,40,41,42,44,45,46,47,48,49,50,52,53,54,56,57,59,60,62,63,64,65,66,70",2435,799,0,0,"0,0,0,0,0,0,0,0,0,0,0,0,0,0,0,0,0,0,0,0,0,0,0,0,0,0,0,0,0,0,0,0,0,0,0,0,0,0,0,0,0,0,0,0,0,0,0,0,0,0,0,0,0,0,0,0,0,0,0,0,0,0,0,0,0,0,0,0,0,0","6,10,16,26,28,28,26,28,28,28,28,24,18,8,4,2,0,0,0,0,0","6,4,9,5,12,7,10,11,8,14,6,5,8,7,4,1,2,3,5,7,4,2,3,6,4,10,3,7,4,9,5,8,6,5,6,11,9,8,10,7,12,13,14,16,15,8,6,11,9,12,10,5,6,4,11,8,7,11,13,12,10,5,11,13,12,10,9,5,12,9,7,10,8,11,4,13,6,10,6,12,11,13,9,5,7,8,3,4,8,2,6,7,3,5,11,4,10,9,12,9,11,13,10,8,8,7,6,4,9,10,12,11,5,9,3,7,2,4,5,1,6,6,7,13,14,9,12,10,5,4,11,3,8,7,1,6,10,2,8,15,5,11,9,14,3,12,4,13,13,8,11,12,9,10",1:M16 M120 M135 | 2:M17 M22 M90 M117 M138 | 3:M18 M23 M27 M87 M93 M115 M132 M145 | 4:M2 M15 M21 M25 M29 M54 M75 M88 M96 M108 M118 M130 M147 | 5:M4 M12 M19 M31 M34 M52 M62 M68 M84 M94 M113 M119 M129 M141 | 6:M1 M11 M24 M33 M35 M47 M53 M77 M79 M91 M107 M121 M122 M136 | 7:M6 M14 M20 M28 M40 M57 M71 M85 M92 M106 M116 M123 M134 | 8:M9 M13 M32 M38 M46 M56 M73 M86 M89 M104 M105 M133 M139 M150 | 9:M3 M30 M37 M49 M67 M70 M83 M98 M100 M109 M114 M126 M143 M153 | 10:M7 M26 M39 M51 M61 M66 M72 M78 M97 M103 M110 M128 M137 M154 | 11:M8 M36 M48 M55 M58 M63 M74 M81 M95 M101 M112 M131 M142 M151 | 12:M5 M41 M50 M60 M65 M69 M80 M99 M111 M127 M146 M152 | 13:M42 M59 M64 M76 M82 M102 M124 M148 M149 | 14:M10 M43 M125 M144 | 15:M45 M140 | 16:M44 | 17: | 18: | 19: | 20: | 21:,"journal objective family: bg_d2 | F-selected distance-labelled E* domain propagation and cycle detection | precedence configuration: F=distance_closure, P=pairwise, G=distance_closure | Reduced Domain variables after unary filtering + matching GAC + slot saturation | (20),(22)-(27) exactly once over reduced domains | (19) participant atMost-one per slot | (46),(47) clustered table capacity with compact forward channeling | (28) Pairwise precedence over distance_closure distance-labelled relations | exact break-group ends and unary break-group thresholds | exact schedule <-> usedSlot channeling | (43) exactly |Mp| reduced usedSlot variables | (44) atMost 2|L| busy participants per slot | (45) exact even number of busy participants | historical hard cap Delta_G <= 2",,,result
,,,,,,,,,forum-13.forb0007,b2b-dc8823f802474846,b2b-lineage-forum-13,forbidden,R-SS-DE-ST-BGD2-IS-CD-IC12P,Reduced,Filter-E*,SparseSuffix,Direct-E,SpanThreshold,BreakGroupsD2,IncrementalSAT,IC12+,OPTIMAL,SAT,0,0,bg_d2,0,0,0,,,,,4.562035,False,203.93,,,,Compact,Compact/Reduced,project_implementation,incremental multi-phase SAT with persistent solver state,129891,,,,,,,259553,0,259553,2435,127456,738201,59,cfg5__m-reduced__p-sparse_suffix__g-direct__b-span_threshold__o-break_groups_d2__s-incrementalsat__i-imp12plus__backend-cadical,cfg5__m-reduced__p-sparse_suffix__g-direct__b-span_threshold__o-break_groups_d2__s-incrementalsat__i-imp12plus__backend-cadical,reduced,distance_closure,sparse_suffix,direct,IncrementalSAT,CaDiCaL,1.5.3,imp12+,span_threshold,total_break_groups_subject_to_range_at_most_2,BGD2,IC12P,738201,0,0,339,97224,108620,53370,,0,580,7,,,,,,1,4032,41126,118834,41126,3.923764029999802,6,"formalism-specific model size: SAT/MaxSAT reports base CNF and soft clauses, MIP reports variables/linear constraints/nonzeros, and CP reports integer variables plus linear/global constraints; SAT bound/totalizer overhead remains separate in optimizer_added_*",3234,2435,2435,2435,0,0,0,0,0,0,0,1,0.07465,0.00213,0.359879,,0.362008,4.200027,"wall-clock from immediately before reading/parsing the .dzn instance through model construction, optimization, solution decoding, and independent validation; excludes worker-process startup and result-file export",0,0,0,0,0,"0,0,0,0,0,0,0,0,0,0,0,0,0,0,0,0,0,0,0,0,0,0,0,0,0,0,0,0,0,0,0,0,0,0,0,0,0,0,0,0,0,0,0,0,0,0,0,0,0,0,0,0,0,0,0,0,0,0,0,0,0,0,0,0,0,0,0,0,0,0",peak_process_tree_rss_mb,dc8823f802474846cacb92bef7dae8b1dbcd7655d2706cae39923f0547918092,forb0007,data_table06_forb/forum-13.forb0007.dzn,2,../noves/forum-13.forb0007.dzn | ../noves/ticf-13crafa.forb0007.dzn,2,data_table06_forb/forum-13.forb0007.dzn | data_table06_forb/ticf-13crafa.forb0007.dzn,https://imae.udg.edu/Recerca/LAI/,https://ima.udg.edu/Recerca/lai/b2b/b2b.zip,ee1f440ab3f6db27ab712300ad3a54a31ffd5ec1e06f81a9ac37cb7202c56528,2026-08-10T10:42:19+00:00,7200.0,,ee80a6fbd8b513f7c010668495c39621a371266a,True,3.10.12,1.8.dev25,instance-20260810-085803,Linux-6.8.0-1064-gcp-x86_64-with-glibc2.35,x86_64,4,8,15988.059,1,0,/home/g24021555/Business-Meeting-Scheduling-Problem/.venv/bin/python3 /home/g24021555/Business-Meeting-Scheduling-Problem/src/Main.py --manifest instances_manifest.csv --family forbidden --solver sat_all --objective-mode bg_d2 --domain-mode both --domain-filter-graph both --precedence-encoding both --precedence-graph both --encoding-variant imp12+ --sat-backend cadical --maxsat-backend uwrmaxsat --uwrmaxsat-bin /home/g24021555/uwrmaxsat/build/release/bin/uwrmaxsat --timeout 7200 --csv output/full_matrix_bg_d2_forbidden.csv,,,,,,,,incremental,,cadical,,factorial,sparse_suffix+direct,0,58,"1,2,3,4,5,6,7,8,9,10,11,12,13,14,15,16,18,19,23,24,25,26,27,28,29,30,31,32,33,34,35,36,37,38,39,40,41,42,44,45,46,47,48,49,50,52,53,54,56,57,59,60,62,63,64,65,66,70",2435,799,0,0,"0,0,0,0,0,0,0,0,0,0,0,0,0,0,0,0,0,0,0,0,0,0,0,0,0,0,0,0,0,0,0,0,0,0,0,0,0,0,0,0,0,0,0,0,0,0,0,0,0,0,0,0,0,0,0,0,0,0,0,0,0,0,0,0,0,0,0,0,0,0","6,12,18,22,28,28,28,28,28,28,28,22,18,8,4,2,0,0,0,0,0","4,8,6,11,9,5,7,3,10,14,8,3,6,7,4,2,1,5,2,6,7,3,5,4,2,5,9,8,10,11,6,5,7,7,12,13,9,8,10,11,12,13,14,16,15,9,6,11,8,6,7,4,9,5,12,11,10,11,12,13,10,11,8,4,5,6,7,5,2,8,4,9,3,7,6,1,10,10,7,12,11,13,9,4,8,6,5,3,3,5,9,7,8,6,11,12,10,4,12,8,10,13,9,11,7,10,5,4,3,8,9,2,6,6,10,7,5,9,13,12,11,5,4,13,14,9,3,6,11,7,10,12,8,5,6,9,1,3,8,15,13,10,7,2,4,12,14,11,12,9,8,13,11,10",1:M17 M76 M137 | 2:M16 M19 M25 M69 M112 M144 | 3:M8 M12 M22 M73 M88 M89 M109 M127 M138 | 4:M1 M15 M24 M52 M64 M71 M84 M98 M108 M123 M145 | 5:M6 M18 M23 M26 M32 M54 M65 M68 M87 M90 M107 M117 M122 M134 | 6:M3 M13 M20 M31 M47 M50 M66 M75 M86 M94 M113 M114 M128 M135 | 7:M7 M14 M21 M33 M34 M51 M67 M74 M79 M92 M105 M116 M130 M143 | 8:M2 M11 M28 M38 M49 M63 M70 M85 M93 M100 M110 M133 M139 M151 | 9:M5 M27 M37 M46 M53 M72 M83 M91 M103 M111 M118 M126 M136 M150 | 10:M9 M29 M39 M57 M61 M77 M78 M97 M101 M106 M115 M131 M142 M154 | 11:M4 M30 M40 M48 M56 M58 M62 M81 M95 M104 M121 M129 M148 M153 | 12:M35 M41 M55 M59 M80 M96 M99 M120 M132 M146 M149 | 13:M36 M42 M60 M82 M102 M119 M124 M141 M152 | 14:M10 M43 M125 M147 | 15:M45 M140 | 16:M44 | 17: | 18: | 19: | 20: | 21:,"journal objective family: bg_d2 | F-selected distance-labelled E* domain propagation and cycle detection | precedence configuration: F=distance_closure, P=sparse_suffix, G=direct | Reduced Domain variables after unary filtering + matching GAC + slot saturation | (20),(22)-(27) exactly once over reduced domains | (19) participant atMost-one per slot | (46),(47) clustered table capacity with compact forward channeling | (28) SparseSuffix precedence over direct distance-labelled relations | exact break-group ends and unary break-group thresholds | exact schedule <-> usedSlot channeling | (43) exactly |Mp| reduced usedSlot variables | (44) atMost 2|L| busy participants per slot | (45) exact even number of busy participants | historical hard cap Delta_G <= 2",0,"(0,)",result
,,,,,,,,,forum-13.forb0007,b2b-dc8823f802474846,b2b-lineage-forum-13,forbidden,R-SS-DE-ST-BGD2-NIS-CD-IC12P,Reduced,Filter-E*,SparseSuffix,Direct-E,SpanThreshold,BreakGroupsD2,NonIncrementalSAT,IC12+,OPTIMAL,SAT,0,0,bg_d2,0,0,0,,,,,6.489914,False,213.324,,,,Compact,Compact/Reduced,project_implementation,restart-based multi-phase SAT,129891,,,,,,,259553,0,259553,2435,127456,738201,59,cfg5__m-reduced__p-sparse_suffix__g-direct__b-span_threshold__o-break_groups_d2__s-nonincrementalsat__i-imp12plus__backend-cadical,cfg5__m-reduced__p-sparse_suffix__g-direct__b-span_threshold__o-break_groups_d2__s-nonincrementalsat__i-imp12plus__backend-cadical,reduced,distance_closure,sparse_suffix,direct,NonIncrementalSAT,CaDiCaL,1.5.3,imp12+,span_threshold,total_break_groups_subject_to_range_at_most_2,BGD2,IC12P,738201,0,0,339,97224,108620,53370,,0,580,7,,,,,,7,18051,36616,90736,70732,5.8449611549986,6,"formalism-specific model size: SAT/MaxSAT reports base CNF and soft clauses, MIP reports variables/linear constraints/nonzeros, and CP reports integer variables plus linear/global constraints; SAT bound/totalizer overhead remains separate in optimizer_added_*",3234,2435,2435,2435,0,0,0,0,0,0,0,1,0.074819,0.002439,0.358019,,0.360459,6.129455,"wall-clock from immediately before reading/parsing the .dzn instance through model construction, optimization, solution decoding, and independent validation; excludes worker-process startup and result-file export",0,0,0,0,0,"0,0,0,0,0,0,0,0,0,0,0,0,0,0,0,0,0,0,0,0,0,0,0,0,0,0,0,0,0,0,0,0,0,0,0,0,0,0,0,0,0,0,0,0,0,0,0,0,0,0,0,0,0,0,0,0,0,0,0,0,0,0,0,0,0,0,0,0,0,0",peak_process_tree_rss_mb,dc8823f802474846cacb92bef7dae8b1dbcd7655d2706cae39923f0547918092,forb0007,data_table06_forb/forum-13.forb0007.dzn,2,../noves/forum-13.forb0007.dzn | ../noves/ticf-13crafa.forb0007.dzn,2,data_table06_forb/forum-13.forb0007.dzn | data_table06_forb/ticf-13crafa.forb0007.dzn,https://imae.udg.edu/Recerca/LAI/,https://ima.udg.edu/Recerca/lai/b2b/b2b.zip,ee1f440ab3f6db27ab712300ad3a54a31ffd5ec1e06f81a9ac37cb7202c56528,2026-08-10T10:42:19+00:00,7200.0,,ee80a6fbd8b513f7c010668495c39621a371266a,True,3.10.12,1.8.dev25,instance-20260810-085803,Linux-6.8.0-1064-gcp-x86_64-with-glibc2.35,x86_64,4,8,15988.059,1,0,/home/g24021555/Business-Meeting-Scheduling-Problem/.venv/bin/python3 /home/g24021555/Business-Meeting-Scheduling-Problem/src/Main.py --manifest instances_manifest.csv --family forbidden --solver sat_all --objective-mode bg_d2 --domain-mode both --domain-filter-graph both --precedence-encoding both --precedence-graph both --encoding-variant imp12+ --sat-backend cadical --maxsat-backend uwrmaxsat --uwrmaxsat-bin /home/g24021555/uwrmaxsat/build/release/bin/uwrmaxsat --timeout 7200 --csv output/full_matrix_bg_d2_forbidden.csv,,,,,,,,multiple,,cadical,,factorial,sparse_suffix+direct,0,58,"1,2,3,4,5,6,7,8,9,10,11,12,13,14,15,16,18,19,23,24,25,26,27,28,29,30,31,32,33,34,35,36,37,38,39,40,41,42,44,45,46,47,48,49,50,52,53,54,56,57,59,60,62,63,64,65,66,70",2435,799,0,0,"0,0,0,0,0,0,0,0,0,0,0,0,0,0,0,0,0,0,0,0,0,0,0,0,0,0,0,0,0,0,0,0,0,0,0,0,0,0,0,0,0,0,0,0,0,0,0,0,0,0,0,0,0,0,0,0,0,0,0,0,0,0,0,0,0,0,0,0,0,0","10,14,22,24,26,28,28,28,28,28,22,20,16,8,4,2,0,0,0,0,0","2,6,3,4,10,8,7,9,5,14,4,8,1,6,5,3,7,2,4,6,2,1,3,5,7,4,9,7,5,11,10,8,6,10,6,12,9,8,11,7,12,13,14,16,15,7,6,10,7,6,8,5,3,4,11,10,9,10,13,12,11,5,9,13,10,12,11,6,11,7,9,12,8,10,3,4,5,9,6,12,11,13,7,5,8,10,3,4,5,7,9,2,1,3,10,4,8,6,12,11,9,8,10,13,4,6,7,3,1,8,9,5,2,7,5,9,2,4,6,3,8,3,5,13,14,9,12,7,6,4,11,8,10,3,8,5,10,4,2,15,6,13,11,14,1,9,7,12,13,9,10,12,11,8",1:M13 M22 M93 M109 M145 | 2:M1 M18 M21 M92 M113 M117 M139 | 3:M3 M16 M23 M53 M75 M87 M94 M108 M120 M122 M134 | 4:M4 M11 M19 M26 M54 M76 M88 M96 M105 M118 M130 M138 | 5:M9 M15 M24 M29 M52 M62 M77 M84 M89 M112 M115 M123 M136 | 6:M2 M14 M20 M33 M35 M47 M50 M68 M79 M98 M106 M119 M129 M141 | 7:M7 M17 M25 M28 M40 M46 M49 M70 M83 M90 M107 M114 M128 M147 | 8:M6 M12 M32 M38 M51 M73 M85 M97 M102 M110 M121 M132 M135 M154 | 9:M8 M27 M37 M57 M63 M71 M78 M91 M101 M111 M116 M126 M146 M150 | 10:M5 M31 M34 M48 M56 M58 M65 M74 M86 M95 M103 M133 M137 M151 | 11:M30 M39 M55 M61 M67 M69 M81 M100 M131 M143 M153 | 12:M36 M41 M60 M66 M72 M80 M99 M127 M148 M152 | 13:M42 M59 M64 M82 M104 M124 M142 M149 | 14:M10 M43 M125 M144 | 15:M45 M140 | 16:M44 | 17: | 18: | 19: | 20: | 21:,"journal objective family: bg_d2 | F-selected distance-labelled E* domain propagation and cycle detection | precedence configuration: F=distance_closure, P=sparse_suffix, G=direct | Reduced Domain variables after unary filtering + matching GAC + slot saturation | (20),(22)-(27) exactly once over reduced domains | (19) participant atMost-one per slot | (46),(47) clustered table capacity with compact forward channeling | (28) SparseSuffix precedence over direct distance-labelled relations | exact break-group ends and unary break-group thresholds | exact schedule <-> usedSlot channeling | (43) exactly |Mp| reduced usedSlot variables | (44) atMost 2|L| busy participants per slot | (45) exact even number of busy participants | historical hard cap Delta_G <= 2",0,"(0,)",result
,,,,,,,,,forum-13.forb0007,b2b-dc8823f802474846,b2b-lineage-forum-13,forbidden,R-SS-DE-ST-BGD2-UW-IC12P,Reduced,Filter-E*,SparseSuffix,Direct-E,SpanThreshold,BreakGroupsD2,UWrMaxSAT,IC12+,OPTIMAL,SAT,0,0,bg_d2,0,0,0,,,0,1,4.23865,False,205.105,,,,Compact,Compact/Reduced,project_implementation,one-shot weighted MaxSAT,129891,,,,,,,259553,580,260133,2435,127456,738781,59,cfg5__m-reduced__p-sparse_suffix__g-direct__b-span_threshold__o-break_groups_d2__s-uwrmaxsat__i-imp12plus__backend-uwrmaxsat,cfg5__m-reduced__p-sparse_suffix__g-direct__b-span_threshold__o-break_groups_d2__s-uwrmaxsat__i-imp12plus__backend-uwrmaxsat,reduced,distance_closure,sparse_suffix,direct,UWrMaxSAT,UWrMaxSAT,binary-sha256:8c68c8a386d3d7847b50d315143c2bab60e3514e59510e84a649db83cb303876,imp12+,span_threshold,total_break_groups_subject_to_range_at_most_2,BGD2,IC12P,738201,580,1,339,97224,108620,53370,1,580,580,1,,,,,,0,0,0,0,0,,,"formalism-specific model size: SAT/MaxSAT reports base CNF and soft clauses, MIP reports variables/linear constraints/nonzeros, and CP reports integer variables plus linear/global constraints; SAT bound/totalizer overhead remains separate in optimizer_added_*",3234,2435,2435,2435,0,0,0,0,0,0,0,1,0.075108,0.002429,0.353387,,0.355816,3.882834,"wall-clock from immediately before reading/parsing the .dzn instance through model construction, optimization, solution decoding, and independent validation; excludes worker-process startup and result-file export",0,0,0,0,0,"0,0,0,0,0,0,0,0,0,0,0,0,0,0,0,0,0,0,0,0,0,0,0,0,0,0,0,0,0,0,0,0,0,0,0,0,0,0,0,0,0,0,0,0,0,0,0,0,0,0,0,0,0,0,0,0,0,0,0,0,0,0,0,0,0,0,0,0,0,0",peak_process_tree_rss_mb,dc8823f802474846cacb92bef7dae8b1dbcd7655d2706cae39923f0547918092,forb0007,data_table06_forb/forum-13.forb0007.dzn,2,../noves/forum-13.forb0007.dzn | ../noves/ticf-13crafa.forb0007.dzn,2,data_table06_forb/forum-13.forb0007.dzn | data_table06_forb/ticf-13crafa.forb0007.dzn,https://imae.udg.edu/Recerca/LAI/,https://ima.udg.edu/Recerca/lai/b2b/b2b.zip,ee1f440ab3f6db27ab712300ad3a54a31ffd5ec1e06f81a9ac37cb7202c56528,2026-08-10T10:42:19+00:00,7200.0,,ee80a6fbd8b513f7c010668495c39621a371266a,True,3.10.12,1.8.dev25,instance-20260810-085803,Linux-6.8.0-1064-gcp-x86_64-with-glibc2.35,x86_64,4,8,15988.059,1,0,/home/g24021555/Business-Meeting-Scheduling-Problem/.venv/bin/python3 /home/g24021555/Business-Meeting-Scheduling-Problem/src/Main.py --manifest instances_manifest.csv --family forbidden --solver sat_all --objective-mode bg_d2 --domain-mode both --domain-filter-graph both --precedence-encoding both --precedence-graph both --encoding-variant imp12+ --sat-backend cadical --maxsat-backend uwrmaxsat --uwrmaxsat-bin /home/g24021555/uwrmaxsat/build/release/bin/uwrmaxsat --timeout 7200 --csv output/full_matrix_bg_d2_forbidden.csv,/home/g24021555/uwrmaxsat/build/release/bin/uwrmaxsat,8c68c8a386d3d7847b50d315143c2bab60e3514e59510e84a649db83cb303876,/home/g24021555/uwrmaxsat/build/release/bin/uwrmaxsat -m /tmp/b2b_uwrmaxsat_no8wflef/forum-13.forb0007.wcnf,,process exit code=30,,,maxsat,uwrmaxsat,,/home/g24021555/uwrmaxsat/build/release/bin/uwrmaxsat,factorial,sparse_suffix+direct,0,58,"1,2,3,4,5,6,7,8,9,10,11,12,13,14,15,16,18,19,23,24,25,26,27,28,29,30,31,32,33,34,35,36,37,38,39,40,41,42,44,45,46,47,48,49,50,52,53,54,56,57,59,60,62,63,64,65,66,70",2435,799,0,0,"0,0,0,0,0,0,0,0,0,0,0,0,0,0,0,0,0,0,0,0,0,0,0,0,0,0,0,0,0,0,0,0,0,0,0,0,0,0,0,0,0,0,0,0,0,0,0,0,0,0,0,0,0,0,0,0,0,0,0,0,0,0,0,0,0,0,0,0,0,0","6,10,16,26,28,28,26,28,28,28,28,24,18,8,4,2,0,0,0,0,0","6,4,9,5,12,7,10,11,8,14,6,5,8,7,4,1,2,3,5,7,4,2,3,6,4,10,3,7,4,9,5,8,6,5,6,11,9,8,10,7,12,13,14,16,15,8,6,11,9,12,10,5,6,4,11,8,7,11,13,12,10,5,11,13,12,10,9,5,12,9,7,10,8,11,4,13,6,10,6,12,11,13,9,5,7,8,3,4,8,2,6,7,3,5,11,4,10,9,12,9,11,13,10,8,8,7,6,4,9,10,12,11,5,9,3,7,2,4,5,1,6,6,7,13,14,9,12,10,5,4,11,3,8,7,1,6,10,2,8,15,5,11,9,14,3,12,4,13,13,8,11,12,9,10",1:M16 M120 M135 | 2:M17 M22 M90 M117 M138 | 3:M18 M23 M27 M87 M93 M115 M132 M145 | 4:M2 M15 M21 M25 M29 M54 M75 M88 M96 M108 M118 M130 M147 | 5:M4 M12 M19 M31 M34 M52 M62 M68 M84 M94 M113 M119 M129 M141 | 6:M1 M11 M24 M33 M35 M47 M53 M77 M79 M91 M107 M121 M122 M136 | 7:M6 M14 M20 M28 M40 M57 M71 M85 M92 M106 M116 M123 M134 | 8:M9 M13 M32 M38 M46 M56 M73 M86 M89 M104 M105 M133 M139 M150 | 9:M3 M30 M37 M49 M67 M70 M83 M98 M100 M109 M114 M126 M143 M153 | 10:M7 M26 M39 M51 M61 M66 M72 M78 M97 M103 M110 M128 M137 M154 | 11:M8 M36 M48 M55 M58 M63 M74 M81 M95 M101 M112 M131 M142 M151 | 12:M5 M41 M50 M60 M65 M69 M80 M99 M111 M127 M146 M152 | 13:M42 M59 M64 M76 M82 M102 M124 M148 M149 | 14:M10 M43 M125 M144 | 15:M45 M140 | 16:M44 | 17: | 18: | 19: | 20: | 21:,"journal objective family: bg_d2 | F-selected distance-labelled E* domain propagation and cycle detection | precedence configuration: F=distance_closure, P=sparse_suffix, G=direct | Reduced Domain variables after unary filtering + matching GAC + slot saturation | (20),(22)-(27) exactly once over reduced domains | (19) participant atMost-one per slot | (46),(47) clustered table capacity with compact forward channeling | (28) SparseSuffix precedence over direct distance-labelled relations | exact break-group ends and unary break-group thresholds | exact schedule <-> usedSlot channeling | (43) exactly |Mp| reduced usedSlot variables | (44) atMost 2|L| busy participants per slot | (45) exact even number of busy participants | historical hard cap Delta_G <= 2",,,result
,,,,,,,,,forum-13.forb0007,b2b-dc8823f802474846,b2b-lineage-forum-13,forbidden,R-SS-DC-ST-BGD2-IS-CD-IC12P,Reduced,Filter-E*,SparseSuffix,DistanceClosure-E*,SpanThreshold,BreakGroupsD2,IncrementalSAT,IC12+,OPTIMAL,SAT,0,0,bg_d2,0,0,0,,,,,4.500718,False,204.012,,,,Compact,Compact/Reduced,project_implementation,incremental multi-phase SAT with persistent solver state,129891,,,,,,,259553,0,259553,2435,127456,738201,59,cfg5__m-reduced__p-sparse_suffix__g-distance_closure__b-span_threshold__o-break_groups_d2__s-incrementalsat__i-imp12plus__backend-cadical,cfg5__m-reduced__p-sparse_suffix__g-distance_closure__b-span_threshold__o-break_groups_d2__s-incrementalsat__i-imp12plus__backend-cadical,reduced,distance_closure,sparse_suffix,distance_closure,IncrementalSAT,CaDiCaL,1.5.3,imp12+,span_threshold,total_break_groups_subject_to_range_at_most_2,BGD2,IC12P,738201,0,0,339,97224,108620,53370,,0,580,7,,,,,,1,4032,41126,118834,41126,3.8733719419997215,6,"formalism-specific model size: SAT/MaxSAT reports base CNF and soft clauses, MIP reports variables/linear constraints/nonzeros, and CP reports integer variables plus linear/global constraints; SAT bound/totalizer overhead remains separate in optimizer_added_*",3234,2435,2435,2435,0,0,0,0,0,0,0,1,0.07734,0.002447,0.358018,,0.360465,4.140253,"wall-clock from immediately before reading/parsing the .dzn instance through model construction, optimization, solution decoding, and independent validation; excludes worker-process startup and result-file export",0,0,0,0,0,"0,0,0,0,0,0,0,0,0,0,0,0,0,0,0,0,0,0,0,0,0,0,0,0,0,0,0,0,0,0,0,0,0,0,0,0,0,0,0,0,0,0,0,0,0,0,0,0,0,0,0,0,0,0,0,0,0,0,0,0,0,0,0,0,0,0,0,0,0,0",peak_process_tree_rss_mb,dc8823f802474846cacb92bef7dae8b1dbcd7655d2706cae39923f0547918092,forb0007,data_table06_forb/forum-13.forb0007.dzn,2,../noves/forum-13.forb0007.dzn | ../noves/ticf-13crafa.forb0007.dzn,2,data_table06_forb/forum-13.forb0007.dzn | data_table06_forb/ticf-13crafa.forb0007.dzn,https://imae.udg.edu/Recerca/LAI/,https://ima.udg.edu/Recerca/lai/b2b/b2b.zip,ee1f440ab3f6db27ab712300ad3a54a31ffd5ec1e06f81a9ac37cb7202c56528,2026-08-10T10:42:19+00:00,7200.0,,ee80a6fbd8b513f7c010668495c39621a371266a,True,3.10.12,1.8.dev25,instance-20260810-085803,Linux-6.8.0-1064-gcp-x86_64-with-glibc2.35,x86_64,4,8,15988.059,1,0,/home/g24021555/Business-Meeting-Scheduling-Problem/.venv/bin/python3 /home/g24021555/Business-Meeting-Scheduling-Problem/src/Main.py --manifest instances_manifest.csv --family forbidden --solver sat_all --objective-mode bg_d2 --domain-mode both --domain-filter-graph both --precedence-encoding both --precedence-graph both --encoding-variant imp12+ --sat-backend cadical --maxsat-backend uwrmaxsat --uwrmaxsat-bin /home/g24021555/uwrmaxsat/build/release/bin/uwrmaxsat --timeout 7200 --csv output/full_matrix_bg_d2_forbidden.csv,,,,,,,,incremental,,cadical,,staircase,sparse_suffix+distance_closure,0,58,"1,2,3,4,5,6,7,8,9,10,11,12,13,14,15,16,18,19,23,24,25,26,27,28,29,30,31,32,33,34,35,36,37,38,39,40,41,42,44,45,46,47,48,49,50,52,53,54,56,57,59,60,62,63,64,65,66,70",2435,799,0,0,"0,0,0,0,0,0,0,0,0,0,0,0,0,0,0,0,0,0,0,0,0,0,0,0,0,0,0,0,0,0,0,0,0,0,0,0,0,0,0,0,0,0,0,0,0,0,0,0,0,0,0,0,0,0,0,0,0,0,0,0,0,0,0,0,0,0,0,0,0,0","6,12,18,22,28,28,28,28,28,28,28,22,18,8,4,2,0,0,0,0,0","4,8,6,11,9,5,7,3,10,14,8,3,6,7,4,2,1,5,2,6,7,3,5,4,2,5,9,8,10,11,6,5,7,7,12,13,9,8,10,11,12,13,14,16,15,9,6,11,8,6,7,4,9,5,12,11,10,11,12,13,10,11,8,4,5,6,7,5,2,8,4,9,3,7,6,1,10,10,7,12,11,13,9,4,8,6,5,3,3,5,9,7,8,6,11,12,10,4,12,8,10,13,9,11,7,10,5,4,3,8,9,2,6,6,10,7,5,9,13,12,11,5,4,13,14,9,3,6,11,7,10,12,8,5,6,9,1,3,8,15,13,10,7,2,4,12,14,11,12,9,8,13,11,10",1:M17 M76 M137 | 2:M16 M19 M25 M69 M112 M144 | 3:M8 M12 M22 M73 M88 M89 M109 M127 M138 | 4:M1 M15 M24 M52 M64 M71 M84 M98 M108 M123 M145 | 5:M6 M18 M23 M26 M32 M54 M65 M68 M87 M90 M107 M117 M122 M134 | 6:M3 M13 M20 M31 M47 M50 M66 M75 M86 M94 M113 M114 M128 M135 | 7:M7 M14 M21 M33 M34 M51 M67 M74 M79 M92 M105 M116 M130 M143 | 8:M2 M11 M28 M38 M49 M63 M70 M85 M93 M100 M110 M133 M139 M151 | 9:M5 M27 M37 M46 M53 M72 M83 M91 M103 M111 M118 M126 M136 M150 | 10:M9 M29 M39 M57 M61 M77 M78 M97 M101 M106 M115 M131 M142 M154 | 11:M4 M30 M40 M48 M56 M58 M62 M81 M95 M104 M121 M129 M148 M153 | 12:M35 M41 M55 M59 M80 M96 M99 M120 M132 M146 M149 | 13:M36 M42 M60 M82 M102 M119 M124 M141 M152 | 14:M10 M43 M125 M147 | 15:M45 M140 | 16:M44 | 17: | 18: | 19: | 20: | 21:,"journal objective family: bg_d2 | F-selected distance-labelled E* domain propagation and cycle detection | precedence configuration: F=distance_closure, P=sparse_suffix, G=distance_closure | Reduced Domain variables after unary filtering + matching GAC + slot saturation | (20),(22)-(27) exactly once over reduced domains | (19) participant atMost-one per slot | (46),(47) clustered table capacity with compact forward channeling | (28) SparseSuffix precedence over distance_closure distance-labelled relations | exact break-group ends and unary break-group thresholds | exact schedule <-> usedSlot channeling | (43) exactly |Mp| reduced usedSlot variables | (44) atMost 2|L| busy participants per slot | (45) exact even number of busy participants | historical hard cap Delta_G <= 2",0,"(0,)",result
,,,,,,,,,forum-13.forb0007,b2b-dc8823f802474846,b2b-lineage-forum-13,forbidden,R-SS-DC-ST-BGD2-NIS-CD-IC12P,Reduced,Filter-E*,SparseSuffix,DistanceClosure-E*,SpanThreshold,BreakGroupsD2,NonIncrementalSAT,IC12+,OPTIMAL,SAT,0,0,bg_d2,0,0,0,,,,,6.564206,False,210.633,,,,Compact,Compact/Reduced,project_implementation,restart-based multi-phase SAT,129891,,,,,,,259553,0,259553,2435,127456,738201,59,cfg5__m-reduced__p-sparse_suffix__g-distance_closure__b-span_threshold__o-break_groups_d2__s-nonincrementalsat__i-imp12plus__backend-cadical,cfg5__m-reduced__p-sparse_suffix__g-distance_closure__b-span_threshold__o-break_groups_d2__s-nonincrementalsat__i-imp12plus__backend-cadical,reduced,distance_closure,sparse_suffix,distance_closure,NonIncrementalSAT,CaDiCaL,1.5.3,imp12+,span_threshold,total_break_groups_subject_to_range_at_most_2,BGD2,IC12P,738201,0,0,339,97224,108620,53370,,0,580,7,,,,,,7,18051,36616,90736,70732,5.92339271200035,6,"formalism-specific model size: SAT/MaxSAT reports base CNF and soft clauses, MIP reports variables/linear constraints/nonzeros, and CP reports integer variables plus linear/global constraints; SAT bound/totalizer overhead remains separate in optimizer_added_*",3234,2435,2435,2435,0,0,0,0,0,0,0,1,0.074589,0.002318,0.357789,,0.360107,6.204099,"wall-clock from immediately before reading/parsing the .dzn instance through model construction, optimization, solution decoding, and independent validation; excludes worker-process startup and result-file export",0,0,0,0,0,"0,0,0,0,0,0,0,0,0,0,0,0,0,0,0,0,0,0,0,0,0,0,0,0,0,0,0,0,0,0,0,0,0,0,0,0,0,0,0,0,0,0,0,0,0,0,0,0,0,0,0,0,0,0,0,0,0,0,0,0,0,0,0,0,0,0,0,0,0,0",peak_process_tree_rss_mb,dc8823f802474846cacb92bef7dae8b1dbcd7655d2706cae39923f0547918092,forb0007,data_table06_forb/forum-13.forb0007.dzn,2,../noves/forum-13.forb0007.dzn | ../noves/ticf-13crafa.forb0007.dzn,2,data_table06_forb/forum-13.forb0007.dzn | data_table06_forb/ticf-13crafa.forb0007.dzn,https://imae.udg.edu/Recerca/LAI/,https://ima.udg.edu/Recerca/lai/b2b/b2b.zip,ee1f440ab3f6db27ab712300ad3a54a31ffd5ec1e06f81a9ac37cb7202c56528,2026-08-10T10:42:19+00:00,7200.0,,ee80a6fbd8b513f7c010668495c39621a371266a,True,3.10.12,1.8.dev25,instance-20260810-085803,Linux-6.8.0-1064-gcp-x86_64-with-glibc2.35,x86_64,4,8,15988.059,1,0,/home/g24021555/Business-Meeting-Scheduling-Problem/.venv/bin/python3 /home/g24021555/Business-Meeting-Scheduling-Problem/src/Main.py --manifest instances_manifest.csv --family forbidden --solver sat_all --objective-mode bg_d2 --domain-mode both --domain-filter-graph both --precedence-encoding both --precedence-graph both --encoding-variant imp12+ --sat-backend cadical --maxsat-backend uwrmaxsat --uwrmaxsat-bin /home/g24021555/uwrmaxsat/build/release/bin/uwrmaxsat --timeout 7200 --csv output/full_matrix_bg_d2_forbidden.csv,,,,,,,,multiple,,cadical,,staircase,sparse_suffix+distance_closure,0,58,"1,2,3,4,5,6,7,8,9,10,11,12,13,14,15,16,18,19,23,24,25,26,27,28,29,30,31,32,33,34,35,36,37,38,39,40,41,42,44,45,46,47,48,49,50,52,53,54,56,57,59,60,62,63,64,65,66,70",2435,799,0,0,"0,0,0,0,0,0,0,0,0,0,0,0,0,0,0,0,0,0,0,0,0,0,0,0,0,0,0,0,0,0,0,0,0,0,0,0,0,0,0,0,0,0,0,0,0,0,0,0,0,0,0,0,0,0,0,0,0,0,0,0,0,0,0,0,0,0,0,0,0,0","10,14,22,24,26,28,28,28,28,28,22,20,16,8,4,2,0,0,0,0,0","2,6,3,4,10,8,7,9,5,14,4,8,1,6,5,3,7,2,4,6,2,1,3,5,7,4,9,7,5,11,10,8,6,10,6,12,9,8,11,7,12,13,14,16,15,7,6,10,7,6,8,5,3,4,11,10,9,10,13,12,11,5,9,13,10,12,11,6,11,7,9,12,8,10,3,4,5,9,6,12,11,13,7,5,8,10,3,4,5,7,9,2,1,3,10,4,8,6,12,11,9,8,10,13,4,6,7,3,1,8,9,5,2,7,5,9,2,4,6,3,8,3,5,13,14,9,12,7,6,4,11,8,10,3,8,5,10,4,2,15,6,13,11,14,1,9,7,12,13,9,10,12,11,8",1:M13 M22 M93 M109 M145 | 2:M1 M18 M21 M92 M113 M117 M139 | 3:M3 M16 M23 M53 M75 M87 M94 M108 M120 M122 M134 | 4:M4 M11 M19 M26 M54 M76 M88 M96 M105 M118 M130 M138 | 5:M9 M15 M24 M29 M52 M62 M77 M84 M89 M112 M115 M123 M136 | 6:M2 M14 M20 M33 M35 M47 M50 M68 M79 M98 M106 M119 M129 M141 | 7:M7 M17 M25 M28 M40 M46 M49 M70 M83 M90 M107 M114 M128 M147 | 8:M6 M12 M32 M38 M51 M73 M85 M97 M102 M110 M121 M132 M135 M154 | 9:M8 M27 M37 M57 M63 M71 M78 M91 M101 M111 M116 M126 M146 M150 | 10:M5 M31 M34 M48 M56 M58 M65 M74 M86 M95 M103 M133 M137 M151 | 11:M30 M39 M55 M61 M67 M69 M81 M100 M131 M143 M153 | 12:M36 M41 M60 M66 M72 M80 M99 M127 M148 M152 | 13:M42 M59 M64 M82 M104 M124 M142 M149 | 14:M10 M43 M125 M144 | 15:M45 M140 | 16:M44 | 17: | 18: | 19: | 20: | 21:,"journal objective family: bg_d2 | F-selected distance-labelled E* domain propagation and cycle detection | precedence configuration: F=distance_closure, P=sparse_suffix, G=distance_closure | Reduced Domain variables after unary filtering + matching GAC + slot saturation | (20),(22)-(27) exactly once over reduced domains | (19) participant atMost-one per slot | (46),(47) clustered table capacity with compact forward channeling | (28) SparseSuffix precedence over distance_closure distance-labelled relations | exact break-group ends and unary break-group thresholds | exact schedule <-> usedSlot channeling | (43) exactly |Mp| reduced usedSlot variables | (44) atMost 2|L| busy participants per slot | (45) exact even number of busy participants | historical hard cap Delta_G <= 2",0,"(0,)",result
,,,,,,,,,forum-13.forb0007,b2b-dc8823f802474846,b2b-lineage-forum-13,forbidden,R-SS-DC-ST-BGD2-UW-IC12P,Reduced,Filter-E*,SparseSuffix,DistanceClosure-E*,SpanThreshold,BreakGroupsD2,UWrMaxSAT,IC12+,OPTIMAL,SAT,0,0,bg_d2,0,0,0,,,0,1,4.279239,False,205.098,,,,Compact,Compact/Reduced,project_implementation,one-shot weighted MaxSAT,129891,,,,,,,259553,580,260133,2435,127456,738781,59,cfg5__m-reduced__p-sparse_suffix__g-distance_closure__b-span_threshold__o-break_groups_d2__s-uwrmaxsat__i-imp12plus__backend-uwrmaxsat,cfg5__m-reduced__p-sparse_suffix__g-distance_closure__b-span_threshold__o-break_groups_d2__s-uwrmaxsat__i-imp12plus__backend-uwrmaxsat,reduced,distance_closure,sparse_suffix,distance_closure,UWrMaxSAT,UWrMaxSAT,binary-sha256:8c68c8a386d3d7847b50d315143c2bab60e3514e59510e84a649db83cb303876,imp12+,span_threshold,total_break_groups_subject_to_range_at_most_2,BGD2,IC12P,738201,580,1,339,97224,108620,53370,1,580,580,1,,,,,,0,0,0,0,0,,,"formalism-specific model size: SAT/MaxSAT reports base CNF and soft clauses, MIP reports variables/linear constraints/nonzeros, and CP reports integer variables plus linear/global constraints; SAT bound/totalizer overhead remains separate in optimizer_added_*",3234,2435,2435,2435,0,0,0,0,0,0,0,1,0.077088,0.002143,0.365429,,0.367572,3.911667,"wall-clock from immediately before reading/parsing the .dzn instance through model construction, optimization, solution decoding, and independent validation; excludes worker-process startup and result-file export",0,0,0,0,0,"0,0,0,0,0,0,0,0,0,0,0,0,0,0,0,0,0,0,0,0,0,0,0,0,0,0,0,0,0,0,0,0,0,0,0,0,0,0,0,0,0,0,0,0,0,0,0,0,0,0,0,0,0,0,0,0,0,0,0,0,0,0,0,0,0,0,0,0,0,0",peak_process_tree_rss_mb,dc8823f802474846cacb92bef7dae8b1dbcd7655d2706cae39923f0547918092,forb0007,data_table06_forb/forum-13.forb0007.dzn,2,../noves/forum-13.forb0007.dzn | ../noves/ticf-13crafa.forb0007.dzn,2,data_table06_forb/forum-13.forb0007.dzn | data_table06_forb/ticf-13crafa.forb0007.dzn,https://imae.udg.edu/Recerca/LAI/,https://ima.udg.edu/Recerca/lai/b2b/b2b.zip,ee1f440ab3f6db27ab712300ad3a54a31ffd5ec1e06f81a9ac37cb7202c56528,2026-08-10T10:42:19+00:00,7200.0,,ee80a6fbd8b513f7c010668495c39621a371266a,True,3.10.12,1.8.dev25,instance-20260810-085803,Linux-6.8.0-1064-gcp-x86_64-with-glibc2.35,x86_64,4,8,15988.059,1,0,/home/g24021555/Business-Meeting-Scheduling-Problem/.venv/bin/python3 /home/g24021555/Business-Meeting-Scheduling-Problem/src/Main.py --manifest instances_manifest.csv --family forbidden --solver sat_all --objective-mode bg_d2 --domain-mode both --domain-filter-graph both --precedence-encoding both --precedence-graph both --encoding-variant imp12+ --sat-backend cadical --maxsat-backend uwrmaxsat --uwrmaxsat-bin /home/g24021555/uwrmaxsat/build/release/bin/uwrmaxsat --timeout 7200 --csv output/full_matrix_bg_d2_forbidden.csv,/home/g24021555/uwrmaxsat/build/release/bin/uwrmaxsat,8c68c8a386d3d7847b50d315143c2bab60e3514e59510e84a649db83cb303876,/home/g24021555/uwrmaxsat/build/release/bin/uwrmaxsat -m /tmp/b2b_uwrmaxsat_jnevlyrv/forum-13.forb0007.wcnf,,process exit code=30,,,maxsat,uwrmaxsat,,/home/g24021555/uwrmaxsat/build/release/bin/uwrmaxsat,staircase,sparse_suffix+distance_closure,0,58,"1,2,3,4,5,6,7,8,9,10,11,12,13,14,15,16,18,19,23,24,25,26,27,28,29,30,31,32,33,34,35,36,37,38,39,40,41,42,44,45,46,47,48,49,50,52,53,54,56,57,59,60,62,63,64,65,66,70",2435,799,0,0,"0,0,0,0,0,0,0,0,0,0,0,0,0,0,0,0,0,0,0,0,0,0,0,0,0,0,0,0,0,0,0,0,0,0,0,0,0,0,0,0,0,0,0,0,0,0,0,0,0,0,0,0,0,0,0,0,0,0,0,0,0,0,0,0,0,0,0,0,0,0","6,10,16,26,28,28,26,28,28,28,28,24,18,8,4,2,0,0,0,0,0","6,4,9,5,12,7,10,11,8,14,6,5,8,7,4,1,2,3,5,7,4,2,3,6,4,10,3,7,4,9,5,8,6,5,6,11,9,8,10,7,12,13,14,16,15,8,6,11,9,12,10,5,6,4,11,8,7,11,13,12,10,5,11,13,12,10,9,5,12,9,7,10,8,11,4,13,6,10,6,12,11,13,9,5,7,8,3,4,8,2,6,7,3,5,11,4,10,9,12,9,11,13,10,8,8,7,6,4,9,10,12,11,5,9,3,7,2,4,5,1,6,6,7,13,14,9,12,10,5,4,11,3,8,7,1,6,10,2,8,15,5,11,9,14,3,12,4,13,13,8,11,12,9,10",1:M16 M120 M135 | 2:M17 M22 M90 M117 M138 | 3:M18 M23 M27 M87 M93 M115 M132 M145 | 4:M2 M15 M21 M25 M29 M54 M75 M88 M96 M108 M118 M130 M147 | 5:M4 M12 M19 M31 M34 M52 M62 M68 M84 M94 M113 M119 M129 M141 | 6:M1 M11 M24 M33 M35 M47 M53 M77 M79 M91 M107 M121 M122 M136 | 7:M6 M14 M20 M28 M40 M57 M71 M85 M92 M106 M116 M123 M134 | 8:M9 M13 M32 M38 M46 M56 M73 M86 M89 M104 M105 M133 M139 M150 | 9:M3 M30 M37 M49 M67 M70 M83 M98 M100 M109 M114 M126 M143 M153 | 10:M7 M26 M39 M51 M61 M66 M72 M78 M97 M103 M110 M128 M137 M154 | 11:M8 M36 M48 M55 M58 M63 M74 M81 M95 M101 M112 M131 M142 M151 | 12:M5 M41 M50 M60 M65 M69 M80 M99 M111 M127 M146 M152 | 13:M42 M59 M64 M76 M82 M102 M124 M148 M149 | 14:M10 M43 M125 M144 | 15:M45 M140 | 16:M44 | 17: | 18: | 19: | 20: | 21:,"journal objective family: bg_d2 | F-selected distance-labelled E* domain propagation and cycle detection | precedence configuration: F=distance_closure, P=sparse_suffix, G=distance_closure | Reduced Domain variables after unary filtering + matching GAC + slot saturation | (20),(22)-(27) exactly once over reduced domains | (19) participant atMost-one per slot | (46),(47) clustered table capacity with compact forward channeling | (28) SparseSuffix precedence over distance_closure distance-labelled relations | exact break-group ends and unary break-group thresholds | exact schedule <-> usedSlot channeling | (43) exactly |Mp| reduced usedSlot variables | (44) atMost 2|L| busy participants per slot | (45) exact even number of busy participants | historical hard cap Delta_G <= 2",,,result
,,,,,,,,,forumt-14crafd.forb0007,b2b-fee7e658da517ae9,b2b-lineage-forumt-14crafd,forbidden,F-PW-DE-ST-BGD2-IS-CD-IC12P,Full,Filter-E*,Pairwise,Direct-E,SpanThreshold,BreakGroupsD2,IncrementalSAT,IC12+,UNSAT,UNSAT,,,bg_d2,,,,,,,,0.124321,False,46.922,,,,Compact,Compact/Full,project_implementation,incremental multi-phase SAT with persistent solver state,31563,,,,,,,84203,0,84203,2360,29203,203421,60,cfg5__m-full__p-pairwise__g-direct__b-span_threshold__o-break_groups_d2__s-incrementalsat__i-imp12plus__backend-cadical,cfg5__m-full__p-pairwise__g-direct__b-span_threshold__o-break_groups_d2__s-incrementalsat__i-imp12plus__backend-cadical,full,distance_closure,pairwise,direct,IncrementalSAT,CaDiCaL,1.5.3,imp12+,span_threshold,total_break_groups_subject_to_range_at_most_2,BGD2,IC12P,203421,0,0,482,56723,22458,4540,,0,236,1,,,,,,0,0,0,0,0,,,"formalism-specific model size: SAT/MaxSAT reports base CNF and soft clauses, MIP reports variables/linear constraints/nonzeros, and CP reports integer variables plus linear/global constraints; SAT bound/totalizer overhead remains separate in optimizer_added_*",2360,2329,2320,2360,0,0,0,0,0,0,0,1,0.002584,0.002837,0.090863,,0.0937,0.030621,"wall-clock from immediately before reading/parsing the .dzn instance through model construction, optimization, solution decoding, and independent validation; excludes worker-process startup and result-file export",,,,,,,peak_process_tree_rss_mb,fee7e658da517ae9d954e5d2c7411c75c7e6034c1e0b43e569317bbaf8e66e10,forb0007,data_table06_forb/forumt-14crafd.forb0007.dzn,2,../noves/forumt-14crafd.forb0007.dzn | ../noves/tic-14crafd.forb0007.dzn,2,data_table06_forb/forumt-14crafd.forb0007.dzn | data_table06_forb/tic-14crafd.forb0007.dzn,https://imae.udg.edu/Recerca/LAI/,https://ima.udg.edu/Recerca/lai/b2b/b2b.zip,ee1f440ab3f6db27ab712300ad3a54a31ffd5ec1e06f81a9ac37cb7202c56528,2026-08-10T10:42:19+00:00,7200.0,,ee80a6fbd8b513f7c010668495c39621a371266a,True,3.10.12,1.8.dev25,instance-20260810-085803,Linux-6.8.0-1064-gcp-x86_64-with-glibc2.35,x86_64,4,8,15988.059,1,0,/home/g24021555/Business-Meeting-Scheduling-Problem/.venv/bin/python3 /home/g24021555/Business-Meeting-Scheduling-Problem/src/Main.py --manifest instances_manifest.csv --family forbidden --solver sat_all --objective-mode bg_d2 --domain-mode both --domain-filter-graph both --precedence-encoding both --precedence-graph both --encoding-variant imp12+ --sat-backend cadical --maxsat-backend uwrmaxsat --uwrmaxsat-bin /home/g24021555/uwrmaxsat/build/release/bin/uwrmaxsat --timeout 7200 --csv output/full_matrix_bg_d2_forbidden.csv,,,,,,,,incremental,,cadical,,traditional,pairwise+direct,,59,"1,2,3,4,5,6,7,8,9,10,11,12,13,14,15,16,17,18,20,21,22,23,24,25,26,27,28,29,30,31,32,33,34,35,36,37,38,39,40,41,42,43,44,45,46,47,48,49,50,51,52,53,54,55,56,57,58,59,60",2329,31,9,9,,,,,"journal objective family: bg_d2 | F-selected distance-labelled E* domain propagation and cycle detection | precedence configuration: F=distance_closure, P=pairwise, G=direct | Full Domain MxT schedule variables + explicit unary exclusions | (20),(22)-(27) exactly once over full domains | (22)-(27) session/fixed/forbidden exclusions as hard unit clauses | (19) participant atMost-one per slot | (46),(47) clustered table capacity with compact forward channeling | (28) Pairwise precedence over direct distance-labelled relations | exact break-group ends and unary break-group thresholds | exact schedule <-> usedSlot channeling | (43) exactly |Mp| full usedSlot variables | (44) atMost 2|L| busy participants per slot | (45) exact even number of busy participants | historical hard cap Delta_G <= 2",,,result
,,,,,,,,,forumt-14crafd.forb0007,b2b-fee7e658da517ae9,b2b-lineage-forumt-14crafd,forbidden,F-PW-DE-ST-BGD2-NIS-CD-IC12P,Full,Filter-E*,Pairwise,Direct-E,SpanThreshold,BreakGroupsD2,NonIncrementalSAT,IC12+,UNSAT,UNSAT,,,bg_d2,,,,,,,,0.123972,False,46.418,,,,Compact,Compact/Full,project_implementation,restart-based multi-phase SAT,31563,,,,,,,84203,0,84203,2360,29203,203421,60,cfg5__m-full__p-pairwise__g-direct__b-span_threshold__o-break_groups_d2__s-nonincrementalsat__i-imp12plus__backend-cadical,cfg5__m-full__p-pairwise__g-direct__b-span_threshold__o-break_groups_d2__s-nonincrementalsat__i-imp12plus__backend-cadical,full,distance_closure,pairwise,direct,NonIncrementalSAT,CaDiCaL,1.5.3,imp12+,span_threshold,total_break_groups_subject_to_range_at_most_2,BGD2,IC12P,203421,0,0,482,56723,22458,4540,,0,236,1,,,,,,0,0,0,0,0,,,"formalism-specific model size: SAT/MaxSAT reports base CNF and soft clauses, MIP reports variables/linear constraints/nonzeros, and CP reports integer variables plus linear/global constraints; SAT bound/totalizer overhead remains separate in optimizer_added_*",2360,2329,2320,2360,0,0,0,0,0,0,0,1,0.002785,0.003025,0.089804,,0.092829,0.031143,"wall-clock from immediately before reading/parsing the .dzn instance through model construction, optimization, solution decoding, and independent validation; excludes worker-process startup and result-file export",,,,,,,peak_process_tree_rss_mb,fee7e658da517ae9d954e5d2c7411c75c7e6034c1e0b43e569317bbaf8e66e10,forb0007,data_table06_forb/forumt-14crafd.forb0007.dzn,2,../noves/forumt-14crafd.forb0007.dzn | ../noves/tic-14crafd.forb0007.dzn,2,data_table06_forb/forumt-14crafd.forb0007.dzn | data_table06_forb/tic-14crafd.forb0007.dzn,https://imae.udg.edu/Recerca/LAI/,https://ima.udg.edu/Recerca/lai/b2b/b2b.zip,ee1f440ab3f6db27ab712300ad3a54a31ffd5ec1e06f81a9ac37cb7202c56528,2026-08-10T10:42:19+00:00,7200.0,,ee80a6fbd8b513f7c010668495c39621a371266a,True,3.10.12,1.8.dev25,instance-20260810-085803,Linux-6.8.0-1064-gcp-x86_64-with-glibc2.35,x86_64,4,8,15988.059,1,0,/home/g24021555/Business-Meeting-Scheduling-Problem/.venv/bin/python3 /home/g24021555/Business-Meeting-Scheduling-Problem/src/Main.py --manifest instances_manifest.csv --family forbidden --solver sat_all --objective-mode bg_d2 --domain-mode both --domain-filter-graph both --precedence-encoding both --precedence-graph both --encoding-variant imp12+ --sat-backend cadical --maxsat-backend uwrmaxsat --uwrmaxsat-bin /home/g24021555/uwrmaxsat/build/release/bin/uwrmaxsat --timeout 7200 --csv output/full_matrix_bg_d2_forbidden.csv,,,,,,,,multiple,,cadical,,traditional,pairwise+direct,,59,"1,2,3,4,5,6,7,8,9,10,11,12,13,14,15,16,17,18,20,21,22,23,24,25,26,27,28,29,30,31,32,33,34,35,36,37,38,39,40,41,42,43,44,45,46,47,48,49,50,51,52,53,54,55,56,57,58,59,60",2329,31,9,9,,,,,"journal objective family: bg_d2 | F-selected distance-labelled E* domain propagation and cycle detection | precedence configuration: F=distance_closure, P=pairwise, G=direct | Full Domain MxT schedule variables + explicit unary exclusions | (20),(22)-(27) exactly once over full domains | (22)-(27) session/fixed/forbidden exclusions as hard unit clauses | (19) participant atMost-one per slot | (46),(47) clustered table capacity with compact forward channeling | (28) Pairwise precedence over direct distance-labelled relations | exact break-group ends and unary break-group thresholds | exact schedule <-> usedSlot channeling | (43) exactly |Mp| full usedSlot variables | (44) atMost 2|L| busy participants per slot | (45) exact even number of busy participants | historical hard cap Delta_G <= 2",,,result
,,,,,,,,,forumt-14crafd.forb0007,b2b-fee7e658da517ae9,b2b-lineage-forumt-14crafd,forbidden,F-PW-DE-ST-BGD2-UW-IC12P,Full,Filter-E*,Pairwise,Direct-E,SpanThreshold,BreakGroupsD2,UWrMaxSAT,IC12+,UNSAT,UNSAT,,,bg_d2,,,,,,,1,0.266914,False,63.164,,,,Compact,Compact/Full,project_implementation,one-shot weighted MaxSAT,31563,,,,,,,84203,236,84439,2360,29203,203657,60,cfg5__m-full__p-pairwise__g-direct__b-span_threshold__o-break_groups_d2__s-uwrmaxsat__i-imp12plus__backend-uwrmaxsat,cfg5__m-full__p-pairwise__g-direct__b-span_threshold__o-break_groups_d2__s-uwrmaxsat__i-imp12plus__backend-uwrmaxsat,full,distance_closure,pairwise,direct,UWrMaxSAT,UWrMaxSAT,binary-sha256:8c68c8a386d3d7847b50d315143c2bab60e3514e59510e84a649db83cb303876,imp12+,span_threshold,total_break_groups_subject_to_range_at_most_2,BGD2,IC12P,203421,236,1,482,56723,22458,4540,1,236,236,1,,,,,,0,0,0,0,0,,,"formalism-specific model size: SAT/MaxSAT reports base CNF and soft clauses, MIP reports variables/linear constraints/nonzeros, and CP reports integer variables plus linear/global constraints; SAT bound/totalizer overhead remains separate in optimizer_added_*",2360,2329,2320,2360,0,0,0,0,0,0,0,1,0.002572,0.002671,0.094683,,0.097354,0.169559,"wall-clock from immediately before reading/parsing the .dzn instance through model construction, optimization, solution decoding, and independent validation; excludes worker-process startup and result-file export",,,,,,,peak_process_tree_rss_mb,fee7e658da517ae9d954e5d2c7411c75c7e6034c1e0b43e569317bbaf8e66e10,forb0007,data_table06_forb/forumt-14crafd.forb0007.dzn,2,../noves/forumt-14crafd.forb0007.dzn | ../noves/tic-14crafd.forb0007.dzn,2,data_table06_forb/forumt-14crafd.forb0007.dzn | data_table06_forb/tic-14crafd.forb0007.dzn,https://imae.udg.edu/Recerca/LAI/,https://ima.udg.edu/Recerca/lai/b2b/b2b.zip,ee1f440ab3f6db27ab712300ad3a54a31ffd5ec1e06f81a9ac37cb7202c56528,2026-08-10T10:42:19+00:00,7200.0,,ee80a6fbd8b513f7c010668495c39621a371266a,True,3.10.12,1.8.dev25,instance-20260810-085803,Linux-6.8.0-1064-gcp-x86_64-with-glibc2.35,x86_64,4,8,15988.059,1,0,/home/g24021555/Business-Meeting-Scheduling-Problem/.venv/bin/python3 /home/g24021555/Business-Meeting-Scheduling-Problem/src/Main.py --manifest instances_manifest.csv --family forbidden --solver sat_all --objective-mode bg_d2 --domain-mode both --domain-filter-graph both --precedence-encoding both --precedence-graph both --encoding-variant imp12+ --sat-backend cadical --maxsat-backend uwrmaxsat --uwrmaxsat-bin /home/g24021555/uwrmaxsat/build/release/bin/uwrmaxsat --timeout 7200 --csv output/full_matrix_bg_d2_forbidden.csv,/home/g24021555/uwrmaxsat/build/release/bin/uwrmaxsat,8c68c8a386d3d7847b50d315143c2bab60e3514e59510e84a649db83cb303876,/home/g24021555/uwrmaxsat/build/release/bin/uwrmaxsat -m /tmp/b2b_uwrmaxsat_hub0ym0c/forumt-14crafd.forb0007.wcnf,,process exit code=20,,,maxsat,uwrmaxsat,,/home/g24021555/uwrmaxsat/build/release/bin/uwrmaxsat,traditional,pairwise+direct,,59,"1,2,3,4,5,6,7,8,9,10,11,12,13,14,15,16,17,18,20,21,22,23,24,25,26,27,28,29,30,31,32,33,34,35,36,37,38,39,40,41,42,43,44,45,46,47,48,49,50,51,52,53,54,55,56,57,58,59,60",2329,31,9,9,,,,,"journal objective family: bg_d2 | F-selected distance-labelled E* domain propagation and cycle detection | precedence configuration: F=distance_closure, P=pairwise, G=direct | Full Domain MxT schedule variables + explicit unary exclusions | (20),(22)-(27) exactly once over full domains | (22)-(27) session/fixed/forbidden exclusions as hard unit clauses | (19) participant atMost-one per slot | (46),(47) clustered table capacity with compact forward channeling | (28) Pairwise precedence over direct distance-labelled relations | exact break-group ends and unary break-group thresholds | exact schedule <-> usedSlot channeling | (43) exactly |Mp| full usedSlot variables | (44) atMost 2|L| busy participants per slot | (45) exact even number of busy participants | historical hard cap Delta_G <= 2",,,result
,,,,,,,,,forumt-14crafd.forb0007,b2b-fee7e658da517ae9,b2b-lineage-forumt-14crafd,forbidden,F-PW-DC-ST-BGD2-IS-CD-IC12P,Full,Filter-E*,Pairwise,DistanceClosure-E*,SpanThreshold,BreakGroupsD2,IncrementalSAT,IC12+,UNSAT,UNSAT,,,bg_d2,,,,,,,,0.126572,False,46.945,,,,Compact,Compact/Full,project_implementation,incremental multi-phase SAT with persistent solver state,31563,,,,,,,84203,0,84203,2360,29203,203421,60,cfg5__m-full__p-pairwise__g-distance_closure__b-span_threshold__o-break_groups_d2__s-incrementalsat__i-imp12plus__backend-cadical,cfg5__m-full__p-pairwise__g-distance_closure__b-span_threshold__o-break_groups_d2__s-incrementalsat__i-imp12plus__backend-cadical,full,distance_closure,pairwise,distance_closure,IncrementalSAT,CaDiCaL,1.5.3,imp12+,span_threshold,total_break_groups_subject_to_range_at_most_2,BGD2,IC12P,203421,0,0,482,56723,22458,4540,,0,236,1,,,,,,0,0,0,0,0,,,"formalism-specific model size: SAT/MaxSAT reports base CNF and soft clauses, MIP reports variables/linear constraints/nonzeros, and CP reports integer variables plus linear/global constraints; SAT bound/totalizer overhead remains separate in optimizer_added_*",2360,2329,2320,2360,0,0,0,0,0,0,0,1,0.002939,0.00304,0.093056,,0.096096,0.030476,"wall-clock from immediately before reading/parsing the .dzn instance through model construction, optimization, solution decoding, and independent validation; excludes worker-process startup and result-file export",,,,,,,peak_process_tree_rss_mb,fee7e658da517ae9d954e5d2c7411c75c7e6034c1e0b43e569317bbaf8e66e10,forb0007,data_table06_forb/forumt-14crafd.forb0007.dzn,2,../noves/forumt-14crafd.forb0007.dzn | ../noves/tic-14crafd.forb0007.dzn,2,data_table06_forb/forumt-14crafd.forb0007.dzn | data_table06_forb/tic-14crafd.forb0007.dzn,https://imae.udg.edu/Recerca/LAI/,https://ima.udg.edu/Recerca/lai/b2b/b2b.zip,ee1f440ab3f6db27ab712300ad3a54a31ffd5ec1e06f81a9ac37cb7202c56528,2026-08-10T10:42:19+00:00,7200.0,,ee80a6fbd8b513f7c010668495c39621a371266a,True,3.10.12,1.8.dev25,instance-20260810-085803,Linux-6.8.0-1064-gcp-x86_64-with-glibc2.35,x86_64,4,8,15988.059,1,0,/home/g24021555/Business-Meeting-Scheduling-Problem/.venv/bin/python3 /home/g24021555/Business-Meeting-Scheduling-Problem/src/Main.py --manifest instances_manifest.csv --family forbidden --solver sat_all --objective-mode bg_d2 --domain-mode both --domain-filter-graph both --precedence-encoding both --precedence-graph both --encoding-variant imp12+ --sat-backend cadical --maxsat-backend uwrmaxsat --uwrmaxsat-bin /home/g24021555/uwrmaxsat/build/release/bin/uwrmaxsat --timeout 7200 --csv output/full_matrix_bg_d2_forbidden.csv,,,,,,,,incremental,,cadical,,factorial,pairwise+distance_closure,,59,"1,2,3,4,5,6,7,8,9,10,11,12,13,14,15,16,17,18,20,21,22,23,24,25,26,27,28,29,30,31,32,33,34,35,36,37,38,39,40,41,42,43,44,45,46,47,48,49,50,51,52,53,54,55,56,57,58,59,60",2329,31,9,9,,,,,"journal objective family: bg_d2 | F-selected distance-labelled E* domain propagation and cycle detection | precedence configuration: F=distance_closure, P=pairwise, G=distance_closure | Full Domain MxT schedule variables + explicit unary exclusions | (20),(22)-(27) exactly once over full domains | (22)-(27) session/fixed/forbidden exclusions as hard unit clauses | (19) participant atMost-one per slot | (46),(47) clustered table capacity with compact forward channeling | (28) Pairwise precedence over distance_closure distance-labelled relations | exact break-group ends and unary break-group thresholds | exact schedule <-> usedSlot channeling | (43) exactly |Mp| full usedSlot variables | (44) atMost 2|L| busy participants per slot | (45) exact even number of busy participants | historical hard cap Delta_G <= 2",,,result
,,,,,,,,,forumt-14crafd.forb0007,b2b-fee7e658da517ae9,b2b-lineage-forumt-14crafd,forbidden,F-PW-DC-ST-BGD2-NIS-CD-IC12P,Full,Filter-E*,Pairwise,DistanceClosure-E*,SpanThreshold,BreakGroupsD2,NonIncrementalSAT,IC12+,UNSAT,UNSAT,,,bg_d2,,,,,,,,0.122423,False,46.445,,,,Compact,Compact/Full,project_implementation,restart-based multi-phase SAT,31563,,,,,,,84203,0,84203,2360,29203,203421,60,cfg5__m-full__p-pairwise__g-distance_closure__b-span_threshold__o-break_groups_d2__s-nonincrementalsat__i-imp12plus__backend-cadical,cfg5__m-full__p-pairwise__g-distance_closure__b-span_threshold__o-break_groups_d2__s-nonincrementalsat__i-imp12plus__backend-cadical,full,distance_closure,pairwise,distance_closure,NonIncrementalSAT,CaDiCaL,1.5.3,imp12+,span_threshold,total_break_groups_subject_to_range_at_most_2,BGD2,IC12P,203421,0,0,482,56723,22458,4540,,0,236,1,,,,,,0,0,0,0,0,,,"formalism-specific model size: SAT/MaxSAT reports base CNF and soft clauses, MIP reports variables/linear constraints/nonzeros, and CP reports integer variables plus linear/global constraints; SAT bound/totalizer overhead remains separate in optimizer_added_*",2360,2329,2320,2360,0,0,0,0,0,0,0,1,0.002563,0.002633,0.090017,,0.09265,0.029773,"wall-clock from immediately before reading/parsing the .dzn instance through model construction, optimization, solution decoding, and independent validation; excludes worker-process startup and result-file export",,,,,,,peak_process_tree_rss_mb,fee7e658da517ae9d954e5d2c7411c75c7e6034c1e0b43e569317bbaf8e66e10,forb0007,data_table06_forb/forumt-14crafd.forb0007.dzn,2,../noves/forumt-14crafd.forb0007.dzn | ../noves/tic-14crafd.forb0007.dzn,2,data_table06_forb/forumt-14crafd.forb0007.dzn | data_table06_forb/tic-14crafd.forb0007.dzn,https://imae.udg.edu/Recerca/LAI/,https://ima.udg.edu/Recerca/lai/b2b/b2b.zip,ee1f440ab3f6db27ab712300ad3a54a31ffd5ec1e06f81a9ac37cb7202c56528,2026-08-10T10:42:19+00:00,7200.0,,ee80a6fbd8b513f7c010668495c39621a371266a,True,3.10.12,1.8.dev25,instance-20260810-085803,Linux-6.8.0-1064-gcp-x86_64-with-glibc2.35,x86_64,4,8,15988.059,1,0,/home/g24021555/Business-Meeting-Scheduling-Problem/.venv/bin/python3 /home/g24021555/Business-Meeting-Scheduling-Problem/src/Main.py --manifest instances_manifest.csv --family forbidden --solver sat_all --objective-mode bg_d2 --domain-mode both --domain-filter-graph both --precedence-encoding both --precedence-graph both --encoding-variant imp12+ --sat-backend cadical --maxsat-backend uwrmaxsat --uwrmaxsat-bin /home/g24021555/uwrmaxsat/build/release/bin/uwrmaxsat --timeout 7200 --csv output/full_matrix_bg_d2_forbidden.csv,,,,,,,,multiple,,cadical,,factorial,pairwise+distance_closure,,59,"1,2,3,4,5,6,7,8,9,10,11,12,13,14,15,16,17,18,20,21,22,23,24,25,26,27,28,29,30,31,32,33,34,35,36,37,38,39,40,41,42,43,44,45,46,47,48,49,50,51,52,53,54,55,56,57,58,59,60",2329,31,9,9,,,,,"journal objective family: bg_d2 | F-selected distance-labelled E* domain propagation and cycle detection | precedence configuration: F=distance_closure, P=pairwise, G=distance_closure | Full Domain MxT schedule variables + explicit unary exclusions | (20),(22)-(27) exactly once over full domains | (22)-(27) session/fixed/forbidden exclusions as hard unit clauses | (19) participant atMost-one per slot | (46),(47) clustered table capacity with compact forward channeling | (28) Pairwise precedence over distance_closure distance-labelled relations | exact break-group ends and unary break-group thresholds | exact schedule <-> usedSlot channeling | (43) exactly |Mp| full usedSlot variables | (44) atMost 2|L| busy participants per slot | (45) exact even number of busy participants | historical hard cap Delta_G <= 2",,,result
,,,,,,,,,forumt-14crafd.forb0007,b2b-fee7e658da517ae9,b2b-lineage-forumt-14crafd,forbidden,F-PW-DC-ST-BGD2-UW-IC12P,Full,Filter-E*,Pairwise,DistanceClosure-E*,SpanThreshold,BreakGroupsD2,UWrMaxSAT,IC12+,UNSAT,UNSAT,,,bg_d2,,,,,,,1,0.26256,False,64.84,,,,Compact,Compact/Full,project_implementation,one-shot weighted MaxSAT,31563,,,,,,,84203,236,84439,2360,29203,203657,60,cfg5__m-full__p-pairwise__g-distance_closure__b-span_threshold__o-break_groups_d2__s-uwrmaxsat__i-imp12plus__backend-uwrmaxsat,cfg5__m-full__p-pairwise__g-distance_closure__b-span_threshold__o-break_groups_d2__s-uwrmaxsat__i-imp12plus__backend-uwrmaxsat,full,distance_closure,pairwise,distance_closure,UWrMaxSAT,UWrMaxSAT,binary-sha256:8c68c8a386d3d7847b50d315143c2bab60e3514e59510e84a649db83cb303876,imp12+,span_threshold,total_break_groups_subject_to_range_at_most_2,BGD2,IC12P,203421,236,1,482,56723,22458,4540,1,236,236,1,,,,,,0,0,0,0,0,,,"formalism-specific model size: SAT/MaxSAT reports base CNF and soft clauses, MIP reports variables/linear constraints/nonzeros, and CP reports integer variables plus linear/global constraints; SAT bound/totalizer overhead remains separate in optimizer_added_*",2360,2329,2320,2360,0,0,0,0,0,0,0,1,0.002901,0.00285,0.092114,,0.094963,0.167597,"wall-clock from immediately before reading/parsing the .dzn instance through model construction, optimization, solution decoding, and independent validation; excludes worker-process startup and result-file export",,,,,,,peak_process_tree_rss_mb,fee7e658da517ae9d954e5d2c7411c75c7e6034c1e0b43e569317bbaf8e66e10,forb0007,data_table06_forb/forumt-14crafd.forb0007.dzn,2,../noves/forumt-14crafd.forb0007.dzn | ../noves/tic-14crafd.forb0007.dzn,2,data_table06_forb/forumt-14crafd.forb0007.dzn | data_table06_forb/tic-14crafd.forb0007.dzn,https://imae.udg.edu/Recerca/LAI/,https://ima.udg.edu/Recerca/lai/b2b/b2b.zip,ee1f440ab3f6db27ab712300ad3a54a31ffd5ec1e06f81a9ac37cb7202c56528,2026-08-10T10:42:19+00:00,7200.0,,ee80a6fbd8b513f7c010668495c39621a371266a,True,3.10.12,1.8.dev25,instance-20260810-085803,Linux-6.8.0-1064-gcp-x86_64-with-glibc2.35,x86_64,4,8,15988.059,1,0,/home/g24021555/Business-Meeting-Scheduling-Problem/.venv/bin/python3 /home/g24021555/Business-Meeting-Scheduling-Problem/src/Main.py --manifest instances_manifest.csv --family forbidden --solver sat_all --objective-mode bg_d2 --domain-mode both --domain-filter-graph both --precedence-encoding both --precedence-graph both --encoding-variant imp12+ --sat-backend cadical --maxsat-backend uwrmaxsat --uwrmaxsat-bin /home/g24021555/uwrmaxsat/build/release/bin/uwrmaxsat --timeout 7200 --csv output/full_matrix_bg_d2_forbidden.csv,/home/g24021555/uwrmaxsat/build/release/bin/uwrmaxsat,8c68c8a386d3d7847b50d315143c2bab60e3514e59510e84a649db83cb303876,/home/g24021555/uwrmaxsat/build/release/bin/uwrmaxsat -m /tmp/b2b_uwrmaxsat_u8hsk348/forumt-14crafd.forb0007.wcnf,,process exit code=20,,,maxsat,uwrmaxsat,,/home/g24021555/uwrmaxsat/build/release/bin/uwrmaxsat,factorial,pairwise+distance_closure,,59,"1,2,3,4,5,6,7,8,9,10,11,12,13,14,15,16,17,18,20,21,22,23,24,25,26,27,28,29,30,31,32,33,34,35,36,37,38,39,40,41,42,43,44,45,46,47,48,49,50,51,52,53,54,55,56,57,58,59,60",2329,31,9,9,,,,,"journal objective family: bg_d2 | F-selected distance-labelled E* domain propagation and cycle detection | precedence configuration: F=distance_closure, P=pairwise, G=distance_closure | Full Domain MxT schedule variables + explicit unary exclusions | (20),(22)-(27) exactly once over full domains | (22)-(27) session/fixed/forbidden exclusions as hard unit clauses | (19) participant atMost-one per slot | (46),(47) clustered table capacity with compact forward channeling | (28) Pairwise precedence over distance_closure distance-labelled relations | exact break-group ends and unary break-group thresholds | exact schedule <-> usedSlot channeling | (43) exactly |Mp| full usedSlot variables | (44) atMost 2|L| busy participants per slot | (45) exact even number of busy participants | historical hard cap Delta_G <= 2",,,result
,,,,,,,,,forumt-14crafd.forb0007,b2b-fee7e658da517ae9,b2b-lineage-forumt-14crafd,forbidden,F-SS-DE-ST-BGD2-IS-CD-IC12P,Full,Filter-E*,SparseSuffix,Direct-E,SpanThreshold,BreakGroupsD2,IncrementalSAT,IC12+,UNSAT,UNSAT,,,bg_d2,,,,,,,,0.120016,False,44.555,,,,Compact,Compact/Full,project_implementation,incremental multi-phase SAT with persistent solver state,31563,,,,,,,84203,0,84203,2360,29203,203421,60,cfg5__m-full__p-sparse_suffix__g-direct__b-span_threshold__o-break_groups_d2__s-incrementalsat__i-imp12plus__backend-cadical,cfg5__m-full__p-sparse_suffix__g-direct__b-span_threshold__o-break_groups_d2__s-incrementalsat__i-imp12plus__backend-cadical,full,distance_closure,sparse_suffix,direct,IncrementalSAT,CaDiCaL,1.5.3,imp12+,span_threshold,total_break_groups_subject_to_range_at_most_2,BGD2,IC12P,203421,0,0,482,56723,22458,4540,,0,236,1,,,,,,0,0,0,0,0,,,"formalism-specific model size: SAT/MaxSAT reports base CNF and soft clauses, MIP reports variables/linear constraints/nonzeros, and CP reports integer variables plus linear/global constraints; SAT bound/totalizer overhead remains separate in optimizer_added_*",2360,2329,2320,2360,0,0,0,0,0,0,0,1,0.002852,0.002918,0.088553,,0.09147,0.028546,"wall-clock from immediately before reading/parsing the .dzn instance through model construction, optimization, solution decoding, and independent validation; excludes worker-process startup and result-file export",,,,,,,peak_process_tree_rss_mb,fee7e658da517ae9d954e5d2c7411c75c7e6034c1e0b43e569317bbaf8e66e10,forb0007,data_table06_forb/forumt-14crafd.forb0007.dzn,2,../noves/forumt-14crafd.forb0007.dzn | ../noves/tic-14crafd.forb0007.dzn,2,data_table06_forb/forumt-14crafd.forb0007.dzn | data_table06_forb/tic-14crafd.forb0007.dzn,https://imae.udg.edu/Recerca/LAI/,https://ima.udg.edu/Recerca/lai/b2b/b2b.zip,ee1f440ab3f6db27ab712300ad3a54a31ffd5ec1e06f81a9ac37cb7202c56528,2026-08-10T10:42:19+00:00,7200.0,,ee80a6fbd8b513f7c010668495c39621a371266a,True,3.10.12,1.8.dev25,instance-20260810-085803,Linux-6.8.0-1064-gcp-x86_64-with-glibc2.35,x86_64,4,8,15988.059,1,0,/home/g24021555/Business-Meeting-Scheduling-Problem/.venv/bin/python3 /home/g24021555/Business-Meeting-Scheduling-Problem/src/Main.py --manifest instances_manifest.csv --family forbidden --solver sat_all --objective-mode bg_d2 --domain-mode both --domain-filter-graph both --precedence-encoding both --precedence-graph both --encoding-variant imp12+ --sat-backend cadical --maxsat-backend uwrmaxsat --uwrmaxsat-bin /home/g24021555/uwrmaxsat/build/release/bin/uwrmaxsat --timeout 7200 --csv output/full_matrix_bg_d2_forbidden.csv,,,,,,,,incremental,,cadical,,factorial,sparse_suffix+direct,,59,"1,2,3,4,5,6,7,8,9,10,11,12,13,14,15,16,17,18,20,21,22,23,24,25,26,27,28,29,30,31,32,33,34,35,36,37,38,39,40,41,42,43,44,45,46,47,48,49,50,51,52,53,54,55,56,57,58,59,60",2329,31,9,9,,,,,"journal objective family: bg_d2 | F-selected distance-labelled E* domain propagation and cycle detection | precedence configuration: F=distance_closure, P=sparse_suffix, G=direct | Full Domain MxT schedule variables + explicit unary exclusions | (20),(22)-(27) exactly once over full domains | (22)-(27) session/fixed/forbidden exclusions as hard unit clauses | (19) participant atMost-one per slot | (46),(47) clustered table capacity with compact forward channeling | (28) SparseSuffix precedence over direct distance-labelled relations | exact break-group ends and unary break-group thresholds | exact schedule <-> usedSlot channeling | (43) exactly |Mp| full usedSlot variables | (44) atMost 2|L| busy participants per slot | (45) exact even number of busy participants | historical hard cap Delta_G <= 2",,,result
,,,,,,,,,forumt-14crafd.forb0007,b2b-fee7e658da517ae9,b2b-lineage-forumt-14crafd,forbidden,F-SS-DE-ST-BGD2-NIS-CD-IC12P,Full,Filter-E*,SparseSuffix,Direct-E,SpanThreshold,BreakGroupsD2,NonIncrementalSAT,IC12+,UNSAT,UNSAT,,,bg_d2,,,,,,,,0.122835,False,46.484,,,,Compact,Compact/Full,project_implementation,restart-based multi-phase SAT,31563,,,,,,,84203,0,84203,2360,29203,203421,60,cfg5__m-full__p-sparse_suffix__g-direct__b-span_threshold__o-break_groups_d2__s-nonincrementalsat__i-imp12plus__backend-cadical,cfg5__m-full__p-sparse_suffix__g-direct__b-span_threshold__o-break_groups_d2__s-nonincrementalsat__i-imp12plus__backend-cadical,full,distance_closure,sparse_suffix,direct,NonIncrementalSAT,CaDiCaL,1.5.3,imp12+,span_threshold,total_break_groups_subject_to_range_at_most_2,BGD2,IC12P,203421,0,0,482,56723,22458,4540,,0,236,1,,,,,,0,0,0,0,0,,,"formalism-specific model size: SAT/MaxSAT reports base CNF and soft clauses, MIP reports variables/linear constraints/nonzeros, and CP reports integer variables plus linear/global constraints; SAT bound/totalizer overhead remains separate in optimizer_added_*",2360,2329,2320,2360,0,0,0,0,0,0,0,1,0.00283,0.003,0.088763,,0.091763,0.031072,"wall-clock from immediately before reading/parsing the .dzn instance through model construction, optimization, solution decoding, and independent validation; excludes worker-process startup and result-file export",,,,,,,peak_process_tree_rss_mb,fee7e658da517ae9d954e5d2c7411c75c7e6034c1e0b43e569317bbaf8e66e10,forb0007,data_table06_forb/forumt-14crafd.forb0007.dzn,2,../noves/forumt-14crafd.forb0007.dzn | ../noves/tic-14crafd.forb0007.dzn,2,data_table06_forb/forumt-14crafd.forb0007.dzn | data_table06_forb/tic-14crafd.forb0007.dzn,https://imae.udg.edu/Recerca/LAI/,https://ima.udg.edu/Recerca/lai/b2b/b2b.zip,ee1f440ab3f6db27ab712300ad3a54a31ffd5ec1e06f81a9ac37cb7202c56528,2026-08-10T10:42:19+00:00,7200.0,,ee80a6fbd8b513f7c010668495c39621a371266a,True,3.10.12,1.8.dev25,instance-20260810-085803,Linux-6.8.0-1064-gcp-x86_64-with-glibc2.35,x86_64,4,8,15988.059,1,0,/home/g24021555/Business-Meeting-Scheduling-Problem/.venv/bin/python3 /home/g24021555/Business-Meeting-Scheduling-Problem/src/Main.py --manifest instances_manifest.csv --family forbidden --solver sat_all --objective-mode bg_d2 --domain-mode both --domain-filter-graph both --precedence-encoding both --precedence-graph both --encoding-variant imp12+ --sat-backend cadical --maxsat-backend uwrmaxsat --uwrmaxsat-bin /home/g24021555/uwrmaxsat/build/release/bin/uwrmaxsat --timeout 7200 --csv output/full_matrix_bg_d2_forbidden.csv,,,,,,,,multiple,,cadical,,factorial,sparse_suffix+direct,,59,"1,2,3,4,5,6,7,8,9,10,11,12,13,14,15,16,17,18,20,21,22,23,24,25,26,27,28,29,30,31,32,33,34,35,36,37,38,39,40,41,42,43,44,45,46,47,48,49,50,51,52,53,54,55,56,57,58,59,60",2329,31,9,9,,,,,"journal objective family: bg_d2 | F-selected distance-labelled E* domain propagation and cycle detection | precedence configuration: F=distance_closure, P=sparse_suffix, G=direct | Full Domain MxT schedule variables + explicit unary exclusions | (20),(22)-(27) exactly once over full domains | (22)-(27) session/fixed/forbidden exclusions as hard unit clauses | (19) participant atMost-one per slot | (46),(47) clustered table capacity with compact forward channeling | (28) SparseSuffix precedence over direct distance-labelled relations | exact break-group ends and unary break-group thresholds | exact schedule <-> usedSlot channeling | (43) exactly |Mp| full usedSlot variables | (44) atMost 2|L| busy participants per slot | (45) exact even number of busy participants | historical hard cap Delta_G <= 2",,,result
,,,,,,,,,forumt-14crafd.forb0007,b2b-fee7e658da517ae9,b2b-lineage-forumt-14crafd,forbidden,F-SS-DE-ST-BGD2-UW-IC12P,Full,Filter-E*,SparseSuffix,Direct-E,SpanThreshold,BreakGroupsD2,UWrMaxSAT,IC12+,UNSAT,UNSAT,,,bg_d2,,,,,,,1,0.272559,False,62.793,,,,Compact,Compact/Full,project_implementation,one-shot weighted MaxSAT,31563,,,,,,,84203,236,84439,2360,29203,203657,60,cfg5__m-full__p-sparse_suffix__g-direct__b-span_threshold__o-break_groups_d2__s-uwrmaxsat__i-imp12plus__backend-uwrmaxsat,cfg5__m-full__p-sparse_suffix__g-direct__b-span_threshold__o-break_groups_d2__s-uwrmaxsat__i-imp12plus__backend-uwrmaxsat,full,distance_closure,sparse_suffix,direct,UWrMaxSAT,UWrMaxSAT,binary-sha256:8c68c8a386d3d7847b50d315143c2bab60e3514e59510e84a649db83cb303876,imp12+,span_threshold,total_break_groups_subject_to_range_at_most_2,BGD2,IC12P,203421,236,1,482,56723,22458,4540,1,236,236,1,,,,,,0,0,0,0,0,,,"formalism-specific model size: SAT/MaxSAT reports base CNF and soft clauses, MIP reports variables/linear constraints/nonzeros, and CP reports integer variables plus linear/global constraints; SAT bound/totalizer overhead remains separate in optimizer_added_*",2360,2329,2320,2360,0,0,0,0,0,0,0,1,0.002568,0.003018,0.094256,,0.097274,0.175285,"wall-clock from immediately before reading/parsing the .dzn instance through model construction, optimization, solution decoding, and independent validation; excludes worker-process startup and result-file export",,,,,,,peak_process_tree_rss_mb,fee7e658da517ae9d954e5d2c7411c75c7e6034c1e0b43e569317bbaf8e66e10,forb0007,data_table06_forb/forumt-14crafd.forb0007.dzn,2,../noves/forumt-14crafd.forb0007.dzn | ../noves/tic-14crafd.forb0007.dzn,2,data_table06_forb/forumt-14crafd.forb0007.dzn | data_table06_forb/tic-14crafd.forb0007.dzn,https://imae.udg.edu/Recerca/LAI/,https://ima.udg.edu/Recerca/lai/b2b/b2b.zip,ee1f440ab3f6db27ab712300ad3a54a31ffd5ec1e06f81a9ac37cb7202c56528,2026-08-10T10:42:19+00:00,7200.0,,ee80a6fbd8b513f7c010668495c39621a371266a,True,3.10.12,1.8.dev25,instance-20260810-085803,Linux-6.8.0-1064-gcp-x86_64-with-glibc2.35,x86_64,4,8,15988.059,1,0,/home/g24021555/Business-Meeting-Scheduling-Problem/.venv/bin/python3 /home/g24021555/Business-Meeting-Scheduling-Problem/src/Main.py --manifest instances_manifest.csv --family forbidden --solver sat_all --objective-mode bg_d2 --domain-mode both --domain-filter-graph both --precedence-encoding both --precedence-graph both --encoding-variant imp12+ --sat-backend cadical --maxsat-backend uwrmaxsat --uwrmaxsat-bin /home/g24021555/uwrmaxsat/build/release/bin/uwrmaxsat --timeout 7200 --csv output/full_matrix_bg_d2_forbidden.csv,/home/g24021555/uwrmaxsat/build/release/bin/uwrmaxsat,8c68c8a386d3d7847b50d315143c2bab60e3514e59510e84a649db83cb303876,/home/g24021555/uwrmaxsat/build/release/bin/uwrmaxsat -m /tmp/b2b_uwrmaxsat_gcxcnwf2/forumt-14crafd.forb0007.wcnf,,process exit code=20,,,maxsat,uwrmaxsat,,/home/g24021555/uwrmaxsat/build/release/bin/uwrmaxsat,factorial,sparse_suffix+direct,,59,"1,2,3,4,5,6,7,8,9,10,11,12,13,14,15,16,17,18,20,21,22,23,24,25,26,27,28,29,30,31,32,33,34,35,36,37,38,39,40,41,42,43,44,45,46,47,48,49,50,51,52,53,54,55,56,57,58,59,60",2329,31,9,9,,,,,"journal objective family: bg_d2 | F-selected distance-labelled E* domain propagation and cycle detection | precedence configuration: F=distance_closure, P=sparse_suffix, G=direct | Full Domain MxT schedule variables + explicit unary exclusions | (20),(22)-(27) exactly once over full domains | (22)-(27) session/fixed/forbidden exclusions as hard unit clauses | (19) participant atMost-one per slot | (46),(47) clustered table capacity with compact forward channeling | (28) SparseSuffix precedence over direct distance-labelled relations | exact break-group ends and unary break-group thresholds | exact schedule <-> usedSlot channeling | (43) exactly |Mp| full usedSlot variables | (44) atMost 2|L| busy participants per slot | (45) exact even number of busy participants | historical hard cap Delta_G <= 2",,,result
,,,,,,,,,forumt-14crafd.forb0007,b2b-fee7e658da517ae9,b2b-lineage-forumt-14crafd,forbidden,F-SS-DC-ST-BGD2-IS-CD-IC12P,Full,Filter-E*,SparseSuffix,DistanceClosure-E*,SpanThreshold,BreakGroupsD2,IncrementalSAT,IC12+,UNSAT,UNSAT,,,bg_d2,,,,,,,,0.121773,False,46.438,,,,Compact,Compact/Full,project_implementation,incremental multi-phase SAT with persistent solver state,31563,,,,,,,84203,0,84203,2360,29203,203421,60,cfg5__m-full__p-sparse_suffix__g-distance_closure__b-span_threshold__o-break_groups_d2__s-incrementalsat__i-imp12plus__backend-cadical,cfg5__m-full__p-sparse_suffix__g-distance_closure__b-span_threshold__o-break_groups_d2__s-incrementalsat__i-imp12plus__backend-cadical,full,distance_closure,sparse_suffix,distance_closure,IncrementalSAT,CaDiCaL,1.5.3,imp12+,span_threshold,total_break_groups_subject_to_range_at_most_2,BGD2,IC12P,203421,0,0,482,56723,22458,4540,,0,236,1,,,,,,0,0,0,0,0,,,"formalism-specific model size: SAT/MaxSAT reports base CNF and soft clauses, MIP reports variables/linear constraints/nonzeros, and CP reports integer variables plus linear/global constraints; SAT bound/totalizer overhead remains separate in optimizer_added_*",2360,2329,2320,2360,0,0,0,0,0,0,0,1,0.00262,0.00287,0.08853,,0.091399,0.030373,"wall-clock from immediately before reading/parsing the .dzn instance through model construction, optimization, solution decoding, and independent validation; excludes worker-process startup and result-file export",,,,,,,peak_process_tree_rss_mb,fee7e658da517ae9d954e5d2c7411c75c7e6034c1e0b43e569317bbaf8e66e10,forb0007,data_table06_forb/forumt-14crafd.forb0007.dzn,2,../noves/forumt-14crafd.forb0007.dzn | ../noves/tic-14crafd.forb0007.dzn,2,data_table06_forb/forumt-14crafd.forb0007.dzn | data_table06_forb/tic-14crafd.forb0007.dzn,https://imae.udg.edu/Recerca/LAI/,https://ima.udg.edu/Recerca/lai/b2b/b2b.zip,ee1f440ab3f6db27ab712300ad3a54a31ffd5ec1e06f81a9ac37cb7202c56528,2026-08-10T10:42:19+00:00,7200.0,,ee80a6fbd8b513f7c010668495c39621a371266a,True,3.10.12,1.8.dev25,instance-20260810-085803,Linux-6.8.0-1064-gcp-x86_64-with-glibc2.35,x86_64,4,8,15988.059,1,0,/home/g24021555/Business-Meeting-Scheduling-Problem/.venv/bin/python3 /home/g24021555/Business-Meeting-Scheduling-Problem/src/Main.py --manifest instances_manifest.csv --family forbidden --solver sat_all --objective-mode bg_d2 --domain-mode both --domain-filter-graph both --precedence-encoding both --precedence-graph both --encoding-variant imp12+ --sat-backend cadical --maxsat-backend uwrmaxsat --uwrmaxsat-bin /home/g24021555/uwrmaxsat/build/release/bin/uwrmaxsat --timeout 7200 --csv output/full_matrix_bg_d2_forbidden.csv,,,,,,,,incremental,,cadical,,staircase,sparse_suffix+distance_closure,,59,"1,2,3,4,5,6,7,8,9,10,11,12,13,14,15,16,17,18,20,21,22,23,24,25,26,27,28,29,30,31,32,33,34,35,36,37,38,39,40,41,42,43,44,45,46,47,48,49,50,51,52,53,54,55,56,57,58,59,60",2329,31,9,9,,,,,"journal objective family: bg_d2 | F-selected distance-labelled E* domain propagation and cycle detection | precedence configuration: F=distance_closure, P=sparse_suffix, G=distance_closure | Full Domain MxT schedule variables + explicit unary exclusions | (20),(22)-(27) exactly once over full domains | (22)-(27) session/fixed/forbidden exclusions as hard unit clauses | (19) participant atMost-one per slot | (46),(47) clustered table capacity with compact forward channeling | (28) SparseSuffix precedence over distance_closure distance-labelled relations | exact break-group ends and unary break-group thresholds | exact schedule <-> usedSlot channeling | (43) exactly |Mp| full usedSlot variables | (44) atMost 2|L| busy participants per slot | (45) exact even number of busy participants | historical hard cap Delta_G <= 2",,,result
,,,,,,,,,forumt-14crafd.forb0007,b2b-fee7e658da517ae9,b2b-lineage-forumt-14crafd,forbidden,F-SS-DC-ST-BGD2-NIS-CD-IC12P,Full,Filter-E*,SparseSuffix,DistanceClosure-E*,SpanThreshold,BreakGroupsD2,NonIncrementalSAT,IC12+,UNSAT,UNSAT,,,bg_d2,,,,,,,,0.124007,False,46.566,,,,Compact,Compact/Full,project_implementation,restart-based multi-phase SAT,31563,,,,,,,84203,0,84203,2360,29203,203421,60,cfg5__m-full__p-sparse_suffix__g-distance_closure__b-span_threshold__o-break_groups_d2__s-nonincrementalsat__i-imp12plus__backend-cadical,cfg5__m-full__p-sparse_suffix__g-distance_closure__b-span_threshold__o-break_groups_d2__s-nonincrementalsat__i-imp12plus__backend-cadical,full,distance_closure,sparse_suffix,distance_closure,NonIncrementalSAT,CaDiCaL,1.5.3,imp12+,span_threshold,total_break_groups_subject_to_range_at_most_2,BGD2,IC12P,203421,0,0,482,56723,22458,4540,,0,236,1,,,,,,0,0,0,0,0,,,"formalism-specific model size: SAT/MaxSAT reports base CNF and soft clauses, MIP reports variables/linear constraints/nonzeros, and CP reports integer variables plus linear/global constraints; SAT bound/totalizer overhead remains separate in optimizer_added_*",2360,2329,2320,2360,0,0,0,0,0,0,0,1,0.002803,0.003025,0.08874,,0.091765,0.032243,"wall-clock from immediately before reading/parsing the .dzn instance through model construction, optimization, solution decoding, and independent validation; excludes worker-process startup and result-file export",,,,,,,peak_process_tree_rss_mb,fee7e658da517ae9d954e5d2c7411c75c7e6034c1e0b43e569317bbaf8e66e10,forb0007,data_table06_forb/forumt-14crafd.forb0007.dzn,2,../noves/forumt-14crafd.forb0007.dzn | ../noves/tic-14crafd.forb0007.dzn,2,data_table06_forb/forumt-14crafd.forb0007.dzn | data_table06_forb/tic-14crafd.forb0007.dzn,https://imae.udg.edu/Recerca/LAI/,https://ima.udg.edu/Recerca/lai/b2b/b2b.zip,ee1f440ab3f6db27ab712300ad3a54a31ffd5ec1e06f81a9ac37cb7202c56528,2026-08-10T10:42:19+00:00,7200.0,,ee80a6fbd8b513f7c010668495c39621a371266a,True,3.10.12,1.8.dev25,instance-20260810-085803,Linux-6.8.0-1064-gcp-x86_64-with-glibc2.35,x86_64,4,8,15988.059,1,0,/home/g24021555/Business-Meeting-Scheduling-Problem/.venv/bin/python3 /home/g24021555/Business-Meeting-Scheduling-Problem/src/Main.py --manifest instances_manifest.csv --family forbidden --solver sat_all --objective-mode bg_d2 --domain-mode both --domain-filter-graph both --precedence-encoding both --precedence-graph both --encoding-variant imp12+ --sat-backend cadical --maxsat-backend uwrmaxsat --uwrmaxsat-bin /home/g24021555/uwrmaxsat/build/release/bin/uwrmaxsat --timeout 7200 --csv output/full_matrix_bg_d2_forbidden.csv,,,,,,,,multiple,,cadical,,staircase,sparse_suffix+distance_closure,,59,"1,2,3,4,5,6,7,8,9,10,11,12,13,14,15,16,17,18,20,21,22,23,24,25,26,27,28,29,30,31,32,33,34,35,36,37,38,39,40,41,42,43,44,45,46,47,48,49,50,51,52,53,54,55,56,57,58,59,60",2329,31,9,9,,,,,"journal objective family: bg_d2 | F-selected distance-labelled E* domain propagation and cycle detection | precedence configuration: F=distance_closure, P=sparse_suffix, G=distance_closure | Full Domain MxT schedule variables + explicit unary exclusions | (20),(22)-(27) exactly once over full domains | (22)-(27) session/fixed/forbidden exclusions as hard unit clauses | (19) participant atMost-one per slot | (46),(47) clustered table capacity with compact forward channeling | (28) SparseSuffix precedence over distance_closure distance-labelled relations | exact break-group ends and unary break-group thresholds | exact schedule <-> usedSlot channeling | (43) exactly |Mp| full usedSlot variables | (44) atMost 2|L| busy participants per slot | (45) exact even number of busy participants | historical hard cap Delta_G <= 2",,,result
,,,,,,,,,forumt-14crafd.forb0007,b2b-fee7e658da517ae9,b2b-lineage-forumt-14crafd,forbidden,F-SS-DC-ST-BGD2-UW-IC12P,Full,Filter-E*,SparseSuffix,DistanceClosure-E*,SpanThreshold,BreakGroupsD2,UWrMaxSAT,IC12+,UNSAT,UNSAT,,,bg_d2,,,,,,,1,0.269143,False,63.438,,,,Compact,Compact/Full,project_implementation,one-shot weighted MaxSAT,31563,,,,,,,84203,236,84439,2360,29203,203657,60,cfg5__m-full__p-sparse_suffix__g-distance_closure__b-span_threshold__o-break_groups_d2__s-uwrmaxsat__i-imp12plus__backend-uwrmaxsat,cfg5__m-full__p-sparse_suffix__g-distance_closure__b-span_threshold__o-break_groups_d2__s-uwrmaxsat__i-imp12plus__backend-uwrmaxsat,full,distance_closure,sparse_suffix,distance_closure,UWrMaxSAT,UWrMaxSAT,binary-sha256:8c68c8a386d3d7847b50d315143c2bab60e3514e59510e84a649db83cb303876,imp12+,span_threshold,total_break_groups_subject_to_range_at_most_2,BGD2,IC12P,203421,236,1,482,56723,22458,4540,1,236,236,1,,,,,,0,0,0,0,0,,,"formalism-specific model size: SAT/MaxSAT reports base CNF and soft clauses, MIP reports variables/linear constraints/nonzeros, and CP reports integer variables plus linear/global constraints; SAT bound/totalizer overhead remains separate in optimizer_added_*",2360,2329,2320,2360,0,0,0,0,0,0,0,1,0.002527,0.003036,0.09448,,0.097516,0.171627,"wall-clock from immediately before reading/parsing the .dzn instance through model construction, optimization, solution decoding, and independent validation; excludes worker-process startup and result-file export",,,,,,,peak_process_tree_rss_mb,fee7e658da517ae9d954e5d2c7411c75c7e6034c1e0b43e569317bbaf8e66e10,forb0007,data_table06_forb/forumt-14crafd.forb0007.dzn,2,../noves/forumt-14crafd.forb0007.dzn | ../noves/tic-14crafd.forb0007.dzn,2,data_table06_forb/forumt-14crafd.forb0007.dzn | data_table06_forb/tic-14crafd.forb0007.dzn,https://imae.udg.edu/Recerca/LAI/,https://ima.udg.edu/Recerca/lai/b2b/b2b.zip,ee1f440ab3f6db27ab712300ad3a54a31ffd5ec1e06f81a9ac37cb7202c56528,2026-08-10T10:42:19+00:00,7200.0,,ee80a6fbd8b513f7c010668495c39621a371266a,True,3.10.12,1.8.dev25,instance-20260810-085803,Linux-6.8.0-1064-gcp-x86_64-with-glibc2.35,x86_64,4,8,15988.059,1,0,/home/g24021555/Business-Meeting-Scheduling-Problem/.venv/bin/python3 /home/g24021555/Business-Meeting-Scheduling-Problem/src/Main.py --manifest instances_manifest.csv --family forbidden --solver sat_all --objective-mode bg_d2 --domain-mode both --domain-filter-graph both --precedence-encoding both --precedence-graph both --encoding-variant imp12+ --sat-backend cadical --maxsat-backend uwrmaxsat --uwrmaxsat-bin /home/g24021555/uwrmaxsat/build/release/bin/uwrmaxsat --timeout 7200 --csv output/full_matrix_bg_d2_forbidden.csv,/home/g24021555/uwrmaxsat/build/release/bin/uwrmaxsat,8c68c8a386d3d7847b50d315143c2bab60e3514e59510e84a649db83cb303876,/home/g24021555/uwrmaxsat/build/release/bin/uwrmaxsat -m /tmp/b2b_uwrmaxsat_uor6sq_b/forumt-14crafd.forb0007.wcnf,,process exit code=20,,,maxsat,uwrmaxsat,,/home/g24021555/uwrmaxsat/build/release/bin/uwrmaxsat,staircase,sparse_suffix+distance_closure,,59,"1,2,3,4,5,6,7,8,9,10,11,12,13,14,15,16,17,18,20,21,22,23,24,25,26,27,28,29,30,31,32,33,34,35,36,37,38,39,40,41,42,43,44,45,46,47,48,49,50,51,52,53,54,55,56,57,58,59,60",2329,31,9,9,,,,,"journal objective family: bg_d2 | F-selected distance-labelled E* domain propagation and cycle detection | precedence configuration: F=distance_closure, P=sparse_suffix, G=distance_closure | Full Domain MxT schedule variables + explicit unary exclusions | (20),(22)-(27) exactly once over full domains | (22)-(27) session/fixed/forbidden exclusions as hard unit clauses | (19) participant atMost-one per slot | (46),(47) clustered table capacity with compact forward channeling | (28) SparseSuffix precedence over distance_closure distance-labelled relations | exact break-group ends and unary break-group thresholds | exact schedule <-> usedSlot channeling | (43) exactly |Mp| full usedSlot variables | (44) atMost 2|L| busy participants per slot | (45) exact even number of busy participants | historical hard cap Delta_G <= 2",,,result
,,,,,,,,,forumt-14crafd.forb0007,b2b-fee7e658da517ae9,b2b-lineage-forumt-14crafd,forbidden,R-PW-DE-ST-BGD2-IS-CD-IC12P,Reduced,Filter-E*,Pairwise,Direct-E,SpanThreshold,BreakGroupsD2,IncrementalSAT,IC12+,UNSAT,UNSAT,,,bg_d2,,,,,,,,0.11285,False,42.945,,,,Compact,Compact/Reduced,project_implementation,incremental multi-phase SAT with persistent solver state,31220,,,,,,,82895,0,82895,2320,28900,200454,60,cfg5__m-reduced__p-pairwise__g-direct__b-span_threshold__o-break_groups_d2__s-incrementalsat__i-imp12plus__backend-cadical,cfg5__m-reduced__p-pairwise__g-direct__b-span_threshold__o-break_groups_d2__s-incrementalsat__i-imp12plus__backend-cadical,reduced,distance_closure,pairwise,direct,IncrementalSAT,CaDiCaL,1.5.3,imp12+,span_threshold,total_break_groups_subject_to_range_at_most_2,BGD2,IC12P,200454,0,0,429,55761,22198,4504,,0,236,1,,,,,,0,0,0,0,0,,,"formalism-specific model size: SAT/MaxSAT reports base CNF and soft clauses, MIP reports variables/linear constraints/nonzeros, and CP reports integer variables plus linear/global constraints; SAT bound/totalizer overhead remains separate in optimizer_added_*",2360,2329,2320,2320,0,0,0,0,0,0,0,1,0.002519,0.002608,0.086903,,0.089511,0.023339,"wall-clock from immediately before reading/parsing the .dzn instance through model construction, optimization, solution decoding, and independent validation; excludes worker-process startup and result-file export",,,,,,,peak_process_tree_rss_mb,fee7e658da517ae9d954e5d2c7411c75c7e6034c1e0b43e569317bbaf8e66e10,forb0007,data_table06_forb/forumt-14crafd.forb0007.dzn,2,../noves/forumt-14crafd.forb0007.dzn | ../noves/tic-14crafd.forb0007.dzn,2,data_table06_forb/forumt-14crafd.forb0007.dzn | data_table06_forb/tic-14crafd.forb0007.dzn,https://imae.udg.edu/Recerca/LAI/,https://ima.udg.edu/Recerca/lai/b2b/b2b.zip,ee1f440ab3f6db27ab712300ad3a54a31ffd5ec1e06f81a9ac37cb7202c56528,2026-08-10T10:42:19+00:00,7200.0,,ee80a6fbd8b513f7c010668495c39621a371266a,True,3.10.12,1.8.dev25,instance-20260810-085803,Linux-6.8.0-1064-gcp-x86_64-with-glibc2.35,x86_64,4,8,15988.059,1,0,/home/g24021555/Business-Meeting-Scheduling-Problem/.venv/bin/python3 /home/g24021555/Business-Meeting-Scheduling-Problem/src/Main.py --manifest instances_manifest.csv --family forbidden --solver sat_all --objective-mode bg_d2 --domain-mode both --domain-filter-graph both --precedence-encoding both --precedence-graph both --encoding-variant imp12+ --sat-backend cadical --maxsat-backend uwrmaxsat --uwrmaxsat-bin /home/g24021555/uwrmaxsat/build/release/bin/uwrmaxsat --timeout 7200 --csv output/full_matrix_bg_d2_forbidden.csv,,,,,,,,incremental,,cadical,,traditional,pairwise+direct,,59,"1,2,3,4,5,6,7,8,9,10,11,12,13,14,15,16,17,18,20,21,22,23,24,25,26,27,28,29,30,31,32,33,34,35,36,37,38,39,40,41,42,43,44,45,46,47,48,49,50,51,52,53,54,55,56,57,58,59,60",2329,31,9,9,,,,,"journal objective family: bg_d2 | F-selected distance-labelled E* domain propagation and cycle detection | precedence configuration: F=distance_closure, P=pairwise, G=direct | Reduced Domain variables after unary filtering + matching GAC + slot saturation | (20),(22)-(27) exactly once over reduced domains | (19) participant atMost-one per slot | (46),(47) clustered table capacity with compact forward channeling | (28) Pairwise precedence over direct distance-labelled relations | exact break-group ends and unary break-group thresholds | exact schedule <-> usedSlot channeling | (43) exactly |Mp| reduced usedSlot variables | (44) atMost 2|L| busy participants per slot | (45) exact even number of busy participants | historical hard cap Delta_G <= 2",,,result
,,,,,,,,,forumt-14crafd.forb0007,b2b-fee7e658da517ae9,b2b-lineage-forumt-14crafd,forbidden,R-PW-DE-ST-BGD2-NIS-CD-IC12P,Reduced,Filter-E*,Pairwise,Direct-E,SpanThreshold,BreakGroupsD2,NonIncrementalSAT,IC12+,UNSAT,UNSAT,,,bg_d2,,,,,,,,0.115301,False,42.871,,,,Compact,Compact/Reduced,project_implementation,restart-based multi-phase SAT,31220,,,,,,,82895,0,82895,2320,28900,200454,60,cfg5__m-reduced__p-pairwise__g-direct__b-span_threshold__o-break_groups_d2__s-nonincrementalsat__i-imp12plus__backend-cadical,cfg5__m-reduced__p-pairwise__g-direct__b-span_threshold__o-break_groups_d2__s-nonincrementalsat__i-imp12plus__backend-cadical,reduced,distance_closure,pairwise,direct,NonIncrementalSAT,CaDiCaL,1.5.3,imp12+,span_threshold,total_break_groups_subject_to_range_at_most_2,BGD2,IC12P,200454,0,0,429,55761,22198,4504,,0,236,1,,,,,,0,0,0,0,0,,,"formalism-specific model size: SAT/MaxSAT reports base CNF and soft clauses, MIP reports variables/linear constraints/nonzeros, and CP reports integer variables plus linear/global constraints; SAT bound/totalizer overhead remains separate in optimizer_added_*",2360,2329,2320,2320,0,0,0,0,0,0,0,1,0.002932,0.003053,0.087839,,0.090892,0.024409,"wall-clock from immediately before reading/parsing the .dzn instance through model construction, optimization, solution decoding, and independent validation; excludes worker-process startup and result-file export",,,,,,,peak_process_tree_rss_mb,fee7e658da517ae9d954e5d2c7411c75c7e6034c1e0b43e569317bbaf8e66e10,forb0007,data_table06_forb/forumt-14crafd.forb0007.dzn,2,../noves/forumt-14crafd.forb0007.dzn | ../noves/tic-14crafd.forb0007.dzn,2,data_table06_forb/forumt-14crafd.forb0007.dzn | data_table06_forb/tic-14crafd.forb0007.dzn,https://imae.udg.edu/Recerca/LAI/,https://ima.udg.edu/Recerca/lai/b2b/b2b.zip,ee1f440ab3f6db27ab712300ad3a54a31ffd5ec1e06f81a9ac37cb7202c56528,2026-08-10T10:42:19+00:00,7200.0,,ee80a6fbd8b513f7c010668495c39621a371266a,True,3.10.12,1.8.dev25,instance-20260810-085803,Linux-6.8.0-1064-gcp-x86_64-with-glibc2.35,x86_64,4,8,15988.059,1,0,/home/g24021555/Business-Meeting-Scheduling-Problem/.venv/bin/python3 /home/g24021555/Business-Meeting-Scheduling-Problem/src/Main.py --manifest instances_manifest.csv --family forbidden --solver sat_all --objective-mode bg_d2 --domain-mode both --domain-filter-graph both --precedence-encoding both --precedence-graph both --encoding-variant imp12+ --sat-backend cadical --maxsat-backend uwrmaxsat --uwrmaxsat-bin /home/g24021555/uwrmaxsat/build/release/bin/uwrmaxsat --timeout 7200 --csv output/full_matrix_bg_d2_forbidden.csv,,,,,,,,multiple,,cadical,,traditional,pairwise+direct,,59,"1,2,3,4,5,6,7,8,9,10,11,12,13,14,15,16,17,18,20,21,22,23,24,25,26,27,28,29,30,31,32,33,34,35,36,37,38,39,40,41,42,43,44,45,46,47,48,49,50,51,52,53,54,55,56,57,58,59,60",2329,31,9,9,,,,,"journal objective family: bg_d2 | F-selected distance-labelled E* domain propagation and cycle detection | precedence configuration: F=distance_closure, P=pairwise, G=direct | Reduced Domain variables after unary filtering + matching GAC + slot saturation | (20),(22)-(27) exactly once over reduced domains | (19) participant atMost-one per slot | (46),(47) clustered table capacity with compact forward channeling | (28) Pairwise precedence over direct distance-labelled relations | exact break-group ends and unary break-group thresholds | exact schedule <-> usedSlot channeling | (43) exactly |Mp| reduced usedSlot variables | (44) atMost 2|L| busy participants per slot | (45) exact even number of busy participants | historical hard cap Delta_G <= 2",,,result
,,,,,,,,,forumt-14crafd.forb0007,b2b-fee7e658da517ae9,b2b-lineage-forumt-14crafd,forbidden,R-PW-DE-ST-BGD2-UW-IC12P,Reduced,Filter-E*,Pairwise,Direct-E,SpanThreshold,BreakGroupsD2,UWrMaxSAT,IC12+,UNSAT,UNSAT,,,bg_d2,,,,,,,1,0.256197,False,61.359,,,,Compact,Compact/Reduced,project_implementation,one-shot weighted MaxSAT,31220,,,,,,,82895,236,83131,2320,28900,200690,60,cfg5__m-reduced__p-pairwise__g-direct__b-span_threshold__o-break_groups_d2__s-uwrmaxsat__i-imp12plus__backend-uwrmaxsat,cfg5__m-reduced__p-pairwise__g-direct__b-span_threshold__o-break_groups_d2__s-uwrmaxsat__i-imp12plus__backend-uwrmaxsat,reduced,distance_closure,pairwise,direct,UWrMaxSAT,UWrMaxSAT,binary-sha256:8c68c8a386d3d7847b50d315143c2bab60e3514e59510e84a649db83cb303876,imp12+,span_threshold,total_break_groups_subject_to_range_at_most_2,BGD2,IC12P,200454,236,1,429,55761,22198,4504,1,236,236,1,,,,,,0,0,0,0,0,,,"formalism-specific model size: SAT/MaxSAT reports base CNF and soft clauses, MIP reports variables/linear constraints/nonzeros, and CP reports integer variables plus linear/global constraints; SAT bound/totalizer overhead remains separate in optimizer_added_*",2360,2329,2320,2320,0,0,0,0,0,0,0,1,0.002884,0.003049,0.090621,,0.09367,0.162528,"wall-clock from immediately before reading/parsing the .dzn instance through model construction, optimization, solution decoding, and independent validation; excludes worker-process startup and result-file export",,,,,,,peak_process_tree_rss_mb,fee7e658da517ae9d954e5d2c7411c75c7e6034c1e0b43e569317bbaf8e66e10,forb0007,data_table06_forb/forumt-14crafd.forb0007.dzn,2,../noves/forumt-14crafd.forb0007.dzn | ../noves/tic-14crafd.forb0007.dzn,2,data_table06_forb/forumt-14crafd.forb0007.dzn | data_table06_forb/tic-14crafd.forb0007.dzn,https://imae.udg.edu/Recerca/LAI/,https://ima.udg.edu/Recerca/lai/b2b/b2b.zip,ee1f440ab3f6db27ab712300ad3a54a31ffd5ec1e06f81a9ac37cb7202c56528,2026-08-10T10:42:19+00:00,7200.0,,ee80a6fbd8b513f7c010668495c39621a371266a,True,3.10.12,1.8.dev25,instance-20260810-085803,Linux-6.8.0-1064-gcp-x86_64-with-glibc2.35,x86_64,4,8,15988.059,1,0,/home/g24021555/Business-Meeting-Scheduling-Problem/.venv/bin/python3 /home/g24021555/Business-Meeting-Scheduling-Problem/src/Main.py --manifest instances_manifest.csv --family forbidden --solver sat_all --objective-mode bg_d2 --domain-mode both --domain-filter-graph both --precedence-encoding both --precedence-graph both --encoding-variant imp12+ --sat-backend cadical --maxsat-backend uwrmaxsat --uwrmaxsat-bin /home/g24021555/uwrmaxsat/build/release/bin/uwrmaxsat --timeout 7200 --csv output/full_matrix_bg_d2_forbidden.csv,/home/g24021555/uwrmaxsat/build/release/bin/uwrmaxsat,8c68c8a386d3d7847b50d315143c2bab60e3514e59510e84a649db83cb303876,/home/g24021555/uwrmaxsat/build/release/bin/uwrmaxsat -m /tmp/b2b_uwrmaxsat_75vv1nx1/forumt-14crafd.forb0007.wcnf,,process exit code=20,,,maxsat,uwrmaxsat,,/home/g24021555/uwrmaxsat/build/release/bin/uwrmaxsat,traditional,pairwise+direct,,59,"1,2,3,4,5,6,7,8,9,10,11,12,13,14,15,16,17,18,20,21,22,23,24,25,26,27,28,29,30,31,32,33,34,35,36,37,38,39,40,41,42,43,44,45,46,47,48,49,50,51,52,53,54,55,56,57,58,59,60",2329,31,9,9,,,,,"journal objective family: bg_d2 | F-selected distance-labelled E* domain propagation and cycle detection | precedence configuration: F=distance_closure, P=pairwise, G=direct | Reduced Domain variables after unary filtering + matching GAC + slot saturation | (20),(22)-(27) exactly once over reduced domains | (19) participant atMost-one per slot | (46),(47) clustered table capacity with compact forward channeling | (28) Pairwise precedence over direct distance-labelled relations | exact break-group ends and unary break-group thresholds | exact schedule <-> usedSlot channeling | (43) exactly |Mp| reduced usedSlot variables | (44) atMost 2|L| busy participants per slot | (45) exact even number of busy participants | historical hard cap Delta_G <= 2",,,result
,,,,,,,,,forumt-14crafd.forb0007,b2b-fee7e658da517ae9,b2b-lineage-forumt-14crafd,forbidden,R-PW-DC-ST-BGD2-IS-CD-IC12P,Reduced,Filter-E*,Pairwise,DistanceClosure-E*,SpanThreshold,BreakGroupsD2,IncrementalSAT,IC12+,UNSAT,UNSAT,,,bg_d2,,,,,,,,0.11535,False,42.957,,,,Compact,Compact/Reduced,project_implementation,incremental multi-phase SAT with persistent solver state,31220,,,,,,,82895,0,82895,2320,28900,200454,60,cfg5__m-reduced__p-pairwise__g-distance_closure__b-span_threshold__o-break_groups_d2__s-incrementalsat__i-imp12plus__backend-cadical,cfg5__m-reduced__p-pairwise__g-distance_closure__b-span_threshold__o-break_groups_d2__s-incrementalsat__i-imp12plus__backend-cadical,reduced,distance_closure,pairwise,distance_closure,IncrementalSAT,CaDiCaL,1.5.3,imp12+,span_threshold,total_break_groups_subject_to_range_at_most_2,BGD2,IC12P,200454,0,0,429,55761,22198,4504,,0,236,1,,,,,,0,0,0,0,0,,,"formalism-specific model size: SAT/MaxSAT reports base CNF and soft clauses, MIP reports variables/linear constraints/nonzeros, and CP reports integer variables plus linear/global constraints; SAT bound/totalizer overhead remains separate in optimizer_added_*",2360,2329,2320,2320,0,0,0,0,0,0,0,1,0.00254,0.002788,0.087847,,0.090635,0.024715,"wall-clock from immediately before reading/parsing the .dzn instance through model construction, optimization, solution decoding, and independent validation; excludes worker-process startup and result-file export",,,,,,,peak_process_tree_rss_mb,fee7e658da517ae9d954e5d2c7411c75c7e6034c1e0b43e569317bbaf8e66e10,forb0007,data_table06_forb/forumt-14crafd.forb0007.dzn,2,../noves/forumt-14crafd.forb0007.dzn | ../noves/tic-14crafd.forb0007.dzn,2,data_table06_forb/forumt-14crafd.forb0007.dzn | data_table06_forb/tic-14crafd.forb0007.dzn,https://imae.udg.edu/Recerca/LAI/,https://ima.udg.edu/Recerca/lai/b2b/b2b.zip,ee1f440ab3f6db27ab712300ad3a54a31ffd5ec1e06f81a9ac37cb7202c56528,2026-08-10T10:42:19+00:00,7200.0,,ee80a6fbd8b513f7c010668495c39621a371266a,True,3.10.12,1.8.dev25,instance-20260810-085803,Linux-6.8.0-1064-gcp-x86_64-with-glibc2.35,x86_64,4,8,15988.059,1,0,/home/g24021555/Business-Meeting-Scheduling-Problem/.venv/bin/python3 /home/g24021555/Business-Meeting-Scheduling-Problem/src/Main.py --manifest instances_manifest.csv --family forbidden --solver sat_all --objective-mode bg_d2 --domain-mode both --domain-filter-graph both --precedence-encoding both --precedence-graph both --encoding-variant imp12+ --sat-backend cadical --maxsat-backend uwrmaxsat --uwrmaxsat-bin /home/g24021555/uwrmaxsat/build/release/bin/uwrmaxsat --timeout 7200 --csv output/full_matrix_bg_d2_forbidden.csv,,,,,,,,incremental,,cadical,,factorial,pairwise+distance_closure,,59,"1,2,3,4,5,6,7,8,9,10,11,12,13,14,15,16,17,18,20,21,22,23,24,25,26,27,28,29,30,31,32,33,34,35,36,37,38,39,40,41,42,43,44,45,46,47,48,49,50,51,52,53,54,55,56,57,58,59,60",2329,31,9,9,,,,,"journal objective family: bg_d2 | F-selected distance-labelled E* domain propagation and cycle detection | precedence configuration: F=distance_closure, P=pairwise, G=distance_closure | Reduced Domain variables after unary filtering + matching GAC + slot saturation | (20),(22)-(27) exactly once over reduced domains | (19) participant atMost-one per slot | (46),(47) clustered table capacity with compact forward channeling | (28) Pairwise precedence over distance_closure distance-labelled relations | exact break-group ends and unary break-group thresholds | exact schedule <-> usedSlot channeling | (43) exactly |Mp| reduced usedSlot variables | (44) atMost 2|L| busy participants per slot | (45) exact even number of busy participants | historical hard cap Delta_G <= 2",,,result
,,,,,,,,,forumt-14crafd.forb0007,b2b-fee7e658da517ae9,b2b-lineage-forumt-14crafd,forbidden,R-PW-DC-ST-BGD2-NIS-CD-IC12P,Reduced,Filter-E*,Pairwise,DistanceClosure-E*,SpanThreshold,BreakGroupsD2,NonIncrementalSAT,IC12+,UNSAT,UNSAT,,,bg_d2,,,,,,,,0.115628,False,42.535,,,,Compact,Compact/Reduced,project_implementation,restart-based multi-phase SAT,31220,,,,,,,82895,0,82895,2320,28900,200454,60,cfg5__m-reduced__p-pairwise__g-distance_closure__b-span_threshold__o-break_groups_d2__s-nonincrementalsat__i-imp12plus__backend-cadical,cfg5__m-reduced__p-pairwise__g-distance_closure__b-span_threshold__o-break_groups_d2__s-nonincrementalsat__i-imp12plus__backend-cadical,reduced,distance_closure,pairwise,distance_closure,NonIncrementalSAT,CaDiCaL,1.5.3,imp12+,span_threshold,total_break_groups_subject_to_range_at_most_2,BGD2,IC12P,200454,0,0,429,55761,22198,4504,,0,236,1,,,,,,0,0,0,0,0,,,"formalism-specific model size: SAT/MaxSAT reports base CNF and soft clauses, MIP reports variables/linear constraints/nonzeros, and CP reports integer variables plus linear/global constraints; SAT bound/totalizer overhead remains separate in optimizer_added_*",2360,2329,2320,2320,0,0,0,0,0,0,0,1,0.00294,0.003031,0.087244,,0.090276,0.025352,"wall-clock from immediately before reading/parsing the .dzn instance through model construction, optimization, solution decoding, and independent validation; excludes worker-process startup and result-file export",,,,,,,peak_process_tree_rss_mb,fee7e658da517ae9d954e5d2c7411c75c7e6034c1e0b43e569317bbaf8e66e10,forb0007,data_table06_forb/forumt-14crafd.forb0007.dzn,2,../noves/forumt-14crafd.forb0007.dzn | ../noves/tic-14crafd.forb0007.dzn,2,data_table06_forb/forumt-14crafd.forb0007.dzn | data_table06_forb/tic-14crafd.forb0007.dzn,https://imae.udg.edu/Recerca/LAI/,https://ima.udg.edu/Recerca/lai/b2b/b2b.zip,ee1f440ab3f6db27ab712300ad3a54a31ffd5ec1e06f81a9ac37cb7202c56528,2026-08-10T10:42:19+00:00,7200.0,,ee80a6fbd8b513f7c010668495c39621a371266a,True,3.10.12,1.8.dev25,instance-20260810-085803,Linux-6.8.0-1064-gcp-x86_64-with-glibc2.35,x86_64,4,8,15988.059,1,0,/home/g24021555/Business-Meeting-Scheduling-Problem/.venv/bin/python3 /home/g24021555/Business-Meeting-Scheduling-Problem/src/Main.py --manifest instances_manifest.csv --family forbidden --solver sat_all --objective-mode bg_d2 --domain-mode both --domain-filter-graph both --precedence-encoding both --precedence-graph both --encoding-variant imp12+ --sat-backend cadical --maxsat-backend uwrmaxsat --uwrmaxsat-bin /home/g24021555/uwrmaxsat/build/release/bin/uwrmaxsat --timeout 7200 --csv output/full_matrix_bg_d2_forbidden.csv,,,,,,,,multiple,,cadical,,factorial,pairwise+distance_closure,,59,"1,2,3,4,5,6,7,8,9,10,11,12,13,14,15,16,17,18,20,21,22,23,24,25,26,27,28,29,30,31,32,33,34,35,36,37,38,39,40,41,42,43,44,45,46,47,48,49,50,51,52,53,54,55,56,57,58,59,60",2329,31,9,9,,,,,"journal objective family: bg_d2 | F-selected distance-labelled E* domain propagation and cycle detection | precedence configuration: F=distance_closure, P=pairwise, G=distance_closure | Reduced Domain variables after unary filtering + matching GAC + slot saturation | (20),(22)-(27) exactly once over reduced domains | (19) participant atMost-one per slot | (46),(47) clustered table capacity with compact forward channeling | (28) Pairwise precedence over distance_closure distance-labelled relations | exact break-group ends and unary break-group thresholds | exact schedule <-> usedSlot channeling | (43) exactly |Mp| reduced usedSlot variables | (44) atMost 2|L| busy participants per slot | (45) exact even number of busy participants | historical hard cap Delta_G <= 2",,,result
,,,,,,,,,forumt-14crafd.forb0007,b2b-fee7e658da517ae9,b2b-lineage-forumt-14crafd,forbidden,R-PW-DC-ST-BGD2-UW-IC12P,Reduced,Filter-E*,Pairwise,DistanceClosure-E*,SpanThreshold,BreakGroupsD2,UWrMaxSAT,IC12+,UNSAT,UNSAT,,,bg_d2,,,,,,,1,0.260131,False,61.367,,,,Compact,Compact/Reduced,project_implementation,one-shot weighted MaxSAT,31220,,,,,,,82895,236,83131,2320,28900,200690,60,cfg5__m-reduced__p-pairwise__g-distance_closure__b-span_threshold__o-break_groups_d2__s-uwrmaxsat__i-imp12plus__backend-uwrmaxsat,cfg5__m-reduced__p-pairwise__g-distance_closure__b-span_threshold__o-break_groups_d2__s-uwrmaxsat__i-imp12plus__backend-uwrmaxsat,reduced,distance_closure,pairwise,distance_closure,UWrMaxSAT,UWrMaxSAT,binary-sha256:8c68c8a386d3d7847b50d315143c2bab60e3514e59510e84a649db83cb303876,imp12+,span_threshold,total_break_groups_subject_to_range_at_most_2,BGD2,IC12P,200454,236,1,429,55761,22198,4504,1,236,236,1,,,,,,0,0,0,0,0,,,"formalism-specific model size: SAT/MaxSAT reports base CNF and soft clauses, MIP reports variables/linear constraints/nonzeros, and CP reports integer variables plus linear/global constraints; SAT bound/totalizer overhead remains separate in optimizer_added_*",2360,2329,2320,2320,0,0,0,0,0,0,0,1,0.0029,0.002844,0.094526,,0.09737,0.162761,"wall-clock from immediately before reading/parsing the .dzn instance through model construction, optimization, solution decoding, and independent validation; excludes worker-process startup and result-file export",,,,,,,peak_process_tree_rss_mb,fee7e658da517ae9d954e5d2c7411c75c7e6034c1e0b43e569317bbaf8e66e10,forb0007,data_table06_forb/forumt-14crafd.forb0007.dzn,2,../noves/forumt-14crafd.forb0007.dzn | ../noves/tic-14crafd.forb0007.dzn,2,data_table06_forb/forumt-14crafd.forb0007.dzn | data_table06_forb/tic-14crafd.forb0007.dzn,https://imae.udg.edu/Recerca/LAI/,https://ima.udg.edu/Recerca/lai/b2b/b2b.zip,ee1f440ab3f6db27ab712300ad3a54a31ffd5ec1e06f81a9ac37cb7202c56528,2026-08-10T10:42:19+00:00,7200.0,,ee80a6fbd8b513f7c010668495c39621a371266a,True,3.10.12,1.8.dev25,instance-20260810-085803,Linux-6.8.0-1064-gcp-x86_64-with-glibc2.35,x86_64,4,8,15988.059,1,0,/home/g24021555/Business-Meeting-Scheduling-Problem/.venv/bin/python3 /home/g24021555/Business-Meeting-Scheduling-Problem/src/Main.py --manifest instances_manifest.csv --family forbidden --solver sat_all --objective-mode bg_d2 --domain-mode both --domain-filter-graph both --precedence-encoding both --precedence-graph both --encoding-variant imp12+ --sat-backend cadical --maxsat-backend uwrmaxsat --uwrmaxsat-bin /home/g24021555/uwrmaxsat/build/release/bin/uwrmaxsat --timeout 7200 --csv output/full_matrix_bg_d2_forbidden.csv,/home/g24021555/uwrmaxsat/build/release/bin/uwrmaxsat,8c68c8a386d3d7847b50d315143c2bab60e3514e59510e84a649db83cb303876,/home/g24021555/uwrmaxsat/build/release/bin/uwrmaxsat -m /tmp/b2b_uwrmaxsat_8r1d5smu/forumt-14crafd.forb0007.wcnf,,process exit code=20,,,maxsat,uwrmaxsat,,/home/g24021555/uwrmaxsat/build/release/bin/uwrmaxsat,factorial,pairwise+distance_closure,,59,"1,2,3,4,5,6,7,8,9,10,11,12,13,14,15,16,17,18,20,21,22,23,24,25,26,27,28,29,30,31,32,33,34,35,36,37,38,39,40,41,42,43,44,45,46,47,48,49,50,51,52,53,54,55,56,57,58,59,60",2329,31,9,9,,,,,"journal objective family: bg_d2 | F-selected distance-labelled E* domain propagation and cycle detection | precedence configuration: F=distance_closure, P=pairwise, G=distance_closure | Reduced Domain variables after unary filtering + matching GAC + slot saturation | (20),(22)-(27) exactly once over reduced domains | (19) participant atMost-one per slot | (46),(47) clustered table capacity with compact forward channeling | (28) Pairwise precedence over distance_closure distance-labelled relations | exact break-group ends and unary break-group thresholds | exact schedule <-> usedSlot channeling | (43) exactly |Mp| reduced usedSlot variables | (44) atMost 2|L| busy participants per slot | (45) exact even number of busy participants | historical hard cap Delta_G <= 2",,,result
,,,,,,,,,forumt-14crafd.forb0007,b2b-fee7e658da517ae9,b2b-lineage-forumt-14crafd,forbidden,R-SS-DE-ST-BGD2-IS-CD-IC12P,Reduced,Filter-E*,SparseSuffix,Direct-E,SpanThreshold,BreakGroupsD2,IncrementalSAT,IC12+,UNSAT,UNSAT,,,bg_d2,,,,,,,,0.116957,False,42.176,,,,Compact,Compact/Reduced,project_implementation,incremental multi-phase SAT with persistent solver state,31220,,,,,,,82895,0,82895,2320,28900,200454,60,cfg5__m-reduced__p-sparse_suffix__g-direct__b-span_threshold__o-break_groups_d2__s-incrementalsat__i-imp12plus__backend-cadical,cfg5__m-reduced__p-sparse_suffix__g-direct__b-span_threshold__o-break_groups_d2__s-incrementalsat__i-imp12plus__backend-cadical,reduced,distance_closure,sparse_suffix,direct,IncrementalSAT,CaDiCaL,1.5.3,imp12+,span_threshold,total_break_groups_subject_to_range_at_most_2,BGD2,IC12P,200454,0,0,429,55761,22198,4504,,0,236,1,,,,,,0,0,0,0,0,,,"formalism-specific model size: SAT/MaxSAT reports base CNF and soft clauses, MIP reports variables/linear constraints/nonzeros, and CP reports integer variables plus linear/global constraints; SAT bound/totalizer overhead remains separate in optimizer_added_*",2360,2329,2320,2320,0,0,0,0,0,0,0,1,0.002908,0.002916,0.088522,,0.091438,0.025519,"wall-clock from immediately before reading/parsing the .dzn instance through model construction, optimization, solution decoding, and independent validation; excludes worker-process startup and result-file export",,,,,,,peak_process_tree_rss_mb,fee7e658da517ae9d954e5d2c7411c75c7e6034c1e0b43e569317bbaf8e66e10,forb0007,data_table06_forb/forumt-14crafd.forb0007.dzn,2,../noves/forumt-14crafd.forb0007.dzn | ../noves/tic-14crafd.forb0007.dzn,2,data_table06_forb/forumt-14crafd.forb0007.dzn | data_table06_forb/tic-14crafd.forb0007.dzn,https://imae.udg.edu/Recerca/LAI/,https://ima.udg.edu/Recerca/lai/b2b/b2b.zip,ee1f440ab3f6db27ab712300ad3a54a31ffd5ec1e06f81a9ac37cb7202c56528,2026-08-10T10:42:19+00:00,7200.0,,ee80a6fbd8b513f7c010668495c39621a371266a,True,3.10.12,1.8.dev25,instance-20260810-085803,Linux-6.8.0-1064-gcp-x86_64-with-glibc2.35,x86_64,4,8,15988.059,1,0,/home/g24021555/Business-Meeting-Scheduling-Problem/.venv/bin/python3 /home/g24021555/Business-Meeting-Scheduling-Problem/src/Main.py --manifest instances_manifest.csv --family forbidden --solver sat_all --objective-mode bg_d2 --domain-mode both --domain-filter-graph both --precedence-encoding both --precedence-graph both --encoding-variant imp12+ --sat-backend cadical --maxsat-backend uwrmaxsat --uwrmaxsat-bin /home/g24021555/uwrmaxsat/build/release/bin/uwrmaxsat --timeout 7200 --csv output/full_matrix_bg_d2_forbidden.csv,,,,,,,,incremental,,cadical,,factorial,sparse_suffix+direct,,59,"1,2,3,4,5,6,7,8,9,10,11,12,13,14,15,16,17,18,20,21,22,23,24,25,26,27,28,29,30,31,32,33,34,35,36,37,38,39,40,41,42,43,44,45,46,47,48,49,50,51,52,53,54,55,56,57,58,59,60",2329,31,9,9,,,,,"journal objective family: bg_d2 | F-selected distance-labelled E* domain propagation and cycle detection | precedence configuration: F=distance_closure, P=sparse_suffix, G=direct | Reduced Domain variables after unary filtering + matching GAC + slot saturation | (20),(22)-(27) exactly once over reduced domains | (19) participant atMost-one per slot | (46),(47) clustered table capacity with compact forward channeling | (28) SparseSuffix precedence over direct distance-labelled relations | exact break-group ends and unary break-group thresholds | exact schedule <-> usedSlot channeling | (43) exactly |Mp| reduced usedSlot variables | (44) atMost 2|L| busy participants per slot | (45) exact even number of busy participants | historical hard cap Delta_G <= 2",,,result
,,,,,,,,,forumt-14crafd.forb0007,b2b-fee7e658da517ae9,b2b-lineage-forumt-14crafd,forbidden,R-SS-DE-ST-BGD2-NIS-CD-IC12P,Reduced,Filter-E*,SparseSuffix,Direct-E,SpanThreshold,BreakGroupsD2,NonIncrementalSAT,IC12+,UNSAT,UNSAT,,,bg_d2,,,,,,,,0.120132,False,45.762,,,,Compact,Compact/Reduced,project_implementation,restart-based multi-phase SAT,31220,,,,,,,82895,0,82895,2320,28900,200454,60,cfg5__m-reduced__p-sparse_suffix__g-direct__b-span_threshold__o-break_groups_d2__s-nonincrementalsat__i-imp12plus__backend-cadical,cfg5__m-reduced__p-sparse_suffix__g-direct__b-span_threshold__o-break_groups_d2__s-nonincrementalsat__i-imp12plus__backend-cadical,reduced,distance_closure,sparse_suffix,direct,NonIncrementalSAT,CaDiCaL,1.5.3,imp12+,span_threshold,total_break_groups_subject_to_range_at_most_2,BGD2,IC12P,200454,0,0,429,55761,22198,4504,,0,236,1,,,,,,0,0,0,0,0,,,"formalism-specific model size: SAT/MaxSAT reports base CNF and soft clauses, MIP reports variables/linear constraints/nonzeros, and CP reports integer variables plus linear/global constraints; SAT bound/totalizer overhead remains separate in optimizer_added_*",2360,2329,2320,2320,0,0,0,0,0,0,0,1,0.002551,0.002806,0.092857,,0.095663,0.024469,"wall-clock from immediately before reading/parsing the .dzn instance through model construction, optimization, solution decoding, and independent validation; excludes worker-process startup and result-file export",,,,,,,peak_process_tree_rss_mb,fee7e658da517ae9d954e5d2c7411c75c7e6034c1e0b43e569317bbaf8e66e10,forb0007,data_table06_forb/forumt-14crafd.forb0007.dzn,2,../noves/forumt-14crafd.forb0007.dzn | ../noves/tic-14crafd.forb0007.dzn,2,data_table06_forb/forumt-14crafd.forb0007.dzn | data_table06_forb/tic-14crafd.forb0007.dzn,https://imae.udg.edu/Recerca/LAI/,https://ima.udg.edu/Recerca/lai/b2b/b2b.zip,ee1f440ab3f6db27ab712300ad3a54a31ffd5ec1e06f81a9ac37cb7202c56528,2026-08-10T10:42:19+00:00,7200.0,,ee80a6fbd8b513f7c010668495c39621a371266a,True,3.10.12,1.8.dev25,instance-20260810-085803,Linux-6.8.0-1064-gcp-x86_64-with-glibc2.35,x86_64,4,8,15988.059,1,0,/home/g24021555/Business-Meeting-Scheduling-Problem/.venv/bin/python3 /home/g24021555/Business-Meeting-Scheduling-Problem/src/Main.py --manifest instances_manifest.csv --family forbidden --solver sat_all --objective-mode bg_d2 --domain-mode both --domain-filter-graph both --precedence-encoding both --precedence-graph both --encoding-variant imp12+ --sat-backend cadical --maxsat-backend uwrmaxsat --uwrmaxsat-bin /home/g24021555/uwrmaxsat/build/release/bin/uwrmaxsat --timeout 7200 --csv output/full_matrix_bg_d2_forbidden.csv,,,,,,,,multiple,,cadical,,factorial,sparse_suffix+direct,,59,"1,2,3,4,5,6,7,8,9,10,11,12,13,14,15,16,17,18,20,21,22,23,24,25,26,27,28,29,30,31,32,33,34,35,36,37,38,39,40,41,42,43,44,45,46,47,48,49,50,51,52,53,54,55,56,57,58,59,60",2329,31,9,9,,,,,"journal objective family: bg_d2 | F-selected distance-labelled E* domain propagation and cycle detection | precedence configuration: F=distance_closure, P=sparse_suffix, G=direct | Reduced Domain variables after unary filtering + matching GAC + slot saturation | (20),(22)-(27) exactly once over reduced domains | (19) participant atMost-one per slot | (46),(47) clustered table capacity with compact forward channeling | (28) SparseSuffix precedence over direct distance-labelled relations | exact break-group ends and unary break-group thresholds | exact schedule <-> usedSlot channeling | (43) exactly |Mp| reduced usedSlot variables | (44) atMost 2|L| busy participants per slot | (45) exact even number of busy participants | historical hard cap Delta_G <= 2",,,result
,,,,,,,,,forumt-14crafd.forb0007,b2b-fee7e658da517ae9,b2b-lineage-forumt-14crafd,forbidden,R-SS-DE-ST-BGD2-UW-IC12P,Reduced,Filter-E*,SparseSuffix,Direct-E,SpanThreshold,BreakGroupsD2,UWrMaxSAT,IC12+,UNSAT,UNSAT,,,bg_d2,,,,,,,1,0.259326,False,61.176,,,,Compact,Compact/Reduced,project_implementation,one-shot weighted MaxSAT,31220,,,,,,,82895,236,83131,2320,28900,200690,60,cfg5__m-reduced__p-sparse_suffix__g-direct__b-span_threshold__o-break_groups_d2__s-uwrmaxsat__i-imp12plus__backend-uwrmaxsat,cfg5__m-reduced__p-sparse_suffix__g-direct__b-span_threshold__o-break_groups_d2__s-uwrmaxsat__i-imp12plus__backend-uwrmaxsat,reduced,distance_closure,sparse_suffix,direct,UWrMaxSAT,UWrMaxSAT,binary-sha256:8c68c8a386d3d7847b50d315143c2bab60e3514e59510e84a649db83cb303876,imp12+,span_threshold,total_break_groups_subject_to_range_at_most_2,BGD2,IC12P,200454,236,1,429,55761,22198,4504,1,236,236,1,,,,,,0,0,0,0,0,,,"formalism-specific model size: SAT/MaxSAT reports base CNF and soft clauses, MIP reports variables/linear constraints/nonzeros, and CP reports integer variables plus linear/global constraints; SAT bound/totalizer overhead remains separate in optimizer_added_*",2360,2329,2320,2320,0,0,0,0,0,0,0,1,0.002877,0.002886,0.090678,,0.093563,0.165762,"wall-clock from immediately before reading/parsing the .dzn instance through model construction, optimization, solution decoding, and independent validation; excludes worker-process startup and result-file export",,,,,,,peak_process_tree_rss_mb,fee7e658da517ae9d954e5d2c7411c75c7e6034c1e0b43e569317bbaf8e66e10,forb0007,data_table06_forb/forumt-14crafd.forb0007.dzn,2,../noves/forumt-14crafd.forb0007.dzn | ../noves/tic-14crafd.forb0007.dzn,2,data_table06_forb/forumt-14crafd.forb0007.dzn | data_table06_forb/tic-14crafd.forb0007.dzn,https://imae.udg.edu/Recerca/LAI/,https://ima.udg.edu/Recerca/lai/b2b/b2b.zip,ee1f440ab3f6db27ab712300ad3a54a31ffd5ec1e06f81a9ac37cb7202c56528,2026-08-10T10:42:19+00:00,7200.0,,ee80a6fbd8b513f7c010668495c39621a371266a,True,3.10.12,1.8.dev25,instance-20260810-085803,Linux-6.8.0-1064-gcp-x86_64-with-glibc2.35,x86_64,4,8,15988.059,1,0,/home/g24021555/Business-Meeting-Scheduling-Problem/.venv/bin/python3 /home/g24021555/Business-Meeting-Scheduling-Problem/src/Main.py --manifest instances_manifest.csv --family forbidden --solver sat_all --objective-mode bg_d2 --domain-mode both --domain-filter-graph both --precedence-encoding both --precedence-graph both --encoding-variant imp12+ --sat-backend cadical --maxsat-backend uwrmaxsat --uwrmaxsat-bin /home/g24021555/uwrmaxsat/build/release/bin/uwrmaxsat --timeout 7200 --csv output/full_matrix_bg_d2_forbidden.csv,/home/g24021555/uwrmaxsat/build/release/bin/uwrmaxsat,8c68c8a386d3d7847b50d315143c2bab60e3514e59510e84a649db83cb303876,/home/g24021555/uwrmaxsat/build/release/bin/uwrmaxsat -m /tmp/b2b_uwrmaxsat_1dz4epuw/forumt-14crafd.forb0007.wcnf,,process exit code=20,,,maxsat,uwrmaxsat,,/home/g24021555/uwrmaxsat/build/release/bin/uwrmaxsat,factorial,sparse_suffix+direct,,59,"1,2,3,4,5,6,7,8,9,10,11,12,13,14,15,16,17,18,20,21,22,23,24,25,26,27,28,29,30,31,32,33,34,35,36,37,38,39,40,41,42,43,44,45,46,47,48,49,50,51,52,53,54,55,56,57,58,59,60",2329,31,9,9,,,,,"journal objective family: bg_d2 | F-selected distance-labelled E* domain propagation and cycle detection | precedence configuration: F=distance_closure, P=sparse_suffix, G=direct | Reduced Domain variables after unary filtering + matching GAC + slot saturation | (20),(22)-(27) exactly once over reduced domains | (19) participant atMost-one per slot | (46),(47) clustered table capacity with compact forward channeling | (28) SparseSuffix precedence over direct distance-labelled relations | exact break-group ends and unary break-group thresholds | exact schedule <-> usedSlot channeling | (43) exactly |Mp| reduced usedSlot variables | (44) atMost 2|L| busy participants per slot | (45) exact even number of busy participants | historical hard cap Delta_G <= 2",,,result
,,,,,,,,,forumt-14crafd.forb0007,b2b-fee7e658da517ae9,b2b-lineage-forumt-14crafd,forbidden,R-SS-DC-ST-BGD2-IS-CD-IC12P,Reduced,Filter-E*,SparseSuffix,DistanceClosure-E*,SpanThreshold,BreakGroupsD2,IncrementalSAT,IC12+,UNSAT,UNSAT,,,bg_d2,,,,,,,,0.116159,False,42.902,,,,Compact,Compact/Reduced,project_implementation,incremental multi-phase SAT with persistent solver state,31220,,,,,,,82895,0,82895,2320,28900,200454,60,cfg5__m-reduced__p-sparse_suffix__g-distance_closure__b-span_threshold__o-break_groups_d2__s-incrementalsat__i-imp12plus__backend-cadical,cfg5__m-reduced__p-sparse_suffix__g-distance_closure__b-span_threshold__o-break_groups_d2__s-incrementalsat__i-imp12plus__backend-cadical,reduced,distance_closure,sparse_suffix,distance_closure,IncrementalSAT,CaDiCaL,1.5.3,imp12+,span_threshold,total_break_groups_subject_to_range_at_most_2,BGD2,IC12P,200454,0,0,429,55761,22198,4504,,0,236,1,,,,,,0,0,0,0,0,,,"formalism-specific model size: SAT/MaxSAT reports base CNF and soft clauses, MIP reports variables/linear constraints/nonzeros, and CP reports integer variables plus linear/global constraints; SAT bound/totalizer overhead remains separate in optimizer_added_*",2360,2329,2320,2320,0,0,0,0,0,0,0,1,0.002545,0.002647,0.088494,,0.091141,0.025018,"wall-clock from immediately before reading/parsing the .dzn instance through model construction, optimization, solution decoding, and independent validation; excludes worker-process startup and result-file export",,,,,,,peak_process_tree_rss_mb,fee7e658da517ae9d954e5d2c7411c75c7e6034c1e0b43e569317bbaf8e66e10,forb0007,data_table06_forb/forumt-14crafd.forb0007.dzn,2,../noves/forumt-14crafd.forb0007.dzn | ../noves/tic-14crafd.forb0007.dzn,2,data_table06_forb/forumt-14crafd.forb0007.dzn | data_table06_forb/tic-14crafd.forb0007.dzn,https://imae.udg.edu/Recerca/LAI/,https://ima.udg.edu/Recerca/lai/b2b/b2b.zip,ee1f440ab3f6db27ab712300ad3a54a31ffd5ec1e06f81a9ac37cb7202c56528,2026-08-10T10:42:19+00:00,7200.0,,ee80a6fbd8b513f7c010668495c39621a371266a,True,3.10.12,1.8.dev25,instance-20260810-085803,Linux-6.8.0-1064-gcp-x86_64-with-glibc2.35,x86_64,4,8,15988.059,1,0,/home/g24021555/Business-Meeting-Scheduling-Problem/.venv/bin/python3 /home/g24021555/Business-Meeting-Scheduling-Problem/src/Main.py --manifest instances_manifest.csv --family forbidden --solver sat_all --objective-mode bg_d2 --domain-mode both --domain-filter-graph both --precedence-encoding both --precedence-graph both --encoding-variant imp12+ --sat-backend cadical --maxsat-backend uwrmaxsat --uwrmaxsat-bin /home/g24021555/uwrmaxsat/build/release/bin/uwrmaxsat --timeout 7200 --csv output/full_matrix_bg_d2_forbidden.csv,,,,,,,,incremental,,cadical,,staircase,sparse_suffix+distance_closure,,59,"1,2,3,4,5,6,7,8,9,10,11,12,13,14,15,16,17,18,20,21,22,23,24,25,26,27,28,29,30,31,32,33,34,35,36,37,38,39,40,41,42,43,44,45,46,47,48,49,50,51,52,53,54,55,56,57,58,59,60",2329,31,9,9,,,,,"journal objective family: bg_d2 | F-selected distance-labelled E* domain propagation and cycle detection | precedence configuration: F=distance_closure, P=sparse_suffix, G=distance_closure | Reduced Domain variables after unary filtering + matching GAC + slot saturation | (20),(22)-(27) exactly once over reduced domains | (19) participant atMost-one per slot | (46),(47) clustered table capacity with compact forward channeling | (28) SparseSuffix precedence over distance_closure distance-labelled relations | exact break-group ends and unary break-group thresholds | exact schedule <-> usedSlot channeling | (43) exactly |Mp| reduced usedSlot variables | (44) atMost 2|L| busy participants per slot | (45) exact even number of busy participants | historical hard cap Delta_G <= 2",,,result
,,,,,,,,,forumt-14crafd.forb0007,b2b-fee7e658da517ae9,b2b-lineage-forumt-14crafd,forbidden,R-SS-DC-ST-BGD2-NIS-CD-IC12P,Reduced,Filter-E*,SparseSuffix,DistanceClosure-E*,SpanThreshold,BreakGroupsD2,NonIncrementalSAT,IC12+,UNSAT,UNSAT,,,bg_d2,,,,,,,,0.115272,False,42.922,,,,Compact,Compact/Reduced,project_implementation,restart-based multi-phase SAT,31220,,,,,,,82895,0,82895,2320,28900,200454,60,cfg5__m-reduced__p-sparse_suffix__g-distance_closure__b-span_threshold__o-break_groups_d2__s-nonincrementalsat__i-imp12plus__backend-cadical,cfg5__m-reduced__p-sparse_suffix__g-distance_closure__b-span_threshold__o-break_groups_d2__s-nonincrementalsat__i-imp12plus__backend-cadical,reduced,distance_closure,sparse_suffix,distance_closure,NonIncrementalSAT,CaDiCaL,1.5.3,imp12+,span_threshold,total_break_groups_subject_to_range_at_most_2,BGD2,IC12P,200454,0,0,429,55761,22198,4504,,0,236,1,,,,,,0,0,0,0,0,,,"formalism-specific model size: SAT/MaxSAT reports base CNF and soft clauses, MIP reports variables/linear constraints/nonzeros, and CP reports integer variables plus linear/global constraints; SAT bound/totalizer overhead remains separate in optimizer_added_*",2360,2329,2320,2320,0,0,0,0,0,0,0,1,0.002697,0.002741,0.08825,,0.090991,0.024282,"wall-clock from immediately before reading/parsing the .dzn instance through model construction, optimization, solution decoding, and independent validation; excludes worker-process startup and result-file export",,,,,,,peak_process_tree_rss_mb,fee7e658da517ae9d954e5d2c7411c75c7e6034c1e0b43e569317bbaf8e66e10,forb0007,data_table06_forb/forumt-14crafd.forb0007.dzn,2,../noves/forumt-14crafd.forb0007.dzn | ../noves/tic-14crafd.forb0007.dzn,2,data_table06_forb/forumt-14crafd.forb0007.dzn | data_table06_forb/tic-14crafd.forb0007.dzn,https://imae.udg.edu/Recerca/LAI/,https://ima.udg.edu/Recerca/lai/b2b/b2b.zip,ee1f440ab3f6db27ab712300ad3a54a31ffd5ec1e06f81a9ac37cb7202c56528,2026-08-10T10:42:19+00:00,7200.0,,ee80a6fbd8b513f7c010668495c39621a371266a,True,3.10.12,1.8.dev25,instance-20260810-085803,Linux-6.8.0-1064-gcp-x86_64-with-glibc2.35,x86_64,4,8,15988.059,1,0,/home/g24021555/Business-Meeting-Scheduling-Problem/.venv/bin/python3 /home/g24021555/Business-Meeting-Scheduling-Problem/src/Main.py --manifest instances_manifest.csv --family forbidden --solver sat_all --objective-mode bg_d2 --domain-mode both --domain-filter-graph both --precedence-encoding both --precedence-graph both --encoding-variant imp12+ --sat-backend cadical --maxsat-backend uwrmaxsat --uwrmaxsat-bin /home/g24021555/uwrmaxsat/build/release/bin/uwrmaxsat --timeout 7200 --csv output/full_matrix_bg_d2_forbidden.csv,,,,,,,,multiple,,cadical,,staircase,sparse_suffix+distance_closure,,59,"1,2,3,4,5,6,7,8,9,10,11,12,13,14,15,16,17,18,20,21,22,23,24,25,26,27,28,29,30,31,32,33,34,35,36,37,38,39,40,41,42,43,44,45,46,47,48,49,50,51,52,53,54,55,56,57,58,59,60",2329,31,9,9,,,,,"journal objective family: bg_d2 | F-selected distance-labelled E* domain propagation and cycle detection | precedence configuration: F=distance_closure, P=sparse_suffix, G=distance_closure | Reduced Domain variables after unary filtering + matching GAC + slot saturation | (20),(22)-(27) exactly once over reduced domains | (19) participant atMost-one per slot | (46),(47) clustered table capacity with compact forward channeling | (28) SparseSuffix precedence over distance_closure distance-labelled relations | exact break-group ends and unary break-group thresholds | exact schedule <-> usedSlot channeling | (43) exactly |Mp| reduced usedSlot variables | (44) atMost 2|L| busy participants per slot | (45) exact even number of busy participants | historical hard cap Delta_G <= 2",,,result
,,,,,,,,,forumt-14crafd.forb0007,b2b-fee7e658da517ae9,b2b-lineage-forumt-14crafd,forbidden,R-SS-DC-ST-BGD2-UW-IC12P,Reduced,Filter-E*,SparseSuffix,DistanceClosure-E*,SpanThreshold,BreakGroupsD2,UWrMaxSAT,IC12+,UNSAT,UNSAT,,,bg_d2,,,,,,,1,0.255556,False,61.438,,,,Compact,Compact/Reduced,project_implementation,one-shot weighted MaxSAT,31220,,,,,,,82895,236,83131,2320,28900,200690,60,cfg5__m-reduced__p-sparse_suffix__g-distance_closure__b-span_threshold__o-break_groups_d2__s-uwrmaxsat__i-imp12plus__backend-uwrmaxsat,cfg5__m-reduced__p-sparse_suffix__g-distance_closure__b-span_threshold__o-break_groups_d2__s-uwrmaxsat__i-imp12plus__backend-uwrmaxsat,reduced,distance_closure,sparse_suffix,distance_closure,UWrMaxSAT,UWrMaxSAT,binary-sha256:8c68c8a386d3d7847b50d315143c2bab60e3514e59510e84a649db83cb303876,imp12+,span_threshold,total_break_groups_subject_to_range_at_most_2,BGD2,IC12P,200454,236,1,429,55761,22198,4504,1,236,236,1,,,,,,0,0,0,0,0,,,"formalism-specific model size: SAT/MaxSAT reports base CNF and soft clauses, MIP reports variables/linear constraints/nonzeros, and CP reports integer variables plus linear/global constraints; SAT bound/totalizer overhead remains separate in optimizer_added_*",2360,2329,2320,2320,0,0,0,0,0,0,0,1,0.002909,0.00264,0.090947,,0.093588,0.161969,"wall-clock from immediately before reading/parsing the .dzn instance through model construction, optimization, solution decoding, and independent validation; excludes worker-process startup and result-file export",,,,,,,peak_process_tree_rss_mb,fee7e658da517ae9d954e5d2c7411c75c7e6034c1e0b43e569317bbaf8e66e10,forb0007,data_table06_forb/forumt-14crafd.forb0007.dzn,2,../noves/forumt-14crafd.forb0007.dzn | ../noves/tic-14crafd.forb0007.dzn,2,data_table06_forb/forumt-14crafd.forb0007.dzn | data_table06_forb/tic-14crafd.forb0007.dzn,https://imae.udg.edu/Recerca/LAI/,https://ima.udg.edu/Recerca/lai/b2b/b2b.zip,ee1f440ab3f6db27ab712300ad3a54a31ffd5ec1e06f81a9ac37cb7202c56528,2026-08-10T10:42:19+00:00,7200.0,,ee80a6fbd8b513f7c010668495c39621a371266a,True,3.10.12,1.8.dev25,instance-20260810-085803,Linux-6.8.0-1064-gcp-x86_64-with-glibc2.35,x86_64,4,8,15988.059,1,0,/home/g24021555/Business-Meeting-Scheduling-Problem/.venv/bin/python3 /home/g24021555/Business-Meeting-Scheduling-Problem/src/Main.py --manifest instances_manifest.csv --family forbidden --solver sat_all --objective-mode bg_d2 --domain-mode both --domain-filter-graph both --precedence-encoding both --precedence-graph both --encoding-variant imp12+ --sat-backend cadical --maxsat-backend uwrmaxsat --uwrmaxsat-bin /home/g24021555/uwrmaxsat/build/release/bin/uwrmaxsat --timeout 7200 --csv output/full_matrix_bg_d2_forbidden.csv,/home/g24021555/uwrmaxsat/build/release/bin/uwrmaxsat,8c68c8a386d3d7847b50d315143c2bab60e3514e59510e84a649db83cb303876,/home/g24021555/uwrmaxsat/build/release/bin/uwrmaxsat -m /tmp/b2b_uwrmaxsat_iwpq0wsp/forumt-14crafd.forb0007.wcnf,,process exit code=20,,,maxsat,uwrmaxsat,,/home/g24021555/uwrmaxsat/build/release/bin/uwrmaxsat,staircase,sparse_suffix+distance_closure,,59,"1,2,3,4,5,6,7,8,9,10,11,12,13,14,15,16,17,18,20,21,22,23,24,25,26,27,28,29,30,31,32,33,34,35,36,37,38,39,40,41,42,43,44,45,46,47,48,49,50,51,52,53,54,55,56,57,58,59,60",2329,31,9,9,,,,,"journal objective family: bg_d2 | F-selected distance-labelled E* domain propagation and cycle detection | precedence configuration: F=distance_closure, P=sparse_suffix, G=distance_closure | Reduced Domain variables after unary filtering + matching GAC + slot saturation | (20),(22)-(27) exactly once over reduced domains | (19) participant atMost-one per slot | (46),(47) clustered table capacity with compact forward channeling | (28) SparseSuffix precedence over distance_closure distance-labelled relations | exact break-group ends and unary break-group thresholds | exact schedule <-> usedSlot channeling | (43) exactly |Mp| reduced usedSlot variables | (44) atMost 2|L| busy participants per slot | (45) exact even number of busy participants | historical hard cap Delta_G <= 2",,,result
